emp_no,first_name,last_name,title
10001,Georgi,Facello,Senior Engineer
10004,Chirstian,Koblick,Senior Engineer
10005,Kyoichi,Maliniak,Senior Staff
10009,Sumant,Peac,Senior Engineer
10011,Mary,Sluis,Staff
10018,Kazuhide,Peha,Senior Engineer
10019,Lillian,Haddadi,Staff
10020,Mayuko,Warwick,Engineer
10022,Shahaf,Famili,Engineer
10023,Bojan,Montemayor,Engineer
10026,Yongqiao,Berztiss,Senior Engineer
10035,Alain,Chappelet,Senior Engineer
10047,Zvonko,Nyanchama,Senior Engineer
10051,Hidefumi,Caine,Senior Engineer
10053,Sanjiv,Zschoche,Senior Staff
10057,Ebbe,Callaway,Senior Engineer
10058,Berhard,McFarlin,Senior Staff
10059,Alejandro,McAlpine,Senior Staff
10063,Gino,Leonhardt,Senior Engineer
10066,Kwee,Schusler,Senior Engineer
10067,Claudi,Stavenow,Senior Engineer
10070,Reuven,Garigliano,Technique Leader
10072,Hironoby,Sidou,Senior Engineer
10073,Shir,McClurg,Engineer
10074,Mokhtar,Bernatsky,Technique Leader
10076,Erez,Ritzmann,Senior Engineer
10088,Jungsoon,Syrzycki,Senior Staff
10091,Amabile,Gomatam,Senior Engineer
10096,Jayson,Mandell,Engineer
10097,Remzi,Waschkowski,Senior Staff
10100,Hironobu,Haraldson,Senior Staff
10101,Perla,Heyers,Staff
10103,Akemi,Birch,Engineer
10106,Eben,Aingworth,Senior Engineer
10108,Lunjin,Giveon,Staff
10116,Dayanand,Czap,Senior Engineer
10126,Kayoko,Valtorta,Senior Staff
10127,Subir,Baja,Senior Engineer
10129,Armond,Peir,Technique Leader
10130,Nishit,Casperson,Senior Engineer
10131,Magdalena,Eldridge,Engineer
10134,Diederik,Siprelle,Senior Engineer
10138,Perry,Shimshoni,Senior Engineer
10149,Xiadong,Perry,Staff
10150,Zhenbing,Perng,Senior Engineer
10152,Jaques,Munro,Engineer
10153,Heekeun,Majewski,Assistant Engineer
10157,Nigel,Aloisi,Senior Engineer
10159,Serif,Buescher,Senior Engineer
10160,Debatosh,Khasidashvili,Senior Staff
10161,Hairong,Mellouli,Engineer
10163,Karsten,Szmurlo,Senior Staff
10166,Samphel,Siegrist,Engineer
10177,Pragnesh,Iisaka,Staff
10183,Mechthild,Bonifati,Staff
10186,Shigehito,Kropatsch,Staff
10189,Khalid,Erva,Engineer
10194,Josyula,Hofmeyr,Senior Staff
10196,Marc,Hellwagner,Staff
10198,Pranav,Furedi,Senior Engineer
10203,Steen,Escriba,Senior Staff
10205,Mabhin,Leijenhorst,Senior Engineer
10207,Girolamo,Anandan,Senior Engineer
10215,Xiaobin,Duclos,Senior Staff
10217,Yongmin,Roison,Technique Leader
10219,Genta,Kolvik,Senior Staff
10224,Leon,Trogemann,Senior Engineer
10228,Karoline,Cesareni,Senior Staff
10229,Ulises,Takanami,Engineer
10230,Clyde,Vernadat,Senior Staff
10233,Lein,Vendrig,Senior Staff
10237,Yannis,Mandell,Senior Staff
10239,Nikolaos,Llado,Staff
10240,Remko,Maccarone,Engineer
10248,Frederique,Tempesti,Senior Staff
10249,Marie,Boreale,Senior Engineer
10258,Basil,Ishibashi,Senior Engineer
10262,Mahendra,Maraist,Staff
10272,Yishai,Cannane,Staff
10278,Lubomir,Nitsch,Engineer
10281,Moty,Kusakari,Senior Engineer
10282,Hercules,Benzmuller,Engineer
10283,Kauko,Birjandi,Senior Engineer
10284,Masali,Murrill,Engineer
10286,Saddek,Gopalakrishnan,Staff
10294,Rutger,Miara,Senior Engineer
10295,Kristine,Velardi,Senior Staff
10298,Dietrich,DuCasse,Staff
10302,Faiza,Baer,Senior Staff
10305,Hirochika,Piancastelli,Engineer
10306,Heng,Kilgour,Staff
10307,Nikolaos,Leaver,Engineer
10321,Guenter,Ravishankar,Staff
10322,Isamu,Dahlbom,Senior Engineer
10325,Arunachalam,Badr,Senior Staff
10326,Masali,Czap,Staff
10327,Roded,Facello,Engineer
10328,Serenella,Kawashima,Engineer
10333,Snehasis,Dymetman,Senior Engineer
10340,Djelloul,Laventhal,Senior Staff
10343,Dinah,Syrzycki,Senior Engineer
10347,Pradeep,Kaminger,Staff
10349,Oksana,Brodie,Senior Staff
10350,Kristen,Kavvadias,Engineer
10353,Phule,Hammerschmidt,Senior Staff
10355,Satyanarayana,Cochrane,Staff
10356,Vasilis,Standera,Senior Staff
10358,Qunsheng,Tagansky,Technique Leader
10363,Toshiki,Muniz,Assistant Engineer
10364,Nakhoon,Dengi,Senior Engineer
10367,Hyuckchul,Gini,Senior Staff
10372,Anneli,Frijda,Technique Leader
10374,Willard,Rosin,Staff
10377,Marl,Grospietsch,Senior Engineer
10382,Shirish,Dredge,Engineer
10387,Parto,Wrigley,Senior Staff
10388,Hironoby,Kaiser,Staff
10389,Make,Peir,Technique Leader
10395,Takahiro,Deverell,Engineer
10396,Sibyl,Rahier,Senior Engineer
10397,Irena,Reutenauer,Technique Leader
10402,Volkmar,Ebeling,Technique Leader
10404,Prodip,Rosti,Senior Engineer
10407,Ulf,Siepmann,Senior Staff
10413,Danel,Impagliazzo,Senior Staff
10414,Yinlin,Alpin,Senior Engineer
10418,Candida,Porotnikoff,Staff
10422,Greger,Rubsam,Engineer
10426,Arunas,Luce,Technique Leader
10429,Martien,Improta,Senior Engineer
10432,Hisao,Tiemann,Senior Staff
10433,Reuven,Dengi,Engineer
10442,Volkmar,Unno,Senior Staff
10443,Shichao,Litvinov,Senior Engineer
10451,Bodh,Ranta,Senior Engineer
10453,Tsvetan,Matzel,Senior Staff
10463,Ung,Zaiane,Staff
10466,Jiakeng,Himler,Staff
10477,Guoxiang,Trogemann,Senior Engineer
10486,Amstein,Kossowski,Senior Engineer
10494,Yakkov,Servieres,Senior Engineer
10497,Pramod,Rabehasaina,Senior Engineer
10499,Maik,Luft,Senior Staff
10503,Dannz,Pell,Engineer
10504,Xiong,Varker,Staff
10509,Abdelwaheb,Riesenhuber,Senior Staff
10512,Udi,Gihr,Senior Staff
10517,Tiina,Speek,Senior Staff
10519,Yonghoan,Alencar,Senior Staff
10522,Marke,Cesareni,Senior Staff
10529,Ymte,Yetto,Assistant Engineer
10531,Oguz,Gimbel,Staff
10538,Przemyslawa,Falby,Senior Engineer
10541,Godehard,Eiter,Staff
10542,Yannis,Couchot,Senior Engineer
10548,Ramalingam,Gunderson,Senior Staff
10552,Kazuhito,Shiratori,Senior Engineer
10564,Jianhao,Thisen,Senior Engineer
10568,Gao,Poulakidas,Staff
10575,Theirry,Yeung,Senior Engineer
10586,Kirk,Vuskovic,Senior Engineer
10591,Hidde,Hettesheimer,Staff
10593,Falguni,Kenevan,Senior Engineer
10596,Sanjit,Coors,Senior Staff
10603,Wayne,Restivo,Staff
10608,Adhemar,Talmor,Senior Engineer
10610,Irena,Roccetti,Engineer
10614,Gila,Ozeri,Senior Engineer
10615,Keung,Delgrande,Senior Staff
10617,Hidekazu,Angel,Senior Staff
10623,Aleksander,Danlos,Senior Engineer
10624,Sham,Gyorkos,Technique Leader
10628,Krisda,Krogh,Senior Engineer
10629,Lalit,Francisci,Staff
10630,Bezalel,Katzenelson,Engineer
10631,Inderjeet,Chaudhuri,Engineer
10634,Nahid,Chepyzhov,Senior Engineer
10636,Saeko,Porotnikoff,Staff
10637,Heejo,Frolund,Senior Staff
10639,Pramod,Erol,Senior Engineer
10641,Guozhong,Zucker,Engineer
10642,Hirochika,Narlikar,Engineer
10653,Otmar,Feinberg,Senior Engineer
10667,Makato,Cusworth,Senior Staff
10671,Parviz,Rebaine,Senior Staff
10672,Bluma,Zeilberger,Senior Engineer
10676,Valeri,Danley,Engineer
10683,Guiseppe,Stranks,Senior Engineer
10693,Berhard,Daescu,Senior Staff
10694,Rildo,Straney,Senior Staff
10696,Unal,Fendler,Technique Leader
10702,Bader,Szemeredi,Senior Engineer
10712,Uma,Koprowski,Senior Engineer
10718,Adib,Rullman,Senior Engineer
10726,Zita,Minakawa,Senior Engineer
10731,Fumitaka,Peak,Senior Staff
10734,Sachar,Erdi,Engineer
10741,Sven,Huttel,Senior Staff
10742,Shim,Wiegley,Technique Leader
10745,Poorav,Ranze,Senior Engineer
10747,Falguni,Khalid,Senior Engineer
10749,King,Brendel,Senior Engineer
10750,Roddy,Demeyer,Technique Leader
10751,Jordanka,Ushiama,Engineer
10764,Yunming,Beetstra,Senior Engineer
10767,Monique,Doering,Staff
10768,Ishfaq,Candan,Senior Engineer
10777,Mizuhito,Kemmerer,Senior Engineer
10778,Selwyn,Merey,Senior Staff
10780,Goncalo,Staudhammer,Engineer
10782,Kish,Perna,Staff
10791,Tadahiko,Sgarro,Senior Engineer
10795,Supot,Naudin,Senior Staff
10801,Uinam,Zschoche,Engineer
10803,Katsuyuki,Velasco,Senior Engineer
10808,Chenxi,Leijenhorst,Senior Engineer
10811,Ashish,Fortenbacher,Engineer
10813,Shalesh,Shumilov,Senior Staff
10814,Nidapan,Dymetman,Senior Staff
10826,Arnd,Anandan,Senior Engineer
10827,Willard,Danley,Staff
10829,Alper,Narahara,Staff
10830,Fen,Fiebach,Senior Staff
10831,Toong,Driscoll,Technique Leader
10833,Krisda,Gecseg,Technique Leader
10834,Huiqun,Rajcani,Engineer
10835,Tomoyuki,Kermarrec,Engineer
10836,Jianhua,Leivant,Senior Staff
10844,Dipayan,Koprowski,Engineer
10846,Tokuyasu,Serre,Senior Engineer
10847,Theirry,Danley,Senior Staff
10848,Fen,Bratsberg,Senior Engineer
10849,Makato,Mayerwieser,Engineer
10854,Jagoda,Nannarelli,Engineer
10858,Kenroku,Gonthier,Senior Engineer
10867,Billur,Gyorkos,Engineer
10871,Aram,Gilg,Staff
10872,Karoline,Speel,Senior Staff
10873,Sukumar,Wegerle,Staff
10876,Vincent,Papastamatiou,Staff
10878,Lakshmi,Deville,Staff
10879,Muzhong,Chleq,Senior Engineer
10882,Fun,Heuser,Engineer
10883,Shimshon,Champarnaud,Engineer
10885,Rayond,Cronau,Senior Staff
10887,Lunjin,DeMori,Senior Engineer
10895,Vishwani,Petersohn,Staff
10900,Ferdinand,Prenel,Senior Engineer
10906,Munehiro,Carrere,Staff
10909,Georgi,Atchley,Senior Engineer
10912,Oscal,Fasbender,Senior Staff
10913,Narain,Thummel,Staff
10918,Susumu,Reghbati,Staff
10920,Ronghao,Narahara,Senior Staff
10921,Mara,Bahi,Senior Engineer
10922,Kyoichi,Wossner,Staff
10924,Hironoby,Atchley,Senior Staff
10926,Leni,Eppinger,Senior Engineer
10927,Gal,Scallan,Senior Staff
10930,Arch,Minakawa,Senior Engineer
10932,Avishai,Picci,Senior Engineer
10936,Mountaz,Schicker,Senior Staff
10940,Aleksander,Fioravanti,Engineer
10942,Toshimitsu,Larfeldt,Engineer
10943,Berna,Skafidas,Senior Engineer
10944,Remko,Zyda,Senior Engineer
10947,Gor,Usery,Senior Staff
10948,Shigehito,Brodie,Senior Engineer
10949,Shigeichiro,Wroclawski,Senior Staff
10956,Arno,Picel,Engineer
10965,Eckart,Braunschweig,Senior Staff
10969,Premal,Noriega,Senior Engineer
10971,Isamu,Vadhan,Technique Leader
10974,Muneo,Papsdorf,Senior Engineer
10985,Chiradeep,Furedi,Engineer
10986,Masako,Schiper,Technique Leader
10987,Flemming,Baezner,Engineer
10988,Chinya,Deyuan,Senior Engineer
10989,Sumali,Candan,Senior Staff
10990,Shin,Foote,Technique Leader
10996,Matk,Rahimi,Senior Staff
11002,Bluma,Ulupinar,Senior Staff
11004,JoAnna,Decleir,Senior Engineer
11009,Alper,Axelband,Senior Staff
11012,Taegyun,Speckmann,Staff
11019,Leon,Huttel,Senior Engineer
11021,Srinidhi,Henders,Staff
11024,Manton,Collavizza,Staff
11027,Remzi,Cappello,Senior Engineer
11028,Miyeon,Krider,Senior Engineer
11031,Ottavia,Walstra,Senior Staff
11032,Erez,Schaaf,Staff
11037,Lansing,Maliniak,Senior Engineer
11038,Jinya,Beidas,Senior Staff
11042,Gou,Breugel,Senior Engineer
11048,Jaques,Demke,Senior Staff
11050,Elvis,Katiyar,Senior Staff
11051,Przemyslawa,Erol,Senior Engineer
11056,Palash,Speel,Staff
11060,Genevieve,Pokrovskii,Staff
11061,Pintsang,Erni,Senior Staff
11064,Shawna,Vieri,Senior Engineer
11066,Shaz,Langford,Senior Staff
11070,Adib,Raney,Senior Engineer
11071,Kwan,Sigstam,Senior Engineer
11075,Karsten,Belinskaya,Senior Engineer
11077,Hideyuki,Merro,Senior Staff
11079,Piyush,Garigliano,Senior Engineer
11081,Barry,Boyle,Senior Staff
11083,Shimshon,Ducloy,Senior Staff
11084,Greger,Senzako,Senior Engineer
11085,Hailing,Thummel,Senior Engineer
11087,Changho,Jayawardene,Senior Engineer
11089,Conal,Henders,Senior Staff
11091,Souichi,Ramsay,Engineer
11092,Narain,Stamatiou,Staff
11098,Arnd,Covnot,Engineer
11100,Berna,Cochrane,Senior Staff
11106,Aris,Iwayama,Senior Engineer
11110,Valeska,Birjandi,Staff
11111,Udi,Zastre,Assistant Engineer
11112,Boaz,Mukaidono,Staff
11113,Shahab,Peng,Senior Staff
11114,Tse,Felcyn,Staff
11119,Ramzi,Luga,Engineer
11121,Vugranam,Kakkad,Senior Engineer
11130,Xinyu,Menhoudj,Senior Staff
11132,Kristin,Harnett,Senior Engineer
11133,Nalini,Azulay,Technique Leader
11134,Sachar,Rajcani,Senior Engineer
11137,Hugh,Luca,Engineer
11139,Bogdan,Homond,Senior Staff
11143,Yongdong,Rosen,Engineer
11144,Carrsten,Heinisuo,Senior Staff
11145,Jinxi,Baak,Engineer
11146,Ishfaq,Masand,Senior Staff
11147,Ayonca,Nitsch,Engineer
11148,Zhanqiu,Botman,Senior Staff
11156,Tomoyuki,Armand,Staff
11158,Masaki,Hagimont,Senior Engineer
11162,Kauko,Narlikar,Senior Engineer
11168,Shmuel,Tetzlaff,Senior Staff
11170,Minghong,Cannard,Senior Engineer
11174,Akhilish,Milicia,Engineer
11177,Chrisa,dAstous,Senior Engineer
11180,Mitsuyuki,Bojadziev,Senior Engineer
11181,Hausi,Cullers,Engineer
11185,Aloys,Baezner,Senior Staff
11186,Kshitij,Stasinski,Senior Engineer
11189,Dante,Bodoff,Senior Staff
11192,Apostol,Bahr,Engineer
11195,Masanao,Lovengreen,Senior Engineer
11197,Tadahiro,Fordan,Senior Staff
11201,Jouko,Masaki,Staff
11203,Sakthirel,Yetto,Senior Staff
11204,Diederik,Covnot,Technique Leader
11206,Steen,Sury,Staff
11207,Saeed,Gips,Engineer
11208,Saniya,Valtorta,Technique Leader
11211,Yurij,Rissland,Senior Engineer
11213,Vugranam,Munoz,Technique Leader
11217,Kellie,Mawatari,Senior Engineer
11218,Kirk,Hemaspaandra,Technique Leader
11221,Alselm,Hammerschmidt,Engineer
11229,Gretta,Ramamoorthy,Senior Engineer
11232,Hidefumi,Crelier,Senior Staff
11233,Sanjit,Waschkowski,Senior Engineer
11240,Kiam,Condotta,Engineer
11243,Udi,Desikan,Assistant Engineer
11249,Randi,Cyre,Engineer
11251,Bezalel,Chinal,Senior Staff
11253,Koldo,Pokrovskii,Senior Engineer
11254,Danel,Rindone,Staff
11258,Aris,Maccarone,Senior Staff
11266,Florina,Rohrbach,Senior Engineer
11267,Shaunak,Zaumen,Senior Engineer
11268,Aimee,Petersohn,Senior Engineer
11274,Masanao,Nicolson,Staff
11275,Hitomi,Eppinger,Senior Engineer
11288,Domenico,Eastman,Senior Staff
11289,Chuanti,Cherinka,Senior Engineer
11290,Visit,Dredge,Engineer
11291,Gino,Glowinski,Senior Engineer
11292,Souichi,Sichman,Senior Engineer
11294,Tru,Segond,Senior Engineer
11295,Abdelkader,Lanzelotte,Senior Staff
11296,Hironobu,Kenevan,Senior Engineer
11297,Geraldo,Levergood,Engineer
11300,Lillian,Fontet,Engineer
11301,Mingzeng,Oxenboll,Senior Staff
11302,Shem,Senzako,Staff
11315,Neven,Meriste,Staff
11317,Shigeaki,Hagimont,Senior Staff
11319,Pranas,Marrakchi,Assistant Engineer
11320,Atilio,McAlpine,Senior Staff
11322,Nathalie,Pocchiola,Senior Engineer
11324,Kauko,Billingsley,Senior Engineer
11325,Samphel,Rossi,Engineer
11326,Munenori,Plesums,Senior Engineer
11338,Kwangsub,Hanratty,Senior Staff
11339,Flemming,Massonet,Senior Engineer
11340,Aris,Bala,Senior Engineer
11343,Susanne,Erez,Senior Engineer
11347,Anneli,Jonsson,Senior Engineer
11349,Yurii,Hammerschmidt,Engineer
11360,Fen,Schach,Senior Staff
11365,Toshimi,Shinomoto,Engineer
11372,Susanta,Vilarrasa,Senior Staff
11373,Yongmao,Keohane,Senior Staff
11376,Valery,Suomi,Senior Staff
11380,Kenroku,Pelc,Senior Engineer
11385,Shiv,Ullian,Engineer
11386,Alselm,Assaf,Senior Engineer
11387,Jordanka,Kalloufi,Engineer
11393,Junsik,Junot,Senior Engineer
11396,Anneke,Servieres,Engineer
11398,Oscar,Peir,Senior Staff
11401,Huan,Merey,Staff
11404,Bedrich,Borovoy,Technique Leader
11406,Eberhardt,Gini,Senior Staff
11410,Gro,Vendrig,Engineer
11414,Eishiro,Pearson,Senior Staff
11415,Sanjiv,Anido,Engineer
11417,Anneli,Cyne,Technique Leader
11418,Satosi,Cooley,Senior Staff
11420,Tsutomu,Lalonde,Senior Staff
11421,Josyula,Msuda,Senior Engineer
11423,Guangming,Kopetz,Staff
11425,Renee,Crelier,Senior Engineer
11428,Remco,Reinhart,Engineer
11431,Youngkon,Picht,Senior Staff
11441,Marlo,Aingworth,Senior Staff
11446,Naftali,Narahara,Senior Engineer
11449,Kotesh,Asser,Senior Engineer
11451,Eben,Rajaraman,Senior Engineer
11452,Shigehito,Luby,Senior Staff
11459,Duke,Suomi,Senior Staff
11460,Mana,Maraist,Senior Engineer
11461,Kish,Cronau,Senior Engineer
11468,Navin,Maksimenko,Staff
11469,Guttorm,Giaccio,Senior Engineer
11474,Gennady,Akazan,Engineer
11476,Manton,Yoshizawa,Staff
11477,Fox,Narahari,Engineer
11479,Shridhar,Pleszkun,Staff
11501,Karsten,Ranum,Senior Staff
11503,Nathan,Picht,Senior Engineer
11506,Rance,Picel,Staff
11509,Aleksander,Feldhoffer,Senior Engineer
11513,Otmar,Mahnke,Senior Staff
11515,Ulf,Basawa,Staff
11518,Jinxi,Oxman,Senior Staff
11519,Halsur,Chinen,Senior Staff
11521,Eldridge,Eastman,Staff
11523,Yuguang,Pezzoli,Engineer
11524,Xiadong,Standera,Senior Engineer
11526,Tonny,Impagliazzo,Senior Staff
11527,Alagu,Boyle,Staff
11528,Zito,Dolinsky,Technique Leader
11531,Radhika,Motley,Technique Leader
11533,Vitaly,Lorch,Technique Leader
11537,DAIDA,Pehl,Senior Staff
11540,Chanjung,Portugali,Senior Engineer
11554,Subhash,Taubenfeld,Staff
11555,Kotesh,Perfilyeva,Senior Staff
11562,Rimli,Alencar,Engineer
11567,Teiji,Mitzlaff,Senior Staff
11568,Martins,Fujisaki,Senior Engineer
11573,Pranas,Hutton,Senior Engineer
11575,Godehard,Plotkin,Engineer
11577,Mayumi,Deyuan,Senior Engineer
11578,Edwin,Rosti,Senior Engineer
11581,Patricio,Rosenbaum,Senior Engineer
11587,Shem,Zambonelli,Senior Engineer
11588,Kaijung,Panangaden,Senior Staff
11589,Gina,Plessier,Senior Engineer
11595,Takanari,Kamber,Senior Staff
11596,Yannik,Gunderson,Staff
11597,Yongdong,Talmon,Senior Engineer
11602,Somnath,Malabarba,Senior Staff
11603,Herb,Swen,Senior Staff
11606,Perry,Pepe,Senior Staff
11607,Tomokazu,Foong,Engineer
11615,Shem,Isaak,Senior Staff
11616,Zhilian,Brendel,Engineer
11624,Adil,Gammage,Senior Engineer
11628,Fan,Malinowski,Senior Engineer
11636,Fumitaka,Shiratori,Engineer
11640,Valeri,Coorg,Senior Engineer
11641,Chikako,Rothenberg,Senior Engineer
11644,Sanjit,Zaiane,Assistant Engineer
11646,Lobel,Rubsam,Engineer
11647,Magy,Nitsche,Senior Engineer
11649,Shen,Bernardinello,Technique Leader
11660,Gill,Stenning,Senior Staff
11664,Oksana,Brizzi,Senior Staff
11667,Kristian,Marchegay,Senior Staff
11673,Henk,Felder,Technique Leader
11676,Valeri,Ferriere,Engineer
11681,Fumitake,Benzmuller,Senior Engineer
11684,Oksana,Gide,Senior Staff
11686,Nadjib,Srimani,Senior Staff
11690,Domenick,Raczkowsky,Staff
11693,Hideo,Coorg,Senior Engineer
11696,Dante,Rothe,Senior Staff
11705,Arve,Hofmeyr,Senior Staff
11708,Chenye,Angot,Staff
11713,Danel,Heusch,Senior Engineer
11732,Sanjoy,Ranft,Senior Engineer
11733,Leszek,Sudbeck,Senior Engineer
11735,Amalendu,Picci,Senior Staff
11736,Shugo,Uchoa,Senior Engineer
11737,Martina,Garnier,Assistant Engineer
11738,Tadahiro,Lichtman,Senior Engineer
11746,Koichi,Marrakchi,Senior Staff
11747,Aksel,Kossowski,Senior Staff
11748,Lihong,Massonet,Engineer
11751,Jiafu,Emiris,Senior Staff
11755,Zhenbing,Karner,Senior Staff
11756,Abdelwaheb,Vakili,Engineer
11763,Yuriy,Liesche,Engineer
11764,Sanjay,Anick,Senior Engineer
11765,Zorica,Junet,Senior Staff
11769,Chandrasekaran,Lampe,Senior Staff
11770,Arumugam,Jakobus,Senior Engineer
11772,Gaurav,Penz,Engineer
11774,Aron,Wroclawski,Engineer
11778,Dhritiman,Fontan,Senior Engineer
11779,Shunichi,Thombley,Staff
11791,Gal,Mamelak,Senior Engineer
11797,Chenxi,Thambidurai,Senior Staff
11801,Tommaso,Dayang,Senior Staff
11805,Rosine,Grandbois,Assistant Engineer
11807,Chriss,Binding,Technique Leader
11810,Amabile,Bhattacharjee,Senior Engineer
11811,Herb,Boissier,Senior Staff
11813,Gita,Muhlberg,Staff
11814,Manohar,Shinomoto,Staff
11817,Niranjan,Markovitch,Senior Staff
11821,Mary,Piazza,Senior Engineer
11822,Sastry,Madeira,Staff
11823,Weiyi,Iacovou,Senior Engineer
11829,Chaosheng,Pettis,Assistant Engineer
11832,Arto,Zlotek,Engineer
11836,Ortrud,Bakhtari,Senior Staff
11838,Taiji,Nitta,Staff
11841,Elvia,Bugrara,Staff
11842,Moto,Piazza,Senior Staff
11844,Shawna,Demeyer,Senior Engineer
11846,Fai,Perly,Senior Engineer
11847,Tzvetan,Brandsma,Senior Engineer
11853,Zeljko,Kusakabe,Senior Staff
11857,Divier,Farrag,Senior Staff
11862,Alejandra,Deville,Senior Engineer
11864,Pradeep,Kriebel,Staff
11868,Kwee,Demke,Engineer
11869,Fumino,Luca,Engineer
11871,Nalini,Sommen,Senior Engineer
11872,Cheong,Riexinger,Senior Staff
11876,Leszek,Kobuchi,Senior Engineer
11877,Heng,Sudkamp,Senior Staff
11881,Arra,Staelin,Senior Staff
11883,Nectarios,Bhattacharjee,Engineer
11888,Badri,Azulay,Senior Staff
11894,Mitchel,Validov,Senior Engineer
11896,Shaunak,Benzmuller,Technique Leader
11897,Cordelia,Setlzner,Senior Staff
11906,Hideo,Boguraev,Engineer
11911,Ashish,Mondadori,Senior Engineer
11915,Miomir,Mawatari,Senior Engineer
11917,Jiakeng,VanScheik,Engineer
11926,Leni,Felcyn,Engineer
11931,Gunilla,Chiodo,Senior Staff
11933,Basil,Erman,Senior Engineer
11938,Aruna,Verspoor,Staff
11939,Chinhyun,Basart,Technique Leader
11940,Ult,Anido,Assistant Engineer
11944,Along,Aumann,Senior Engineer
11945,Limsoon,Marakhovsky,Staff
11948,Yahiko,Nergos,Senior Engineer
11949,Martijn,Harbusch,Technique Leader
11951,Bernt,Haumacher,Senior Engineer
11965,Arup,Morrey,Engineer
11972,Sibyl,Beausoleil,Senior Staff
11980,Yechezkel,Pews,Staff
11983,Jaana,Hedayat,Senior Engineer
11987,Vidya,Schaar,Senior Staff
11988,Chinya,Chinin,Senior Engineer
11989,Erzsebet,Peltason,Technique Leader
11993,Marit,Dalphin,Senior Staff
11994,Sigeru,Fiebach,Senior Staff
11997,Heon,Mawatari,Staff
12007,Marko,Dehkordi,Senior Engineer
12008,Frederique,Zykh,Engineer
12011,Zhilian,Coorg,Senior Staff
12015,Kensei,Guenter,Staff
12021,Chikara,Rahimi,Senior Engineer
12023,Chuanyi,Eppinger,Technique Leader
12024,Mayumi,Lanzelotte,Staff
12025,Jaewoo,Heiserman,Staff
12028,Ingemar,Walstra,Senior Engineer
12030,Shuky,Cromarty,Staff
12033,Visit,Serot,Engineer
12034,Aemilian,Piazza,Staff
12036,Mads,Ratzlaff,Senior Staff
12037,Arunas,Katzenelson,Senior Staff
12040,Bluma,Kermarrec,Senior Staff
12043,Masaki,Lubachevsky,Staff
12044,Rance,Hemaspaandra,Senior Engineer
12047,Jordanka,Ligten,Assistant Engineer
12050,Yuchang,Tchuente,Engineer
12052,Masako,Khasidashvili,Technique Leader
12053,Yechezkel,Pelc,Senior Engineer
12054,Odysseas,Braccini,Staff
12055,Rutger,Kilgore,Staff
12060,Toshimi,Antonakopoulos,Technique Leader
12062,Margareta,Worfolk,Senior Staff
12063,Lein,Bale,Senior Engineer
12069,Ayonca,Burnard,Senior Engineer
12070,Ger,Shokrollahi,Technique Leader
12076,Karlis,Siprelle,Senior Staff
12077,Steve,Hutton,Senior Engineer
12080,Panayotis,Feinberg,Senior Staff
12082,Xinan,Yamaashi,Senior Staff
12087,Weijing,Jumpertz,Engineer
12089,Bilhanan,Socorro,Senior Staff
12090,Shigenori,Angelopoulos,Engineer
12091,Lansing,Cunliffe,Senior Engineer
12092,Kauko,Unno,Senior Staff
12093,Evgueni,Oxenboll,Senior Engineer
12094,Weiru,Pearson,Senior Staff
12095,Fai,Smeets,Senior Engineer
12099,Nobuyoshi,Kuzuoka,Senior Staff
12102,Aron,Erde,Staff
12103,Becky,Erie,Staff
12104,Dulce,Kohling,Senior Engineer
12112,Satyanarayana,Avouris,Senior Staff
12114,Shiv,Rubsam,Staff
12122,Satoru,Krone,Senior Engineer
12123,Xiahua,Syrzycki,Senior Staff
12125,Shounak,Erman,Engineer
12128,Yannik,Barreiro,Staff
12138,Takahito,Brender,Engineer
12140,Xudong,Paciorek,Senior Staff
12148,Hidde,Garigliano,Assistant Engineer
12149,Suebskul,Grandbois,Senior Staff
12159,Shem,Perly,Senior Engineer
12160,Aamer,Garrabrants,Senior Staff
12164,Muneo,Chachaty,Engineer
12165,Xiaobin,Maquelin,Senior Engineer
12168,Arnd,Salverda,Senior Staff
12172,Jianhua,Llado,Senior Staff
12173,Adel,Nanard,Senior Engineer
12174,Slavian,Plavsic,Senior Engineer
12183,Harngdar,Iisaku,Engineer
12186,Guther,Nooteboom,Senior Staff
12190,Abdulah,Engberts,Senior Engineer
12191,Rosella,Bazzichi,Engineer
12192,Feiyu,Klyachko,Senior Engineer
12205,Sushant,Rossi,Senior Engineer
12206,Barton,Janetzko,Senior Engineer
12210,Vugranam,Ashish,Senior Staff
12213,Kwangho,Brizzi,Senior Staff
12216,Aloke,Mansanne,Engineer
12218,Yaghout,Strooper,Senior Engineer
12219,Junsik,Gadepally,Senior Staff
12221,Vincent,Melter,Senior Engineer
12222,Abdelwaheb,Holburn,Senior Staff
12223,Niteen,Koyama,Senior Engineer
12230,Yuriy,Bellone,Engineer
12231,Nishit,Bharadwaj,Senior Engineer
12235,Honesty,Haumacher,Staff
12242,Satoru,Wolniewicz,Engineer
12247,Subbu,Penttonen,Technique Leader
12249,Eldridge,Sadowski,Senior Engineer
12250,Kerhong,Aloia,Senior Engineer
12254,Chaitali,Stafford,Engineer
12256,Guadalupe,Reghbati,Senior Staff
12258,Kankanahalli,Eiter,Senior Engineer
12264,Mart,Pagter,Engineer
12269,Mohammed,Whitcomb,Senior Engineer
12270,Shakhar,Kornyak,Senior Staff
12272,Behnaam,Grandbois,Senior Staff
12273,Jaideep,Uehara,Senior Staff
12274,Garnik,Papadias,Engineer
12276,Yongmin,Lenart,Senior Engineer
12281,Hisao,Langford,Senior Engineer
12282,Tadahiro,Delgrange,Engineer
12291,Masamitsu,Koyama,Senior Staff
12298,Tetsurou,Rodham,Senior Engineer
12303,Godehard,Braccini,Senior Staff
12308,Mototsugu,Cronau,Senior Staff
12311,Susanne,Lubachevsky,Senior Engineer
12312,Chenye,Velasco,Engineer
12316,Hyuncheol,Duclos,Engineer
12317,Weiyi,Crabtree,Staff
12327,DAIDA,Bruckman,Senior Engineer
12328,Atilio,Prampolini,Staff
12335,Arnould,Genin,Senior Staff
12338,Kagan,Besselaar,Staff
12339,Pranay,Czaja,Staff
12341,Rasiah,Luga,Senior Engineer
12343,Sorina,Slaats,Senior Staff
12345,Xuedong,Mellouli,Senior Engineer
12351,Gennady,Zizka,Engineer
12355,Vidar,Hutton,Senior Engineer
12364,Neelam,Cummings,Assistant Engineer
12365,Kamakshi,Bisiani,Senior Engineer
12366,Patricio,Setlzner,Staff
12368,Gor,Dechter,Senior Staff
12373,Mooi,Driscoll,Senior Staff
12379,Kazuhisa,Serna,Technique Leader
12380,Menkae,Farrow,Staff
12381,Amalendu,Klerer,Senior Staff
12388,Arumugam,Hebert,Senior Engineer
12394,Stevo,Reeken,Engineer
12395,Sanjit,Felder,Senior Staff
12399,Mihalis,Luga,Senior Staff
12407,Jianwen,Brodie,Engineer
12411,Shao,Ibel,Senior Staff
12413,Hugh,Gadepally,Senior Engineer
12415,Uri,Sluis,Staff
12417,Dannz,Spelt,Senior Engineer
12421,Toshimi,Gulik,Senior Engineer
12422,Berhard,Demos,Senior Staff
12426,Shahaf,Valtorta,Technique Leader
12427,Zissis,Daescu,Senior Staff
12434,Xumin,Bernardinello,Engineer
12438,Yongmao,Mondadori,Senior Staff
12450,Sanjeeva,Perng,Senior Engineer
12451,Pramod,Marzano,Senior Engineer
12452,Hiroyasu,Francisci,Engineer
12454,Kerryn,Farris,Staff
12464,Shai,Milicic,Staff
12466,Cullen,Nations,Senior Staff
12468,Ioana,Baezner,Staff
12470,Khue,Hinsberger,Engineer
12475,Filipe,Roison,Senior Engineer
12478,Yahiko,Hopewell,Senior Staff
12480,Tetsushi,Schade,Staff
12482,Chandrasekaran,Rijckaert,Senior Engineer
12487,Mona,Reghbati,Senior Staff
12488,Etsuo,Gerteisen,Senior Engineer
12489,Arnould,Munck,Senior Engineer
12490,Jackson,Muchinsky,Senior Engineer
12492,Kristinn,Hammerschmidt,Senior Engineer
12493,Filipp,Menhardt,Senior Engineer
12497,Stein,Penz,Senior Staff
12499,Izaskun,Lamba,Senior Staff
12501,Morrie,Matheson,Senior Staff
12502,Danil,VanScheik,Senior Engineer
12504,Adly,Rosaz,Engineer
12505,Barton,Goldhammer,Senior Staff
12506,Gay,Rodite,Engineer
12509,Rutger,Krzyzanowski,Senior Staff
12514,Tomofumi,Melter,Engineer
12515,Pranav,Wilharm,Senior Engineer
12520,Goetz,Basart,Engineer
12522,Trygve,Zhang,Technique Leader
12523,Tonia,Casley,Senior Staff
12524,Tetsushi,Demeyer,Engineer
12528,Conor,Cincotta,Senior Staff
12534,Yongmao,Gerlach,Senior Engineer
12537,Avishai,Gonthier,Senior Staff
12540,Poornachandra,Bresenham,Senior Staff
12541,Shih,Nanard,Senior Staff
12542,Kazuhide,Bouloucos,Senior Staff
12551,Jeane,Tzvieli,Senior Engineer
12552,Mechthild,Zongker,Staff
12553,Aral,Vesna,Senior Staff
12555,Spyrose,DuCasse,Assistant Engineer
12557,Stafford,Kopetz,Senior Engineer
12558,Danco,Niizuma,Senior Engineer
12563,Honesty,Ducloy,Engineer
12564,Remco,Nitsche,Staff
12568,Marlo,Boyle,Engineer
12571,Abdelaziz,Candan,Engineer
12574,Mong,Gelosh,Engineer
12586,Oguz,Tasistro,Senior Engineer
12588,Yagil,Kenevan,Senior Engineer
12589,Anoosh,Chleq,Senior Engineer
12590,Gita,Rosenbaum,Senior Staff
12596,Breannda,Roisin,Senior Staff
12597,Kazuhito,Petereit,Senior Staff
12601,Ghassan,Simkin,Senior Engineer
12603,Utpal,Roison,Staff
12608,Nectarios,Mondadori,Senior Staff
12612,Chandrasekaran,Thimonier,Staff
12617,Shawna,Rusterholz,Senior Staff
12623,Raimond,Scharstein,Senior Staff
12626,Gill,Comyn,Senior Engineer
12630,Sreekrishna,Falco,Senior Staff
12635,Xinyu,Restivo,Senior Engineer
12636,Yuuichi,Debuse,Senior Staff
12637,Poorav,Karner,Senior Staff
12638,Yuqun,Seiwald,Engineer
12639,Zeljko,Schapire,Senior Engineer
12642,Suebskul,Gips,Senior Staff
12644,Bernt,Jayawardene,Senior Engineer
12645,Kyoichi,Decaestecker,Staff
12651,Pragnesh,Bael,Senior Staff
12656,Seshu,Morton,Senior Staff
12662,Leucio,Alvarado,Engineer
12663,Nobuyoshi,Stellhorn,Technique Leader
12664,Zhonghua,Parveen,Staff
12665,Amalendu,Lanphier,Staff
12666,Stamatina,Prenel,Engineer
12670,Seongbae,Alameldin,Engineer
12672,Mayumi,Varman,Senior Engineer
12678,Carrsten,Borovoy,Engineer
12680,Bader,Staudhammer,Staff
12687,Weicheng,Badache,Staff
12689,Luerbio,Boudaillier,Senior Engineer
12691,Oddvar,Gils,Senior Engineer
12694,Kazuhira,Luders,Engineer
12697,Uri,Brizzi,Senior Staff
12707,Gregory,Zastre,Staff
12709,Ronghao,Botman,Senior Engineer
12715,Honglan,Showalter,Staff
12717,Tzu,Jiafu,Staff
12721,Sajjan,Szilard,Engineer
12722,Elliott,Cheshire,Senior Staff
12725,Inderjeet,Flexer,Senior Staff
12726,Fumitake,Panwar,Senior Engineer
12729,Nahla,Rahier,Senior Engineer
12730,Barry,Perl,Technique Leader
12731,Yongmao,Waymire,Senior Staff
12732,Mara,Takanami,Senior Staff
12734,Gil,Frijda,Senior Engineer
12746,Heekeun,Lunn,Senior Engineer
12747,Salvador,Atrawala,Technique Leader
12748,Berry,Kakkar,Engineer
12753,Kazuhito,Syrotiuk,Senior Engineer
12754,Ronnie,Tetzlaff,Senior Engineer
12755,Rildo,Rodite,Senior Staff
12758,Hauke,Pashtan,Staff
12759,LiMin,Kuszyk,Senior Staff
12761,Hitofumi,Schaad,Senior Staff
12768,Mingdong,Stiles,Engineer
12769,Abdelwaheb,Gluchowski,Engineer
12770,Maik,Benzaken,Senior Staff
12773,Jenwei,Lovengreen,Senior Engineer
12774,Moon,Asrin,Engineer
12775,Mariangiola,Berendt,Engineer
12777,Sreenivas,Cichocki,Senior Staff
12785,Bouchung,Armand,Senior Engineer
12786,Weiyi,Schusler,Engineer
12789,Sanjai,Felcyn,Engineer
12790,Gunilla,Perl,Senior Staff
12795,Masoud,Fordan,Senior Staff
12796,Saniya,Stanfel,Senior Engineer
12798,Lillian,Beeson,Senior Staff
12799,Tiina,Businaro,Senior Staff
12803,Gad,Boissier,Senior Staff
12807,Gretta,Babb,Senior Engineer
12810,Kristof,Staelin,Technique Leader
12814,Jaques,Kohling,Technique Leader
12815,Sushant,Junot,Senior Staff
12816,Freyja,Ramras,Senior Engineer
12819,Mountaz,Gubsky,Senior Engineer
12821,Arco,Gihr,Engineer
12825,Sakthirel,Cannata,Senior Engineer
12828,Oksana,Camurati,Staff
12829,Harngdar,Harbusch,Senior Engineer
12831,Maris,Baja,Engineer
12840,Zhensheng,Ferretti,Engineer
12843,Yinlin,Heijenga,Senior Engineer
12846,Krisda,Cyne,Senior Staff
12848,Kazuhide,Smeets,Engineer
12851,Kwangyoen,Ramsay,Staff
12853,Mang,Brobst,Senior Staff
12855,Mabhin,Murrill,Senior Staff
12857,Alagu,Gils,Senior Engineer
12863,Leif,Matheson,Senior Engineer
12865,Katsuyuki,Rothe,Senior Staff
12868,Berthier,Nanard,Senior Engineer
12869,Jacopo,Swiler,Staff
12871,Shay,Zockler,Staff
12872,Marl,Schmittgen,Senior Staff
12876,Apostol,Goodrum,Engineer
12879,Baruch,Eugenio,Senior Engineer
12881,Huai,Yurek,Staff
12885,Anwar,Collavizza,Senior Engineer
12887,Hilari,DuBourdieux,Senior Engineer
12888,Martien,Erni,Senior Staff
12889,Mayumi,Mukaidono,Engineer
12890,Neven,Casley,Senior Staff
12893,Licheng,Crouzet,Senior Staff
12895,Roddy,Serot,Senior Engineer
12899,Chinho,Sethi,Senior Staff
12905,Munehiro,Gecsei,Senior Engineer
12910,Uno,Casley,Staff
12915,Arco,Ligten,Senior Staff
12922,Jacqueline,Porenta,Senior Staff
12923,Chaosheng,Journel,Senior Engineer
12926,Heekeun,Luby,Senior Staff
12934,Adil,Solares,Senior Engineer
12936,Reinhold,Farrow,Technique Leader
12937,Arup,Cincotta,Staff
12940,Odinaldo,Farrar,Senior Engineer
12941,Tommaso,Perelgut,Senior Engineer
12944,Alselm,Benzmuller,Senior Staff
12949,Geoff,Asrin,Senior Engineer
12951,Mohammad,Keirsey,Senior Staff
12960,Tayeb,Navazio,Engineer
12962,Paraskevi,Beerel,Senior Staff
12969,Mohan,Angot,Senior Staff
12972,Juyoung,Azevdeo,Staff
12974,Gift,Frolund,Senior Staff
12977,Byong,Markovitch,Senior Engineer
12981,Maren,Merro,Engineer
12982,Sachem,Aamodt,Senior Engineer
12983,Elliott,Hambrick,Staff
12984,Atilio,Krohm,Engineer
12986,Khun,Hennebert,Senior Engineer
12987,Youngkon,Kading,Senior Engineer
13000,Adhemar,Chiodo,Engineer
13002,Henk,Muhlberg,Senior Engineer
13004,Fan,Beznosov,Senior Engineer
13008,Jayesh,Zaumen,Engineer
13011,Aamer,Glowinski,Technique Leader
13012,Florina,Harbusch,Senior Engineer
13013,Heekeun,Baak,Engineer
13027,Paraskevi,Kohling,Technique Leader
13030,Yahiko,Kroll,Senior Staff
13034,Arunas,Rosen,Senior Staff
13046,Vivian,Stafford,Senior Staff
13047,Atilio,Chelton,Senior Engineer
13048,Kerhong,Massonet,Senior Engineer
13049,Fan,Naudin,Staff
13052,Aleksandar,Schlenzig,Senior Engineer
13054,Samphel,Masamoto,Senior Engineer
13062,Xinglin,Baak,Technique Leader
13065,Zine,Schiper,Senior Staff
13067,Wayne,Kornyak,Senior Engineer
13073,Utpal,Journel,Staff
13075,Rosella,Morrin,Senior Staff
13076,Deniz,Skafidas,Engineer
13084,Domenico,Pagter,Senior Staff
13086,Dzung,Domenig,Senior Staff
13087,Gor,Ranft,Senior Engineer
13093,Sajjan,Unno,Staff
13095,Khedija,Cochrane,Staff
13096,Ibibia,Armand,Senior Engineer
13103,Srinidhi,Ellozy,Senior Engineer
13108,Rance,Matteis,Senior Staff
13110,Maria,Kamble,Senior Engineer
13113,Kwun,Landherr,Staff
13124,Quingbo,Garnick,Senior Staff
13126,Parviz,Hennebert,Senior Engineer
13133,Guther,Senzako,Senior Staff
13134,Lorien,Chepyzhov,Senior Engineer
13140,Shuji,Vidal,Staff
13143,Qingxiang,Ventosa,Technique Leader
13144,Persi,Nollmann,Senior Staff
13146,Haldon,Erie,Senior Staff
13147,Shichao,Ginesta,Senior Staff
13149,Alejandro,Gill,Assistant Engineer
13150,Mahmut,Stavenow,Technique Leader
13156,Akeel,Millington,Senior Engineer
13159,Jingling,Ranst,Staff
13161,Manu,Picci,Senior Engineer
13165,Lucian,Benner,Senior Engineer
13168,Munir,Stentiford,Senior Engineer
13170,Cheong,Bernardeschi,Senior Staff
13171,Anoosh,Birnbaum,Senior Engineer
13173,Arve,Horswill,Senior Staff
13175,Yucai,Swick,Senior Engineer
13179,Moty,Janocha,Staff
13182,Kokou,Rodite,Engineer
13186,Kyoichi,Barbanera,Senior Staff
13189,Yuuichi,Bazzichi,Staff
13192,Rosita,Flowers,Technique Leader
13197,Rosita,Litzler,Staff
13200,Weidon,Pauthner,Senior Engineer
13202,Aram,Scharstein,Senior Staff
13203,Phule,Emmart,Senior Staff
13204,Mircea,Pellegrinelli,Assistant Engineer
13206,Tetsurou,Rullman,Staff
13210,Jianhua,Klassen,Senior Staff
13213,Hein,Billawala,Senior Staff
13216,Stabislas,Weedman,Staff
13221,Premsyl,Famili,Senior Staff
13227,Goncalo,Pell,Staff
13232,Mitchel,Fujisaki,Technique Leader
13233,Alselm,Chvatal,Senior Engineer
13235,Taizo,Remmers,Engineer
13238,Ebru,Foote,Senior Staff
13240,King,Pileggi,Senior Engineer
13243,Fay,Huxford,Staff
13246,Adil,Siepmann,Staff
13248,Keiichiro,Guting,Staff
13249,Oldrich,Rissland,Staff
13250,Zeydy,Schusler,Senior Engineer
13252,Morris,Kavvadias,Staff
13260,JoAnna,McDermid,Technique Leader
13261,Martial,Peternell,Staff
13263,Subhash,Zockler,Senior Staff
13272,Arun,Jiang,Senior Staff
13276,Yechiam,Seuren,Senior Staff
13282,Cordelia,Macedo,Senior Staff
13288,Muneo,Broomell,Senior Staff
13290,Stamatina,Karner,Staff
13291,Georg,Stamatiou,Senior Engineer
13294,Haldun,Stroustrup,Staff
13299,Guiseppe,Butner,Staff
13302,Mack,Alencar,Senior Engineer
13303,Koldo,Rissanen,Staff
13305,Bikash,Herath,Senior Staff
13309,Toshimori,Lipner,Senior Engineer
13312,Filipp,Schurmann,Engineer
13315,Sakthirel,Stroustrup,Senior Engineer
13320,Gino,Bahr,Senior Engineer
13321,Rasikan,Portugali,Engineer
13329,Ottavia,Rissland,Senior Staff
13332,Nidapan,Pearson,Senior Engineer
13333,Yoshinari,Hennebert,Engineer
13341,Bodh,Doering,Senior Staff
13342,Georgy,Doering,Engineer
13343,Heon,Usery,Senior Staff
13346,Francoise,Zastre,Senior Engineer
13347,Lein,Sifakis,Senior Engineer
13349,Zeydy,Danner,Senior Staff
13357,Mabry,Llado,Engineer
13359,Pragnesh,Kragelund,Senior Engineer
13361,Wilmer,Baek,Staff
13368,Kiyokazu,Klassen,Staff
13371,Nakhoon,Riexinger,Senior Engineer
13373,Juichirou,Naumovich,Senior Staff
13374,Atreye,Kalefeld,Senior Engineer
13378,Rafols,Zhiwei,Technique Leader
13379,Kinh,Engelmann,Senior Staff
13385,Claudi,Buchter,Senior Staff
13386,Khosrow,Sgarro,Technique Leader
13388,Shuji,Cesareni,Technique Leader
13389,Divine,Cmelik,Senior Staff
13390,Nathan,Hutton,Engineer
13392,Fumitake,Beidas,Senior Staff
13394,Anneke,Lorys,Senior Staff
13396,Chuanyi,Aumann,Senior Staff
13402,Augustine,Dulli,Engineer
13405,Randy,Baba,Senior Staff
13407,Gio,Chenoweth,Senior Engineer
13408,Sreekrishna,Lagarias,Senior Engineer
13412,Ranga,Erdmenger,Staff
13415,Nathalie,Speer,Technique Leader
13416,Fox,Billawala,Senior Engineer
13417,Dipayan,Condotta,Senior Staff
13422,Vishwani,Gerlach,Senior Engineer
13427,Sreekrishna,Narwekar,Staff
13436,Mana,Picaronny,Senior Staff
13439,Domenick,Ullian,Engineer
13442,Giordano,Miake,Senior Staff
13443,Mayuko,Puppo,Senior Engineer
13445,Renee,Dehkordi,Engineer
13446,Masato,Tramer,Engineer
13451,Gretta,Weiland,Senior Staff
13453,Sugwoo,Lalonde,Senior Engineer
13456,Uzi,Erol,Senior Engineer
13457,Shooichi,Parfitt,Senior Engineer
13458,Feipei,Nivat,Senior Engineer
13460,Yinghua,Gips,Senior Engineer
13463,Theron,Berstel,Senior Engineer
13465,Sasan,Rehfuss,Engineer
13467,Zhigen,Katzenelson,Senior Engineer
13472,Dzung,Larfeldt,Engineer
13475,Kamakshi,Piancastelli,Senior Staff
13479,Youjian,Besselaar,Staff
13493,Uinam,Jullig,Senior Engineer
13500,Irene,Erol,Senior Engineer
13504,Parto,Mandell,Engineer
13505,Chandrasekaran,Hambrick,Staff
13520,Takahiro,Mahnke,Senior Engineer
13521,Jaewoo,Tasistro,Engineer
13522,Jaewon,Vingron,Senior Staff
13523,Dines,Karunanithi,Staff
13524,Chaoyi,Porotnikoff,Senior Staff
13535,Arunas,Schlenzig,Senior Engineer
13539,Cedric,Bala,Senior Engineer
13540,Cordelia,Krohn,Staff
13544,Beshir,Sullins,Senior Staff
13546,Aimee,Brookner,Senior Engineer
13549,Matk,Koprowski,Technique Leader
13552,Ingmar,Capobianchi,Senior Staff
13554,Divine,Birke,Senior Staff
13560,Sibyl,Jeong,Engineer
13567,Sudhanshu,Pietracaprina,Senior Staff
13571,Eben,Passino,Senior Engineer
13575,Kazuhiko,Hettesheimer,Senior Engineer
13576,Jungsoon,Engberts,Senior Staff
13578,Tadahiko,Christianini,Technique Leader
13586,Abdelwaheb,Klassen,Senior Engineer
13591,Jinxi,Poulakidas,Assistant Engineer
13596,Georg,Marletta,Senior Engineer
13598,Subhrajyoti,Barvinok,Engineer
13600,Baocai,Babu,Staff
13605,Dmitry,Encarnacion,Senior Staff
13612,Shao,Mansanne,Engineer
13617,Prodip,Fioravanti,Engineer
13621,Fei,Haddadi,Engineer
13622,Tamiya,Juneja,Senior Staff
13624,Zhigen,Yurek,Senior Staff
13629,Dzung,Trelles,Senior Engineer
13630,Uzi,Kilgour,Engineer
13642,Inderjeet,Luit,Senior Staff
13643,Geoff,Chenney,Senior Engineer
13648,Zejun,Lamba,Technique Leader
13651,Stamatina,Plesums,Engineer
13653,Kristen,Iivonen,Senior Staff
13660,Ziya,McConalogue,Staff
13662,Tianruo,Zucker,Senior Staff
13670,Moti,Takanami,Senior Engineer
13673,Kish,Levasseur,Senior Staff
13680,Denny,Speer,Staff
13683,Zhilian,Vakili,Senior Engineer
13684,Elvia,Christ,Senior Staff
13685,Weicheng,Hockney,Senior Engineer
13693,Godehard,Merkl,Engineer
13697,Shuichi,Weedon,Technique Leader
13698,Domenico,Mitchem,Engineer
13704,Vishu,Kumaresan,Senior Engineer
13708,Taizo,Bolsens,Senior Engineer
13713,Nitsan,Porenta,Senior Staff
13719,Hugh,Porotnikoff,Senior Engineer
13721,Sugwoo,Delgrossi,Senior Staff
13727,Vitali,Merey,Staff
13730,Munehiro,Kalorkoti,Senior Staff
13738,Bangqing,Mitchem,Engineer
13744,Hisao,Quittner,Senior Engineer
13745,Ung,Camurati,Senior Engineer
13747,Masaru,Capobianchi,Senior Staff
13758,Subhrajyoti,Sidou,Senior Staff
13762,Fumino,Choobineh,Senior Staff
13766,Tremaine,Heemskerk,Senior Staff
13768,Sedat,Lovengreen,Staff
13769,Yakichi,Trogemann,Senior Staff
13772,Khalil,Klyachko,Engineer
13775,Arve,Maierhofer,Senior Staff
13776,Marjo,Brookner,Senior Staff
13786,Takushi,Berendt,Senior Staff
13787,Xiaobin,Sinicrope,Senior Engineer
13788,Takahira,Furedi,Assistant Engineer
13792,Valery,Sury,Senior Staff
13795,Mayuri,Gewali,Technique Leader
13796,Paloma,Thorelli,Engineer
13797,Juyoung,Leonhardt,Senior Staff
13798,Khosrow,Tischendorf,Senior Engineer
13799,Chriss,Backhouse,Technique Leader
13800,Nikolaus,Gammage,Technique Leader
13801,Shih,Mayerwieser,Staff
13807,Lenore,Itzigehl,Staff
13809,Kiyotoshi,Basagni,Senior Staff
13811,Kien,Azadmanesh,Senior Engineer
13815,Guadalupe,Plotkin,Senior Engineer
13825,Arlette,Pell,Technique Leader
13831,Yinghua,Rikino,Technique Leader
13832,Hidefumi,Siepmann,Staff
13838,Giao,Stellhorn,Senior Staff
13840,Remco,Demke,Engineer
13841,Christophe,Spinelli,Technique Leader
13842,Juichirou,Cichocki,Senior Staff
13846,Guiseppe,Welham,Senior Staff
13847,Dhritiman,Gulik,Technique Leader
13853,Mingsen,Roohalamini,Senior Staff
13856,Xiping,Conta,Senior Staff
13857,Mostafa,Ferriere,Senior Engineer
13859,Anoosh,Fujisawa,Senior Engineer
13861,Parke,Serna,Engineer
13863,Reinhard,Baig,Senior Staff
13870,Theirry,Kirkerud,Engineer
13875,Genta,Manders,Senior Engineer
13883,Kwangyoen,Barreiro,Senior Engineer
13884,Kensei,Swift,Engineer
13888,Xuedong,Reghbati,Engineer
13894,Ult,Schonegge,Engineer
13897,JoAnna,Hardjono,Senior Engineer
13899,Mostafa,Crouzet,Engineer
13902,Greger,Kilgore,Staff
13904,Youngkon,Cairo,Senior Engineer
13909,Szabolcs,Leslie,Staff
13911,Fen,Jansen,Staff
13913,Xinan,Yoshizawa,Technique Leader
13914,Serge,Albarhamtoshy,Senior Staff
13916,Vidya,Wynblatt,Senior Staff
13919,Brewster,Sinicrope,Engineer
13922,Jinpo,Langford,Senior Staff
13924,Mary,DasSarma,Senior Engineer
13928,Mahmut,Nitta,Senior Staff
13930,Sukumar,Chartres,Senior Staff
13934,Shiv,Bratsberg,Senior Engineer
13936,Tsz,Hambrick,Staff
13942,Elzbieta,Esteva,Technique Leader
13943,Maya,Plump,Senior Staff
13944,Takahito,Maierhofer,Senior Engineer
13946,Atilio,Sgarro,Senior Engineer
13948,Xiaocheng,Hanratty,Staff
13951,Mooi,Genther,Senior Staff
13960,Nechama,Hettesheimer,Senior Staff
13962,Maris,Ghelli,Senior Engineer
13966,Boguslaw,Cooman,Senior Staff
13969,Jianwen,Chandrasekhar,Technique Leader
13972,Seongbin,Walston,Technique Leader
13979,Turgut,Highland,Senior Engineer
13986,Geraldo,Ramsey,Staff
13987,Huican,Fujisaki,Technique Leader
13990,Deborah,Schapiro,Engineer
13992,Ulises,Kenevan,Senior Staff
13993,Troy,Marciano,Senior Staff
13994,Tesuro,Remmele,Staff
13996,Adib,Pews,Staff
13999,Florian,Crouzet,Senior Staff
14001,Mohammad,Wynblatt,Senior Staff
14005,Vojin,Stellhorn,Technique Leader
14011,Katsuo,Peris,Engineer
14012,Yishai,Hanratty,Senior Engineer
14015,Manibrata,Picaronny,Senior Engineer
14024,Naftali,Lukaszewicz,Senior Engineer
14030,Guadalupe,Hiroyama,Technique Leader
14031,Joydip,Bashian,Engineer
14034,Aloys,Seghrouchni,Senior Staff
14038,Tokuyasu,Plesums,Senior Engineer
14039,Ugo,Butterworth,Assistant Engineer
14041,Shan,DeMori,Senior Staff
14045,Ymte,Alpin,Staff
14049,Becky,Pelz,Senior Engineer
14051,Constantijn,Sullins,Senior Engineer
14058,Huai,Kobara,Senior Engineer
14066,Gennadi,Marrakchi,Staff
14067,Godehard,Trachtenberg,Senior Engineer
14074,Toshimori,Wendorf,Engineer
14076,Erzsebet,Bratsberg,Engineer
14077,Wojceich,Standera,Engineer
14084,Deniz,Halloran,Engineer
14086,Willard,Syrotiuk,Senior Staff
14088,Mori,Leslie,Senior Staff
14093,Atreye,Ritzmann,Technique Leader
14102,Feixiong,Jording,Engineer
14105,Ramachenga,Orlowski,Staff
14107,Xiahua,Rindone,Senior Staff
14109,Vesna,Haldar,Senior Engineer
14111,Leszek,Cummings,Senior Staff
14112,Younwoo,McDermid,Staff
14113,Along,Herber,Engineer
14118,Kasturi,Anido,Senior Staff
14122,Masato,Erde,Senior Staff
14128,Mountaz,Munck,Senior Engineer
14130,Yuuichi,Stroustrup,Staff
14139,Sachin,Conry,Engineer
14140,Kiam,Ramamoorthy,Senior Staff
14146,Hauke,Sidou,Engineer
14147,Sasan,Rande,Engineer
14148,Jungsoon,Hartvigsen,Senior Engineer
14150,Yuqun,Akiyama,Senior Staff
14159,Theron,Marrakchi,Engineer
14165,Aloke,Cunliffe,Senior Staff
14167,Adas,Hertweck,Senior Engineer
14168,Jiann,Denis,Technique Leader
14172,Vasilis,Nitsch,Senior Staff
14182,Abdulla,Encarnacion,Senior Staff
14191,Jiann,Luby,Senior Engineer
14197,Adin,Chachaty,Senior Staff
14199,Tomoyuki,Peek,Senior Engineer
14200,Masali,Sankaranarayanan,Senior Staff
14209,Masanao,Kusakabe,Senior Staff
14214,TRUE,Swen,Assistant Engineer
14217,Nimmagadda,Calkin,Senior Staff
14220,Tomofumi,Pargas,Senior Engineer
14224,Guther,Conta,Staff
14232,Masali,Bojadziev,Senior Engineer
14233,Zijian,Blokdijk,Senior Staff
14234,Alair,Servi,Staff
14236,Xuedong,Angiulli,Senior Staff
14237,Abdulla,Gerlach,Senior Engineer
14241,Zhonghui,Ranze,Senior Staff
14242,Sudhanshu,Benaini,Senior Staff
14244,Mahmut,Mullainathan,Senior Engineer
14245,Boalin,Byoun,Senior Engineer
14246,Subhada,Piazza,Senior Engineer
14248,Mark,Alblas,Senior Engineer
14251,Ingemar,Werthner,Senior Staff
14252,Weiyi,Fargier,Staff
14253,Mart,Mattern,Senior Staff
14254,Chikara,Narahara,Engineer
14256,Gino,Ferriere,Assistant Engineer
14257,Kwok,Massonet,Staff
14259,Aleksandar,Kisuki,Senior Engineer
14273,Atreye,Benveniste,Staff
14275,Tristan,Aseltine,Senior Staff
14277,Xiong,Gente,Technique Leader
14279,Nevin,Schaaf,Senior Engineer
14281,Hidekazu,Stavenow,Senior Engineer
14285,Deborah,Peck,Senior Staff
14287,Masali,Highland,Senior Staff
14289,Paraskevi,Gist,Assistant Engineer
14290,Miyeon,Olivero,Senior Engineer
14292,Susanna,Vigier,Senior Staff
14293,Qunsheng,Middleton,Senior Staff
14298,Chriss,Granlund,Senior Engineer
14302,Rosita,Comellas,Engineer
14310,Marlo,Leuchs,Senior Staff
14320,Sreenivas,Schaar,Senior Engineer
14321,Shugo,Falby,Senior Staff
14322,Shem,Kakkad,Engineer
14323,Golgen,Leslie,Staff
14326,Iara,Speckmann,Senior Engineer
14327,Jianwen,Leaver,Senior Engineer
14329,Nikolaus,Bakhtari,Senior Engineer
14330,Felicidad,Brizzi,Senior Engineer
14331,Susumu,Plessier,Senior Engineer
14332,Wilmer,Nitto,Senior Engineer
14335,Mark,Fraisse,Technique Leader
14340,Vitaly,Wixon,Senior Engineer
14342,Hairong,Iacovou,Senior Engineer
14344,Otilia,Buescher,Technique Leader
14345,Barry,Ramsey,Engineer
14354,Mong,Bojadziev,Senior Staff
14359,Henk,Leslie,Senior Staff
14360,Janche,Erbe,Senior Staff
14364,Remzi,Lund,Senior Staff
14369,Hiroyasu,Cardazo,Senior Engineer
14370,Heon,Perl,Senior Staff
14372,Saniya,Srimani,Engineer
14380,Shigeu,Heemskerk,Senior Staff
14382,Zhigen,Sichman,Senior Staff
14384,Tomofumi,Holburn,Technique Leader
14385,Chanjung,Vendrig,Engineer
14388,Arch,Remmers,Senior Staff
14394,Kinh,Zaumen,Senior Staff
14395,Berni,Brizzi,Engineer
14398,Kristinn,Parascandalo,Staff
14406,Tsutomu,Tanemo,Senior Engineer
14411,Hiroyasu,Validov,Technique Leader
14418,Chriss,Kadhim,Engineer
14422,Toshimo,Gadepally,Senior Engineer
14424,Chikako,Isard,Senior Engineer
14434,Elvis,Maginnis,Technique Leader
14436,Aloke,Gubsky,Engineer
14439,Raimond,Woycyznski,Senior Engineer
14441,Divine,Manders,Engineer
14446,Francoise,Rosen,Senior Engineer
14455,Kwangyoen,Sabnani,Senior Staff
14456,Feiyu,Rehfuss,Senior Engineer
14457,Erez,Wynblatt,Senior Engineer
14460,Yagil,Lueh,Senior Engineer
14478,Munehiro,Boissier,Senior Staff
14481,Moti,Lammel,Senior Engineer
14483,Supot,Marrevee,Senior Engineer
14484,Gift,Backhouse,Engineer
14486,Indrajit,Birdsall,Senior Engineer
14490,Tran,Azulay,Staff
14491,Baoqiu,Picht,Engineer
14494,Yannis,Azadmanesh,Technique Leader
14497,Armond,Molenkamp,Staff
14498,Xiong,Selenyi,Senior Staff
14500,Rutger,Malabarba,Senior Engineer
14501,Taizo,Kroft,Technique Leader
14502,Abdulla,Simkin,Senior Engineer
14509,Danil,Aloia,Senior Staff
14513,Samphel,Barreiro,Senior Staff
14514,Fay,Denny,Senior Engineer
14515,Kazuhisa,Versino,Senior Engineer
14516,Kristian,Underwood,Senior Staff
14518,Patricia,Peir,Engineer
14522,Chuanyi,Ranta,Senior Staff
14524,Nobuyoshi,Trogemann,Staff
14526,Arne,Grabner,Staff
14530,Branimir,Luks,Engineer
14533,Kensei,Borovoy,Senior Engineer
14534,Heeju,Vecchi,Engineer
14537,Babette,Engelmann,Senior Engineer
14539,Ashish,Danlos,Engineer
14544,Licheng,Janetzko,Senior Staff
14548,Raimond,Ernst,Senior Staff
14552,Ibibia,Snyers,Senior Engineer
14556,Fatemeh,Zultner,Engineer
14560,Elrique,Driscoll,Senior Engineer
14563,Xuejia,Douceur,Senior Staff
14564,Tadahiro,Christ,Staff
14568,Baoqiu,Kakkad,Senior Engineer
14572,Jasminko,Remmele,Technique Leader
14574,Yolla,Kaiserswerth,Senior Engineer
14577,Shawna,Harbusch,Senior Engineer
14581,Gao,Condotta,Senior Engineer
14582,Kiyokazu,Morrin,Senior Engineer
14589,Shawna,Narahari,Staff
14595,Margareta,Demian,Senior Staff
14597,Aloke,Ritcey,Senior Staff
14600,Jayson,Cairo,Senior Staff
14603,Lech,Marquardt,Senior Engineer
14607,Suzette,Selvestrel,Staff
14610,Lijia,Merle,Senior Staff
14611,Marsja,Coors,Staff
14620,Jianhua,Erev,Senior Engineer
14621,Souichi,Wixon,Senior Staff
14622,Jixiang,Lung,Senior Engineer
14623,Gina,Savasere,Engineer
14627,Reinhold,Zastre,Senior Engineer
14632,Gudjon,McClurg,Senior Engineer
14634,Shirish,Lamba,Technique Leader
14639,Arvind,Hempstead,Senior Staff
14640,Toshimori,Kornatzky,Senior Engineer
14641,Marsha,Farrow,Senior Engineer
14642,Florian,Kuhnemann,Senior Engineer
14645,Laurentiu,Glinert,Senior Engineer
14646,Jiafu,dAstous,Senior Engineer
14648,IEEE,Lorys,Senior Staff
14654,Moheb,Remmele,Senior Staff
14655,Jingling,Segond,Senior Staff
14656,Ziyad,Poupard,Engineer
14659,Sashi,Adachi,Senior Engineer
14665,Honesty,Brlek,Senior Staff
14667,Khatoun,Slutz,Senior Engineer
14668,Weicheng,Covnot,Senior Engineer
14670,Rance,Karnin,Assistant Engineer
14674,Rosalie,Engelmann,Engineer
14675,Teunis,Angel,Senior Staff
14676,Bikash,Zedlitz,Senior Staff
14677,Herbert,Sifakis,Senior Engineer
14678,Angus,Constantine,Staff
14681,Jaihie,Suermann,Engineer
14683,Alois,Basart,Senior Engineer
14684,Jayesh,Przulj,Staff
14690,Yechezkel,Bellone,Senior Engineer
14692,Annemarie,Lamba,Senior Engineer
14693,Brewster,Stranks,Senior Staff
14700,Ghassan,Taneja,Senior Staff
14703,Boutros,Gonthier,Engineer
14710,Mahmut,Hainaut,Senior Staff
14713,Terresa,Ballarin,Technique Leader
14716,Cullen,Kusakabe,Senior Engineer
14717,Willard,Marsiglia,Senior Staff
14722,Sachin,Jakobus,Staff
14723,Constantino,Assaf,Senior Staff
14724,Aron,Lemarechal,Senior Staff
14725,Vatsa,Waterhouse,Senior Engineer
14732,Heejo,Ohori,Senior Engineer
14741,Dinkar,Menyhert,Senior Engineer
14745,Dines,Penttonen,Technique Leader
14746,Uri,Baalen,Senior Engineer
14750,Sadok,Boguraev,Engineer
14751,Kazunori,Shackel,Senior Engineer
14752,Mariusz,Azuma,Senior Engineer
14753,Fuqing,Colorni,Staff
14756,Mohua,Plesums,Senior Engineer
14759,Akeno,Valette,Senior Staff
14761,Yunming,Rettelbach,Senior Staff
14763,Ayakannu,Hedayat,Senior Engineer
14774,Gio,Sigstam,Staff
14776,Khoa,Muchinsky,Senior Staff
14777,Danco,Slobodova,Engineer
14778,Bernd,Trystram,Staff
14780,Marlo,Bruckman,Senior Engineer
14785,Zhonghua,Kaiser,Senior Engineer
14789,Pintsang,Lanphier,Engineer
14791,Magy,Garrabrants,Assistant Engineer
14793,Stein,Uchoa,Engineer
14798,Souichi,Giveon,Engineer
14801,Peternela,Middleton,Senior Engineer
14802,Almudena,Kamble,Senior Engineer
14803,Faiza,Rodite,Senior Engineer
14806,Jaroslava,Perry,Engineer
14807,Miquel,Zweizig,Staff
14814,Odysseas,Nishimukai,Senior Staff
14815,Valeri,Vanwelkenhuysen,Engineer
14817,Gaurav,Masaki,Senior Engineer
14818,Wayne,Falco,Senior Engineer
14820,Poornachandra,Bratsberg,Senior Staff
14821,Oguz,Kilgore,Engineer
14826,Pohua,Radivojevic,Senior Staff
14828,Christfried,Kropf,Staff
14830,Tsz,Trachtenberg,Staff
14837,Perry,Cappello,Senior Staff
14839,Changho,Cronin,Senior Engineer
14842,Anneke,Godskesen,Senior Staff
14846,Magy,Joslin,Senior Engineer
14853,Taiji,Nergos,Senior Engineer
14854,Angus,Perko,Senior Staff
14865,Ute,Serra,Senior Staff
14871,Arnd,Kaiserswerth,Staff
14874,Lijie,Socorro,Engineer
14877,Arto,Meriste,Senior Engineer
14879,Anyuan,Sigstam,Senior Engineer
14880,Conrado,Michaeli,Senior Engineer
14881,Demos,Mateescu,Senior Staff
14885,Mansur,Thisen,Technique Leader
14888,Temple,Barriga,Senior Staff
14889,Subhash,Solovay,Staff
14899,Alejandro,Casley,Senior Staff
14902,Basant,Zaccaria,Technique Leader
14905,Karsten,Baja,Engineer
14906,Adil,Parveen,Senior Staff
14908,Kerhong,Flanders,Senior Engineer
14909,Mohan,Kamble,Senior Engineer
14911,Xiaobin,Chelton,Senior Engineer
14914,Gretta,Benzaken,Engineer
14915,Huican,Picco,Engineer
14920,Billur,Eugenio,Senior Staff
14921,Gill,Khasidashvili,Senior Engineer
14923,Shuzo,Gyorkos,Technique Leader
14925,Stabislas,Peternell,Engineer
14926,Chikara,Suomi,Senior Engineer
14928,Satoru,Mukaidono,Senior Staff
14930,Faiza,Yetim,Senior Engineer
14933,Sergi,Tibblin,Staff
14936,Yuqun,Demian,Engineer
14941,Nathan,Lichtner,Senior Engineer
14942,Heon,Benveniste,Senior Engineer
14947,Stafford,Wossner,Engineer
14949,Insup,Reinhart,Senior Engineer
14954,Fox,Magliocco,Senior Engineer
14955,Boguslaw,Kalefeld,Engineer
14957,Turgut,Munke,Staff
14959,Kerryn,Hiyoshi,Technique Leader
14966,Zhanqiu,Underwood,Staff
14971,Fan,Simmen,Senior Staff
14973,Fumitaka,Schaad,Staff
14978,Fay,Swan,Staff
14982,Kaijung,Angelov,Engineer
14983,Hyuckchul,Pouyioutas,Senior Staff
14987,Tiina,Demeyer,Engineer
14993,Sanjay,Koblitz,Senior Engineer
15004,Muneo,Esteva,Engineer
15005,Kiam,Sadowsky,Senior Engineer
15015,Shawna,Marchegay,Technique Leader
15016,Woody,Gulik,Senior Staff
15018,Ramalingam,Prenel,Senior Staff
15019,Qingxiang,Shokrollahi,Senior Engineer
15024,Yurii,Rullman,Staff
15025,Vincent,Lagarias,Senior Staff
15029,Giordano,Koshino,Senior Staff
15030,Rasikan,Nourani,Senior Staff
15032,Kish,Zockler,Staff
15036,Ziva,Delgrande,Senior Engineer
15042,Luise,Litvinov,Engineer
15043,Christoph,Ventosa,Senior Staff
15048,Werner,Senzako,Engineer
15049,Khun,Waymire,Senior Staff
15052,Flemming,Kranzdorf,Senior Engineer
15055,Shrikanth,Sherertz,Senior Staff
15059,Moheb,Honglei,Senior Staff
15064,Wilmer,Comyn,Senior Staff
15066,Tomokazu,Oaver,Senior Engineer
15069,Manton,Siksek,Technique Leader
15071,Ayonca,Couchot,Senior Staff
15075,Radoslaw,Rijsenbrij,Senior Engineer
15077,Toshiki,Taubenfeld,Senior Engineer
15080,Moti,Conti,Technique Leader
15082,Guadalupe,Zirintsis,Technique Leader
15087,Chirstian,Ushiama,Senior Engineer
15089,Giri,Coney,Senior Engineer
15092,Remmert,Bahi,Senior Staff
15094,Seongbae,Bottner,Staff
15102,Luigi,Axelband,Senior Engineer
15105,Sudhanshu,Itzigehl,Senior Staff
15112,Anyuan,Heyers,Senior Staff
15113,Zhiguo,Giaccio,Staff
15114,Pantung,Honglei,Engineer
15118,Divier,Valtorta,Senior Engineer
15123,Xuejia,Menhoudj,Engineer
15124,Adhemar,Percebois,Senior Staff
15129,Reinhard,Baalen,Engineer
15133,Kagan,Malinowski,Engineer
15134,Arun,Luiz,Senior Staff
15136,Eckart,Waeselynck,Staff
15139,Gor,Strandh,Staff
15143,Chiradeep,Krupka,Senior Staff
15145,Haldon,Servieres,Senior Engineer
15150,Shugo,Reeker,Senior Engineer
15151,Urs,Pouyioutas,Senior Staff
15155,Leon,Kitsuregawa,Senior Engineer
15159,Mats,Parascandalo,Senior Staff
15166,Golgen,Oehlmann,Engineer
15169,Sanjoy,Matteis,Technique Leader
15176,Charlene,Sankaranarayanan,Senior Staff
15179,Niteen,Bernardeschi,Senior Engineer
15183,Vasiliy,Whitcomb,Senior Staff
15184,Sachem,Sundgren,Staff
15187,Gill,Heusch,Engineer
15193,Neelam,Schach,Senior Engineer
15195,Renee,Zaumen,Senior Engineer
15196,Souichi,Duclos,Senior Engineer
15199,Heeju,Bernardinello,Senior Engineer
15200,Danco,Brickell,Engineer
15202,Pranay,Irland,Engineer
15204,Garnik,Ouhyoung,Engineer
15205,Cheong,Rodiger,Engineer
15207,Toshimitsu,Baik,Senior Engineer
15208,Sudharsan,Shokrollahi,Senior Staff
15216,Zhenhua,Wiegley,Senior Staff
15218,Shuky,Conry,Senior Staff
15223,Izaskun,Harllee,Senior Staff
15228,Mona,Salvesen,Senior Staff
15230,Keiichiro,Suessmith,Senior Engineer
15231,Werner,Mondadori,Senior Engineer
15233,Manohar,Lorho,Engineer
15234,Jouko,Zhiwei,Senior Engineer
15237,Reinhard,Sadowsky,Senior Engineer
15243,Mountaz,Famili,Senior Staff
15248,Edwin,Baar,Senior Staff
15252,Koichi,Skrikant,Technique Leader
15253,Ayonca,Pardalos,Senior Engineer
15254,Jessie,Erie,Senior Engineer
15258,Guther,Karcich,Engineer
15263,Sanjeeva,Loncour,Senior Staff
15269,Eric,Reghbati,Senior Engineer
15271,Shiv,Bernardeschi,Senior Staff
15272,Aruna,Choobineh,Senior Engineer
15274,Sadun,Alblas,Engineer
15278,Adam,Rohrbach,Staff
15283,Lenore,Kermarrec,Engineer
15292,Miyeon,Lammel,Senior Staff
15295,Lobel,Peak,Engineer
15303,Fumiko,Sewelson,Senior Engineer
15308,Jackson,Schaft,Engineer
15312,Deniz,Linnainmaa,Engineer
15319,Rafols,Sankaranarayanan,Engineer
15321,Ishfaq,Gecsel,Senior Engineer
15324,Ziya,Lunn,Senior Engineer
15329,Fan,Openshaw,Engineer
15330,Jaroslava,Chinal,Senior Staff
15331,Guther,Legleitner,Staff
15334,Luerbio,Kuzuoka,Engineer
15337,Masaru,Radivojevic,Senior Engineer
15340,Hairong,Babb,Senior Engineer
15341,Shigehiro,Farrow,Senior Staff
15343,Chaosheng,Luce,Senior Engineer
15354,Chikara,Nyrup,Staff
15356,Alair,Douceur,Engineer
15358,Zhenbing,Weiland,Engineer
15361,Vidar,Andreotta,Engineer
15365,Mikhail,Schiettecatte,Senior Engineer
15366,Masaki,Munawer,Senior Engineer
15367,Mitsuyuki,Schoegge,Staff
15369,Premal,Penttonen,Staff
15370,Chuanyi,Nilsson,Senior Engineer
15372,Nahum,Broder,Senior Staff
15374,Jiang,Hiroyama,Senior Staff
15375,Shuho,Manders,Senior Staff
15377,Shugo,Aumann,Senior Engineer
15382,Alassane,Siegrist,Senior Staff
15386,Genki,Sambasivam,Staff
15388,Heekeun,Spelt,Staff
15390,Jiakeng,Soicher,Engineer
15392,Pradeep,Markovitch,Assistant Engineer
15395,Monique,Jakobus,Senior Staff
15403,Hailing,Stavenow,Senior Staff
15406,Sariel,Sooriamurthi,Senior Engineer
15408,Maik,Penttonen,Staff
15409,Quingbo,Waterhouse,Technique Leader
15410,Wilmer,Kushner,Senior Staff
15411,Seongbin,Morrin,Engineer
15412,Huai,Thiria,Senior Engineer
15414,Ramalingam,Rosti,Technique Leader
15420,Doowon,Oberman,Senior Staff
15422,Vesna,Wolniewicz,Senior Engineer
15424,Tremaine,Fontet,Engineer
15425,Souichi,Apsitis,Technique Leader
15428,Kokou,Ramsay,Technique Leader
15433,Shaowei,Peltason,Technique Leader
15438,Constantijn,Munoz,Senior Staff
15439,Shuzo,Gide,Engineer
15441,Arvind,Weisert,Senior Staff
15445,Sachem,Auyong,Engineer
15452,Kazuhira,Weedman,Engineer
15454,Hongzue,Cesareni,Senior Staff
15459,Nimmagadda,Kusalik,Engineer
15461,Marsha,Gronowski,Senior Staff
15463,Make,Gunderson,Engineer
15465,Seshu,Ducloy,Senior Engineer
15470,Weiwu,Huhdanpaa,Engineer
15474,Gilbert,Plumb,Senior Staff
15479,Zhenbing,Soicher,Senior Engineer
15480,Kwok,Trogemann,Senior Engineer
15482,Jixiang,Gyorkos,Senior Engineer
15484,Ortrun,Plesums,Engineer
15488,Reuven,Gimbel,Engineer
15489,Ayonca,Maksimenko,Staff
15491,Fumiyo,Marrevee,Senior Engineer
15497,Filipp,Lichtman,Engineer
15504,Kasturi,Alpin,Engineer
15505,Collette,Mikschl,Senior Engineer
15508,Yoshimitsu,Rettelbach,Senior Engineer
15510,Inderjeet,Sethi,Senior Engineer
15511,George,Kowalchuk,Senior Staff
15512,Mitsuyuki,Waymire,Senior Engineer
15513,Hidekazu,Domenig,Senior Staff
15517,Karsten,Bottner,Assistant Engineer
15518,Uno,Valtorta,Senior Engineer
15525,Masadi,Cherinka,Senior Engineer
15532,Bangqing,Lalonde,Senior Engineer
15534,Guozhong,Grabner,Senior Staff
15535,Rimon,Miyakawa,Engineer
15539,Shigeichiro,Spieker,Senior Staff
15541,Percy,Erman,Technique Leader
15543,Mingdong,Staelin,Senior Engineer
15545,Masadi,Suri,Engineer
15548,Sanjai,Caine,Senior Engineer
15550,Kerhong,Plumb,Senior Engineer
15555,Mona,Birge,Senior Engineer
15560,Xiaoshan,Lakshmanan,Senior Engineer
15563,Constantino,Zykh,Senior Staff
15565,TRUE,Muchinsky,Senior Staff
15566,Baoqiu,Azuma,Senior Staff
15569,Rosalie,Garnick,Senior Staff
15571,Alain,Emden,Engineer
15582,Tuval,Alpay,Engineer
15583,Kasidit,Denny,Senior Staff
15593,Jaihie,Gips,Staff
15600,Mack,Perna,Senior Engineer
15601,Carrsten,Anily,Senior Staff
15603,Woody,Hooghiemstra,Senior Engineer
15604,Nikolaus,Engelmann,Staff
15610,Zhigen,Hebden,Assistant Engineer
15621,Zeydy,Sewelson,Engineer
15623,Vishu,Falby,Senior Engineer
15633,Mikhail,Matteis,Senior Staff
15636,Siddarth,Coorg,Staff
15637,Vincent,Barinka,Senior Staff
15638,Basil,Perez,Senior Staff
15641,Jaana,Roisin,Senior Staff
15643,Anneli,Bednarek,Engineer
15646,Xuedong,Azuma,Senior Staff
15650,Pascal,Bail,Senior Engineer
15651,Huan,Iwayama,Senior Engineer
15653,Kiam,Nannarelli,Staff
15656,Mohammad,Schaaf,Senior Staff
15657,Masoud,Krybus,Senior Engineer
15662,Shooichi,Danner,Staff
15664,Bangqing,Ertl,Assistant Engineer
15666,Pintsang,Rothenberg,Assistant Engineer
15668,Zito,Juneja,Senior Engineer
15669,Bartek,Bael,Technique Leader
15671,Aiman,Back,Senior Engineer
15675,Mountaz,Chinen,Engineer
15677,Ziva,Condotta,Senior Engineer
15682,Hiroyasu,Przulj,Senior Engineer
15683,Shaunak,Hanratty,Engineer
15684,Valeska,Babb,Senior Engineer
15687,Dekang,Ambroszkiewicz,Senior Staff
15692,Falguni,Brobst,Engineer
15693,Tomofumi,Ladret,Senior Staff
15703,Chenye,Hanratty,Engineer
15708,Reuven,Kushnir,Senior Staff
15710,Aral,Doering,Senior Engineer
15714,Troy,Bala,Engineer
15715,Insup,Ibel,Staff
15717,Yuchang,Rabehasaina,Senior Staff
15723,Gill,Basagni,Staff
15724,Zengping,Bondorf,Senior Engineer
15726,Zhilian,Parascandalo,Senior Staff
15728,Jaewon,Nooteboom,Senior Staff
15733,Amalendu,Lipner,Senior Staff
15734,Manibrata,Rajala,Engineer
15739,Poorav,Bahr,Engineer
15740,Stepehn,Pocchiola,Senior Staff
15743,Dante,Chiodo,Engineer
15744,Udaiprakash,Solovay,Senior Engineer
15747,Remmert,Waleschkowski,Engineer
15750,Arumugam,Bresenham,Senior Engineer
15753,Sanjay,Breugel,Senior Engineer
15762,Kien,Impagliazzo,Staff
15763,Barun,Narahari,Senior Staff
15765,Tonny,Taubenfeld,Senior Engineer
15767,Baocai,Broomell,Senior Engineer
15769,Pranay,Oskamp,Staff
15770,Doowon,Ramsey,Engineer
15772,Otilia,Kawashima,Senior Staff
15776,Vasilii,Simkin,Staff
15778,Arra,Haumacher,Senior Staff
15788,Taegyun,Deyuan,Senior Engineer
15796,Kristin,Chappelet,Engineer
15799,Manton,Gelosh,Senior Staff
15809,Mingsen,Antonisse,Senior Staff
15812,Luise,Braunmuhl,Senior Staff
15819,Magdalena,Rajcani,Senior Staff
15821,Aleksander,Antonakopoulos,Engineer
15839,Thodoros,Quaggetto,Senior Staff
15840,Shuho,Solares,Staff
15841,Aram,DasSarma,Senior Engineer
15842,Miyeon,Weedon,Senior Engineer
15846,Bowen,Litecky,Technique Leader
15847,Shawna,Gniady,Staff
15855,Xiaoqiu,Brookman,Senior Staff
15861,Gio,Anido,Senior Staff
15866,Angel,Seiwald,Senior Engineer
15867,Vincent,Fairtlough,Senior Engineer
15869,Guoxiang,Bala,Senior Engineer
15871,Jinpo,Muhling,Senior Engineer
15876,Munehiro,Vakili,Senior Engineer
15877,Yannik,Kroll,Engineer
15880,Miquel,Dechter,Technique Leader
15885,Perla,Delgrossi,Senior Engineer
15889,Sasan,Azumi,Senior Engineer
15892,Lunjin,Pettis,Senior Engineer
15893,Hitofumi,Ducloy,Technique Leader
15895,Ferdinand,Keirsey,Staff
15901,Marsja,Fargier,Senior Engineer
15902,Kazuhide,Stille,Senior Staff
15905,DeForest,Petersohn,Senior Engineer
15910,Maren,Kornatzky,Staff
15911,Shaibal,Viele,Senior Engineer
15912,Piyawadee,Cichocki,Senior Staff
15918,Kotesh,Plesums,Senior Staff
15920,Sanjit,Laurillard,Engineer
15934,Kensyu,Shinomoto,Assistant Engineer
15938,Garnik,Covnot,Senior Staff
15939,Jiang,Lueh,Engineer
15941,Dekang,Nourani,Senior Engineer
15942,Murthy,Rosca,Senior Engineer
15943,Yakkov,Demke,Senior Engineer
15944,Murthy,Mahmud,Staff
15945,Hauke,Larfeldt,Senior Engineer
15946,Sham,Onuegbe,Technique Leader
15948,Karoline,Versino,Senior Engineer
15949,Urs,Itzfeldt,Engineer
15955,Yuguang,Dratva,Senior Engineer
15958,Fumino,Vidya,Staff
15960,Lenore,Narahara,Senior Engineer
15964,Tooru,Bashian,Senior Staff
15966,Adit,Carrera,Assistant Engineer
15967,Ohad,Klyachko,Senior Staff
15970,Hercules,Molberg,Senior Engineer
15971,Arumugam,Aloia,Senior Engineer
15977,King,Ballarin,Senior Staff
15978,Kaijung,Wielonsky,Engineer
15984,Kasidit,Marzano,Engineer
15989,Nobuyoshi,Nannarelli,Senior Engineer
15993,Yoshimitsu,Peir,Senior Engineer
16000,Marek,Demos,Senior Engineer
16005,Udo,Sundgren,Senior Staff
16008,Xiaoqiang,Skafidas,Senior Engineer
16013,Chanjung,Solares,Senior Staff
16018,Boutros,Papadias,Senior Engineer
16019,Chaoyi,Heystek,Senior Engineer
16022,Perry,Valiente,Senior Engineer
16025,Doowon,Luce,Senior Engineer
16028,JiYoung,Takkinen,Senior Engineer
16033,Wayne,Spelt,Senior Staff
16052,Maria,Rodham,Senior Engineer
16053,Jeong,Gniady,Technique Leader
16056,Guiseppe,Luke,Engineer
16058,Honglan,Pettis,Staff
16066,Marsha,Penn,Senior Staff
16068,Leandro,Zongker,Senior Staff
16069,Mechthild,Rahimi,Senior Engineer
16072,Youpyo,Ginneken,Staff
16075,Aloke,Bashian,Senior Engineer
16076,Marko,Ebeling,Engineer
16077,Kannan,Heemskerk,Senior Engineer
16086,Mohammad,Denos,Senior Engineer
16088,Golgen,Gammage,Senior Engineer
16093,Luise,Tramer,Engineer
16094,Berto,Rosar,Senior Engineer
16096,Mayuko,Wallrath,Senior Engineer
16099,Mohan,Ferretti,Senior Staff
16105,Alper,Tetzlaff,Senior Staff
16109,Mooi,Serna,Senior Engineer
16117,Josyula,Felcyn,Senior Staff
16118,Arno,Gimarc,Senior Staff
16120,Domenico,Harllee,Senior Staff
16126,Tse,Crabtree,Staff
16130,Kerryn,Belinskaya,Engineer
16134,Annemarie,Chaudhuri,Senior Engineer
16138,Leucio,Krzyzanowski,Senior Staff
16142,Berry,Porenta,Senior Staff
16145,Ziva,Zallocco,Senior Staff
16146,Cathie,Meriste,Senior Engineer
16147,Laurentiu,Brandsma,Senior Staff
16149,Ennio,Luit,Senior Staff
16151,Alenka,Axelband,Engineer
16154,Monique,Docker,Technique Leader
16156,Fei,Kaminger,Staff
16164,Janche,Kinley,Senior Engineer
16165,Shuzo,Cronau,Assistant Engineer
16166,Eberhardt,Chandrasekhar,Staff
16170,Aral,McDermid,Senior Staff
16175,Amabile,Baik,Staff
16180,Gio,Demir,Assistant Engineer
16185,Marin,Winter,Technique Leader
16192,Leandro,Sigstam,Senior Engineer
16198,Sadegh,Sanella,Senior Engineer
16201,Krassimir,Olano,Technique Leader
16203,Mori,Kulisch,Engineer
16206,Munenori,Demke,Engineer
16212,Izaskun,Glinert,Engineer
16215,Duri,Eiron,Senior Staff
16218,Lidong,Hambrick,Engineer
16219,Dinkar,Viele,Staff
16222,Shaz,Thummel,Engineer
16224,Honesty,Slobodova,Staff
16227,Hitomi,Vural,Senior Engineer
16229,Ronnie,Lanzelotte,Senior Staff
16230,Ung,Babu,Senior Staff
16233,Sushant,Baba,Senior Staff
16234,Jacopo,Basart,Senior Staff
16235,Otmar,Zockler,Engineer
16237,Slavian,Leaver,Senior Engineer
16238,Takahiro,Kopetz,Staff
16242,Gonzalo,Pelz,Engineer
16246,Makato,Masaki,Engineer
16249,Yagil,Kusakari,Senior Engineer
16252,Carrsten,Mattern,Senior Engineer
16255,Tomokazu,Ohori,Senior Engineer
16257,Zhenhua,Masaki,Senior Staff
16261,Tetsushi,Makrucki,Engineer
16262,Tsuneo,Hatcliff,Senior Staff
16266,Mikhail,Sethi,Senior Staff
16270,Khoa,Thorelli,Senior Staff
16272,Shuho,Zeleznik,Senior Engineer
16274,Sadun,Navazio,Senior Staff
16277,Irena,Brodal,Engineer
16278,Marin,Pokrovskii,Technique Leader
16280,Henk,Peot,Senior Engineer
16287,Zhanqiu,Smeets,Assistant Engineer
16289,Muzhong,Rahimi,Staff
16293,Chinhyun,Staylopatis,Senior Engineer
16295,Yuguang,Kisuki,Engineer
16300,Jackson,Coney,Senior Engineer
16301,Yurii,Molenkamp,Senior Engineer
16302,Bedir,Speek,Engineer
16311,Chinhyun,Baik,Engineer
16313,Charmane,Wilfing,Engineer
16314,Kamakshi,Ravishankar,Engineer
16320,Domenick,Ligten,Senior Staff
16324,Billie,Bazzichi,Staff
16329,Yucel,Melter,Senior Engineer
16331,Giap,Garnham,Senior Staff
16332,Nigel,Akaboshi,Engineer
16337,Hironoby,Schaad,Senior Engineer
16341,Boutros,Fendler,Senior Staff
16347,Vasilii,Yurov,Engineer
16355,Nikolaos,Luca,Senior Staff
16360,Sham,Jonsson,Senior Engineer
16364,Yifei,Gini,Senior Staff
16365,Janalee,Mellouli,Senior Staff
16368,Dinah,Soicher,Technique Leader
16373,Narain,Aseltine,Senior Staff
16377,Duri,Stanger,Engineer
16380,Zhilian,Chleq,Senior Staff
16381,Phuoc,Naumovich,Senior Engineer
16382,Chaoyi,Talmon,Senior Engineer
16383,Lidong,Czap,Senior Engineer
16384,Dmitry,Heuser,Senior Engineer
16388,Subhankar,Georgatos,Senior Staff
16392,Danae,Keustermans,Staff
16396,Guangming,Yoshimura,Senior Staff
16397,Shimshon,Cusworth,Senior Staff
16398,Limsoon,Krzyzanowski,Senior Staff
16399,Apostol,Collette,Senior Staff
16404,Rafols,Rabehasaina,Senior Engineer
16405,Demos,Worfolk,Engineer
16412,Moss,Tokunaga,Technique Leader
16415,Subhash,Ohori,Senior Engineer
16425,Idoia,Beerel,Senior Engineer
16426,Mabry,Dulli,Senior Engineer
16427,Denny,Danecki,Senior Engineer
16433,Werner,Chelton,Engineer
16437,Val,Nyrup,Senior Staff
16438,Abdulla,Demeyer,Senior Engineer
16439,Gao,Hainaut,Engineer
16446,Jouko,Chinin,Senior Staff
16447,Zhiguo,Savasere,Senior Engineer
16448,Tsvetan,Zwicker,Senior Engineer
16452,Weiye,Tsukune,Senior Engineer
16453,Goncalo,Basart,Senior Staff
16457,Gudjon,DiGiano,Senior Engineer
16463,Fuqing,Denna,Senior Staff
16466,Atreye,Parveen,Senior Engineer
16471,Bogdan,Birta,Staff
16472,Dekang,Uhrik,Senior Engineer
16478,Bedir,Wroclawski,Senior Staff
16479,Jixiang,Eiter,Senior Staff
16480,Patricio,Tramer,Senior Staff
16481,Tadahiko,Rothe,Senior Staff
16482,Dinkar,Pettit,Senior Staff
16484,Remko,Redmiles,Senior Staff
16486,Sanjay,Perin,Senior Staff
16487,Arunas,Yemenis,Senior Staff
16490,Muzhong,Thiria,Senior Staff
16491,Emdad,Radwan,Senior Staff
16499,Aran,Legleitner,Engineer
16500,Elvis,Servieres,Senior Staff
16504,Mong,Cromarty,Senior Engineer
16508,Kwok,Haddadi,Senior Staff
16510,Mototsugu,Vecchio,Senior Staff
16511,Visit,McFarlin,Senior Staff
16526,Saeko,Coorg,Engineer
16529,Heon,Staudhammer,Staff
16530,Martina,Ozeri,Staff
16531,Shounak,Ponthieu,Staff
16535,Bluma,Bhattacharjee,Engineer
16537,Weidon,Seiwald,Senior Engineer
16539,Gretta,Fetvedt,Senior Engineer
16544,Xiaoshan,Schaap,Staff
16546,Sangeeta,Lanphier,Senior Engineer
16549,Olivera,Thibadeau,Senior Staff
16551,Sadegh,Ranon,Senior Engineer
16554,Weicheng,Taubman,Senior Engineer
16556,Mostafa,Hiltgen,Senior Engineer
16557,Fan,Majewski,Senior Engineer
16559,Weijing,Kruskal,Senior Engineer
16565,Petter,Ramsey,Engineer
16567,Hein,Senzako,Senior Staff
16569,Henk,Cyre,Senior Staff
16570,Uta,Matzen,Senior Engineer
16577,Lidong,McFarlan,Senior Engineer
16578,Krassimir,Luef,Engineer
16580,Masaru,Valiente,Senior Engineer
16582,Sanjiv,McFarlin,Staff
16586,Uno,Peyn,Senior Staff
16588,Persi,Rubsam,Senior Staff
16593,Tiina,Skafidas,Technique Leader
16607,Vishwani,Honglei,Senior Staff
16608,Boguslaw,Greibach,Engineer
16616,Danai,Staelin,Senior Engineer
16617,Aluzio,Noriega,Senior Engineer
16619,Arvind,Boguraev,Senior Engineer
16622,Yifei,Herbst,Staff
16629,Masaki,Papastamatiou,Technique Leader
16631,Paddy,Kropf,Engineer
16636,Ulf,Luan,Engineer
16644,Saniya,Yoshimura,Senior Engineer
16655,Teunis,Hartvigsen,Senior Engineer
16657,Yongdong,Heyers,Senior Engineer
16658,Florian,Soicher,Senior Staff
16662,Poorav,Hatcliff,Staff
16668,Rosalie,Mungall,Senior Staff
16669,Youpyo,Harnett,Senior Engineer
16672,Georgi,Peris,Senior Staff
16674,Duke,Takanami,Technique Leader
16678,Gill,Lenart,Senior Engineer
16679,Domenick,Cummings,Engineer
16680,Sanjay,Improta,Engineer
16683,Hatem,Ghandeharizadeh,Senior Engineer
16686,Francoise,Linnainmaa,Senior Staff
16692,Maria,Perelgut,Engineer
16695,Chaosheng,Thiran,Staff
16698,Udaiprakash,Decleir,Engineer
16704,Mohan,Coors,Senior Staff
16706,Gad,Krone,Senior Engineer
16716,Ramachenga,Zumaque,Engineer
16719,Sasan,Benantar,Senior Staff
16723,Mohd,Randt,Senior Staff
16729,Kirk,Broomell,Senior Staff
16730,Chinhyun,Engelmann,Senior Engineer
16731,Domenico,Versino,Senior Engineer
16733,Zijian,Serna,Engineer
16744,George,Setiz,Senior Engineer
16747,Taisook,Cyre,Engineer
16751,Lubomir,Molenkamp,Technique Leader
16756,Charlene,Harnett,Staff
16759,Vojin,Masaki,Senior Engineer
16766,Vatsa,Brendel,Senior Engineer
16769,Khalid,Brickell,Staff
16772,Baruch,Giveon,Senior Staff
16776,Gil,Azevdeo,Senior Staff
16778,Filipp,Scallan,Senior Engineer
16779,Shooichi,Vandervoorde,Senior Staff
16782,Premsyl,Redmiles,Senior Staff
16783,Takahira,Spataro,Senior Staff
16786,Irene,Candan,Senior Staff
16789,Bluma,Salinas,Staff
16799,Shigeichiro,Bamford,Senior Engineer
16801,Gila,Strooper,Senior Engineer
16803,Ziva,Rohrbach,Engineer
16806,Sreekrishna,Dayana,Senior Staff
16808,Kiyokazu,Katiyar,Senior Staff
16812,Ingemar,Erdmenger,Engineer
16828,Bernd,Etalle,Engineer
16829,Pintsang,Collavizza,Senior Staff
16832,Mads,Binkley,Senior Engineer
16838,Martien,Cronin,Staff
16843,Maya,Junet,Engineer
16851,Leon,Stasinski,Senior Staff
16852,Yefim,Fontet,Senior Engineer
16856,Yefim,Schaad,Senior Staff
16858,Akeno,Gustavson,Senior Staff
16859,Chikara,Heping,Senior Staff
16862,JiYoung,Eppinger,Senior Engineer
16864,Candido,Gecsel,Engineer
16868,Gou,Vandervoorde,Staff
16869,Yakkov,Huttel,Senior Staff
16871,Munir,Stiles,Senior Engineer
16875,Nikolaos,Radhakrishnan,Engineer
16880,Honesty,Bresenham,Technique Leader
16885,Ronghao,Stentiford,Senior Staff
16889,Arve,Pardalos,Senior Staff
16894,Francesca,Smeets,Senior Staff
16895,Dines,Murtagh,Senior Staff
16896,Taisook,Bazzichi,Senior Engineer
16897,Charlene,Ebeling,Technique Leader
16901,Gopalakrishnan,Flasterstein,Senior Engineer
16902,Aiman,Isaak,Engineer
16910,Kazunori,Botman,Senior Engineer
16915,Xianlong,Candan,Senior Engineer
16917,Olivera,Peron,Senior Staff
16919,Tesuya,Yurov,Engineer
16921,Evgueni,Yeung,Senior Staff
16929,Murthy,Burnard,Senior Engineer
16933,Lokesh,Pardalos,Staff
16934,Collette,Sanella,Engineer
16938,Shmuel,Shigei,Engineer
16944,Yuguang,Shobatake,Staff
16950,Mads,Gien,Engineer
16952,Shimshon,Velardi,Senior Engineer
16954,Akhilish,Apsitis,Senior Staff
16955,Sangeeta,Marrakchi,Senior Staff
16959,Mansur,Garnham,Senior Engineer
16962,Sastry,Kaiser,Engineer
16969,Sanjit,Braccini,Senior Engineer
16979,Xiaoqiu,Preusig,Engineer
16986,Hirochika,Gecseg,Senior Engineer
16988,Xiong,Peron,Senior Staff
16993,Hongzue,Dahlbom,Senior Staff
16996,Shigenori,Millington,Staff
16999,Bezalel,Sadowsky,Senior Staff
17007,Muzhong,Fujisawa,Staff
17011,Nagui,Granlund,Staff
17012,Valdiodio,Petereit,Senior Engineer
17014,Sadun,Waterhouse,Senior Staff
17018,Berhard,Tasistro,Senior Engineer
17024,Ewing,Siepmann,Senior Engineer
17034,Heng,Rehfuss,Engineer
17040,Kazuhisa,Bhattacharjee,Assistant Engineer
17041,Nishit,Montemayor,Senior Staff
17044,Persi,Tiemann,Senior Engineer
17046,Fay,Kornyak,Senior Engineer
17047,Qingxiang,Rijsenbrij,Engineer
17048,Christoph,Murthy,Senior Engineer
17055,Marin,Wixon,Senior Engineer
17056,Kwun,Luders,Senior Engineer
17057,Lokesh,Krybus,Staff
17059,Tamiya,Atrawala,Senior Engineer
17062,Shai,Laurillard,Staff
17063,Anoosh,Thiran,Senior Staff
17066,Heping,Ruther,Senior Engineer
17068,Bodh,Gopalakrishnan,Assistant Engineer
17072,Richara,Bala,Senior Staff
17076,Gudjon,Hitomi,Senior Engineer
17078,Gill,Hinsberger,Senior Staff
17079,Boaz,Wrigley,Staff
17080,Jianhui,Petereit,Senior Engineer
17081,Weiru,Murtafg,Senior Engineer
17085,Ramzi,Litvinov,Senior Engineer
17089,Rafail,Erman,Senior Staff
17090,Jaana,Akaboshi,Senior Engineer
17092,Atreye,Lalonde,Staff
17093,Niteen,Oppitz,Assistant Engineer
17097,Cathie,Berztiss,Engineer
17098,Xuedong,Gelosh,Senior Engineer
17100,Gila,Luef,Engineer
17101,Sandeepan,Compeau,Senior Engineer
17102,Radhika,Garnick,Staff
17103,Takahiro,Feldmann,Senior Engineer
17112,Yuguang,Vickson,Engineer
17118,Marke,Felder,Senior Engineer
17120,Yifei,Polupanov,Senior Staff
17123,Aruna,Beausoleil,Senior Staff
17125,Akhilish,Zweizig,Senior Engineer
17126,Matk,Schapire,Senior Staff
17128,Wuxu,Baba,Senior Engineer
17129,Berthier,Bhattacharjee,Staff
17132,Shrikanth,Passafiume,Senior Staff
17140,Mabhin,Schwabacher,Assistant Engineer
17141,Ingmar,Kadhim,Senior Engineer
17143,Ziyad,Munke,Senior Engineer
17146,Aemilian,Barbanera,Staff
17148,Venkatesan,Rissanen,Engineer
17153,Abdulla,Schwartzburd,Staff
17154,Aria,Milicia,Staff
17157,Kristian,Ghandeharizadeh,Senior Staff
17158,Danai,Vecchio,Senior Engineer
17159,Quingbo,Mitchem,Senior Engineer
17160,Shay,Montemayor,Senior Engineer
17162,Jessie,Keohane,Engineer
17163,Yurii,Papsdorf,Senior Engineer
17169,Kaijung,Yeung,Senior Staff
17172,Conrado,Riexinger,Senior Engineer
17179,Kellyn,Angel,Engineer
17181,Weiyi,Pepe,Senior Staff
17185,Danai,Wilfing,Senior Staff
17191,Nobuyoshi,Baer,Senior Engineer
17196,Quingbo,Fasbender,Senior Engineer
17199,Vasilis,Guardalben,Senior Staff
17200,Mostafa,Chiola,Senior Engineer
17204,Jacqueline,Erdmenger,Senior Staff
17214,Danel,Angelov,Technique Leader
17215,Junichi,Langford,Senior Engineer
17220,Lorien,Panwar,Senior Engineer
17222,Leen,Muchinsky,Senior Engineer
17224,Denis,Back,Senior Engineer
17227,Magdalena,Compeau,Engineer
17228,Ult,Kirkerud,Engineer
17230,Gift,Eldridge,Senior Staff
17235,Ronnie,Rissanen,Senior Engineer
17236,Matk,Merro,Senior Engineer
17243,Ishfaq,Demke,Staff
17245,Neven,Milicia,Staff
17255,Guozhong,Krybus,Staff
17260,Abdulah,Famili,Engineer
17266,Conrado,Velardi,Staff
17268,Sven,Luef,Senior Staff
17275,Shmuel,Danlos,Senior Staff
17276,Sorina,Range,Staff
17277,Arnd,Hopewell,Senior Engineer
17279,Pramod,Braccini,Senior Staff
17280,Xuejia,Merle,Senior Engineer
17282,Gurbir,Lipner,Engineer
17284,Gita,Willoner,Senior Staff
17285,Mario,Weiland,Senior Staff
17287,Ute,Lindqvist,Engineer
17291,Heather,Berendt,Senior Staff
17293,Demin,Alpin,Senior Engineer
17294,Shrikanth,Pietrzykowski,Senior Engineer
17297,Wojceich,Adachi,Engineer
17303,Zvonko,Rajcani,Senior Engineer
17305,Danai,Czaja,Staff
17308,Sanjit,Thiran,Senior Staff
17314,Guther,Hofstetter,Senior Engineer
17316,Krassimir,Zolotykh,Engineer
17322,Candida,Fordan,Technique Leader
17325,Heng,Veeraraghavan,Engineer
17326,Arumugam,Ramsay,Senior Engineer
17327,Yongmin,Gihr,Senior Staff
17329,Shaunak,Tyugu,Senior Engineer
17333,Snehasis,Lanzelotte,Senior Engineer
17334,Ayonca,Luby,Staff
17335,Shakhar,Kusakabe,Staff
17336,Shigenori,Chaudhuri,Senior Engineer
17339,Fan,Mullainathan,Engineer
17340,Yurii,Brookman,Senior Staff
17352,Muneo,Katiyar,Senior Staff
17355,Mingzeng,Weisert,Senior Engineer
17361,Macha,Griswold,Engineer
17364,Xuejun,Mikschl,Senior Engineer
17370,Mostafa,Michaeli,Staff
17379,Hongzhu,Ruemmler,Engineer
17384,Youngkon,Nooteboom,Senior Staff
17386,Hilary,Lamba,Engineer
17387,Shir,Serra,Staff
17391,Selwyn,Pews,Senior Engineer
17396,Valeri,Henders,Senior Engineer
17397,Kenroku,Hardjono,Senior Engineer
17407,Surveyors,Worfolk,Senior Staff
17412,Leni,Vilarrasa,Staff
17413,Dhritiman,Brookman,Senior Engineer
17414,Mototsugu,Gihr,Technique Leader
17415,Shaleah,Bernatsky,Senior Engineer
17416,Kitty,Rissanen,Engineer
17419,Lucien,Piancastelli,Engineer
17423,Adly,Demir,Technique Leader
17428,Pantung,Keustermans,Staff
17436,Chirstian,Munawer,Senior Staff
17439,Aemilian,Basagni,Engineer
17440,Hugh,Rosch,Senior Staff
17448,Makato,Belinskaya,Senior Engineer
17457,Chaoyi,Skrikant,Senior Engineer
17463,Tremaine,Lamparter,Senior Staff
17466,Yagil,Peron,Senior Staff
17468,Abdelghani,Irland,Senior Staff
17470,Genevieve,Lichtner,Senior Engineer
17472,Murthy,Verhoeff,Senior Staff
17474,Serenella,Baik,Senior Engineer
17476,Mingsen,Gelosh,Senior Engineer
17478,Tuval,Merle,Senior Staff
17479,Nechama,Shokrollahi,Engineer
17482,Basant,Bottner,Staff
17483,Sudhanshu,Zolotykh,Senior Engineer
17487,Gully,Staudhammer,Engineer
17488,Leah,Billingsley,Senior Engineer
17489,Karlis,Vigier,Senior Staff
17493,Saddek,Sgarro,Engineer
17497,Adin,Bahi,Senior Engineer
17500,Jinya,Bratsberg,Technique Leader
17505,Gunilla,Moffat,Senior Engineer
17507,Yurij,Turnbull,Senior Staff
17512,Frederique,Hofmeyr,Engineer
17513,Spyrose,Barreiro,Staff
17516,Rosita,Dulli,Technique Leader
17520,Shahab,Keohane,Senior Engineer
17523,Piyawadee,Engberts,Staff
17525,Srinidhi,Vecchi,Technique Leader
17526,Jungsoon,Kornyak,Engineer
17534,Indrajit,Crelier,Senior Staff
17539,Cathie,Uhrik,Senior Engineer
17542,Dzung,Asser,Senior Staff
17544,Kien,Marletta,Senior Engineer
17551,Mark,Foote,Engineer
17552,Pradeep,Neiman,Senior Staff
17555,Pranay,Sessa,Senior Engineer
17556,Makato,Tsukuda,Senior Staff
17558,Manibrata,Muhlberg,Staff
17559,Annemarie,Papastamatiou,Senior Engineer
17562,Kristof,Iacovou,Senior Engineer
17566,Heather,Suppi,Engineer
17568,Fay,Barreiro,Senior Engineer
17571,Achilleas,Shackel,Engineer
17573,Berthier,Deverell,Senior Staff
17576,Behnaam,Krybus,Senior Engineer
17582,Kauko,Spieker,Senior Engineer
17584,Emdad,Coorg,Senior Staff
17586,Lein,Halevi,Senior Staff
17588,Siddarth,Schade,Staff
17589,Xuejia,Denti,Engineer
17593,Shigehito,Cherinka,Senior Engineer
17596,Vatsa,Garnick,Engineer
17603,Shin,Ulupinar,Senior Staff
17611,Janche,Luit,Senior Staff
17621,Adil,Lukaszewicz,Senior Engineer
17625,Prodip,Mandelberg,Engineer
17629,Mostafa,Winter,Senior Staff
17635,Kiyomitsu,Guting,Engineer
17638,Stabislas,Frezza,Senior Engineer
17644,Mats,Akazan,Senior Staff
17647,Vasilis,Swab,Senior Staff
17648,Naftali,Zumaque,Engineer
17651,Mokhtar,Kamble,Senior Staff
17657,Thanasis,Zucker,Engineer
17663,Jianhui,Ozery,Staff
17667,Poorav,Kambil,Senior Engineer
17670,Elrique,Spinelli,Senior Staff
17674,Adib,Braccini,Senior Engineer
17675,Sajjan,Keirsey,Senior Staff
17676,Venkatesan,Bage,Engineer
17677,Mingdong,Ramalingam,Senior Engineer
17680,Carrsten,Vickson,Senior Engineer
17681,Eran,Schauser,Senior Staff
17683,Bernt,Henders,Senior Staff
17688,Faiza,Cincotta,Senior Engineer
17694,Maria,Chiola,Staff
17695,Kazuhiro,Chvatal,Staff
17696,Feiyu,Kusalik,Senior Engineer
17699,Radhia,Heping,Senior Engineer
17702,Mantis,Passafiume,Engineer
17704,Vatsa,Broomell,Senior Staff
17705,Toshimo,Mellouli,Technique Leader
17711,Owen,Katiyar,Engineer
17716,Josyula,Vitiello,Senior Engineer
17718,Barton,Yurek,Senior Staff
17723,Ramya,Holburn,Senior Staff
17727,Bingning,Picaronny,Senior Staff
17728,Tsuneo,Lienhardt,Staff
17735,Berni,Gerlach,Senior Staff
17736,Leif,Bennis,Senior Engineer
17742,Tru,Cappelletti,Senior Staff
17745,Hatem,Schreiter,Senior Engineer
17748,Kendra,Slaats,Assistant Engineer
17749,Arif,Underwood,Engineer
17751,Mrinalini,Saoudi,Senior Engineer
17753,Karoline,Hegner,Senior Engineer
17754,Xudong,Bojadziev,Senior Engineer
17775,Florian,Ishibashi,Staff
17776,Apostol,Tchuente,Staff
17778,Chirstian,Matzov,Senior Staff
17779,Abdelkader,Bodoff,Senior Engineer
17783,Adly,Haldar,Senior Staff
17788,Baziley,Leivant,Senior Engineer
17791,Matt,Stifter,Senior Staff
17796,Alejandro,Impagliazzo,Staff
17798,Guangming,Suessmith,Senior Staff
17800,Tooru,Brizzi,Senior Staff
17801,Taegyun,Alvarado,Staff
17803,Mikhail,Parhami,Senior Staff
17806,Martins,Guerreiro,Senior Engineer
17807,Jianhua,Glowinski,Senior Engineer
17811,Steen,McDermid,Senior Engineer
17813,Gita,Suppi,Senior Engineer
17815,Shuji,Wissmann,Engineer
17816,Toshimo,Kenevan,Senior Engineer
17819,Geraldo,Decaestecker,Senior Engineer
17824,Navin,Baaz,Senior Engineer
17826,Vitali,Fiutem,Senior Engineer
17828,Ger,Zolotykh,Senior Engineer
17829,Przemyslawa,Whittlesey,Staff
17833,Mayumi,Lodder,Senior Staff
17834,Zhilian,Fiutem,Senior Engineer
17835,Luigi,Roccetti,Engineer
17836,Nectarios,Merle,Senior Staff
17840,Tonny,Sherertz,Senior Engineer
17841,Hilary,Ramaiah,Senior Engineer
17849,Mandell,Varker,Senior Staff
17851,Manibrata,Millington,Senior Staff
17854,Shuho,Bazelow,Senior Staff
17855,Heejo,Kabayashi,Senior Engineer
17861,Vishv,Oxman,Senior Staff
17864,Charmane,Grandbois,Senior Engineer
17869,Xiaocheng,Prochazka,Assistant Engineer
17871,Ebbe,Hedayat,Senior Engineer
17874,Rutger,Minakawa,Senior Staff
17882,Arne,Passafiume,Staff
17885,Takanari,Aamodt,Engineer
17890,Bodh,Staelin,Senior Engineer
17891,Isaac,Luiz,Senior Engineer
17896,Yahiko,Benner,Engineer
17900,Sakthirel,Belinskaya,Senior Engineer
17907,Kotesh,Bernini,Senior Staff
17909,Ishfaq,Verspoor,Staff
17916,Sukumar,Morrin,Senior Engineer
17919,Kiyotoshi,Pluym,Senior Engineer
17921,Minghong,Trachtenberg,Senior Staff
17925,Adamantios,Baezner,Senior Engineer
17938,Sachio,Zucker,Staff
17939,Heon,Ibel,Senior Engineer
17941,Yakichi,Krohm,Engineer
17949,Subbu,Pluym,Engineer
17950,Alassane,Genther,Senior Engineer
17956,Ebru,Zobel,Senior Engineer
17958,Ramachenga,Turnbull,Technique Leader
17963,Danil,Gecsel,Senior Staff
17964,Yongqiao,Pintelas,Technique Leader
17968,Susanna,Murillo,Engineer
17973,Sanjit,Beidas,Senior Engineer
17977,Ziyad,Kalafatis,Staff
17981,Cordelia,Rande,Staff
17984,Kellyn,Roison,Senior Staff
17986,Oguz,Angelopoulos,Staff
17987,Atreyi,Monkewich,Staff
17991,Gou,Szemeredi,Staff
17995,Oldrich,Vickson,Senior Staff
18000,Tzvetan,Rajcani,Staff
18006,Vidya,Hanabata,Senior Staff
18008,Ung,Badr,Engineer
18013,Jiong,Shanbhogue,Senior Engineer
18016,Somnath,Kaminger,Senior Staff
18017,Yonghong,Felcyn,Engineer
18018,Sasan,Schrooten,Senior Staff
18020,Adhemar,Pelz,Senior Staff
18022,Maha,Esposito,Senior Engineer
18024,Uzi,Casperson,Staff
18030,Jasminko,Brookner,Senior Engineer
18034,Patricio,Hettesheimer,Staff
18035,Shmuel,Haumacher,Senior Engineer
18040,Franziska,Nitsche,Senior Staff
18044,Djenana,Besselaar,Staff
18047,Dinah,Fortenbacher,Senior Engineer
18059,Troy,Lueh,Senior Engineer
18061,Francesca,Taubman,Engineer
18065,Chriss,Wroclawski,Senior Staff
18068,Geoff,Lorie,Senior Engineer
18069,Angus,Kambil,Engineer
18075,Lein,Goodrum,Senior Engineer
18080,Satyanarayana,Rosar,Senior Engineer
18086,Brewster,Szmurlo,Staff
18095,Tse,Puppe,Senior Staff
18096,Sven,Manders,Senior Engineer
18097,Kristen,Lukaszewicz,Engineer
18099,Kazuhiko,Fendler,Technique Leader
18101,Mariangiola,Ozeri,Staff
18105,Odoardo,Kaiser,Engineer
18106,Gudjon,Axelband,Senior Engineer
18108,Sanjai,Genin,Staff
18109,Yechiam,Junot,Staff
18113,Kish,Hainaut,Senior Engineer
18115,Georg,Krzyzanowski,Senior Engineer
18117,Visit,Gils,Technique Leader
18121,Denis,Stanfel,Senior Staff
18123,Kristinn,Hitomi,Staff
18124,Prodip,Kropf,Senior Engineer
18130,Claudi,Cairo,Senior Staff
18134,Ult,Pesch,Senior Engineer
18135,Hugh,Bahl,Staff
18138,Moni,Baezner,Senior Staff
18140,Khedija,Lubachevsky,Senior Staff
18144,Kinh,Servi,Technique Leader
18155,Dayanand,Danlos,Senior Engineer
18157,Fen,Frolund,Engineer
18169,Nathalie,Radwan,Senior Staff
18175,Gal,Templeman,Senior Engineer
18176,Fumiko,Rijsenbrij,Technique Leader
18178,Chiradeep,Baek,Staff
18181,Gregory,Beerel,Senior Staff
18186,Aria,Schaap,Senior Staff
18190,Guadalupe,Lichtman,Senior Engineer
18191,Kazuhira,Christianini,Staff
18199,Teruyuki,Sridhar,Senior Staff
18200,Alejandra,Peak,Senior Staff
18202,Changho,Bain,Staff
18205,Stabislas,Barreiro,Senior Staff
18208,Demin,Irland,Senior Staff
18210,Mabo,Radhakrishnan,Senior Engineer
18212,Constantino,Journel,Senior Staff
18215,Hironoby,Gips,Engineer
18217,Candida,Sethi,Senior Engineer
18219,Katsuyuki,Swiler,Engineer
18220,Shugo,Impagliazzo,Staff
18223,Gully,Mitchem,Senior Staff
18230,Kristian,Dulin,Engineer
18231,Rafols,Falby,Senior Staff
18234,Sanjai,Maginnis,Senior Engineer
18237,Limsoon,Tramer,Engineer
18239,Giordano,Conde,Senior Staff
18242,Shichao,Demian,Senior Engineer
18250,Godehard,Orlowski,Engineer
18251,Alair,Panangaden,Senior Staff
18254,Bikash,Speel,Assistant Engineer
18256,Anneke,Penz,Engineer
18259,Deborah,Herbst,Engineer
18261,Shridhar,Baak,Senior Engineer
18265,Shir,Puppo,Senior Staff
18274,Yefim,Karnin,Senior Staff
18283,Felicidad,Steinauer,Senior Staff
18284,Huican,Riefers,Senior Staff
18290,Sigeru,Puppe,Senior Engineer
18291,Mechthild,Nitto,Senior Staff
18297,Guther,Nastansky,Senior Staff
18299,Eben,Kumaresan,Technique Leader
18306,Tua,Fordan,Staff
18308,Youjian,Vecchio,Senior Engineer
18310,Ioana,Dalton,Senior Engineer
18313,Somnath,Passafiume,Senior Engineer
18316,Hongzue,Msuda,Senior Engineer
18318,Parke,Cairo,Senior Staff
18322,Tonia,Lueh,Engineer
18323,Oddvar,Tiemann,Senior Engineer
18327,Sadegh,Alblas,Engineer
18328,Goo,Klyachko,Senior Engineer
18333,Munehiro,Plesums,Engineer
18339,Anneli,Barvinok,Assistant Engineer
18346,Terresa,Lenart,Technique Leader
18348,Claudi,Sudbeck,Senior Engineer
18354,Mostafa,Conia,Senior Staff
18356,Raimond,Oskamp,Senior Staff
18362,Pohua,Wolniewicz,Engineer
18366,Piyush,Kalorkoti,Engineer
18369,Pintsang,Backhouse,Senior Staff
18371,Ramzi,Goldhammer,Senior Engineer
18374,Falguni,Landherr,Senior Staff
18375,Gian,Debuse,Senior Staff
18376,Wayne,Stranks,Engineer
18379,Xuedong,Bail,Senior Engineer
18382,Remko,Mattern,Senior Engineer
18383,Oddvar,Muhling,Senior Staff
18386,Alagu,Zyda,Senior Staff
18388,Danai,Ligten,Staff
18390,Jingling,Merel,Engineer
18393,Wuxu,Aseltine,Senior Engineer
18396,Uriel,Luef,Senior Staff
18397,Behnaam,Coorg,Senior Staff
18398,Xiaoqiu,Etalle,Senior Staff
18401,Vidya,Itzfeldt,Staff
18402,Bernice,Ritzmann,Senior Staff
18403,Vidya,Morrow,Engineer
18407,Marsja,Luit,Senior Staff
18408,Ioana,Azadmanesh,Assistant Engineer
18418,Cheong,Vickson,Engineer
18426,Zhiguo,Denos,Staff
18427,Kiyomitsu,Qiwen,Senior Staff
18429,Girolamo,Armand,Senior Engineer
18435,Basim,Covnot,Staff
18438,Chiradeep,Iacovou,Engineer
18441,Valeri,Jenevein,Engineer
18443,Florina,Swick,Senior Staff
18447,Subir,Biron,Engineer
18448,Rosine,Bazelow,Senior Engineer
18449,Yuuichi,Camarinopoulos,Senior Engineer
18450,Takahito,Hoppenstand,Senior Staff
18454,Eric,Anido,Senior Staff
18456,Filipe,Herber,Senior Engineer
18459,Shuzo,Kavanagh,Senior Staff
18462,Yongqiao,Babu,Technique Leader
18464,Bangqing,Shimshoni,Engineer
18467,Prasadram,Esposito,Staff
18468,Kirk,Cunliffe,Senior Engineer
18478,Mitsuyuki,Stranks,Senior Engineer
18492,Turgut,Brickell,Staff
18497,Yongmao,Marsiglia,Engineer
18498,Shaowen,Beerel,Senior Engineer
18499,Ipke,Masamoto,Senior Engineer
18503,Mechthild,Marletta,Senior Engineer
18511,Pascal,Marzano,Senior Engineer
18516,Jenwei,Pauthner,Staff
18521,Irene,Dulli,Senior Engineer
18531,Jamaludin,Axelband,Staff
18532,Joydip,Onuegbe,Staff
18535,Pasqua,Gelosh,Senior Engineer
18536,Hailing,Crelier,Senior Engineer
18537,Juichirou,Kulisch,Senior Staff
18538,Udo,Walstra,Senior Staff
18540,Suvo,Braunschweig,Senior Staff
18541,Jiang,Qiwen,Engineer
18542,Tiina,Anido,Senior Engineer
18546,Aral,Pramanik,Senior Engineer
18547,Gladys,Sankaranarayanan,Senior Engineer
18549,Sushant,Thibadeau,Senior Engineer
18551,Oguz,Rijsenbrij,Assistant Engineer
18563,Jinya,Peot,Assistant Engineer
18565,Hatem,Nilsson,Senior Staff
18568,Poornachandra,Waschkowski,Staff
18571,Xinglin,Flowers,Senior Engineer
18573,Zongyan,Baca,Staff
18579,Make,Thorelli,Senior Staff
18580,Mabo,Bamford,Assistant Engineer
18581,Mitsuyuki,Ranai,Senior Staff
18582,Collette,Kroft,Staff
18586,Herbert,Perly,Staff
18592,Jixiang,Baaz,Senior Engineer
18596,Quingbo,Waymire,Senior Staff
18598,Youssef,Brookner,Engineer
18604,Baziley,Macedo,Senior Engineer
18605,Jeong,Rodier,Staff
18612,Nevin,Sevcikova,Senior Staff
18616,Eirik,Seuren,Staff
18621,Spyrose,Koblick,Senior Engineer
18623,Karsten,Shackel,Engineer
18627,Prodip,Brizzi,Senior Engineer
18628,Srinidhi,Mahmud,Senior Staff
18639,Reinhold,Unni,Senior Staff
18646,Filipe,Gecsel,Staff
18656,Arvind,Iivonen,Senior Engineer
18662,Bouchung,Luck,Staff
18663,Rafols,Sridhar,Senior Engineer
18664,Itzchak,Akaboshi,Senior Staff
18665,Makato,Emmart,Staff
18666,Hitofumi,Baja,Senior Staff
18668,Kwangho,Ritzmann,Engineer
18669,Hauke,Andreotta,Engineer
18671,Shan,Nastansky,Senior Engineer
18673,Ohad,Orlowski,Engineer
18679,Roded,Lambe,Senior Staff
18681,Rimli,Tibblin,Senior Engineer
18684,Kenroku,Dulli,Staff
18691,Vasilis,Besancenot,Senior Engineer
18692,Mona,Camurati,Senior Engineer
18698,Anestis,Sinicrope,Senior Staff
18701,Mori,Ratnakar,Senior Staff
18702,Kinh,Impagliazzo,Engineer
18705,Manibrata,Msuda,Senior Engineer
18706,Debaprosad,Schicker,Senior Staff
18715,Sugwoo,Dechter,Senior Engineer
18716,JoAnne,Bratsberg,Senior Engineer
18723,Yechezkel,Baumann,Senior Engineer
18725,Cullen,Marchegay,Senior Staff
18726,Hisao,Jahnichen,Engineer
18727,Sugwoo,Rusterholz,Senior Staff
18728,Tzvetan,Luft,Senior Engineer
18742,Jouni,Heinisuo,Senior Staff
18744,Feipei,Bugrara,Senior Staff
18749,Sudharsan,Vecchio,Engineer
18756,Premal,Narahari,Engineer
18759,Keung,Malabarba,Staff
18762,Bedrich,Staelin,Senior Staff
18764,Bernardo,Sidje,Senior Engineer
18769,Kirk,Luit,Engineer
18770,Fei,Yurek,Senior Engineer
18771,Domenick,Haraldson,Senior Staff
18775,Shay,Akazan,Senior Engineer
18782,Fan,Pepe,Engineer
18783,Shan,Sambasivam,Senior Engineer
18784,Pohua,Hempstead,Senior Staff
18786,Guozhong,Veevers,Senior Engineer
18787,Kotesh,Mukaidono,Technique Leader
18789,Reinhold,Domenig,Senior Staff
18790,Florina,Rahier,Senior Engineer
18794,Kish,Garnham,Senior Engineer
18795,Heon,Peck,Senior Staff
18796,Denny,McDermid,Senior Engineer
18799,Kshitij,Lunn,Senior Staff
18802,Kwee,Rajaraman,Engineer
18806,Akhilish,Petereit,Senior Staff
18809,Laurentiu,Munoz,Senior Staff
18811,Cheong,Oxenboll,Senior Staff
18812,Uriel,Lueh,Senior Staff
18815,Gennady,Bouloucos,Staff
18817,Kristin,Xiaoshan,Staff
18823,Arie,Bojadziev,Engineer
18825,Florian,Setiz,Senior Staff
18826,Yahiko,Riefers,Senior Staff
18827,Mani,Serot,Engineer
18828,Henk,Pellegrinelli,Senior Engineer
18829,Murthy,Delgrossi,Technique Leader
18832,Pasqua,DiGiano,Engineer
18833,Roded,Majewski,Senior Engineer
18835,Uwe,Lieblein,Senior Engineer
18837,Tommaso,Erni,Senior Staff
18840,Toshiki,Rahier,Engineer
18850,Shigeo,Erbe,Senior Engineer
18857,Bogdan,Roison,Engineer
18860,Eishiro,Lubachevsky,Senior Engineer
18861,Naftali,Khamsi,Engineer
18865,Roselyn,Beutelspacher,Senior Engineer
18866,Fumiyo,Hettesheimer,Assistant Engineer
18868,Hugo,Levasseur,Engineer
18872,Hauke,Krybus,Senior Staff
18875,Harjit,Hebert,Senior Engineer
18881,Heejo,Botman,Staff
18882,Gian,Middleton,Staff
18885,Valter,Noriega,Staff
18886,Ramya,Peek,Senior Staff
18888,Sajjan,Stassinopoulos,Engineer
18890,Pasqua,Litecky,Senior Staff
18892,Kamakshi,Matzat,Senior Staff
18905,Seongbae,Baca,Senior Engineer
18908,Jingling,Daescu,Engineer
18910,Pantung,Peral,Engineer
18917,Xiaoqiang,Castellani,Senior Engineer
18919,Remco,Stille,Senior Engineer
18921,Maren,Radwan,Senior Engineer
18924,Yakkov,Dechter,Senior Engineer
18927,Muneo,Msuda,Senior Engineer
18933,Barun,Panienski,Senior Engineer
18943,Anneli,Rando,Senior Staff
18946,Gio,Warwick,Senior Engineer
18948,Shai,Muhlberg,Senior Staff
18954,Duri,Aloia,Senior Staff
18955,Ziya,Flexer,Senior Engineer
18958,Mabo,Norsworthy,Senior Staff
18964,Shirish,Tiemann,Senior Staff
18974,Gina,Olano,Assistant Engineer
18979,Girolamo,Fujisawa,Senior Engineer
18980,Weiye,Kawashimo,Senior Engineer
18983,Krister,Jenevein,Senior Engineer
18986,Pintsang,Babu,Senior Staff
18989,Goh,Quittner,Senior Staff
18994,Leszek,Mitsuhashi,Senior Staff
19000,Houman,Alpay,Senior Engineer
19006,Martina,Hempstead,Senior Engineer
19012,Gal,Panangaden,Senior Staff
19014,Jiafu,Danecki,Senior Staff
19019,Fuqing,Murtafg,Staff
19027,Ferdinand,Nanard,Senior Engineer
19029,Khosrow,Jiang,Senior Engineer
19031,Rosella,Pollock,Senior Staff
19034,Panayotis,Vesna,Senior Staff
19035,Fuqing,Bellone,Senior Engineer
19036,Sampalli,Vesna,Senior Staff
19037,Lucien,Bernardeschi,Senior Engineer
19042,Rosita,Levergood,Senior Engineer
19048,Nikolaus,Radhakrishnan,Senior Staff
19049,Breannda,Picht,Senior Staff
19051,Marek,Cappello,Technique Leader
19052,Perla,Denna,Staff
19056,Leaf,Nishimukai,Engineer
19062,Yoshinari,Denos,Engineer
19066,Martine,Ramamoorthy,Senior Engineer
19073,Sajjan,Trelles,Staff
19076,Hein,Ferretti,Senior Staff
19087,Utz,Schusler,Senior Staff
19089,Badri,Ellozy,Senior Engineer
19091,Xiaocheng,Sommen,Senior Engineer
19101,Kagan,Panangaden,Senior Engineer
19104,Tetsushi,Sudbeck,Senior Engineer
19105,Etsuo,Oehlmann,Senior Staff
19108,Ghassan,Tramer,Senior Staff
19109,Jenwei,Denis,Senior Staff
19111,Xinan,Muchinsky,Senior Engineer
19113,Persi,Bahr,Staff
19114,Jayson,Pietracaprina,Senior Staff
19116,Xuedong,Cherinka,Engineer
19120,Giri,Qiwen,Engineer
19121,Hsiangchu,Remmers,Staff
19129,Bowen,Jiafu,Technique Leader
19132,Nikolaus,Litvinov,Staff
19133,Debaprosad,Makinen,Staff
19134,Seongbin,Bakhtari,Senior Staff
19136,Kish,Munawer,Senior Staff
19141,Ingemar,Taneja,Assistant Engineer
19144,Laurentiu,Ohori,Staff
19145,Zorica,Marrevee,Technique Leader
19147,Chaitali,Bennis,Senior Staff
19151,Jeanne,Peral,Senior Staff
19153,Subbu,Zedlitz,Senior Staff
19154,Inderjeet,Denna,Senior Staff
19155,Uli,Merks,Senior Staff
19157,Percy,Milicic,Senior Engineer
19160,Tetsurou,Jervis,Senior Staff
19162,Chinho,Fadgyas,Technique Leader
19165,Yuguang,Garigliano,Engineer
19168,Lijia,Dulin,Staff
19174,Zorica,Schaap,Engineer
19177,Lijia,Oaver,Engineer
19179,Gian,Makinen,Senior Staff
19183,Kwangyoen,Vakili,Senior Engineer
19192,Yinlin,Schusler,Senior Engineer
19193,Jungsoon,Syrzycki,Senior Staff
19194,Uta,Pramanik,Senior Staff
19200,Shietung,Serra,Senior Staff
19201,Arto,Sommen,Staff
19202,Tommaso,Munke,Staff
19205,Moto,Sinitsyn,Staff
19206,Wanqing,Pellegrinelli,Senior Engineer
19209,Berhard,Encarnacion,Staff
19220,Khaled,Beidas,Senior Staff
19222,Kazuyasu,Perz,Engineer
19225,Roselyn,Openshaw,Senior Staff
19239,Karoline,Azevdeo,Staff
19242,Kenroku,Demri,Staff
19244,Guenter,Vitiello,Staff
19245,Souichi,Barvinok,Senior Engineer
19249,Saniya,Iivonen,Senior Engineer
19250,Marit,Vitiello,Senior Engineer
19256,Rosita,Riexinger,Senior Staff
19259,Anoosh,Pelc,Senior Engineer
19268,Adit,Papastamatiou,Senior Engineer
19271,Heng,Rajala,Engineer
19275,Kristina,Lung,Senior Staff
19289,Guther,Waymire,Senior Engineer
19293,Elvia,Frezza,Assistant Engineer
19294,IEEE,Schoegge,Technique Leader
19306,Debatosh,Pagter,Engineer
19307,Jongsuk,Baca,Senior Staff
19310,Bouchung,Guerreiro,Senior Engineer
19318,Xianlong,Halevi,Senior Staff
19321,Stella,Benveniste,Staff
19323,Yuriy,Gilg,Senior Staff
19328,Yannik,Smeets,Engineer
19329,Alair,Marletta,Senior Engineer
19332,Changho,Khamsi,Senior Engineer
19333,Sanjeeva,Schrooten,Senior Engineer
19335,Susanta,Khalid,Senior Staff
19336,Younwoo,Demir,Staff
19343,Heping,Hempstead,Staff
19345,Tsuneo,Kobara,Senior Staff
19348,Kiyomitsu,Vieth,Senior Staff
19353,Mayumi,Schaar,Senior Engineer
19356,Masato,Prenel,Senior Staff
19359,Fumiya,Jervis,Engineer
19360,Mohammad,Schiettecatte,Staff
19364,Yuping,Mitina,Senior Engineer
19368,Isaac,Bresenham,Assistant Engineer
19372,Temple,Isaac,Engineer
19373,Xumin,Bojadziev,Staff
19380,Divier,Lorcy,Senior Engineer
19381,Xiahua,Holburn,Senior Staff
19382,Jeanna,Whitcomb,Technique Leader
19383,Ingemar,Oskamp,Technique Leader
19386,Leandro,Peltason,Senior Staff
19389,Hyuckchul,Binkley,Senior Engineer
19393,Boaz,Back,Senior Staff
19394,Charmane,Bahl,Senior Staff
19397,Arnd,Diderrich,Senior Staff
19400,Ekawit,Koshino,Technique Leader
19406,Sakthirel,Lindenbaum,Senior Engineer
19410,Rosella,Glinert,Senior Engineer
19419,Palash,Bernardeschi,Senior Staff
19422,Florian,Budinsky,Senior Engineer
19425,Xuejia,Pettey,Senior Engineer
19426,Ishfaq,Luan,Senior Engineer
19437,Horward,Conry,Senior Staff
19442,Terresa,Perez,Senior Engineer
19444,Sajjad,Khasidashvili,Engineer
19445,Xinglin,Gecsel,Engineer
19453,Baoqiu,Buescher,Senior Staff
19454,Taisook,Hutter,Senior Staff
19455,Geoffry,Kusalik,Engineer
19459,Sadun,Kawashimo,Staff
19467,Mitchel,Ecklund,Senior Staff
19470,Patricio,Luiz,Senior Engineer
19475,Limsoon,Muchinsky,Senior Staff
19482,Saniya,Riesenhuber,Engineer
19483,Remmert,Dulay,Senior Staff
19487,Huiqun,Cannane,Senior Engineer
19488,Maris,Perly,Senior Engineer
19493,Caolyn,Tramer,Senior Engineer
19496,Mircea,Thorelli,Staff
19497,Lorien,Conde,Engineer
19501,Kokou,Baranowski,Senior Staff
19503,Jaana,Papsdorf,Senior Engineer
19504,Mingsen,Valtorta,Engineer
19508,Quingbo,Sanella,Technique Leader
19511,Jamaludin,Fujisaki,Senior Staff
19512,Perry,Ramras,Senior Staff
19513,Rosalyn,Siepmann,Senior Staff
19515,Keiichiro,Gurbaxani,Senior Engineer
19516,Shigeu,Malabarba,Staff
19518,Genta,Vieri,Staff
19520,Weiye,Ossenbruggen,Assistant Engineer
19530,Barry,Dratva,Senior Staff
19533,Jacqueline,Grospietsch,Senior Staff
19534,Satosi,Moehrke,Staff
19543,Chaitali,Perl,Senior Engineer
19544,Itzchak,Comte,Senior Engineer
19546,Kwan,Penz,Engineer
19549,Uli,Muhlberg,Engineer
19557,Kish,Negoita,Senior Engineer
19562,Suzette,Manders,Senior Engineer
19565,Zito,Riesenhuber,Assistant Engineer
19569,Xiong,Azulay,Senior Engineer
19570,Uwe,Kobuchi,Engineer
19579,Georgi,Impagliazzo,Senior Engineer
19580,Stein,Tagansky,Senior Staff
19583,Edwin,Veccia,Senior Staff
19585,Goncalo,Ernst,Staff
19586,Hirochika,Minakawa,Senior Engineer
19591,Chenye,Ashish,Senior Engineer
19593,Mohd,Feldhoffer,Staff
19594,Miquel,Walstra,Senior Staff
19599,Leucio,Lalonde,Senior Staff
19602,Sandeepan,Olivero,Senior Engineer
19604,Nahla,Cappello,Senior Engineer
19609,Owen,Ramsay,Senior Staff
19612,Chenxi,Erdmenger,Senior Staff
19614,Theron,Velasco,Engineer
19616,Niranjan,Uchoa,Engineer
19617,Mircea,Landherr,Engineer
19619,Zhonghui,Staylopatis,Engineer
19621,Radhakrishnan,Albarhamtoshy,Senior Engineer
19624,Younwoo,Wolniewicz,Senior Staff
19627,Mountaz,Erdi,Senior Engineer
19629,Stepehn,Matzke,Senior Staff
19631,Rasikan,Haldar,Engineer
19633,Tayeb,Nourani,Senior Engineer
19634,Phuoc,Etalle,Senior Staff
19637,Dipayan,Papastamatiou,Senior Engineer
19639,Sibyl,Terlouw,Senior Staff
19640,Tonny,Francisci,Engineer
19644,Jackson,Isaac,Senior Engineer
19650,Douadi,Ernst,Senior Engineer
19651,Eberhardt,Dratva,Engineer
19653,Gay,Crooks,Technique Leader
19660,Insup,Kadhim,Senior Engineer
19661,Sangeeta,Speckmann,Senior Staff
19663,Sverrir,Navazio,Senior Staff
19665,Khalid,Zielinski,Technique Leader
19666,Sugwoo,Keohane,Engineer
19667,Munenori,Matzel,Senior Staff
19668,Goa,Kolinko,Staff
19669,Shem,Honiden,Senior Staff
19670,Khatoun,Basagni,Senior Staff
19673,Ishfaq,Lorie,Senior Engineer
19674,Mart,Varley,Senior Staff
19675,Isamu,Herath,Senior Staff
19678,Xiping,Plotkin,Senior Engineer
19679,Anoosh,Conia,Senior Engineer
19680,Vojin,Horswill,Technique Leader
19689,Dipankar,Herath,Staff
19690,Arch,Holburn,Engineer
19697,Supot,Thombley,Senior Engineer
19701,Satosi,Raczkowsky,Engineer
19702,Akemi,Pettey,Senior Staff
19704,Maha,Rando,Senior Engineer
19705,Roddy,Casperson,Senior Staff
19706,Phillip,Sichman,Staff
19708,Ortrud,Biros,Staff
19709,Xiaopeng,Asmuth,Senior Engineer
19712,Kristine,Litzler,Senior Staff
19713,Miyeon,Serot,Technique Leader
19719,Brendon,Shokrollahi,Senior Staff
19720,Kwangyoen,Maksimenko,Senior Engineer
19722,Achilleas,Boudaillier,Senior Staff
19723,Xuejun,Magalhaes,Senior Staff
19724,Visit,Hasham,Senior Staff
19725,Yurij,Matzke,Staff
19726,Herb,Syrotiuk,Senior Staff
19728,Candido,Ramsey,Senior Staff
19731,Moriyoshi,Hempstead,Senior Engineer
19737,Harngdar,Cools,Engineer
19738,Giri,Sury,Senior Staff
19741,Alexius,Bauknecht,Senior Engineer
19744,Aleksander,Skafidas,Senior Engineer
19746,Shiv,Zeidenstein,Staff
19749,Gritta,Mitina,Senior Staff
19754,Nectarios,Litecky,Senior Engineer
19755,Stabislas,Angelopoulos,Engineer
19757,Khalil,Azadmanesh,Senior Engineer
19758,Rildo,Birdsall,Senior Engineer
19765,Leaf,Huttel,Staff
19766,Saeed,Munke,Senior Staff
19771,Aral,Katalagarianos,Staff
19772,Mohd,Porenta,Engineer
19776,Kersti,Comellas,Assistant Engineer
19777,Halsur,Ferretti,Senior Staff
19783,Kasturi,Benzmuller,Senior Engineer
19784,Zhenhua,Casley,Senior Staff
19785,Tiina,Bolsens,Staff
19791,Kankanahalli,Azulay,Senior Engineer
19796,Marjo,Peral,Engineer
19801,Xiaopeng,Solovay,Senior Staff
19804,Tamiya,Benzmuller,Staff
19810,Tesuro,Pellegrinelli,Staff
19814,Subhrajyoti,Rosaz,Senior Staff
19815,Lunjin,Morrey,Senior Engineer
19818,Ashish,Ventosa,Assistant Engineer
19822,Zijian,Fiutem,Staff
19826,Fox,Christ,Senior Staff
19828,Dannz,Maliniak,Senior Engineer
19830,Ulises,Cronau,Engineer
19831,Kankanahalli,Begiun,Engineer
19839,Tadahiro,Hempstead,Senior Engineer
19841,Adil,Straney,Staff
19842,Goh,Kirkerud,Engineer
19843,Mohamadou,Peir,Staff
19849,Weicheng,Serre,Staff
19854,Youssef,Orsini,Engineer
19858,Mohua,Zschoche,Senior Staff
19860,Hidefumi,Gerlach,Engineer
19871,Ayonca,Marrakchi,Engineer
19872,Khatoun,Thummel,Staff
19874,Xuejia,Kuzuoka,Senior Staff
19875,Van,Zongker,Engineer
19882,Thanasis,Demri,Senior Staff
19889,Hongzue,Reinhard,Senior Staff
19899,Sedat,Peot,Senior Engineer
19900,Honesty,Luon,Assistant Engineer
19901,Tsvetan,Stasinski,Senior Staff
19904,Mototsugu,Rosenbaum,Engineer
19909,Ronnie,Linares,Senior Staff
19911,Siamak,Fabrizio,Senior Staff
19916,Shuji,Oxman,Senior Staff
19921,Irena,Picci,Engineer
19927,Siamak,Terlouw,Staff
19929,Saniya,Katzenelson,Technique Leader
19931,Satyanarayana,Pettis,Senior Engineer
19933,Taizo,Bharadwaj,Senior Staff
19935,Zorica,Georgakopoulos,Engineer
19936,Terresa,Ohori,Senior Engineer
19940,Reinhard,Einsfeld,Senior Staff
19943,Shimshon,Schoegge,Technique Leader
19944,Arve,Yamaashi,Senior Engineer
19946,Owen,Levasseur,Staff
19948,Venkatesan,Weedon,Engineer
19950,Jaroslava,Kusakari,Senior Engineer
19951,Oksana,Hasenauer,Senior Staff
19954,Fayez,Grandbois,Engineer
19955,IEEE,Conry,Senior Staff
19956,Kasidit,Andreotta,Engineer
19958,Christophe,Boguraev,Senior Staff
19971,Muneo,Lanteri,Staff
19974,Maik,Pouyioutas,Staff
19975,Mabry,Geffroy,Senior Engineer
19979,Nahum,Schwartzbauer,Senior Staff
19982,Khatoun,Baba,Senior Engineer
19983,Izaskun,Hammerschmidt,Senior Engineer
19984,Zhonghui,Taubenfeld,Senior Engineer
19986,Shuzo,Lorin,Engineer
19989,Ung,Androutsos,Technique Leader
19990,Theron,Kenevan,Senior Engineer
19991,Ziva,Desikan,Senior Engineer
19996,Berni,Chinen,Senior Engineer
19999,Jahangir,Speer,Senior Engineer
20002,Jaber,Brender,Staff
20003,Munehiko,Coors,Staff
20004,Radoslaw,Pfau,Senior Staff
20006,Geoff,Birnbaum,Senior Engineer
20008,Hilary,Speel,Senior Engineer
20013,Jaewoo,Lanphier,Senior Engineer
20017,Munir,Rosti,Senior Engineer
20022,Felicidad,Bellone,Engineer
20023,Nahla,Jervis,Senior Engineer
20024,Martine,Kambil,Senior Engineer
20026,Sanjai,Marrevee,Engineer
20032,Cheong,Socorro,Senior Staff
20037,Tse,VanScheik,Senior Engineer
20039,Udo,Harbusch,Senior Staff
20041,Chikara,Lienhardt,Senior Staff
20042,Margareta,Munck,Senior Staff
20043,Chikara,Adachi,Senior Engineer
20048,Moon,Mattern,Engineer
20051,Toshimo,Przulj,Senior Engineer
20055,Hairong,Swiss,Senior Staff
20059,Pranay,Panwar,Technique Leader
20060,Chrisa,Attimonelli,Senior Engineer
20063,Guttorm,Carrere,Senior Staff
20065,Mana,Onuegbe,Staff
20068,Masali,Rouquie,Senior Engineer
20069,Guenter,Huhdanpaa,Senior Staff
20071,Jaideep,Puoti,Engineer
20072,Karsten,Leuchs,Senior Engineer
20075,Mikhail,Oberman,Senior Engineer
20081,Sungwon,Ossenbruggen,Senior Engineer
20083,Subhrajyoti,Merkl,Staff
20086,Richara,Harllee,Senior Engineer
20089,Unal,Merli,Senior Staff
20091,Janalee,Bach,Senior Staff
20093,Nikolaos,Rijckaert,Technique Leader
20105,Sanjit,Kropp,Assistant Engineer
20107,Jinya,Tyugu,Senior Engineer
20111,Vincent,Kilgour,Staff
20117,Yoshimitsu,Hanabata,Senior Engineer
20119,Josyula,Shigei,Technique Leader
20120,Fan,Salinas,Engineer
20121,Oldrich,Bazelow,Staff
20122,Subhankar,Kampfer,Senior Staff
20126,Tayeb,Langford,Staff
20130,Xiaoshan,Picco,Staff
20134,Hirochika,Naumovich,Senior Engineer
20135,Ipke,Akazan,Engineer
20137,Arvin,Munoz,Engineer
20139,Steen,Riefers,Engineer
20140,Georgy,Pews,Engineer
20144,Zhensheng,Radivojevic,Senior Engineer
20147,Zine,Moffat,Engineer
20148,Ibibia,Polupanov,Senior Staff
20151,Yunming,Bednarek,Engineer
20152,Bezalel,Kavvadias,Senior Staff
20153,Teunis,Gomatam,Senior Engineer
20155,Vesna,Barvinok,Senior Engineer
20157,Qiwen,Barvinok,Engineer
20159,Isamu,Valiente,Technique Leader
20161,Arun,Hasham,Senior Staff
20164,Katsuyuki,Coney,Senior Engineer
20166,Heekeun,Serna,Engineer
20169,Gil,Zuberek,Senior Engineer
20170,Emdad,Himler,Senior Staff
20171,Kazuhira,Murtha,Senior Engineer
20174,Froduald,Koshino,Senior Engineer
20180,Martins,Felcyn,Senior Engineer
20181,Thodoros,Wegerle,Staff
20183,Sariel,Roohalamini,Staff
20184,Chenyi,Schoegge,Staff
20186,Jianhua,Narahari,Senior Engineer
20189,Mark,Nanard,Senior Engineer
20194,Kasturi,Prochazka,Staff
20197,Bodo,Braccini,Staff
20201,Navin,Miyakawa,Engineer
20208,Yolla,Turnbull,Engineer
20213,Larisa,Lichtner,Senior Engineer
20215,Bingning,Yoshizawa,Senior Staff
20218,Ioana,Gihr,Senior Engineer
20220,Bedrich,Swen,Senior Engineer
20221,Shietung,Munoz,Senior Engineer
20222,Baziley,Rettelbach,Senior Staff
20223,Kwun,Gelosh,Senior Staff
20239,Tua,Heystek,Staff
20243,Eberhardt,Danner,Senior Engineer
20245,Halsur,Fujisawa,Senior Engineer
20249,Kristen,Moffat,Senior Engineer
20251,Cristinel,Unno,Engineer
20259,Yannik,Bratten,Senior Engineer
20265,Amalendu,Willoner,Senior Engineer
20266,Ekawit,Kakkad,Senior Staff
20269,Conal,Szilard,Technique Leader
20283,Leandro,Litzkow,Senior Engineer
20284,Monique,Parascandalo,Senior Engineer
20305,Gou,Birnbaum,Senior Staff
20310,Mara,Uchoa,Senior Engineer
20316,Kellie,Krybus,Senior Staff
20322,Shmuel,Porotnikoff,Senior Staff
20324,Rajmohan,Vieri,Engineer
20325,Katsuyuki,England,Senior Staff
20327,Doowon,Lyonns,Assistant Engineer
20334,Miquel,Frijda,Technique Leader
20335,Christ,Stavenow,Staff
20336,Magy,Wolniewicz,Engineer
20338,Reinhard,Butner,Staff
20339,Masami,Jumpertz,Senior Engineer
20341,Margo,Pfau,Engineer
20346,Jeong,Antonakopoulos,Senior Engineer
20347,Denny,Janocha,Senior Engineer
20348,Narain,Bressoud,Senior Staff
20350,Shirish,Badache,Engineer
20358,Arve,Peir,Senior Engineer
20361,Syozo,Stenning,Senior Staff
20364,Kazunori,Imataki,Technique Leader
20367,Bernt,Takanami,Senior Engineer
20368,Denis,Samarati,Senior Staff
20369,Zdislav,Georgakopoulos,Technique Leader
20371,Phuoc,Spinelli,Engineer
20373,Alexius,Solares,Senior Engineer
20375,Conor,Birrer,Senior Engineer
20376,Katsuyuki,Doering,Staff
20378,Giao,Schwabacher,Senior Staff
20382,Alois,Marrakchi,Senior Engineer
20385,Zhenbing,Perelgut,Staff
20388,Barton,Zeidenstein,Senior Engineer
20392,Terresa,Sidje,Senior Engineer
20394,Shichao,Adachi,Senior Staff
20395,Uzi,Pardalos,Engineer
20397,Genki,Montemayor,Technique Leader
20401,Gennadi,Schoegge,Staff
20402,Szabolcs,Shrader,Senior Engineer
20403,Rildo,Reinhard,Engineer
20405,JiYoung,Mitina,Senior Engineer
20407,Pranas,Genther,Senior Engineer
20408,Debatosh,Smailagic,Senior Engineer
20416,Oddvar,Swiler,Engineer
20417,Tzvetan,Pell,Engineer
20425,TRUE,Schapiro,Staff
20435,Oguz,Homond,Senior Staff
20436,Rasiah,Kavraki,Senior Staff
20437,Sanjit,Versino,Staff
20438,Fai,Erman,Senior Staff
20439,Danel,Nishimukai,Senior Engineer
20440,Genki,Fabrizio,Senior Engineer
20441,Goh,Sudbeck,Senior Engineer
20442,Jiann,Picht,Senior Engineer
20444,Alair,Henseler,Staff
20449,Hercules,Kakkad,Senior Staff
20450,Abdelwaheb,Binkley,Senior Engineer
20451,Aral,Welham,Senior Engineer
20454,Nidapan,Gunderson,Senior Engineer
20455,Yannis,Schlumberger,Staff
20456,Sigeru,Highland,Engineer
20478,Oksana,Kruskal,Senior Staff
20489,Boguslaw,Garrabrants,Senior Engineer
20490,Soenke,Douceur,Senior Staff
20492,Prodip,Delgrange,Assistant Engineer
20494,Lucien,Pagter,Senior Staff
20498,Suvo,Gini,Senior Engineer
20520,King,Dalphin,Staff
20523,Fay,Haraldson,Staff
20524,Anneke,Snedden,Senior Staff
20528,Dines,Bednarek,Senior Staff
20530,Nevio,Katiyar,Senior Engineer
20533,Zhongwei,Reeken,Senior Engineer
20534,Rosita,Kalloufi,Senior Staff
20535,Arne,Nishimukai,Senior Engineer
20538,Gro,Hebert,Senior Staff
20540,Nahum,Siochi,Senior Engineer
20545,Woody,Chaudhury,Senior Staff
20548,Edwin,Bugrara,Senior Staff
20550,Koichi,Kabayashi,Technique Leader
20552,Baocai,Giarratana,Senior Engineer
20556,Paris,Keohane,Senior Engineer
20558,Toong,Panangaden,Senior Staff
20562,Pranay,Riexinger,Senior Engineer
20563,Taegyun,Baby,Engineer
20573,Wanqing,Leivant,Senior Staff
20579,Shuho,Flowers,Staff
20584,Elgin,Comellas,Senior Engineer
20585,Bernd,Butterworth,Senior Engineer
20586,Akeel,Clouatre,Senior Engineer
20587,Xiaoheng,Niizuma,Engineer
20595,Toshimori,Jeansoulin,Senior Engineer
20601,Dipankar,Duclos,Senior Staff
20602,Martins,Dratva,Engineer
20606,Marjo,Speer,Senior Staff
20621,Arumugam,Navazio,Senior Staff
20624,Xiong,Nanard,Assistant Engineer
20625,Uno,Cusworth,Engineer
20626,Hercules,Varman,Senior Engineer
20627,Martien,Chenney,Engineer
20631,Masaki,Heiserman,Technique Leader
20635,Fumino,Baja,Engineer
20636,Hsiangchu,Collavizza,Senior Staff
20637,Vidya,Sidhu,Staff
20640,Maris,Baba,Senior Engineer
20650,Ramalingam,Rosaz,Engineer
20651,Alexius,Vickson,Senior Engineer
20655,Jaideep,Bridgland,Engineer
20657,Kazuhiko,Kossowski,Staff
20659,Ziva,Orlowski,Staff
20662,Panayotis,Lung,Senior Staff
20666,Shushma,Linares,Senior Engineer
20674,Maria,Avouris,Senior Staff
20675,Gila,Lueh,Senior Engineer
20683,Irena,Daescu,Staff
20684,Randy,Lanphier,Staff
20686,Masasuke,Dahlbom,Senior Engineer
20688,Gian,Garnham,Senior Engineer
20689,Yishay,Schoegge,Senior Engineer
20693,Yefim,Flasterstein,Senior Engineer
20695,Visit,Kriebel,Staff
20699,Garnet,Spell,Senior Engineer
20706,Arvind,Malabarba,Staff
20708,Aemilian,Arlazarov,Senior Staff
20711,Vasiliy,Ebeling,Staff
20713,Dinah,Falco,Technique Leader
20714,Koichi,Strooper,Staff
20715,Premal,Douceur,Engineer
20716,Nikolaos,Basart,Staff
20721,Tru,Iisaku,Staff
20725,Yuichiro,Taubman,Senior Engineer
20728,Billie,Sessa,Senior Staff
20733,Danai,Katalagarianos,Senior Engineer
20736,Arvin,Griswold,Senior Engineer
20738,Oldrich,Oxenboll,Senior Engineer
20739,Dinkar,Casley,Senior Staff
20743,Van,Boudaillier,Senior Engineer
20746,Sigeru,Kobuchi,Senior Engineer
20751,Nitsan,Zyda,Senior Staff
20755,Jungsoon,Szilard,Senior Engineer
20757,Ingemar,Taubman,Senior Engineer
20765,Steve,Viele,Senior Staff
20766,Chenyi,Conry,Senior Engineer
20780,Hercules,Baranowski,Staff
20782,Youngkon,Sidou,Staff
20783,Dipankar,Lunt,Senior Staff
20793,Pranav,Luft,Senior Engineer
20794,Shaz,Rathonyi,Senior Engineer
20798,Cristinel,Schmiedel,Senior Staff
20802,Lansing,Cromarty,Engineer
20804,Toshimori,Lunn,Senior Staff
20805,Sudharsan,Yoshimura,Engineer
20809,Ennio,Kuhnemann,Engineer
20812,Masako,Dengi,Senior Staff
20813,Srinidhi,Sinicrope,Senior Staff
20819,Mary,Ritcey,Staff
20820,Otilia,DeMori,Senior Engineer
20821,Mack,Benzaken,Senior Staff
20822,Georgi,Rullman,Engineer
20828,Brewster,Sewelson,Senior Staff
20831,Stafford,Chachaty,Senior Engineer
20836,Jingling,Alameldin,Senior Staff
20841,Shao,Conia,Senior Engineer
20850,Gonzalo,Delgrange,Senior Staff
20857,Jinxi,Werthner,Senior Staff
20860,Szabolcs,Michaels,Senior Engineer
20868,Dulce,Syrzycki,Senior Engineer
20875,Yinghua,Streng,Staff
20880,Hidefumi,Leaver,Engineer
20881,Duangkaew,Hainaut,Engineer
20883,Dipankar,Kleiser,Staff
20884,Masoud,Gustavson,Senior Engineer
20898,Yonghong,Makinen,Senior Staff
20903,Yagil,Kemmerer,Senior Engineer
20905,Shin,Rodham,Senior Engineer
20914,Udi,Brizzi,Senior Engineer
20915,Maris,Ginesta,Senior Engineer
20920,Dinkar,Dredge,Staff
20923,Menkae,Miara,Senior Staff
20925,Holgard,McFarlin,Senior Engineer
20928,Menkae,Chinin,Senior Engineer
20929,Along,Hebden,Senior Engineer
20930,Shim,Menhardt,Senior Engineer
20945,Mark,Marsiglia,Engineer
20948,Berna,Kadhim,Senior Staff
20949,Herb,Flasterstein,Senior Engineer
20952,Basim,Bonifati,Senior Staff
20957,Kersti,Wiegley,Senior Staff
20958,Ashish,Eiron,Senior Engineer
20960,Yongdong,Melski,Senior Engineer
20964,Clyde,Erez,Staff
20965,Tadanori,Bahl,Senior Engineer
20968,Nimmagadda,Rijsenbrij,Technique Leader
20974,Hisao,Yavatkar,Senior Staff
20979,Pradeep,Kumaresan,Senior Staff
20987,Domenick,Rabejac,Senior Staff
20991,Udo,Bahr,Staff
20994,Leen,Chorvat,Senior Staff
20998,Kasidit,Riexinger,Senior Engineer
21007,Christfried,Junet,Senior Staff
21011,Demin,Zedlitz,Senior Engineer
21012,Heekeun,Eickenmeyer,Senior Engineer
21017,Tetsurou,Baer,Staff
21019,Oksana,Brodie,Staff
21020,Adel,Simmel,Staff
21026,Mayuko,Porenta,Senior Engineer
21027,Niclas,Taubman,Senior Staff
21031,Margo,Melski,Staff
21036,Marsha,Dehkordi,Engineer
21037,Kensei,Casley,Senior Staff
21044,Mack,Rajala,Senior Engineer
21053,Selwyn,Jakobus,Staff
21054,Saeko,Sichman,Senior Engineer
21055,Charlene,Larfeldt,Senior Engineer
21069,Martine,Reeker,Staff
21072,Ayonca,Stanfel,Senior Engineer
21075,Surveyors,Dichev,Senior Engineer
21078,Shaw,Bolotov,Engineer
21079,Vidya,Deville,Staff
21080,Fen,Flasterstein,Staff
21084,Srinidhi,Belinskaya,Senior Engineer
21092,Chikara,Montresor,Senior Engineer
21103,Sven,Cappello,Engineer
21107,Taiji,Speek,Engineer
21109,Lech,Chenoweth,Senior Engineer
21110,Shaowei,Solares,Senior Staff
21112,Kazuhiko,Suermann,Engineer
21127,Ziyad,Coorg,Senior Engineer
21130,Subhada,Manderick,Engineer
21131,Zvonko,Matzen,Senior Engineer
21133,Carrsten,Brizzi,Senior Staff
21134,Kazuhiko,Schach,Senior Engineer
21135,KayLiang,Alpay,Senior Staff
21138,Niteen,Haraldson,Staff
21139,Gianluca,Shackell,Engineer
21143,Mayumi,Hennings,Senior Staff
21147,Ekawit,Demir,Senior Engineer
21154,Aksel,Waleschkowski,Senior Staff
21157,Jouko,Demos,Senior Engineer
21161,Irena,Moffat,Senior Staff
21162,Youjian,Nivat,Engineer
21165,Mingdong,Pfau,Senior Engineer
21171,Emdad,Bressoud,Staff
21173,Marco,Baer,Senior Engineer
21176,Gita,Denny,Senior Engineer
21178,Ymte,Skrikant,Engineer
21186,Arunas,Barinka,Senior Engineer
21189,Christfried,Vitiello,Senior Staff
21192,Sajjad,Krohm,Senior Engineer
21206,Krisda,Walstra,Senior Engineer
21210,Yechiam,Gelosh,Technique Leader
21211,Sasan,Pero,Engineer
21213,Zine,Peha,Engineer
21214,Weiru,Angelov,Engineer
21215,Baoqiu,Sessa,Engineer
21218,Gao,Danner,Assistant Engineer
21229,Vasilis,Collavizza,Senior Engineer
21230,Nirmal,Isard,Senior Engineer
21239,Krister,Chinin,Senior Staff
21251,Fatemeh,Riexinger,Senior Engineer
21255,Jaewon,Baba,Staff
21275,Waiman,Suppi,Senior Staff
21280,Mohamadou,Ozeri,Senior Staff
21285,Domenick,Maierhofer,Senior Staff
21288,Nechama,Wendorf,Senior Engineer
21299,Tamiya,Navazio,Senior Staff
21312,Mani,Bahi,Assistant Engineer
21315,Amstein,Garigliano,Technique Leader
21321,Laurentiu,Raney,Senior Engineer
21336,Satosi,Veccia,Technique Leader
21337,Yefim,Francisci,Engineer
21338,Hitofumi,Besselaar,Engineer
21341,Tayeb,Papadias,Assistant Engineer
21344,Mohammed,Vanwelkenhuysen,Staff
21345,Sanjiv,Gulik,Senior Staff
21347,Francesca,Ghalwash,Senior Staff
21350,Siddarth,Gyimothy,Assistant Engineer
21351,Evgueni,Flowers,Senior Engineer
21355,Sadun,Ligten,Technique Leader
21356,Alain,Ertl,Engineer
21358,Yahiko,Sanella,Senior Staff
21360,Hironoby,Nyrup,Staff
21361,Shooichi,Lally,Senior Staff
21363,Katsuyuki,Theuretzbacher,Senior Engineer
21373,Gonzalo,Awdeh,Engineer
21376,Jingling,Cools,Engineer
21386,Ewing,Taubman,Senior Staff
21387,Kristof,Boyle,Senior Engineer
21389,Bouchung,Frezza,Senior Staff
21391,Zijian,Pagter,Senior Engineer
21396,Shaw,Manderick,Senior Engineer
21401,Uzi,Vakili,Assistant Engineer
21402,Guadalupe,Gecsei,Senior Engineer
21409,Hongzhu,Yoshimura,Senior Staff
21412,Paloma,Brizzi,Staff
21413,Laurentiu,Sherertz,Senior Staff
21414,Xuejia,Khasidashvili,Technique Leader
21420,Xiaopeng,Rothe,Senior Engineer
21421,Avishai,Yoshizawa,Senior Staff
21422,Goo,Rattan,Technique Leader
21423,Tetsushi,Vanwelkenhuysen,Senior Engineer
21425,Tetsurou,Hiyoshi,Staff
21426,Nishit,Zongker,Senior Engineer
21430,Utz,Kaminger,Senior Engineer
21432,Kerhong,Weisert,Senior Staff
21436,Jinpo,Zeidenstein,Engineer
21441,Sangeeta,Serna,Staff
21444,Caolyn,Cronan,Senior Engineer
21449,Masanao,Zweizig,Staff
21450,Shuji,Strehl,Senior Staff
21452,Noritoshi,Velardi,Senior Staff
21454,Zsolt,Pocchiola,Senior Staff
21457,Jeong,Ressouche,Senior Engineer
21458,Yechiam,Kitai,Senior Engineer
21467,Premsyl,Genther,Senior Staff
21468,Bokyung,Stanfel,Senior Staff
21470,Kousuke,Botman,Senior Staff
21472,Yuichiro,Halloran,Engineer
21474,Sanjay,Bierman,Technique Leader
21475,Pintsang,Beetstra,Assistant Engineer
21479,Jeane,Kuszyk,Senior Engineer
21480,Kerryn,Nishimukai,Senior Staff
21491,Goo,Erva,Engineer
21498,Aemilian,Quadeer,Engineer
21502,Uwe,Cooley,Senior Engineer
21505,Etsuo,Delaune,Senior Engineer
21507,Mansur,Benzmuller,Senior Staff
21509,Udo,Rubsam,Senior Staff
21511,Panayotis,Rosiles,Senior Engineer
21512,Pohua,Gornas,Engineer
21518,Minghong,Slaats,Senior Staff
21523,Eldridge,Lores,Senior Engineer
21527,DeForest,Yurov,Senior Engineer
21528,Kristin,Adachi,Senior Staff
21537,Boutros,Mitchem,Staff
21541,Mahendra,Krupka,Senior Staff
21542,Miomir,Sherertz,Senior Staff
21547,Fatemeh,Crooks,Senior Engineer
21548,Maren,Gimbel,Senior Engineer
21549,Cordelia,Magliocco,Senior Engineer
21550,Zhongwei,Driscoll,Staff
21552,Khoa,Masaki,Staff
21555,Uinam,Biron,Senior Engineer
21558,Chrisa,Doering,Senior Staff
21560,Kyoichi,Dechter,Senior Staff
21566,Angel,Demos,Senior Staff
21573,Beshir,Farrar,Senior Staff
21574,Vincent,Rosiles,Staff
21576,Thodoros,Lorin,Senior Engineer
21579,Hideo,Waymire,Engineer
21580,Debatosh,Morton,Engineer
21583,Elliott,Fasbender,Senior Staff
21585,Shalesh,Gelosh,Senior Engineer
21587,Marsha,Cromarty,Senior Staff
21588,Licheng,Masamoto,Staff
21590,Berry,Raoux,Senior Staff
21594,Zhilian,Anick,Staff
21595,Gro,Ginneken,Senior Staff
21597,Masami,Pezzoli,Senior Engineer
21599,Tzvetan,Kaiser,Staff
21607,Jeane,Pleszkun,Senior Engineer
21608,Tristan,Thisen,Engineer
21609,Sibyl,Pappas,Senior Staff
21612,Martial,Bardell,Senior Staff
21613,Miomir,Harnett,Senior Engineer
21615,Shirish,Morrey,Technique Leader
21619,Siamak,Morton,Senior Staff
21626,Goo,Anguita,Senior Engineer
21627,Sigeru,Spell,Senior Staff
21629,Nakhoon,Huxford,Engineer
21632,Suzette,Bernini,Technique Leader
21634,Vojin,Narahara,Senior Staff
21636,Munir,Erde,Senior Staff
21639,Caolyn,Domenig,Senior Engineer
21642,Shaz,Erman,Senior Engineer
21643,Yuuichi,Maksimenko,Senior Engineer
21644,Kasidit,Docker,Assistant Engineer
21646,Gila,Guardalben,Senior Engineer
21648,Mayuko,Fandrianto,Senior Staff
21649,Yuchang,Leivant,Staff
21660,Kwan,Casperson,Senior Engineer
21662,Shahid,Suermann,Senior Engineer
21663,Eberhardt,Serra,Technique Leader
21666,Remzi,Kroon,Engineer
21669,Morrie,Servieres,Senior Staff
21674,Kannan,Naumovich,Technique Leader
21675,Vishu,Genin,Engineer
21677,Zhensheng,Kavvadias,Senior Staff
21683,Jiang,Velasco,Senior Staff
21686,Kinh,Jansch,Engineer
21687,Pranav,Horswill,Engineer
21691,Gift,Kawashima,Senior Engineer
21692,Reinhard,Hitomi,Senior Engineer
21693,Palash,Schurmann,Senior Staff
21694,Jouni,Ohori,Senior Engineer
21697,Billur,Luke,Senior Staff
21704,Xiaobin,Chorvat,Engineer
21705,Aleksandar,Luon,Senior Staff
21707,Piyawadee,Showalter,Senior Engineer
21708,Angel,Lichtner,Senior Engineer
21712,Georgy,Parveen,Engineer
21713,Guther,Boreale,Senior Staff
21715,Shawna,Skrikant,Technique Leader
21725,Hyuncheol,Calkin,Assistant Engineer
21728,Terresa,Dalton,Engineer
21730,Shaowen,Laventhal,Engineer
21732,Goa,Hanabata,Senior Engineer
21736,Richara,Encarnacion,Engineer
21741,Muneo,Raoux,Senior Engineer
21748,Franziska,Poehlman,Senior Engineer
21749,Heekeun,Kavanagh,Assistant Engineer
21750,Padma,Shumilov,Senior Engineer
21751,Uinam,Savasere,Technique Leader
21753,Alenka,Eppinger,Staff
21754,Kenroku,Jonsson,Senior Engineer
21755,Jingling,Hutter,Technique Leader
21758,Susumu,Picht,Senior Staff
21760,Rosalyn,Jenevein,Senior Staff
21767,Supot,Lieblein,Senior Staff
21777,Zsolt,Staylopatis,Senior Staff
21783,Domenick,Qiwen,Senior Engineer
21788,Golgen,Unni,Engineer
21793,Angus,Perng,Staff
21800,Zengping,Massonet,Senior Staff
21803,Mrinalini,Perz,Senior Engineer
21804,Karlis,Scharstein,Senior Staff
21808,Arra,Bharadwaj,Senior Staff
21820,Sanjay,Khasidashvili,Senior Staff
21821,Poornachandra,Schwartzbauer,Engineer
21822,Uma,Sabnani,Senior Staff
21828,Golgen,Schonegge,Staff
21832,Suzette,Vecchio,Senior Staff
21835,Mang,Luck,Senior Engineer
21844,Feipei,Birta,Staff
21846,Otilia,Valiente,Senior Engineer
21848,Atreyi,Zhang,Senior Engineer
21849,Krister,Jenevein,Senior Staff
21851,Falguni,Budinsky,Senior Staff
21852,Masadi,Klerer,Technique Leader
21856,Nitsan,Randi,Engineer
21858,Macha,Dichev,Engineer
21859,Padma,Swen,Senior Engineer
21862,Xiahua,Francisci,Senior Engineer
21867,Goh,Candan,Engineer
21869,Eberhardt,Krone,Senior Staff
21871,Yongmao,Seiwald,Engineer
21876,Jovan,Iisaku,Engineer
21877,Brigham,Biran,Engineer
21886,Ekawit,DiGiano,Senior Engineer
21887,Sachem,Gien,Engineer
21889,Oksana,Falck,Senior Engineer
21890,Kamakshi,Uhrik,Senior Engineer
21893,Erez,Belinskaya,Staff
21894,Marke,Yemenis,Senior Staff
21897,Sampalli,Kavanagh,Senior Staff
21906,Kirk,Uhrik,Senior Engineer
21908,Fen,Parfitt,Senior Engineer
21910,Saeed,Bolsens,Senior Staff
21915,Kitty,Erie,Senior Engineer
21916,Alagu,Dymetman,Senior Engineer
21920,Naftali,Schneeberger,Senior Engineer
21923,Tadahiko,Karnin,Engineer
21926,Boguslaw,Aloisi,Engineer
21932,Shmuel,Grandbois,Senior Engineer
21934,Hercules,Kroft,Senior Staff
21939,Kazuhide,Cangellaris,Senior Engineer
21943,Mong,DeMori,Engineer
21944,Eric,Bresenham,Staff
21947,Taisook,Facello,Senior Engineer
21950,George,Biron,Senior Staff
21953,Bader,Michaels,Staff
21954,Bezalel,Lieblein,Staff
21957,Yechiam,Zallocco,Assistant Engineer
21958,Guther,Barriga,Senior Staff
21959,Gretta,Christ,Engineer
21961,Xuedong,Lovengreen,Engineer
21973,Dulce,Emiris,Senior Engineer
21975,Becky,Tetzlaff,Senior Engineer
21976,Randy,Uhrig,Senior Staff
21978,Nagui,Engberts,Engineer
21980,Gen,Miyakawa,Senior Staff
21984,Martine,Lemarechal,Staff
21985,Nidapan,Broder,Senior Staff
21987,Dipankar,Fontet,Staff
21994,Lech,Babb,Senior Staff
22000,Laurentiu,Chiodo,Technique Leader
22003,Adin,Hinsberger,Engineer
22007,Urs,Magliocco,Engineer
22008,Karlis,Ferretti,Senior Staff
22012,DeForest,Armand,Senior Engineer
22023,Mart,Vidya,Senior Staff
22024,Weidon,Flexer,Senior Engineer
22025,Ugo,Pfau,Senior Staff
22030,Lokesh,Hockney,Senior Staff
22054,Ottavia,Benveniste,Senior Staff
22056,Fumino,Manders,Staff
22059,Spyrose,Rosis,Senior Staff
22063,Van,Kusalik,Assistant Engineer
22066,Nakhoon,Roison,Senior Engineer
22072,Kasturi,Pettit,Senior Engineer
22080,Shahar,Demos,Staff
22081,Constantine,Baar,Senior Engineer
22084,Martine,Lores,Senior Engineer
22095,Breannda,Schlumberger,Senior Staff
22097,Arunas,Dulin,Senior Engineer
22100,Vishwani,Spataro,Senior Staff
22106,Uriel,Halevi,Engineer
22108,Nevio,Zweizig,Senior Engineer
22111,Rasiah,Felcyn,Senior Staff
22112,Yucai,Constantine,Senior Staff
22115,Khosrow,Zhang,Senior Staff
22121,Saeed,Pfau,Staff
22133,Annemarie,Bernardeschi,Senior Staff
22135,Guiseppe,Nyrup,Staff
22136,Naftali,Thiran,Senior Staff
22137,Doohun,Gomatam,Engineer
22138,Gaurav,Anandan,Engineer
22140,Susanne,Reghbati,Senior Staff
22146,Volkmar,Suermann,Technique Leader
22150,Kristina,Zweizig,Senior Staff
22153,Amalendu,Badache,Staff
22154,Yuguang,Cangellaris,Engineer
22165,Alenka,Emiris,Staff
22166,Doowon,Marrevee,Assistant Engineer
22168,Miquel,Kenevan,Senior Staff
22171,Jaideep,Crooks,Staff
22178,Tzvetan,Linnainmaa,Engineer
22179,Rosine,Garnick,Senior Staff
22180,Iara,Luef,Engineer
22182,Kristinn,Ramras,Senior Staff
22183,Licheng,Luca,Staff
22190,Berry,Perna,Technique Leader
22195,Clyde,Egerstedt,Engineer
22196,Aruna,Mukaidono,Senior Engineer
22205,Rafols,Sichman,Senior Staff
22210,Christoph,Pouyioutas,Senior Staff
22212,Hilari,Mungall,Senior Engineer
22213,Shaw,Seuren,Assistant Engineer
22214,Tayeb,Lorho,Technique Leader
22216,Thodoros,Cooley,Assistant Engineer
22222,Isamu,Asrin,Technique Leader
22224,Brendon,Rohrbach,Senior Staff
22226,Bangqing,Vigier,Senior Staff
22228,Mountaz,Gladwell,Engineer
22233,Hyuncheol,Imataki,Staff
22234,Arno,Narwekar,Senior Engineer
22235,Fatemeh,Stellhorn,Staff
22239,Wonhee,Alpin,Senior Engineer
22255,Kristian,Merel,Senior Engineer
22258,Marjo,Mungall,Staff
22260,Shahaf,Danecki,Staff
22263,Xiahua,Claffy,Senior Staff
22265,Yonghong,Claffy,Senior Engineer
22267,Shigeu,Tchuente,Senior Engineer
22269,Berto,Reeken,Senior Staff
22271,Sampalli,Kushnir,Senior Engineer
22274,Baruch,DuCasse,Senior Staff
22276,Tonny,Lorho,Senior Engineer
22280,Mahendra,Pollacia,Senior Engineer
22282,Shaz,Streit,Senior Staff
22284,Pasqua,Slobodova,Senior Engineer
22292,Ekawit,Bernardinello,Senior Staff
22295,Yishay,Basart,Engineer
22296,Leni,Petersohn,Staff
22299,Yunming,Khalid,Senior Staff
22301,Margareta,Sadowsky,Staff
22303,Garnik,Lortz,Senior Engineer
22304,Genki,Serdy,Senior Engineer
22309,Lena,Liedekerke,Engineer
22310,Sahrah,Sinitsyn,Senior Staff
22311,Suzette,Kalsbeek,Assistant Engineer
22315,Jayesh,Joslin,Senior Staff
22325,Susanta,Hebden,Staff
22326,Mani,Skafidas,Senior Staff
22327,Douadi,Berendt,Staff
22328,Tonny,Stroustrup,Technique Leader
22329,Mario,Luga,Senior Engineer
22330,Oksana,Verhaegen,Senior Staff
22331,Gad,Sudkamp,Senior Engineer
22332,Rosine,Hebden,Senior Staff
22337,Leszek,Picci,Senior Staff
22341,Shir,Barvinok,Senior Staff
22344,Uzi,Mateescu,Senior Staff
22352,Zorica,Verhoeff,Assistant Engineer
22355,Naftali,Jiafu,Senior Staff
22367,Terresa,Barinka,Senior Engineer
22370,Aloys,Oxenboll,Staff
22372,Mitchel,Bugrara,Senior Engineer
22374,Soenke,Klassen,Senior Staff
22375,Snehasis,Kulisch,Technique Leader
22378,Tooru,Shumilov,Staff
22381,Uma,Openshaw,Senior Staff
22382,Goh,Rusmann,Senior Engineer
22385,Wuxu,Paludetto,Senior Staff
22391,Conor,Sevcikova,Senior Staff
22394,Katsuo,Ladret,Engineer
22395,Pintsang,Oberman,Senior Engineer
22403,Gianluca,Koyama,Engineer
22405,Gritta,Parveen,Senior Staff
22410,Mori,Saoudi,Technique Leader
22414,Khaled,Stentiford,Senior Engineer
22416,Feiyu,Syrotiuk,Senior Staff
22424,Krister,Engelmann,Engineer
22427,Piyawadee,Krider,Senior Engineer
22429,Franziska,Terekhov,Senior Engineer
22432,Raimond,Sichman,Staff
22437,Xiaoqiu,Orsini,Senior Engineer
22438,Hatsukazu,dAstous,Senior Staff
22440,Odinaldo,Restivo,Senior Staff
22441,Angus,Neiman,Senior Engineer
22443,Mari,Baja,Technique Leader
22445,Kolar,Maraist,Engineer
22449,Shahab,Millington,Senior Engineer
22450,Jackson,Schnelling,Senior Staff
22452,Vugranam,Weiland,Engineer
22453,Ottavia,Pauthner,Staff
22458,Guadalupe,Kleiser,Senior Engineer
22461,Francoise,Xiaoshan,Staff
22462,Lokesh,Anick,Senior Engineer
22466,Stamatina,Menhardt,Engineer
22475,Gay,Kavvadias,Staff
22477,Uwe,Peyn,Senior Engineer
22478,Adin,Luce,Senior Engineer
22480,Boaz,Mikschl,Senior Staff
22481,Mark,Ciolek,Senior Engineer
22482,Perla,Parascandalo,Senior Engineer
22484,Juyoung,Mandelberg,Engineer
22489,Gopalakrishnan,Bressoud,Senior Staff
22491,Behnaam,Kushnir,Staff
22492,Xiaoqiu,Taubenfeld,Staff
22496,Yongqiao,Yavatkar,Senior Engineer
22508,Basem,Lienhardt,Staff
22509,Zejun,Shumilov,Engineer
22511,Sadun,Isard,Engineer
22520,Mokhtar,Ranka,Senior Engineer
22524,Somnath,Streng,Senior Staff
22530,Tetsurou,Bazelow,Senior Staff
22531,Abdulah,Wynblatt,Engineer
22535,Alejandra,Chachaty,Staff
22536,Sukumar,Andreotta,Senior Engineer
22537,Zhonghui,Dolinsky,Staff
22549,Reinhard,Michaels,Senior Staff
22554,Rosine,Koprowski,Senior Staff
22557,Abdulla,Luon,Senior Staff
22561,Gritta,Sevcikova,Senior Staff
22562,Dharmaraja,Atchley,Senior Staff
22564,Jiafu,Sooriamurthi,Senior Staff
22577,Golgen,Murillo,Senior Staff
22582,Munehiko,Redmiles,Senior Engineer
22583,Howell,Thorelli,Technique Leader
22584,Bezalel,Feldhoffer,Engineer
22585,Shirish,Sidje,Staff
22587,Siddarth,Steenbeek,Senior Engineer
22589,Sreekrishna,Teitelbaum,Senior Engineer
22590,Suzette,Veevers,Senior Staff
22592,Herbert,Beutelspacher,Staff
22593,Danae,Jeansoulin,Senior Staff
22596,Slavian,Wegerle,Senior Engineer
22598,Kwun,Basawa,Senior Engineer
22601,Shigenori,Staelin,Senior Staff
22602,Sailaja,Gulik,Engineer
22603,Shaw,Kaiser,Senior Engineer
22606,Valdiodio,Thorensen,Engineer
22608,Douadi,Erie,Technique Leader
22609,Zvonko,Baalen,Staff
22614,Dung,Madeira,Senior Engineer
22616,Jianwen,Suwa,Senior Staff
22617,Uli,Tibblin,Senior Engineer
22619,Munenori,Lorch,Engineer
22620,Terresa,Dusink,Senior Staff
22623,Tommaso,Champarnaud,Senior Engineer
22625,Weicheng,Pleszkun,Senior Engineer
22627,Nishit,Rodiger,Staff
22630,Bedrich,Docker,Engineer
22633,Paloma,Foote,Senior Staff
22634,Chinya,Awdeh,Senior Engineer
22641,Feiyu,Fujisaki,Assistant Engineer
22647,Lihong,Kuszyk,Senior Staff
22649,Reuven,Driscoll,Senior Engineer
22652,Hideo,Otillio,Staff
22663,Bokyung,Fargier,Senior Engineer
22672,Suvo,Brandsma,Technique Leader
22675,Conrado,Kushnir,Senior Engineer
22677,Uri,Lyonns,Staff
22678,Mansur,McClure,Staff
22679,Christophe,Ramaiah,Engineer
22682,Kristina,Ananiadou,Senior Engineer
22683,Tonny,Angiulli,Senior Engineer
22684,Rosine,Rettelbach,Staff
22686,Heather,Boreale,Senior Engineer
22687,Khalil,Piancastelli,Senior Staff
22688,Sham,Ebeling,Senior Staff
22689,Salvador,Maginnis,Engineer
22691,Morris,Bottner,Senior Staff
22693,Emran,Valiente,Senior Staff
22701,Pohua,Frezza,Senior Staff
22702,Faiza,Reeken,Senior Engineer
22703,Gladys,Litecky,Senior Staff
22704,Martien,Levergood,Senior Staff
22707,Sedat,Vuskovic,Senior Engineer
22716,Sreekrishna,Waymire,Engineer
22718,Teiji,Senzako,Staff
22720,Olivera,Gornas,Senior Staff
22722,Chenye,Pietrzykowski,Senior Staff
22725,Pranas,Rabejac,Senior Staff
22726,Steve,Shanbhogue,Senior Staff
22728,Makato,Codenie,Senior Staff
22730,Premal,Basart,Senior Staff
22731,Genevieve,Kranzdorf,Engineer
22732,Shaowen,Perin,Senior Staff
22735,Paddy,Diderrich,Senior Engineer
22740,Koichi,Gelosh,Senior Engineer
22741,Duangkaew,Milicic,Senior Engineer
22744,Berna,Spelt,Senior Engineer
22749,Snehasis,Famili,Senior Engineer
22753,Yoshinari,Khalil,Senior Engineer
22755,Marla,Albarhamtoshy,Senior Staff
22758,Mabry,Rijckaert,Senior Staff
22765,Xuejun,Rusmann,Engineer
22766,Yishay,Jumpertz,Senior Engineer
22769,Yongmin,Varley,Assistant Engineer
22770,Peternela,Lund,Staff
22771,Mabry,Maginnis,Senior Engineer
22772,Sandeepan,McClurg,Senior Staff
22774,Alair,Simmel,Senior Staff
22776,Ekawit,Whitcomb,Senior Staff
22778,Susumu,Bernick,Senior Engineer
22779,Suzette,Katiyar,Senior Engineer
22783,Takahiro,Beerel,Senior Staff
22784,Fumiko,Terlouw,Senior Engineer
22786,Moss,Usdin,Senior Staff
22787,Georgi,Hebert,Senior Engineer
22788,Prasadram,Plumb,Senior Staff
22794,Adib,Schiper,Senior Staff
22798,Bingning,Decaestecker,Senior Staff
22805,Krister,Rajaraman,Engineer
22809,Ziyad,Krupka,Senior Engineer
22810,Lena,Shanbhogue,Engineer
22812,Weiru,Kemmerer,Senior Staff
22815,Xiaoheng,Hettesheimer,Senior Staff
22816,Berto,Greibach,Staff
22817,Xiaopeng,Ebeling,Senior Engineer
22820,Danny,Chandrasekhar,Senior Staff
22824,Christoper,Sidou,Senior Staff
22828,Danil,Itschner,Senior Engineer
22833,Alassane,Plessier,Assistant Engineer
22837,Kwok,Ullian,Engineer
22838,Brendon,Markovitch,Senior Engineer
22843,Kwangyoen,Perna,Senior Staff
22844,Barna,Riesenhuber,Senior Staff
22849,Moon,Solovay,Technique Leader
22854,Trygve,Koblitz,Senior Staff
22855,Shalesh,Thimonier,Technique Leader
22856,Djenana,Beutelspacher,Engineer
22859,Apostol,Hammerschmidt,Senior Engineer
22860,Taizo,Parascandalo,Staff
22861,Susumu,Baja,Senior Engineer
22863,Petter,Denna,Staff
22868,Jinxi,Roisin,Engineer
22871,Kitty,Heijenga,Staff
22873,Ebbe,Ashish,Senior Staff
22878,JoAnna,Tasistro,Senior Engineer
22880,Yongqiao,Orlowski,Senior Engineer
22884,Arto,Terekhov,Senior Staff
22885,Odysseas,Zastre,Senior Engineer
22886,Gudjon,Templeman,Senior Engineer
22887,Arno,Henseler,Senior Engineer
22888,Van,Percebois,Engineer
22889,Edwin,Klassen,Senior Engineer
22894,Muzhong,Casley,Senior Staff
22896,Sachio,Roison,Senior Engineer
22897,Weiru,Heering,Senior Engineer
22903,Saniya,Macedo,Senior Engineer
22904,Irene,Azulay,Engineer
22908,Eran,Bratsberg,Staff
22910,Shawna,Cummings,Staff
22911,Wonhee,Lipner,Senior Engineer
22917,Adas,Pfau,Senior Engineer
22919,Georg,Skogmar,Senior Engineer
22921,Gift,Pfau,Technique Leader
22923,Kristof,Laventhal,Senior Engineer
22924,Ziyad,Leslie,Technique Leader
22927,Aloke,Magliocco,Engineer
22928,Sanjeeva,Angot,Senior Engineer
22931,Boalin,Horswill,Senior Staff
22933,Torsten,Morrow,Staff
22934,Parviz,Plumb,Senior Staff
22935,Toshimo,Foong,Senior Engineer
22937,Shai,Kirkerud,Technique Leader
22940,Shih,Isaac,Senior Engineer
22947,Herbert,Schmiedel,Senior Engineer
22949,Yaghout,Narlikar,Senior Staff
22950,Reinhold,Pintelas,Staff
22952,Hausi,Encarnacion,Senior Staff
22953,Adhemar,Bashian,Senior Staff
22955,Sarita,Taubenfeld,Staff
22956,Shietung,Kuhnemann,Senior Engineer
22959,Kaijung,Beeson,Engineer
22961,Hirochika,Masamoto,Engineer
22962,Nikolaos,Peek,Staff
22966,Mayuko,Heuter,Engineer
22971,Pasqua,Rosin,Senior Staff
22972,Yishai,Rahier,Staff
22973,Jeanne,Conde,Senior Engineer
22977,Pranay,Lunn,Engineer
22985,Ekawit,Champarnaud,Staff
22986,Munenori,Kabayashi,Senior Engineer
22987,Jeanna,Pehl,Senior Engineer
22992,Jahangir,Wissmann,Staff
22994,Atreyi,Gecsei,Senior Staff
22995,Ger,Stanfel,Senior Engineer
22997,Lucien,Wilharm,Senior Engineer
22999,Chiranjit,Erde,Staff
23000,Arfst,Murillo,Senior Staff
23001,Akhilish,Irland,Senior Engineer
23002,Alain,Duclos,Engineer
23004,Denis,Besselaar,Engineer
23007,Hyuckchul,Spell,Engineer
23011,Suzette,Ferretti,Engineer
23012,Guenter,Ghandeharizadeh,Technique Leader
23014,Arunachalam,Duclos,Technique Leader
23015,Elvis,Otillio,Senior Staff
23018,Abdelkader,Polupanov,Senior Engineer
23023,Premsyl,Lenart,Senior Engineer
23025,Sivanarayana,Perin,Staff
23026,Junichi,Lortz,Engineer
23030,Kousuke,Zongker,Engineer
23034,Josyula,Rosca,Engineer
23035,Kwangho,Remmers,Assistant Engineer
23037,Matk,Cooman,Senior Engineer
23040,Sukumar,Genin,Senior Staff
23041,Nechama,Frijda,Senior Engineer
23043,Bikash,Masand,Senior Staff
23047,Goncalo,Leijenhorst,Staff
23049,Zhenbing,Gurbaxani,Engineer
23052,Ayonca,Salinas,Staff
23053,Radhakrishnan,Riefers,Senior Staff
23056,Janche,Schicker,Staff
23060,Shietung,Spelt,Senior Engineer
23061,Yucai,Eiron,Staff
23066,Shuho,Deville,Technique Leader
23068,Eldridge,Brlek,Senior Engineer
23072,Manu,Bierbaum,Senior Engineer
23073,Heng,Giveon,Senior Staff
23076,Makato,Schiper,Staff
23085,Moty,Kisuki,Senior Staff
23086,Nathan,Lemarechal,Engineer
23087,Nectarios,Bernini,Staff
23092,Aris,Brookman,Senior Staff
23094,Kristin,Juneja,Staff
23095,Muneo,Woycyznski,Senior Engineer
23104,Tadanori,Anido,Engineer
23106,Bartek,Marsiglia,Senior Staff
23116,Remko,Kulisch,Technique Leader
23119,Yaghout,Byoun,Senior Staff
23124,Dmitry,Sevcikova,Senior Staff
23126,Weicheng,Gente,Engineer
23128,George,Guting,Engineer
23131,Dhritiman,Cyre,Senior Staff
23136,Narain,Skogmar,Engineer
23138,Pascal,Kaelbling,Engineer
23142,Yannik,Ranka,Senior Staff
23151,Ortrun,Lunt,Senior Engineer
23153,Aemilian,Alblas,Senior Engineer
23157,Siddarth,Llado,Senior Engineer
23159,Atilio,Esposito,Senior Staff
23162,Chinya,Uludag,Engineer
23168,Alejandra,Redmiles,Senior Engineer
23170,Sanjoy,Ghandeharizadeh,Technique Leader
23171,Francoise,Ferretti,Senior Engineer
23172,Kazuhide,Birjandi,Senior Staff
23173,Ashish,Bain,Senior Staff
23178,Barton,Streit,Senior Engineer
23180,Masanao,Renear,Senior Engineer
23184,Barry,Zielinski,Senior Staff
23187,Kwangho,Wossner,Engineer
23195,Mark,Ertl,Senior Staff
23196,Sahrah,Cheshire,Senior Staff
23197,Marjo,Ducloy,Technique Leader
23198,Jayson,Pramanik,Senior Staff
23204,Adib,Lieblein,Senior Staff
23210,Ung,Wynblatt,Staff
23211,Subir,Pehl,Senior Staff
23212,Hilary,Magliocco,Assistant Engineer
23216,Zito,Stassinopoulos,Staff
23217,Elliott,Swiler,Senior Engineer
23220,Christoper,Back,Senior Engineer
23221,Khosrow,Wielonsky,Senior Engineer
23222,Chuanyi,Valiente,Assistant Engineer
23224,Nikolaos,Engelmann,Senior Staff
23225,Xuejia,Burnard,Senior Staff
23230,Xiaoqiang,Fendler,Technique Leader
23231,Eishiro,Puoti,Senior Staff
23238,Ronnie,Cooke,Technique Leader
23243,Dhritiman,Ginneken,Engineer
23245,Toshimitsu,Ruemmler,Engineer
23246,Muneo,Bhattacharjee,Senior Staff
23252,Dzung,Simkin,Senior Engineer
23253,Mokhtar,Wolniewicz,Engineer
23257,Luigi,Halloran,Senior Staff
23269,Aamer,Szmurlo,Senior Engineer
23272,Sungwon,Yurek,Senior Engineer
23274,Ferdinand,Zucker,Technique Leader
23276,Dipankar,Rodiger,Senior Staff
23277,Berthier,Cairo,Senior Engineer
23278,Hein,Morrey,Senior Engineer
23290,Parviz,Papsdorf,Staff
23300,Froduald,Schauser,Senior Staff
23301,Kayoko,Hanabata,Senior Staff
23306,Ziva,Falco,Senior Engineer
23314,Krassimir,Demizu,Senior Staff
23315,Yuichiro,Brendel,Senior Staff
23317,Huican,Worfolk,Staff
23322,Subhankar,Zyda,Senior Staff
23323,Siamak,Alvarado,Senior Engineer
23329,Shawna,Pouyioutas,Engineer
23330,Aloke,Cooley,Senior Engineer
23333,Becky,Nicolson,Senior Engineer
23335,Itzchak,Sooriamurthi,Senior Engineer
23337,Sachar,Brizzi,Senior Engineer
23340,Ulf,Cincotta,Engineer
23342,Xinglin,Berendt,Senior Staff
23343,Weicheng,Fujisaki,Senior Staff
23347,Kwun,Rosaz,Senior Engineer
23350,Muzhong,Bugaenko,Senior Staff
23351,Katsuyuki,Passafiume,Assistant Engineer
23354,Zhilian,Nourani,Technique Leader
23355,Ramalingam,Szilard,Engineer
23357,Kiyomitsu,Zuberek,Engineer
23362,Youjian,Yurek,Senior Staff
23363,Jacqueline,Zeleznik,Senior Staff
23369,Khalil,Zykh,Senior Staff
23370,Morris,Bodoff,Senior Staff
23371,Alassane,Moehrke,Senior Engineer
23374,Samphel,Gecsei,Senior Staff
23384,Branimir,Reinhard,Senior Staff
23385,Gil,Erman,Staff
23395,Dipayan,Serot,Engineer
23398,Georgy,Marwedel,Technique Leader
23403,Charmane,Osgood,Staff
23404,Anneli,Gini,Senior Engineer
23406,Masadi,Masada,Senior Staff
23414,Rosli,Fontan,Senior Engineer
23416,Werner,Kaiser,Staff
23420,Rosli,Gronowski,Senior Engineer
23421,Hironoby,Denti,Staff
23422,Leszek,Huhdanpaa,Senior Engineer
23426,Kristinn,Zhiwei,Staff
23428,Luerbio,Pews,Senior Staff
23430,Dmitri,Pargas,Senior Engineer
23437,Kauko,Rijckaert,Engineer
23441,Sarita,Staudhammer,Senior Engineer
23442,Vesna,Rindone,Engineer
23443,Uzi,Botman,Senior Engineer
23448,Gil,Unno,Senior Engineer
23450,Arve,Falck,Senior Staff
23454,Heejo,Felcyn,Senior Staff
23455,Aemilian,Sethi,Senior Staff
23458,Christ,Kalefeld,Technique Leader
23460,Masato,Steinauer,Assistant Engineer
23466,Chikara,Anandan,Senior Engineer
23467,Breannda,Steenbeek,Senior Staff
23470,Neven,Hutton,Senior Engineer
23475,Douadi,Denny,Staff
23480,Dannz,Busillo,Staff
23481,Naftali,Lieblein,Engineer
23482,Florina,Mateescu,Engineer
23484,Boutros,Lorys,Senior Engineer
23490,Xiaoheng,Zumaque,Senior Engineer
23498,Mari,Bala,Senior Staff
23501,Gully,Keirsey,Senior Engineer
23502,Shahar,Farrow,Engineer
23504,Arumugam,Renear,Senior Staff
23505,Yunming,Muchinsky,Staff
23506,Shiv,Luck,Senior Staff
23507,Chanjung,Hofmeyr,Senior Staff
23511,Amalendu,Gecseg,Senior Engineer
23517,Xiahua,Biron,Assistant Engineer
23520,Shaowen,Gunderson,Staff
23521,Goh,Pappas,Senior Staff
23527,Shiv,Borstler,Technique Leader
23532,Duke,Bardell,Senior Staff
23533,Shimshon,Heemskerk,Senior Engineer
23536,Nagui,Vural,Senior Engineer
23537,Martijn,Jonsson,Staff
23538,Bernardo,Pargaonkar,Technique Leader
23539,Shaw,Farrar,Staff
23542,Shigeichiro,Zolotykh,Staff
23554,Toshiki,Bail,Senior Engineer
23556,Nectarios,Thambidurai,Staff
23557,Wanqing,Vanwelkenhuysen,Senior Staff
23561,Jingling,Zizka,Senior Engineer
23563,Muzhong,Bale,Senior Engineer
23569,Minghong,Rodier,Senior Engineer
23570,Uno,Fasbender,Senior Staff
23573,Hercules,Steinauer,Senior Engineer
23581,Houman,Narlikar,Senior Staff
23583,Wonhee,Fargier,Senior Staff
23584,Shaleah,Genther,Technique Leader
23589,Ziya,Perko,Senior Engineer
23592,Marek,Templeman,Senior Staff
23598,Sashi,Dayana,Senior Engineer
23604,Chinhyun,Foote,Senior Staff
23609,Domenico,Swiss,Senior Staff
23620,Clyde,Reeker,Senior Staff
23626,Bogdan,Vilarrasa,Senior Staff
23627,Uwe,Hatcliff,Senior Staff
23633,Jinpo,Nyrup,Senior Staff
23640,Leucio,Mamelak,Senior Engineer
23642,Kwangjo,Pusterhofer,Engineer
23643,Mariangiola,Ozeri,Senior Staff
23644,Roddy,Tyugu,Senior Staff
23648,Jinxi,Luiz,Senior Staff
23649,Mohamadou,Docker,Senior Engineer
23653,Mabo,Masada,Technique Leader
23656,Xiaoheng,Kawashimo,Senior Staff
23659,Gina,Verhoeff,Senior Engineer
23660,JoAnna,Portugali,Engineer
23662,Falguni,Angel,Senior Staff
23663,Chaosheng,Kitai,Technique Leader
23671,Weiwu,Burnard,Senior Engineer
23676,Sham,Openshaw,Senior Staff
23677,Rafael,Sevcikova,Staff
23678,Saniya,Journel,Senior Engineer
23682,Amabile,Zockler,Engineer
23685,Seongbin,Neiman,Staff
23691,Satoru,Stille,Assistant Engineer
23692,Aris,Merey,Senior Engineer
23694,Ugo,Angel,Senior Staff
23695,Babette,Genin,Senior Staff
23703,Prodip,Thimonier,Senior Staff
23704,Basem,Bahk,Staff
23705,Mokhtar,Wursthorn,Senior Engineer
23707,Yoshimitsu,Ananiadou,Technique Leader
23713,Vasilis,Wrigley,Senior Engineer
23715,Siamak,Czaja,Senior Engineer
23717,Munir,Riefers,Senior Staff
23718,Xiaoqiang,Sanella,Staff
23719,Martina,Butner,Senior Engineer
23720,Shih,Horswill,Senior Engineer
23721,Karlis,Litecky,Engineer
23725,Zita,Gaughan,Staff
23727,Kerryn,Bressoud,Senior Engineer
23733,Barry,Vandervoorde,Senior Engineer
23734,Fabrizio,Lenart,Senior Staff
23738,Lubomir,Luck,Assistant Engineer
23739,Christophe,Katiyar,Senior Staff
23740,Susanne,Kalefeld,Senior Staff
23742,Horward,Parascandalo,Staff
23749,Emdad,Ponthieu,Senior Engineer
23753,Karsten,Isaac,Senior Engineer
23754,Sachin,Lorys,Engineer
23756,Halsur,Nannarelli,Senior Staff
23757,Yaghout,Ozery,Senior Staff
23758,Dinah,Serre,Senior Engineer
23759,Lobel,Trachtenberg,Engineer
23761,Jouni,Menhardt,Staff
23764,Hsiangchu,Cyne,Senior Staff
23765,Suvo,Taubman,Technique Leader
23772,Uriel,Stasinski,Engineer
23775,Kamran,Coorg,Senior Staff
23777,Juichirou,Kilgore,Senior Engineer
23783,Nevio,Swan,Senior Engineer
23784,Aiman,Merli,Technique Leader
23785,Zito,Gihr,Senior Engineer
23786,Cullen,Zastre,Staff
23791,Boguslaw,Pavlopoulou,Senior Staff
23794,Sariel,Xiaoshan,Staff
23795,Mats,Peron,Senior Staff
23797,Torsten,Usery,Senior Staff
23799,Takushi,Crelier,Technique Leader
23800,Mohua,Buescher,Engineer
23811,Ult,Ramras,Senior Engineer
23812,Constantine,Gronowski,Senior Staff
23816,Sanjoy,Dulin,Engineer
23817,Duri,Coorg,Senior Staff
23822,Faiza,Rosar,Senior Engineer
23824,Maris,Porotnikoff,Engineer
23825,Emran,Hiroyama,Engineer
23828,Yonghong,Ecklund,Senior Staff
23834,Bedir,Harllee,Staff
23835,Yoshinari,Hennings,Senior Staff
23840,Thanasis,Polupanov,Engineer
23842,Genevieve,Birdsall,Senior Engineer
23843,Shin,Murtha,Senior Staff
23845,Zvonko,Rosaz,Senior Engineer
23850,Jeong,Erde,Senior Engineer
23855,Toshimo,Terlouw,Senior Staff
23857,Kristen,Frijda,Senior Engineer
23860,Malu,Kumaresan,Senior Staff
23861,Tayeb,Acton,Staff
23862,Guangming,Zaiane,Senior Engineer
23867,Ewing,Babu,Engineer
23868,Trygve,Reistad,Staff
23869,Raimond,Stiles,Engineer
23871,Waiman,Schrift,Staff
23872,Cedric,Ranst,Senior Engineer
23874,Tadahiko,Fujisaki,Staff
23875,Waiman,Encarnacion,Senior Staff
23877,Tesuro,Motley,Senior Staff
23880,Hairong,Angelopoulos,Senior Engineer
23883,Dayanand,Ozery,Technique Leader
23884,Somnath,Restivo,Staff
23887,Shaibal,Fairtlough,Senior Staff
23892,Kousuke,Eterovic,Senior Engineer
23893,Feipei,Milicia,Senior Staff
23899,Anyuan,Muhling,Senior Engineer
23901,Chriss,Maierhofer,Senior Staff
23902,Yinlin,Kowalchuk,Engineer
23904,Atreye,Adachi,Senior Staff
23905,Turgut,Lovengreen,Engineer
23907,Isamu,Dahlbom,Staff
23910,Shahab,Tempesti,Staff
23920,Gererd,Kossowski,Senior Staff
23924,Shakhar,Solovay,Senior Engineer
23926,Juyoung,Schwaller,Senior Engineer
23930,Sreenivas,Frezza,Senior Engineer
23932,Lubomir,Harbusch,Senior Engineer
23938,Nahum,Facello,Senior Engineer
23940,Jingling,Haldar,Senior Engineer
23943,Hyuncheol,Fritzsche,Senior Engineer
23946,Carrsten,Streit,Staff
23951,Sachem,Muchinsky,Senior Engineer
23952,Valdiodio,Oehlmann,Senior Staff
23956,Jongsuk,Maraist,Senior Staff
23957,Luigi,McAlpine,Technique Leader
23960,Qingxiang,Chiola,Senior Staff
23962,Mototsugu,Uhrik,Senior Staff
23963,Goo,Soloway,Senior Engineer
23969,Elgin,Sullins,Senior Engineer
23970,Toshimi,Oehlmann,Senior Staff
23972,Zvonko,Vesna,Senior Staff
23977,Jouko,Boissier,Senior Staff
23980,Lunjin,Camurati,Staff
23989,Christophe,Bouloucos,Senior Engineer
23993,Gian,Ghalwash,Senior Engineer
23995,Fatemeh,Zhang,Staff
23996,Debaprosad,Hasham,Technique Leader
23997,Vatsa,Collavizza,Senior Staff
23998,Amabile,Neimat,Staff
24001,Sachio,Lorys,Senior Staff
24003,Ronnie,Linares,Engineer
24011,Mohammad,Zallocco,Technique Leader
24012,Kauko,Hiltgen,Senior Staff
24015,Baruch,Wixon,Staff
24017,Atreyi,Rikino,Staff
24023,Nikolaus,Turnbull,Engineer
24029,Heekeun,Maksimenko,Senior Staff
24034,Murthy,Validov,Senior Engineer
24038,Siddarth,Laurillard,Senior Engineer
24040,Udi,Meriste,Staff
24041,Macha,Bednarek,Technique Leader
24043,Christoper,Chartres,Senior Staff
24045,Moto,Szmurlo,Senior Staff
24056,Gladys,Shrader,Staff
24059,Kendra,Swab,Senior Engineer
24062,Satosi,Butner,Technique Leader
24064,Boalin,Janocha,Staff
24065,Wonhee,Bennet,Senior Engineer
24067,Zengping,Hebden,Senior Staff
24071,Ibibia,Keustermans,Assistant Engineer
24072,Tianruo,Piveteau,Senior Engineer
24077,Kerhong,Zedlitz,Senior Staff
24078,Sachem,Einsfeld,Staff
24079,Chinya,Raney,Senior Staff
24084,Takahira,Engberts,Senior Engineer
24087,Stafford,Haraldson,Senior Engineer
24088,Parviz,Rouquie,Staff
24093,Peternela,Serdy,Senior Engineer
24094,Domenico,Bael,Technique Leader
24102,Elvis,Thorelli,Staff
24103,Martins,Schaft,Senior Staff
24105,Salvador,Munoz,Engineer
24107,Arvind,Strandh,Senior Staff
24108,Shaz,Kushnir,Engineer
24109,Moon,Szemeredi,Staff
24110,Lucien,Baar,Senior Staff
24111,Kenton,Hambrick,Senior Staff
24112,Atreyi,Ginneken,Senior Engineer
24114,Yuguang,Blokdijk,Senior Staff
24118,Elliott,Monarch,Senior Staff
24120,Luerbio,Badr,Technique Leader
24121,Franziska,Bale,Senior Engineer
24122,Nishit,Berstel,Engineer
24124,Barun,Bridgland,Engineer
24126,Candida,Wallrath,Senior Engineer
24128,Marke,Rabehasaina,Senior Engineer
24132,Otilia,Puoti,Senior Engineer
24133,Prodip,Ramalingam,Senior Staff
24134,Jolita,Murillo,Senior Engineer
24136,Isamu,Henders,Senior Engineer
24140,Basem,Thombley,Senior Engineer
24142,Mahendra,Barvinok,Technique Leader
24143,Frazer,Peek,Senior Engineer
24144,DeForest,Cusworth,Engineer
24147,Tsutomu,Piancastelli,Senior Staff
24153,Lidong,Anger,Senior Staff
24154,Khaled,Hashii,Senior Staff
24156,Bangqing,Willoner,Engineer
24160,Shugo,Kroon,Senior Staff
24166,Niranjan,Chinal,Senior Staff
24169,Baoqiu,Picci,Engineer
24173,Xiaocheng,Peek,Senior Staff
24175,Sungwon,Tramer,Senior Staff
24177,Van,Aumann,Senior Staff
24178,Jouko,Sherertz,Engineer
24179,Moon,Streit,Senior Staff
24180,Jungsoon,Marrevee,Staff
24182,Teunis,Antonisse,Senior Engineer
24183,Muneo,Rousseau,Senior Staff
24186,Bartek,Lalonde,Engineer
24193,Subir,Swab,Senior Engineer
24196,Radhika,Boyle,Engineer
24199,Iara,Bach,Senior Engineer
24204,Arun,Anick,Engineer
24207,Frazer,Rodham,Engineer
24209,Hilary,Msuda,Senior Engineer
24212,Valdiodio,Servieres,Senior Engineer
24213,Valeska,Menhardt,Senior Staff
24214,Sukumar,Ghemri,Senior Engineer
24215,Feipei,Iivonen,Staff
24219,Prasadram,Collavizza,Senior Engineer
24221,Ramachenga,Schrooten,Senior Engineer
24224,Vasilis,Kinley,Senior Engineer
24225,Shugo,Eiter,Senior Staff
24229,Tua,Ellozy,Staff
24231,Along,Sooriamurthi,Senior Staff
24233,Gen,Rosiles,Senior Staff
24245,Xuedong,Andreotta,Engineer
24248,Menkae,Zwicker,Senior Engineer
24250,Hatem,Badache,Engineer
24251,Moto,Mondadori,Senior Staff
24252,Jenwei,Koshino,Senior Staff
24256,Salvador,Clemencon,Engineer
24259,Stein,Lorin,Senior Engineer
24260,Atilio,Brookman,Senior Engineer
24263,Abdulla,Sundgren,Engineer
24264,Chenyi,Eterovic,Senior Staff
24269,Prodip,Peron,Senior Engineer
24272,Adin,Perng,Staff
24280,Shir,Schreiter,Senior Staff
24284,Huan,Tchuente,Senior Engineer
24292,Chaitali,Kakkad,Engineer
24295,Alejandra,Shackell,Staff
24296,Danco,Pfau,Senior Staff
24309,Holgard,Dahlbom,Senior Engineer
24316,Feiyu,Cincotta,Senior Engineer
24325,Marsal,Maliniak,Senior Engineer
24330,Ebru,Piveteau,Engineer
24332,Tadahiro,Varley,Senior Engineer
24334,Zhilian,Brookman,Senior Staff
24335,Renee,Callaway,Senior Staff
24341,Arch,Sevcikova,Senior Staff
24342,Miyeon,Harnett,Engineer
24344,Seongbae,Jumpertz,Senior Staff
24345,Shin,Falby,Senior Staff
24346,Khoa,Reinhard,Senior Engineer
24357,Gretta,Miara,Engineer
24363,Bowen,Biran,Engineer
24364,Erez,Orlowski,Senior Engineer
24369,Yannis,Kugler,Senior Engineer
24371,Bouchung,Middleton,Senior Engineer
24373,Zhonghui,Raney,Senior Staff
24381,Gaurav,Boissier,Senior Staff
24383,Aksel,Erev,Senior Engineer
24384,Zine,Moehrke,Senior Staff
24388,Zhilian,Milicic,Senior Staff
24389,Kenroku,Shimshoni,Senior Engineer
24397,Shaibal,Shimshoni,Senior Staff
24402,Jolita,Itzfeldt,Technique Leader
24408,Foong,Olivero,Staff
24409,Eckart,Puoti,Staff
24423,Seshu,Feinberg,Engineer
24428,Moie,Lunn,Senior Staff
24429,Murthy,Anger,Senior Staff
24431,Mana,Loncour,Senior Staff
24432,Jackson,Vakili,Senior Staff
24433,Manohar,Lally,Engineer
24434,Lein,VanScheik,Senior Engineer
24441,Yagil,Akaboshi,Senior Staff
24442,Arunas,Cesareni,Engineer
24444,Khun,Oaver,Senior Engineer
24446,Adamantios,Camarinopoulos,Staff
24451,Danel,Walston,Senior Staff
24457,Alain,Merkl,Senior Engineer
24459,Masako,Puoti,Senior Engineer
24460,Yinghua,Lanphier,Senior Staff
24462,Chenye,Senzako,Senior Engineer
24465,Conal,Muniz,Staff
24471,Shaibal,Usdin,Senior Staff
24472,Behnaam,Oehlmann,Senior Engineer
24478,Satosi,Slutz,Staff
24482,Franziska,Yurov,Technique Leader
24486,Kerhong,Quaggetto,Senior Staff
24489,Yuuichi,McAffer,Staff
24490,Alois,Dratva,Senior Staff
24496,Pranjal,Merkl,Staff
24497,Jackson,Rando,Senior Engineer
24499,Macha,Frijda,Senior Staff
24503,Anyuan,Kusakari,Senior Engineer
24507,Toshiko,Hinsberger,Engineer
24508,Uzi,Penn,Senior Engineer
24519,Berry,Vasanthakumar,Staff
24522,Shunichi,Hopewell,Senior Staff
24524,Rildo,Krider,Engineer
24525,Ronnie,Gelosh,Senior Engineer
24526,Ayonca,Sudbeck,Technique Leader
24530,Shen,Bhattacharjee,Staff
24533,Shigenori,Erman,Senior Engineer
24534,Berni,Morton,Senior Engineer
24537,Moheb,Weiland,Senior Staff
24546,Tetsushi,Czap,Senior Staff
24552,Hirochika,Haraldson,Engineer
24555,Satoru,Zschoche,Senior Staff
24556,Ziva,Boyle,Senior Staff
24558,Georg,Lammel,Senior Engineer
24559,Armond,Zeleznik,Senior Engineer
24560,Jinya,Delaune,Senior Engineer
24561,Elgin,Openshaw,Senior Staff
24565,Larisa,Koblick,Senior Engineer
24572,Hirochika,Setlzner,Senior Staff
24574,Kirk,Akazan,Senior Engineer
24575,Yurii,Rothe,Engineer
24579,Valdiodio,Sgarro,Engineer
24580,Lillian,Schaar,Technique Leader
24581,Jouni,Roccetti,Staff
24588,Huiqun,Kranzdorf,Senior Staff
24592,Xiaocheng,Brender,Senior Staff
24594,Hugh,Verspoor,Staff
24596,Ayonca,Stranks,Senior Staff
24600,Hirochika,Syang,Technique Leader
24603,Rance,Varman,Senior Engineer
24604,Miquel,Peck,Engineer
24613,Hitofumi,Stifter,Senior Staff
24617,Ramachenga,Cullers,Senior Engineer
24625,Duke,Zirintsis,Senior Staff
24629,Keiichiro,Pelz,Staff
24630,Barun,Montresor,Engineer
24646,Patricia,Takkinen,Senior Staff
24652,Keung,Haddadi,Assistant Engineer
24656,Shirish,Weedon,Engineer
24657,Berna,Silva,Senior Engineer
24661,Michaela,Chleq,Assistant Engineer
24663,Arlette,Masada,Senior Engineer
24666,Leif,Birsak,Senior Staff
24669,Flemming,McFarlin,Engineer
24671,Naraig,Hiltgen,Engineer
24673,Kasturi,Gopalakrishnan,Senior Staff
24678,Rance,Gecsel,Engineer
24680,Garnet,Takkinen,Senior Engineer
24682,Nigel,Ginesta,Staff
24684,Abdelaziz,Junet,Senior Engineer
24687,Bezalel,McDermid,Staff
24688,Sailaja,Docker,Engineer
24690,Eldridge,Ghazalie,Senior Staff
24695,Conal,Michaels,Technique Leader
24696,Ohad,Munoz,Senior Engineer
24698,Aruna,Wixon,Senior Staff
24701,Raimond,Zeleznik,Senior Staff
24705,Luisa,Jervis,Senior Staff
24713,Zhilian,Merey,Senior Engineer
24714,Kasidit,Hellwagner,Senior Engineer
24715,Kerhong,Kamber,Senior Engineer
24717,Cheong,Keirsey,Engineer
24720,Owen,Zirintsis,Engineer
24725,Yechezkel,Openshaw,Senior Staff
24727,Akeno,Gecseg,Engineer
24728,Margo,Trumbly,Senior Engineer
24729,Nevio,Frezza,Staff
24731,Masasuke,Horswill,Staff
24736,Janche,Azevdeo,Senior Engineer
24741,Mara,Bruckman,Senior Staff
24746,Tianruo,Tsukuda,Senior Staff
24748,Tua,Perng,Senior Staff
24751,Aiman,Hainaut,Senior Staff
24752,Fan,Mersereau,Technique Leader
24755,Aran,Borstler,Senior Staff
24762,Ziyad,Merlo,Senior Staff
24763,Martijn,Bolsens,Engineer
24764,Bluma,Rothe,Senior Staff
24766,George,Ishibashi,Senior Engineer
24767,Kiyokazu,Pagter,Senior Staff
24768,Remco,Atrawala,Senior Staff
24770,Evgueni,Cooke,Engineer
24775,Ziyad,Spelt,Senior Staff
24776,Elgin,Fortenbacher,Senior Staff
24781,Yefim,Xiaoshan,Senior Staff
24787,Jinpo,Kaelbling,Engineer
24790,Kiyokazu,Chachaty,Senior Staff
24793,Kristen,Brizzi,Senior Staff
24794,Lokesh,Miara,Engineer
24802,Ingemar,Zwicker,Staff
24805,Eric,Yoshimura,Staff
24811,Sarita,Andreotta,Staff
24813,Dines,Zaumen,Senior Engineer
24815,Kristin,Basagni,Senior Staff
24818,Syozo,McAlpine,Senior Engineer
24822,Fabrizio,Merey,Engineer
24823,Garnet,Walstra,Technique Leader
24829,Dietrich,Wiegley,Senior Engineer
24833,Szabolcs,Thombley,Engineer
24834,Nathalie,Broomell,Staff
24842,Selwyn,Boyle,Senior Staff
24844,Anwar,Jumpertz,Senior Staff
24846,Suvo,Iwayama,Senior Engineer
24848,Shietung,Masada,Engineer
24853,Zhongwei,McClurg,Senior Staff
24854,Sushant,Neiman,Technique Leader
24855,Dung,Lund,Senior Staff
24856,Alagu,Kirkerud,Staff
24859,Maia,Kalorkoti,Senior Engineer
24861,Kiyokazu,Munoz,Staff
24862,Susumu,Muntz,Senior Staff
24867,Odysseas,Ouhyoung,Engineer
24868,Nikolaos,Grospietsch,Technique Leader
24871,Irene,Paludetto,Staff
24872,Oguz,Decaestecker,Senior Staff
24875,Remko,Backhouse,Senior Staff
24876,Almudena,Budinsky,Senior Staff
24877,Roded,Cusworth,Engineer
24879,Subhash,Schaap,Technique Leader
24881,Shin,Sadowsky,Senior Engineer
24882,Isaac,Hanabata,Engineer
24888,Murthy,Felder,Senior Staff
24890,Ebbe,Ramsey,Senior Staff
24891,Sham,Danner,Senior Staff
24896,Gen,McConalogue,Senior Engineer
24900,Zeljko,Vidya,Assistant Engineer
24902,Przemyslawa,Rindone,Senior Engineer
24909,Constantine,Garrabrants,Staff
24910,Bernardo,Pargaonkar,Senior Engineer
24915,Morris,Liedekerke,Senior Engineer
24918,Pascal,Lorin,Senior Engineer
24919,Adam,Angel,Senior Engineer
24925,Gennady,Thebaut,Senior Engineer
24927,Yonghoan,Mapelli,Engineer
24932,Charmane,Erbe,Staff
24934,Carrsten,Bruckman,Senior Engineer
24937,Syozo,Carrera,Senior Engineer
24938,Ulf,Nollmann,Senior Engineer
24939,Shuho,Angot,Senior Engineer
24944,Candida,Servieres,Engineer
24949,Lucien,Kroha,Assistant Engineer
24951,Fayez,Kirkerud,Senior Staff
24953,Tamiya,Camurati,Engineer
24954,Foong,Swick,Senior Engineer
24956,Serap,Pocchiola,Senior Staff
24957,Francoise,Miara,Staff
24963,Cathie,Redmiles,Senior Engineer
24967,Kwok,Birta,Senior Staff
24968,Tadanori,Oskamp,Engineer
24969,Subhrajyoti,Baby,Staff
24972,Anneli,Naumovich,Senior Staff
24973,Dannz,Murillo,Senior Staff
24976,Khun,Vakili,Senior Staff
24980,Fumitaka,Schlegelmilch,Technique Leader
24984,Paddy,Solares,Senior Engineer
24985,Martins,Bottner,Senior Staff
24988,Martijn,Improta,Senior Staff
24991,Ranan,Ossenbruggen,Senior Engineer
24999,Janalee,Thorelli,Staff
25003,Dietrich,Benzmuller,Staff
25004,Youpyo,Schurmann,Senior Engineer
25007,Dipankar,Showalter,Senior Engineer
25016,Danny,Asrin,Senior Engineer
25017,Chaosheng,Gladwell,Staff
25018,Zhigen,Cesareni,Staff
25019,Lech,Kadhim,Senior Engineer
25020,Kazuhiro,Lores,Senior Staff
25022,Zengping,Hiroyama,Staff
25026,Heeju,Nastansky,Engineer
25027,Boalin,Hutton,Senior Engineer
25030,Hideyuki,Reeker,Senior Staff
25033,Kagan,Mellouli,Senior Staff
25034,Odinaldo,Petersohn,Senior Engineer
25035,Ayakannu,Flasterstein,Senior Staff
25036,Zito,Kugler,Senior Staff
25037,Adib,Magliocco,Senior Engineer
25040,Toshimo,Picco,Senior Staff
25042,Steve,Bennis,Senior Engineer
25046,Mart,Cyre,Senior Engineer
25049,Nahla,Valette,Senior Engineer
25050,Jahangir,Fraisse,Senior Engineer
25052,Geraldo,Scharstein,Senior Engineer
25054,Kiam,Quittner,Technique Leader
25055,Prodip,Rahimi,Senior Engineer
25057,TRUE,Standera,Staff
25059,Remko,Haraldson,Senior Engineer
25060,Kristen,Birta,Senior Engineer
25061,Dmitri,Skogmar,Senior Staff
25064,Cordelia,Laventhal,Engineer
25067,Mooi,Pearson,Senior Staff
25070,Morris,Fortenbacher,Senior Engineer
25076,Rayond,Berztiss,Senior Staff
25078,Duro,Stafford,Senior Engineer
25084,Alenka,Jullig,Senior Engineer
25085,Tran,Usery,Senior Staff
25095,Shay,Weedon,Senior Engineer
25097,Adamantios,Picel,Senior Staff
25101,Zdislav,Kamble,Staff
25102,Ramalingam,Bednarek,Senior Engineer
25105,Yongdong,Andreotta,Staff
25106,Ult,Syrotiuk,Senior Staff
25108,Wanqing,Eterovic,Senior Engineer
25112,Muneo,Haraldson,Senior Staff
25113,Abdelaziz,Chelton,Staff
25114,Kyoichi,Bednarek,Staff
25117,Masamitsu,Cichocki,Staff
25118,Weiye,Sethi,Senior Engineer
25119,Lihong,Roison,Engineer
25123,Jacqueline,Auria,Senior Staff
25124,Randy,Grospietsch,Engineer
25125,Jiang,Thebaut,Senior Staff
25127,Wanqing,Ligten,Senior Engineer
25130,Sanjiv,Ishibashi,Senior Staff
25132,Indrajit,Heping,Staff
25138,Guadalupe,Marrakchi,Senior Engineer
25139,Aloke,Jiang,Senior Engineer
25140,Yuichiro,Chachaty,Staff
25144,Shaibal,Stellhorn,Staff
25145,Serge,Ashish,Senior Engineer
25153,Hisao,Byoun,Engineer
25154,Eldridge,Eugenio,Senior Staff
25161,Bokyung,Rosca,Senior Staff
25162,Kazuhiko,Bamford,Senior Engineer
25165,Tayeb,Grabner,Senior Staff
25167,Flemming,Delaune,Senior Engineer
25168,Paloma,Schaap,Engineer
25172,Cristinel,Vieri,Staff
25173,Shuzo,McClure,Engineer
25175,Aimee,Speckmann,Senior Staff
25178,Ziva,Sadowsky,Staff
25181,Suvo,Pleszkun,Senior Engineer
25190,Paris,Khasidashvili,Senior Staff
25194,Xiping,Tasistro,Senior Engineer
25195,Tadahiko,Rothe,Senior Staff
25196,Boriana,Budinsky,Senior Engineer
25203,Narain,Werthner,Senior Engineer
25204,Yefim,Gubsky,Senior Staff
25207,Basil,Broder,Staff
25209,Danny,Radwan,Assistant Engineer
25210,Arumugam,Kumaresan,Senior Engineer
25215,Souichi,Billawala,Technique Leader
25216,Pohua,Ramsak,Staff
25220,Shuho,Mullainathan,Senior Engineer
25222,Weicheng,Ananiadou,Staff
25225,Abdelaziz,Vrecion,Engineer
25226,Martins,Casley,Senior Engineer
25238,Oscar,Merkl,Engineer
25241,Mara,Solares,Engineer
25244,Ayonca,Rosay,Engineer
25246,Val,dAstous,Senior Engineer
25250,Valdiodio,Arlazarov,Assistant Engineer
25254,Matt,Peek,Assistant Engineer
25255,Heng,Erdi,Senior Staff
25261,Hilari,Perez,Senior Engineer
25269,Kazuhiko,Hainaut,Senior Staff
25272,Hironoby,Bala,Engineer
25276,Sachio,Leijenhorst,Staff
25282,Gladys,Papadias,Senior Engineer
25286,Mabo,Aloisi,Engineer
25290,Yannik,Taneja,Senior Engineer
25298,Junsik,Gronowski,Staff
25299,Remzi,Binding,Engineer
25302,Susanna,Minakawa,Technique Leader
25303,Goo,Ligten,Senior Engineer
25305,Kish,Braunmuhl,Senior Staff
25308,Abdelaziz,Mayerwieser,Senior Engineer
25312,Florian,Lenart,Senior Engineer
25313,Susuma,Kroha,Senior Engineer
25314,Hidekazu,Luit,Engineer
25323,Shigeaki,Undy,Senior Engineer
25324,Shounak,Reutenauer,Senior Staff
25327,Mohamadou,Miculan,Senior Engineer
25330,Chuanyi,Biran,Senior Engineer
25335,Etsuo,Itzfeldt,Technique Leader
25337,Toshimo,McClurg,Senior Staff
25339,Brewster,Bale,Senior Engineer
25344,Akhilish,Brlek,Senior Engineer
25350,Boriana,Sommer,Senior Staff
25351,Shimshon,Baca,Technique Leader
25352,Moie,Ranta,Senior Engineer
25354,Moni,Haldar,Engineer
25356,Kristen,Gihr,Staff
25362,Falguni,Ponthieu,Senior Engineer
25363,Ipke,Moehrke,Senior Staff
25364,Wayne,Schoegge,Engineer
25365,Naftali,Solares,Senior Engineer
25366,Macha,Morrow,Assistant Engineer
25370,Jagoda,Puoti,Senior Staff
25371,Goh,Ishibashi,Senior Staff
25372,Thanasis,Peyn,Engineer
25375,Shan,Hettesheimer,Senior Engineer
25376,Nathan,Panienski,Technique Leader
25378,Mountaz,Schnelling,Senior Staff
25379,Eric,Mullainathan,Senior Engineer
25380,Radhika,Menhoudj,Engineer
25388,Constantino,Genther,Senior Staff
25391,Hatsukazu,Billawala,Assistant Engineer
25393,Claudi,Frijda,Staff
25394,Mart,Christ,Senior Engineer
25401,Arunachalam,Francisci,Senior Engineer
25406,Dung,Improta,Senior Staff
25410,Marke,Leijenhorst,Technique Leader
25412,Berna,Rotem,Senior Engineer
25426,Anneli,Gente,Senior Engineer
25429,Sugwoo,Valette,Senior Engineer
25435,DeForest,Milicia,Senior Staff
25440,Khaled,Sadowski,Staff
25453,Otilia,Jullig,Engineer
25462,Vasilii,Rohrbach,Senior Engineer
25468,Koldo,Bugaenko,Staff
25470,Tze,Sifakis,Senior Staff
25471,Guenter,Snyers,Senior Staff
25475,Flemming,Fujisaki,Senior Engineer
25478,Fumitaka,Baranowski,Engineer
25479,Paddy,Tchuente,Senior Engineer
25487,Aleksandar,Picci,Senior Engineer
25491,Annemarie,Rosis,Senior Engineer
25495,Stein,Lakshmanan,Senior Engineer
25497,Mitsuyuki,Varman,Technique Leader
25498,Rimon,Sankaranarayanan,Senior Engineer
25501,Duri,Heemskerk,Senior Engineer
25504,Pramod,Servi,Senior Staff
25512,Kauko,Cairo,Senior Staff
25514,Sushant,Homond,Senior Staff
25520,Sajjad,Rubsam,Senior Engineer
25521,Chanjung,Raney,Senior Engineer
25522,Mohammad,Daescu,Engineer
25531,Zhiwei,Domenig,Senior Staff
25536,Sailaja,Cannata,Engineer
25537,Akeel,Ibel,Senior Staff
25538,Leon,Fritzsche,Technique Leader
25540,Sailaja,Verhoeff,Staff
25541,Mohua,Danley,Senior Engineer
25545,Lihong,Chorvat,Engineer
25546,Charmane,Engelmann,Senior Engineer
25547,Krassimir,Ranum,Technique Leader
25548,Henk,Gluchowski,Senior Staff
25550,Shaz,Haddadi,Senior Engineer
25555,Felicidad,Birke,Engineer
25562,Bernardo,Menhardt,Staff
25563,Eric,Rosca,Staff
25564,Flemming,Sgarro,Senior Staff
25573,Trygve,Bahi,Senior Staff
25576,Izaskun,Piazza,Senior Engineer
25580,Sungwon,Henders,Staff
25581,Michaela,Pileggi,Senior Staff
25583,Fun,Fandrianto,Engineer
25592,Danai,Naudin,Technique Leader
25593,Arto,Osgood,Senior Engineer
25598,Masoud,Pappas,Technique Leader
25599,Masoud,Pillow,Senior Staff
25600,Jinpo,McClurg,Senior Staff
25603,Kwangsub,Desikan,Senior Staff
25611,Stafford,Benaini,Engineer
25613,Volkmar,Nannarelli,Engineer
25614,Danel,Kisuki,Staff
25615,Aria,Strehl,Senior Staff
25621,Shir,Champarnaud,Senior Engineer
25623,Berthier,Falby,Staff
25628,Kagan,Osgood,Staff
25632,Arunachalam,Ramamoorthy,Senior Engineer
25633,Haldon,Azumi,Senior Staff
25636,Atreyi,Billingsley,Senior Staff
25643,Adin,Peak,Staff
25644,Kwangho,Straney,Senior Staff
25645,Adam,Bratten,Staff
25649,Jiafu,Denos,Senior Engineer
25651,Jamaludin,Cappelletti,Senior Staff
25656,Eben,Narwekar,Assistant Engineer
25659,Yishay,Rissland,Senior Staff
25670,Youssef,Chvatal,Senior Engineer
25671,Arunas,Petersohn,Senior Engineer
25673,Ottavia,Azulay,Engineer
25680,Nectarios,Ponthieu,Senior Engineer
25685,Shalesh,Sommer,Senior Staff
25689,Khoa,Soloway,Staff
25690,Ennio,Hedayat,Technique Leader
25692,Lein,Unno,Senior Staff
25697,Hitofumi,Cooke,Technique Leader
25704,Abdelkader,Szmurlo,Senior Staff
25705,Cathie,Iacovou,Senior Engineer
25717,Froduald,Speek,Senior Staff
25720,Moie,Majewski,Senior Engineer
25721,Shrikanth,Feldhoffer,Staff
25724,Mabry,Mitsuhashi,Engineer
25726,Bojan,Lyonns,Senior Staff
25730,Shao,Monarch,Senior Staff
25732,Shounak,Ducloy,Senior Engineer
25733,Conal,Langford,Staff
25738,Yuchang,McClure,Senior Staff
25739,Kshitij,Capobianchi,Engineer
25740,Sergi,Krone,Assistant Engineer
25741,Toshimori,Naumovich,Senior Staff
25746,Arup,Azumi,Engineer
25749,Mara,Rebaine,Senior Staff
25752,Lijie,Sichman,Engineer
25755,Aria,Setiz,Senior Engineer
25761,Hugo,Lundstrom,Senior Staff
25765,Demin,Suermann,Senior Engineer
25771,Sibyl,Passino,Senior Engineer
25772,Greger,Marrevee,Senior Staff
25774,Tzvetan,Sigstam,Senior Engineer
25777,Leucio,Famili,Engineer
25780,Zvonko,Bernick,Senior Staff
25787,Guadalupe,Tempesti,Engineer
25790,Suebskul,Plump,Senior Engineer
25794,Ymte,Prenel,Senior Engineer
25795,Claudi,Erie,Senior Staff
25797,Morrie,Nooteboom,Engineer
25801,Genta,Trogemann,Senior Staff
25802,Jovan,Wissmann,Staff
25804,Krisda,Vesna,Senior Staff
25806,Olivera,Rabehasaina,Senior Engineer
25811,Fen,Ranze,Senior Engineer
25816,Jenwei,Ertl,Staff
25820,Cordelia,Pelz,Senior Staff
25822,Erzsebet,Chorvat,Engineer
25828,Selwyn,Perly,Senior Staff
25830,Janalee,Janocha,Senior Staff
25835,Maria,Poehlman,Senior Staff
25839,Ewing,Simkin,Senior Staff
25841,Shahab,Ernst,Senior Staff
25850,Alagu,Birsak,Technique Leader
25854,Ebru,Tsunoo,Senior Staff
25858,Tzu,Hitomi,Engineer
25859,Subhrajyoti,Vasanthakumar,Senior Engineer
25862,Khaled,Tasistro,Senior Engineer
25864,Tran,Slobodova,Assistant Engineer
25865,Sreekrishna,Schaap,Technique Leader
25866,Tadanori,Nannarelli,Technique Leader
25867,Mamdouh,Ernst,Senior Staff
25873,Yakichi,Codenie,Senior Engineer
25874,Eirik,Demos,Engineer
25876,Fun,Crelier,Senior Engineer
25880,Zhanqiu,Pintelas,Senior Engineer
25882,Aleksander,Pellegrinelli,Senior Staff
25885,Takanari,Zockler,Staff
25906,Bokyung,Gulak,Senior Engineer
25908,Sachio,Nations,Staff
25909,Mabry,Fendler,Senior Engineer
25916,Randy,Krogh,Senior Staff
25917,Golgen,Docker,Senior Engineer
25918,Yoshimitsu,Iisaka,Senior Engineer
25920,Dzung,Peir,Senior Engineer
25935,Berhard,Parascandalo,Senior Staff
25936,Siddarth,Ecklund,Senior Staff
25937,Angus,Bodoff,Senior Engineer
25938,Jeong,Kaminger,Staff
25939,Shen,Setiz,Senior Staff
25952,Zito,Kalloufi,Engineer
25957,Haldon,Kossowski,Engineer
25963,Jiakeng,Fandrianto,Senior Staff
25972,Demos,Escriba,Technique Leader
25979,Monique,Yemenis,Senior Engineer
25980,Otilia,Vanwelkenhuysen,Senior Staff
25985,Rafols,Trachtenberg,Senior Staff
25990,Suzette,Kroll,Senior Staff
25992,Divier,Bugrara,Senior Staff
25993,Kazuhiro,Luft,Senior Staff
26002,Vasiliy,Rusterholz,Senior Staff
26005,Ohad,Vidya,Senior Engineer
26006,Subhash,Riexinger,Senior Staff
26008,Sariel,Uehara,Staff
26011,Yahiko,Perly,Senior Engineer
26012,Eric,Marwedel,Senior Engineer
26013,Martijn,Malabarba,Engineer
26017,Filipe,Pauthner,Staff
26019,Mingzeng,Bahi,Senior Engineer
26020,Deborah,Moffat,Senior Staff
26022,Thanasis,Wrigley,Engineer
26027,Conal,Hellwagner,Senior Engineer
26037,Radhika,Gadepally,Engineer
26039,Kousuke,Bahi,Engineer
26041,Shin,Nollmann,Senior Engineer
26043,Ortrun,Zielinski,Senior Staff
26053,Heekeun,Szmurlo,Senior Staff
26056,Zissis,Spell,Engineer
26064,Changho,Wallrath,Senior Staff
26066,Brigham,Eiter,Staff
26074,Lijie,Etalle,Senior Engineer
26079,Wojceich,Mayerwieser,Engineer
26084,Bodo,Kalorkoti,Senior Staff
26086,Turgut,Beutelspacher,Senior Staff
26087,Toney,Peng,Staff
26088,Theron,Woycyznski,Senior Staff
26089,Theron,Heemskerk,Senior Staff
26093,Abdelwaheb,Maierhofer,Technique Leader
26102,Mechthild,Eldridge,Senior Engineer
26104,Khedija,Pileggi,Engineer
26106,Fumiya,Halevi,Staff
26110,Lorien,Veevers,Senior Staff
26111,Tru,Spataro,Staff
26112,Zhiguo,Sadowski,Senior Engineer
26113,Larisa,Brandsma,Staff
26114,Somnath,Taneja,Engineer
26119,Akeno,Vesna,Senior Engineer
26120,Xianlong,Marletta,Senior Engineer
26121,Ipke,Krichel,Senior Engineer
26122,Jovan,Rebaine,Technique Leader
26126,Gal,Candan,Senior Engineer
26131,Manu,Rahimi,Senior Engineer
26134,Vishwani,McFarlin,Engineer
26137,Lokesh,Gelosh,Senior Engineer
26140,Phule,Stemann,Senior Engineer
26143,Rosine,Miyakawa,Staff
26144,Kamakshi,Khasidashvili,Senior Engineer
26148,Charmane,Alameldin,Senior Engineer
26153,Reuven,Bernini,Senior Engineer
26162,Yechiam,Grospietsch,Senior Engineer
26168,Frazer,Koblitz,Staff
26169,Boalin,Luca,Senior Engineer
26172,Sedat,Bahr,Senior Staff
26178,Zissis,Gladwell,Senior Engineer
26179,Jianwen,Makrucki,Engineer
26180,Serenella,Feinberg,Senior Engineer
26185,Pramod,Dulin,Senior Staff
26188,Karlis,Hartvigsen,Senior Staff
26190,Akeel,Heuter,Staff
26191,Maya,Butterworth,Engineer
26192,Geoffry,Tetzlaff,Senior Engineer
26194,Anwar,Spinelli,Senior Staff
26197,Lein,Oppitz,Senior Staff
26202,Akeno,Ginneken,Engineer
26205,Jingling,Redmiles,Staff
26208,Clyde,Wallrath,Staff
26221,Ashish,Straney,Senior Staff
26226,Kenton,Alpin,Staff
26231,Rimon,Marciano,Senior Engineer
26232,Rosli,Slutz,Senior Engineer
26235,Jianhui,Gunderson,Senior Staff
26236,Baruch,Hasham,Engineer
26237,Ewing,Angot,Senior Engineer
26248,Takanari,Junet,Technique Leader
26252,Haldun,Flowers,Senior Staff
26253,Gopalakrishnan,Alblas,Staff
26254,Yuichiro,Rousseau,Senior Engineer
26256,Faiza,Michaels,Senior Staff
26257,Muneo,Strehl,Senior Engineer
26259,Ortrun,Vidya,Engineer
26261,Randy,Luks,Assistant Engineer
26264,Sachio,Speckmann,Senior Staff
26268,Jeong,Halevi,Engineer
26271,Yonghoan,Crabtree,Senior Staff
26272,Zorica,Marakhovsky,Senior Engineer
26276,Sigeru,Narlikar,Senior Staff
26277,Rasikan,Fetvedt,Engineer
26279,Moty,Tyugu,Technique Leader
26283,Abdulla,Feldmann,Senior Engineer
26284,Paraskevi,Begiun,Engineer
26285,Divine,Lupu,Senior Engineer
26286,Sajjan,Luders,Engineer
26289,Baoqiu,Michaels,Senior Engineer
26300,Marin,Gomatam,Senior Engineer
26303,Vidar,Paludetto,Senior Staff
26306,Aloys,Motley,Staff
26313,Guoxiang,Perri,Senior Engineer
26315,Adil,Schnabel,Senior Staff
26317,Valdiodio,Weedman,Senior Staff
26321,Elgin,Busillo,Engineer
26333,Heather,Conta,Engineer
26338,Godehard,Cangellaris,Staff
26340,Pradeep,Bahl,Senior Engineer
26344,Duke,Sabnani,Senior Staff
26353,Avishai,Alameldin,Engineer
26356,Marin,Gubsky,Engineer
26359,Jagoda,Covnot,Senior Engineer
26360,Rimon,Akiyama,Engineer
26362,Aiichiro,Prampolini,Technique Leader
26367,JoAnne,Matzen,Senior Staff
26369,Kiyotoshi,Sewelson,Senior Engineer
26373,Brewster,Bottner,Engineer
26378,Huiqun,Streng,Senior Engineer
26379,Falguni,Hutton,Senior Engineer
26384,Macha,Picci,Senior Staff
26385,Brigham,Peral,Senior Engineer
26391,Baoqiu,Kermarrec,Senior Staff
26392,Bingning,Sinitsyn,Staff
26396,Jinxi,Bresenham,Engineer
26398,Fay,Flowers,Senior Staff
26402,Nathan,Pietracaprina,Senior Engineer
26408,Luisa,Khasidashvili,Senior Staff
26413,Marsal,Perng,Senior Staff
26414,Christoph,Thummel,Senior Staff
26420,Sariel,Bruckman,Senior Engineer
26425,Bojan,Back,Technique Leader
26428,Foong,Delgrossi,Engineer
26429,Dipayan,Brizzi,Senior Engineer
26432,Honesty,Krichel,Staff
26441,Tesuya,Halloran,Senior Engineer
26442,Mingsen,Cromarty,Senior Engineer
26443,Tokuyasu,Vilarrasa,Senior Staff
26444,Yoshimitsu,Heuter,Engineer
26445,Qunsheng,Hiraishi,Engineer
26446,Somnath,Kitsuregawa,Senior Staff
26447,Zhiguo,Oskamp,Senior Engineer
26455,Gaetan,Luga,Senior Staff
26460,Shih,Camurati,Engineer
26462,Zijian,Viele,Technique Leader
26463,Vugranam,Coorg,Senior Staff
26470,Toshimi,Danley,Senior Engineer
26474,Angel,Peng,Senior Engineer
26483,Shunichi,Manders,Technique Leader
26486,Taegyun,Simkin,Senior Engineer
26488,Zdislav,Perly,Senior Staff
26491,Rimon,Osgood,Staff
26502,Bader,Maccarone,Engineer
26504,Chiranjit,Segond,Senior Staff
26506,Mabry,Cangellaris,Senior Staff
26508,Divier,Sambasivam,Senior Engineer
26510,Prasadram,Boreale,Technique Leader
26512,Moto,Kusakari,Staff
26517,JiYoung,Shimshoni,Senior Staff
26518,Danae,Etalle,Senior Engineer
26526,Masasuke,Gils,Staff
26529,Fuqing,Taubman,Technique Leader
26538,Mizuhito,Azuma,Senior Engineer
26543,Zhonghua,Koyama,Technique Leader
26547,Temple,Eldridge,Senior Engineer
26548,Susanta,Perly,Technique Leader
26552,Mitsuyuki,Demir,Engineer
26553,Kellie,Kaelbling,Engineer
26557,Subhash,Shokrollahi,Engineer
26559,Ewing,Ligten,Senior Staff
26562,Serif,Loncour,Engineer
26569,Zvonko,Penttonen,Senior Engineer
26576,Adly,Suomi,Senior Staff
26584,Adas,Mitsuhashi,Senior Engineer
26585,Stella,Rettelbach,Senior Staff
26590,Adhemar,Beilner,Staff
26596,Akhilish,Validov,Senior Staff
26598,Falguni,Birsak,Senior Staff
26599,Katsuo,Armand,Senior Engineer
26603,Douadi,Einsfeld,Senior Engineer
26605,Michaela,Taubman,Engineer
26607,Guozhong,Vidya,Senior Engineer
26609,Yongmin,Badr,Senior Staff
26623,Berni,Barbanera,Senior Staff
26624,Nathan,Fiutem,Engineer
26630,Aria,Kowalchuk,Senior Engineer
26638,Basem,Hutton,Senior Engineer
26639,Guadalupe,Weiland,Senior Staff
26643,Randi,Paludetto,Senior Engineer
26644,Mayuri,Andreotta,Senior Staff
26646,Ottavia,Muhling,Senior Staff
26652,KayLiang,Litzler,Technique Leader
26654,Ult,Poujol,Senior Staff
26660,Zhenbing,Luef,Senior Engineer
26661,Kazunori,Borstler,Senior Staff
26667,Moon,Schrift,Senior Engineer
26668,Berhard,Bahk,Senior Staff
26680,Sudhanshu,Stanfel,Senior Staff
26682,Yucai,Baezner,Senior Staff
26683,Kayoko,Covnot,Senior Engineer
26684,Yaghout,Hashii,Staff
26692,Taisook,Cools,Engineer
26695,Dante,Range,Assistant Engineer
26697,Nathalie,Openshaw,Senior Engineer
26708,Masoud,Zykh,Senior Staff
26709,Narain,Marchegay,Senior Staff
26711,Takahiro,McClurg,Senior Staff
26714,Sadun,Pelc,Senior Engineer
26715,Dhritiman,Baby,Engineer
26721,Geraldo,Bakhtari,Engineer
26729,Pantung,Smeets,Senior Engineer
26730,Chirstian,Oskamp,Engineer
26733,Kauko,Yetto,Senior Engineer
26736,Shaz,Acton,Engineer
26741,Georg,Hasham,Technique Leader
26747,Macha,McDermid,Technique Leader
26750,Baziley,Denis,Senior Staff
26751,Demin,Mersereau,Staff
26752,Deniz,Zockler,Senior Engineer
26753,Boalin,Decaestecker,Senior Staff
26754,Lucien,Kowalchuk,Assistant Engineer
26761,Jinya,Pleszkun,Senior Staff
26763,Tuval,Dusink,Engineer
26765,Ottavia,Cichocki,Senior Staff
26767,Ayonca,Murtafg,Senior Engineer
26769,Jinxi,Conti,Senior Staff
26770,Ibibia,Ghelli,Senior Engineer
26771,Niteen,Parascandalo,Senior Staff
26773,Marla,Lipner,Senior Staff
26775,Emdad,Nollmann,Senior Staff
26777,Zhonghui,Polupanov,Staff
26778,Zeljko,Scharstein,Staff
26789,Badri,Danley,Senior Engineer
26792,Khatoun,Matzov,Engineer
26795,Jayesh,Grospietsch,Engineer
26797,Karlis,Jording,Senior Staff
26800,Theirry,Majewski,Staff
26806,Wonhee,Uhrig,Staff
26808,Jeanne,DuCasse,Senior Staff
26809,Bodo,Tramer,Senior Engineer
26811,Prodip,Farrow,Senior Staff
26812,Licheng,Noriega,Senior Engineer
26813,Khoa,Piveteau,Senior Staff
26819,Maria,Picaronny,Engineer
26827,Elvia,Roisin,Engineer
26828,Maha,Haddadi,Senior Engineer
26829,Becky,McAlpine,Technique Leader
26831,Yucel,Pagter,Senior Engineer
26833,Hirochika,Gustavson,Senior Staff
26835,Mong,Sethi,Engineer
26836,Alassane,Hofstetter,Senior Staff
26842,Youssef,Renear,Senior Staff
26846,Ewing,Chinal,Senior Engineer
26848,Boalin,Pollacia,Engineer
26849,Zhensheng,Murillo,Senior Staff
26854,Ronnie,Marsiglia,Engineer
26856,Kazuhiko,Cooke,Senior Engineer
26859,Jaana,Fadgyas,Senior Staff
26862,Sadegh,Hebert,Engineer
26863,Badri,Shinomoto,Senior Staff
26865,Qiwen,Ventosa,Senior Engineer
26869,Jasminko,Vecchio,Senior Engineer
26871,Marco,Perry,Technique Leader
26873,Khue,Lienhardt,Senior Staff
26875,Toshiko,Thombley,Senior Engineer
26881,Jiafu,Petersohn,Staff
26886,Ung,Rikino,Senior Staff
26889,Ipke,Matheson,Senior Engineer
26892,Brigham,Luan,Senior Engineer
26893,Berni,Perelgut,Senior Engineer
26896,Salvador,Argence,Senior Staff
26902,Reinhold,Welham,Senior Staff
26903,Xumin,Tischendorf,Senior Engineer
26905,Fatemeh,Markovitch,Senior Staff
26906,Conor,Koyama,Senior Staff
26911,Ramya,Bottner,Senior Engineer
26914,Xuejun,Ramsay,Staff
26916,Constantino,Asmuth,Senior Engineer
26921,Shin,Worfolk,Senior Staff
26928,Heng,Jeong,Technique Leader
26929,Somnath,Hinsberger,Senior Engineer
26932,Vishwani,Geffroy,Staff
26935,Moti,Przulj,Senior Engineer
26944,Suebskul,Perri,Staff
26946,Aleksander,Wendorf,Senior Staff
26947,Pranav,Gini,Engineer
26949,Moheb,Demeyer,Senior Staff
26952,Nevin,Maccarone,Technique Leader
26955,Elvis,Tanemo,Senior Engineer
26957,Atreyi,Baca,Senior Staff
26958,Juichirou,Raoux,Senior Engineer
26960,Zhenbing,Delgrossi,Senior Engineer
26963,Oddvar,Rothe,Engineer
26971,Zeljko,Ginneken,Senior Staff
26976,Muzhong,Sommen,Senior Staff
26985,Kensyu,Bierman,Staff
26986,Arvin,Thimonier,Engineer
26990,Ranga,Gihr,Senior Staff
26993,Paloma,Dechter,Senior Engineer
26995,Sumali,Gyimothy,Senior Staff
26996,Toshiko,Rodier,Staff
26999,Snehasis,Worfolk,Senior Engineer
27001,Mohan,Narahara,Senior Staff
27002,Guozhong,Zielinski,Senior Staff
27004,Yunming,Greenaway,Senior Staff
27007,Chinho,Stentiford,Engineer
27008,Turgut,Gluchowski,Senior Engineer
27009,Yakichi,Oehlmann,Technique Leader
27010,Hairong,Lambe,Staff
27013,Matk,Frijda,Engineer
27015,Dines,Larfeldt,Staff
27023,Jinpo,Falster,Engineer
27024,Zijian,Bennis,Senior Staff
27030,Tua,Makinen,Senior Staff
27031,Kensyu,Ramsey,Engineer
27037,Gino,Staudhammer,Staff
27039,Henk,Sullins,Senior Staff
27043,Roddy,Marciano,Staff
27044,Chuanyi,Zaiane,Senior Engineer
27045,Teruyuki,Merks,Senior Engineer
27047,Torsten,Hartvigsen,Senior Engineer
27054,Jongsuk,Cannata,Engineer
27055,Yaghout,Dulay,Senior Staff
27056,Leen,Hiyoshi,Staff
27059,Arumugam,Atrawala,Staff
27065,Roded,Eugenio,Senior Engineer
27068,Fumiya,Hmelo,Staff
27069,Deborah,Ghelli,Engineer
27073,Ung,Georg,Staff
27075,Troy,Picht,Engineer
27096,Rayond,Tyugu,Senior Engineer
27104,Shietung,Tchuente,Engineer
27107,Lansing,Murtha,Senior Engineer
27109,Mary,Lanzelotte,Senior Staff
27112,Yechezkel,Anily,Senior Engineer
27117,Shirish,Eugenio,Senior Engineer
27118,Anestis,Azadmanesh,Senior Engineer
27128,Owen,Openshaw,Senior Engineer
27130,Kazuhira,Rathonyi,Senior Engineer
27135,Berthier,Vecchi,Staff
27138,Shichao,Taubman,Senior Staff
27146,Serap,Yeung,Staff
27154,Jinxi,Gaughan,Senior Staff
27157,Arnould,Eppinger,Staff
27159,Ipke,Litzkow,Senior Staff
27166,Rosita,Schaaf,Senior Engineer
27168,Hideo,Simkin,Senior Engineer
27169,Yucai,Merel,Senior Staff
27171,Hinrich,Schaft,Senior Engineer
27172,Bader,Munck,Senior Staff
27177,Shahaf,Vickson,Senior Engineer
27179,Doohun,Baaz,Senior Staff
27182,Saeko,Marakhovsky,Senior Staff
27187,Hercules,Slobodova,Engineer
27190,IEEE,Parhami,Engineer
27193,Dulce,Nivat,Technique Leader
27202,Takanari,Rouquie,Senior Engineer
27203,Conal,Aloia,Senior Engineer
27205,Susanta,Malinowski,Technique Leader
27214,Vishv,Coorg,Senior Engineer
27219,Lena,Snedden,Senior Staff
27221,Syozo,Rosar,Senior Staff
27223,Noritoshi,Delgrossi,Senior Staff
27230,Lokesh,Remmele,Engineer
27236,Kotesh,Wegerle,Staff
27238,Jiakeng,Feinberg,Senior Engineer
27240,Manu,Leppanen,Senior Engineer
27241,Mayuri,Erez,Senior Staff
27243,Fumiya,Garigliano,Staff
27244,Karlis,Segond,Senior Staff
27249,Martins,Kushnir,Senior Staff
27252,Basil,Terlouw,Senior Engineer
27253,Toshimi,Kragelund,Staff
27254,Trygve,Sewelson,Senior Engineer
27255,Yannis,Kropf,Staff
27259,Michaela,Lipner,Staff
27263,Ziva,Brender,Senior Staff
27264,Barry,Valiente,Staff
27267,Yonghoan,Ruemmler,Technique Leader
27272,Kwan,Genin,Staff
27273,Alassane,Jeong,Technique Leader
27276,Adin,Scallan,Assistant Engineer
27278,Fatemeh,Schapiro,Senior Engineer
27281,Leaf,Bahi,Senior Engineer
27282,Xiaobin,Bahi,Senior Staff
27288,Chinho,Luck,Senior Engineer
27295,Marc,Orlowska,Senior Engineer
27298,Stepehn,Loncour,Senior Engineer
27301,Bowen,Casperson,Senior Staff
27308,Uma,Ozeri,Engineer
27310,Sigeru,Francisci,Senior Staff
27311,Gil,Schnabel,Engineer
27312,Heeju,Kornyak,Senior Engineer
27317,Kristian,Kornyak,Senior Staff
27318,Demin,Rosaz,Senior Engineer
27319,Adin,Bashian,Senior Staff
27322,Ramzi,Binding,Senior Staff
27324,Sven,Merro,Senior Engineer
27325,Kauko,Baer,Senior Engineer
27330,Cedric,Lowrie,Engineer
27332,Charmane,Merey,Senior Engineer
27337,Mads,Undy,Engineer
27339,Mohammad,Katalagarianos,Senior Engineer
27340,Remzi,Rahimi,Technique Leader
27342,Goo,Schade,Senior Staff
27348,Candido,Hellwagner,Senior Engineer
27350,Saniya,Kakkar,Technique Leader
27357,Tsvetan,Schmiedel,Senior Engineer
27358,Shir,Bashian,Engineer
27361,Jianhua,Munch,Staff
27364,Vojin,Sooriamurthi,Engineer
27365,Mang,Morris,Senior Staff
27367,Mokhtar,Junet,Senior Engineer
27368,Dipayan,Keustermans,Senior Staff
27369,Cedric,Chinen,Senior Staff
27373,Jiafu,Varman,Senior Engineer
27374,Sham,Brattka,Senior Staff
27377,Mara,Gils,Senior Engineer
27380,Shalesh,Merro,Staff
27381,Eirik,Ambroszkiewicz,Senior Engineer
27383,Christfried,Demri,Senior Engineer
27388,Armond,Yemenis,Senior Engineer
27393,Satoru,Casperson,Senior Engineer
27396,Brendon,Zykh,Senior Engineer
27397,Bojan,Pepe,Staff
27398,Wayne,Shimshoni,Assistant Engineer
27403,Mamdouh,Hiroyama,Senior Engineer
27410,Dulce,Pauthner,Senior Engineer
27412,Shigeaki,Boguraev,Staff
27413,Phuoc,Aamodt,Senior Staff
27415,Ramachenga,Ramamoorthy,Senior Staff
27416,Subir,Ratnaker,Staff
27423,Nadjib,Nicolson,Senior Engineer
27424,Werner,Dayana,Senior Engineer
27429,Nahid,Plotkin,Senior Engineer
27433,Premsyl,Fraisse,Technique Leader
27434,Hein,Comte,Senior Engineer
27435,Toshimori,Sethi,Staff
27436,Haldun,Giarratana,Engineer
27441,Kitty,Demian,Senior Staff
27446,Heon,Levergood,Senior Staff
27454,Avishai,Ranst,Senior Engineer
27457,Anneke,Ratzlaff,Engineer
27459,Mitchel,Katzenelson,Engineer
27460,Chikara,Munck,Senior Staff
27463,Masaki,McDermid,Senior Staff
27468,Hilari,Armand,Engineer
27475,Yannik,Shanbhogue,Senior Staff
27482,Janalee,Zeleznik,Senior Engineer
27488,Mingdong,Schmittgen,Engineer
27490,Mitchel,Greenaway,Engineer
27491,Yefim,Comyn,Engineer
27492,Guoxiang,Provine,Senior Engineer
27495,Shuji,Beausoleil,Senior Staff
27496,Marke,Angelov,Technique Leader
27497,Sailaja,Uhrig,Senior Engineer
27498,Akeel,Gecseg,Senior Staff
27499,Shaibal,Oppitz,Senior Staff
27502,Prasadram,Noriega,Senior Staff
27505,Iara,Katzenelson,Senior Engineer
27506,Hugo,Mitchem,Senior Staff
27510,Kensei,Esposito,Senior Engineer
27511,Jiann,Perelgut,Senior Engineer
27527,Kshitij,Valette,Staff
27528,Martijn,Baranowski,Technique Leader
27540,Hein,Yeung,Senior Engineer
27544,Tesuro,Mattern,Technique Leader
27545,Vishv,Weedon,Technique Leader
27548,Slavian,Riexinger,Senior Staff
27553,JoAnna,Penttonen,Senior Staff
27555,Murthy,Kading,Engineer
27557,Teunis,Oxman,Senior Staff
27559,Debaprosad,Zongker,Senior Staff
27563,Susuma,Ranon,Engineer
27564,Demin,Yoshizawa,Senior Engineer
27566,Annemarie,Kobuchi,Senior Staff
27571,Shahab,Terkki,Senior Engineer
27572,Toshimori,Kawashimo,Staff
27574,Pantung,Farris,Senior Staff
27580,Mona,Haumacher,Senior Staff
27583,Yinghua,Selvestrel,Senior Staff
27584,Danae,Choobineh,Technique Leader
27586,Masadi,Snedden,Senior Staff
27588,Takahira,Anger,Senior Staff
27593,Gift,Stanger,Technique Leader
27595,Yuping,Bierbaum,Engineer
27596,Niclas,Nyrup,Senior Engineer
27602,Yannik,Talmon,Engineer
27604,Yuguang,Sudbeck,Senior Engineer
27606,Murthy,Uhrik,Technique Leader
27609,Padma,Thebaut,Engineer
27619,Ronghao,Poulakidas,Senior Staff
27626,Vishu,Flanders,Engineer
27628,Stafford,Blokdijk,Engineer
27631,Marke,Msuda,Engineer
27634,Goetz,Munoz,Senior Engineer
27636,Kiyomitsu,Lalonde,Senior Staff
27637,Hiroyasu,Lamparter,Senior Staff
27639,Maris,Sadowsky,Senior Engineer
27640,Brendon,Thambidurai,Staff
27642,Muneo,Zockler,Senior Engineer
27652,Jacqueline,Matteis,Senior Staff
27653,Yongmin,Tetzlaff,Senior Staff
27654,Sajjan,Morris,Senior Engineer
27658,Fabrizio,Pargaonkar,Technique Leader
27659,Wojceich,Werthner,Senior Engineer
27660,Nigel,Schaap,Senior Engineer
27664,Percy,Zolotykh,Senior Engineer
27666,Christ,Swen,Technique Leader
27670,Yolla,Merey,Senior Engineer
27671,JiYoung,Flasterstein,Senior Staff
27672,Nigel,Motley,Engineer
27677,Mohammed,Peak,Senior Engineer
27679,Kerryn,Lindqvist,Staff
27687,Ronghao,Baumann,Senior Engineer
27690,Bangqing,Azulay,Engineer
27694,Ronghao,Theuretzbacher,Senior Staff
27703,Mahmut,Douceur,Senior Engineer
27708,Dayanand,Gill,Senior Staff
27711,Leaf,Goodrum,Engineer
27715,Khoa,Adachi,Staff
27716,Radhika,Coney,Technique Leader
27725,DAIDA,Pavlopoulou,Staff
27727,Heekeun,Rotem,Technique Leader
27728,Martina,Swift,Senior Engineer
27729,Xinyu,Escriba,Staff
27730,Uinam,Perng,Senior Engineer
27732,Girolamo,Facello,Senior Engineer
27736,Jaewon,Masand,Senior Staff
27739,Youssef,Piancastelli,Staff
27743,Bernt,Anily,Staff
27749,Katsuyuki,Biros,Senior Staff
27756,Stevo,Suwa,Senior Staff
27759,Subhada,Spelt,Senior Engineer
27762,Boalin,Griswold,Staff
27765,Shushma,Litvinov,Senior Engineer
27771,Ziyad,Lorcy,Engineer
27772,Shahaf,Salvesen,Senior Staff
27773,Takahiro,Denny,Senior Staff
27776,Baruch,Ramras,Senior Engineer
27780,Siamak,Simkin,Senior Staff
27781,Qiwen,Wielonsky,Senior Staff
27782,Dzung,Edelhoff,Engineer
27783,Christoper,Strehl,Senior Staff
27785,Feipei,Mukaidono,Staff
27786,Lijia,Taubman,Senior Staff
27787,Xinglin,Bondorf,Senior Engineer
27788,Cedric,Kolvik,Senior Staff
27790,Bader,Rosen,Senior Engineer
27793,Paraskevi,Merlo,Staff
27797,Kazuhisa,Botman,Senior Staff
27800,Baruch,Sommer,Staff
27801,Naraig,Danecki,Senior Staff
27814,Shigenori,Angelov,Staff
27817,Uri,Lakshmanan,Senior Staff
27819,Vidya,Zhiwei,Senior Engineer
27820,Aria,Brookner,Staff
27822,Syozo,Emden,Senior Engineer
27827,Kankanahalli,Comyn,Senior Engineer
27837,Branimir,Chachaty,Senior Engineer
27838,Chuanti,Hockney,Engineer
27839,Guther,Gornas,Engineer
27843,Bedir,Speek,Senior Engineer
27845,Zissis,Eickenmeyer,Staff
27848,Tooru,Bednarek,Senior Engineer
27850,Radoslaw,Perz,Staff
27852,Leucio,Polupanov,Staff
27854,Yurii,Unni,Senior Staff
27856,Lokesh,Holburn,Senior Engineer
27862,Jianhui,Garnham,Senior Engineer
27867,Holgard,Ulupinar,Staff
27880,Yinlin,Poujol,Senior Engineer
27883,Woody,Nilsson,Senior Staff
27884,Kristina,Zucker,Engineer
27888,Berna,Birta,Senior Staff
27892,Mads,Foote,Senior Engineer
27894,Alassane,Marquardt,Senior Engineer
27895,Basim,Maginnis,Senior Engineer
27896,Nevio,Uhrig,Senior Engineer
27897,Mabo,Melski,Senior Engineer
27899,Kristen,Hebert,Senior Staff
27900,Atreyi,Klassen,Senior Engineer
27904,Shaibal,Rijckaert,Technique Leader
27905,Monique,Barinka,Engineer
27907,Tonia,Verhaegen,Engineer
27910,Gil,Haumacher,Senior Engineer
27912,Domenick,Worfolk,Senior Staff
27914,Valter,Businaro,Senior Staff
27917,Boaz,Leuchs,Senior Staff
27920,Lobel,Butner,Senior Staff
27925,Emdad,Pusterhofer,Senior Engineer
27926,Mats,Huttel,Senior Staff
27927,Behnaam,Zultner,Engineer
27930,Lillian,Weedon,Senior Staff
27933,Garnik,Zeilberger,Staff
27938,Yolla,Hanratty,Senior Staff
27939,Seongbae,Axelband,Senior Engineer
27942,Tianruo,Orlowska,Senior Staff
27947,Shugo,Nitsch,Senior Staff
27953,Katsuyuki,Eiter,Senior Staff
27955,Saeko,Hartvigsen,Senior Staff
27958,Uno,Hasham,Senior Engineer
27959,Moheb,Dusink,Senior Engineer
27961,Wojceich,Murtafg,Senior Engineer
27962,Shushma,Mapelli,Senior Staff
27968,Harngdar,England,Staff
27972,Chaosheng,Stanger,Engineer
27975,Remmert,Rehfuss,Senior Engineer
27978,Sedat,Unni,Senior Engineer
27979,Mrinalini,Kropf,Assistant Engineer
27980,Beshir,Rotem,Engineer
27987,Giri,Pelz,Senior Engineer
27988,Armond,Etalle,Senior Staff
27991,Snehasis,Przulj,Senior Staff
27992,Zeydy,Braccini,Senior Engineer
27994,Atilio,Encarnacion,Senior Staff
27995,Yunming,Serre,Senior Staff
28001,Sachar,Slutz,Senior Staff
28004,Mabry,Janocha,Senior Staff
28008,Shugo,Luit,Senior Staff
28024,Berto,Massonet,Staff
28026,Chiradeep,Huttel,Staff
28027,Kagan,Wallrath,Senior Staff
28029,Irena,Crooks,Staff
28033,Lokesh,Schurmann,Engineer
28035,Florina,Merro,Assistant Engineer
28036,LiMin,Hasenauer,Senior Staff
28044,Ronnie,Gils,Senior Staff
28048,Stevo,Ranta,Senior Staff
28059,Yongmin,Matteis,Staff
28060,Parke,Manders,Senior Engineer
28071,Fen,Loncour,Staff
28073,Achilleas,Meriste,Senior Staff
28074,Shmuel,Syrotiuk,Senior Staff
28076,Suzette,Pelc,Senior Staff
28079,Rimon,Salvesen,Senior Engineer
28080,Weiyi,Marciano,Senior Staff
28082,Michaela,Sudbeck,Engineer
28085,Fabrizio,Litecky,Senior Staff
28090,Rasikan,Nitta,Engineer
28101,Minghong,Marsiglia,Technique Leader
28103,Clyde,Sinitsyn,Senior Staff
28104,Dmitry,Marsiglia,Staff
28105,Tetsurou,Baby,Senior Engineer
28112,Kellie,Swan,Staff
28122,Arve,Skafidas,Senior Staff
28123,Vincent,Tomescu,Senior Engineer
28126,Sanjiv,Dolinsky,Senior Staff
28127,Minghong,Veevers,Senior Staff
28128,Huican,Slaats,Senior Staff
28139,Theron,Merkl,Senior Engineer
28143,Adin,Teitelbaum,Senior Staff
28146,Niteen,Azadmanesh,Engineer
28149,Sandeepan,Gulik,Senior Engineer
28160,Krister,Kossowski,Staff
28161,Kwan,Nicolson,Senior Staff
28165,Sanjit,Lorch,Technique Leader
28171,Filipe,Setlzner,Senior Engineer
28180,Teiji,Schusler,Senior Staff
28186,Junichi,Georgatos,Technique Leader
28196,Georg,Pusterhofer,Technique Leader
28200,Lena,Heinisuo,Senior Engineer
28207,Sakthirel,Ebeling,Senior Engineer
28208,Tristan,Lienhardt,Senior Engineer
28209,Gadiel,Millington,Senior Staff
28213,Ebru,Conde,Senior Engineer
28219,Feiyu,Lally,Staff
28220,Yucel,Warwick,Technique Leader
28221,Candido,Yamaashi,Engineer
28224,Debatosh,Crabtree,Senior Staff
28225,Aria,Lund,Senior Staff
28236,Kazuhira,Radivojevic,Engineer
28240,Reuven,Lorcy,Senior Staff
28242,Thodoros,Vasanthakumar,Senior Staff
28243,Marsal,Jording,Senior Engineer
28246,Qunsheng,Rothenberg,Staff
28247,Morris,Parascandalo,Senior Staff
28248,Shaowei,Lakshmanan,Engineer
28249,Goh,Badr,Senior Engineer
28254,Shichao,Pramanik,Engineer
28256,Armond,Valiente,Technique Leader
28268,Uma,Pillow,Assistant Engineer
28271,Sugwoo,Wynblatt,Senior Engineer
28281,Adhemar,Oxenboll,Senior Staff
28282,Arto,Spelt,Senior Staff
28283,Quingbo,Dulay,Engineer
28288,Martijn,Niizuma,Senior Staff
28292,Zeljko,Wynblatt,Engineer
28298,Holgard,Ritcey,Senior Staff
28301,Adil,Brickell,Staff
28305,Sivanarayana,Murtagh,Staff
28306,Wilmer,Papsdorf,Senior Engineer
28315,Hideo,Servi,Senior Engineer
28318,Teunis,Whitcomb,Senior Staff
28321,Heather,Oehlmann,Senior Staff
28322,Premal,Millington,Senior Staff
28325,Iara,Baar,Assistant Engineer
28327,Pascal,Welham,Senior Engineer
28329,Sasan,Berztiss,Senior Engineer
28330,Weidon,Hagimont,Senior Staff
28331,Torsten,Leuchs,Senior Engineer
28340,Hongzhu,Provine,Senior Staff
28343,Danny,Zuberek,Senior Engineer
28344,Fan,Barriga,Senior Staff
28345,Tamiya,Seghrouchni,Senior Staff
28350,Theron,Heusch,Senior Staff
28352,Urs,Pero,Engineer
28354,Geoffrey,Prochazka,Senior Engineer
28357,Tetsurou,Terekhov,Senior Engineer
28358,Constantino,Salinas,Senior Staff
28359,Kshitij,Stellhorn,Senior Staff
28361,Lorien,Basagni,Senior Staff
28366,Abdelwaheb,Falster,Senior Engineer
28369,Ronghao,Nourani,Senior Staff
28373,Steen,Bhattacharjee,Senior Staff
28375,Alassane,Kieras,Senior Engineer
28382,Mihalis,Zuberek,Senior Engineer
28383,Gladys,Chimia,Senior Staff
28384,Szabolcs,Munck,Senior Engineer
28385,Filipp,Conia,Senior Staff
28386,Snehasis,Spelt,Senior Engineer
28391,Elvia,Brlek,Senior Staff
28393,Christoper,Cyre,Senior Engineer
28394,Gaetan,Emiris,Senior Staff
28403,Gilbert,Garnier,Senior Engineer
28404,Francesca,Schicker,Senior Staff
28411,Weicheng,Yavatkar,Senior Staff
28413,Nadjib,Brodie,Senior Staff
28414,Juichirou,Azadmanesh,Senior Staff
28416,Ger,Zeleznik,Senior Staff
28418,Sachio,Suermann,Senior Engineer
28419,Luerbio,Covnot,Senior Engineer
28422,Eckart,Cmelik,Engineer
28426,Martina,Wielonsky,Engineer
28427,Kenton,Melton,Senior Staff
28428,Sadegh,Apsitis,Senior Staff
28432,Manton,Validov,Senior Staff
28434,Weiye,Barvinok,Senior Engineer
28440,Cordelia,Tomescu,Senior Staff
28444,Harjit,Henseler,Senior Engineer
28447,Anneke,Ghelli,Technique Leader
28449,Tristan,Bach,Senior Engineer
28450,Howell,Genin,Senior Staff
28455,Isaac,Anguita,Engineer
28463,Kshitij,Whittlesey,Engineer
28468,Zorica,Hasham,Senior Staff
28473,Hidekazu,Ermel,Senior Engineer
28474,Mabo,Arlazarov,Senior Engineer
28476,Zongyan,Rebaine,Senior Staff
28478,Chiradeep,Simmen,Senior Engineer
28479,Nahum,Bondorf,Senior Staff
28486,Etsuo,Kossowski,Engineer
28487,Ziva,Alblas,Staff
28490,Marsal,Jervis,Senior Engineer
28494,Luerbio,Ratzlaff,Senior Engineer
28497,Lijie,Stanfel,Senior Staff
28498,Khun,Rosaz,Staff
28500,Fumiko,Zwicker,Staff
28501,Nagui,Viele,Staff
28504,Boalin,Peng,Senior Engineer
28510,Subhankar,Desikan,Technique Leader
28511,Shugo,Pero,Technique Leader
28515,Kasidit,Koblick,Engineer
28517,Baziley,Masaki,Engineer
28521,Hatim,Hofman,Senior Staff
28522,Thanasis,Montresor,Staff
28525,Dannz,Highland,Senior Engineer
28528,Sariel,Veccia,Senior Staff
28529,Mabo,Griswold,Senior Engineer
28540,Jiang,Ladret,Engineer
28541,Subir,Pews,Engineer
28542,Ferdinand,Guardalben,Senior Engineer
28545,Jacqueline,Gopalakrishnan,Engineer
28546,Petter,Pluym,Senior Staff
28548,Nimmagadda,Vieri,Staff
28549,Vidya,McAffer,Staff
28552,Gonzalo,Sevcikova,Engineer
28554,Barry,Salverda,Senior Engineer
28555,Kankanahalli,Wendorf,Senior Staff
28558,Leni,Raczkowsky,Senior Staff
28561,Basem,Speek,Staff
28563,Candido,Chelton,Senior Staff
28565,Rosalie,Bain,Senior Staff
28575,Jayson,Yurov,Senior Staff
28579,Naraig,Rehfuss,Engineer
28580,Yannis,Heyers,Staff
28594,Arno,Spelt,Senior Engineer
28595,JoAnne,Molberg,Senior Engineer
28596,Perla,Porotnikoff,Senior Staff
28599,Youpyo,Szilard,Staff
28600,Mingzeng,Whitcomb,Staff
28601,Irene,Lichtner,Senior Engineer
28602,Janche,Peng,Senior Engineer
28604,Rafols,Kirkerud,Staff
28610,Shigenori,Szemeredi,Staff
28613,Giao,Stemann,Senior Engineer
28614,Sarita,Lorys,Technique Leader
28616,Kristinn,Koshino,Senior Staff
28619,Pragnesh,Majewski,Staff
28622,Shin,Hofting,Staff
28626,Junichi,Tramer,Senior Engineer
28627,Serge,Plumb,Senior Staff
28628,Zhonghui,Zyda,Senior Staff
28631,Dmitry,Marletta,Senior Engineer
28632,Arne,Boreale,Senior Engineer
28634,Kwun,Stille,Senior Staff
28635,Serap,Kermarrec,Engineer
28636,Geoff,Krychniak,Senior Engineer
28645,Djelloul,Decleir,Senior Engineer
28648,Nagui,Luca,Senior Staff
28652,Irena,Munke,Senior Staff
28653,Pranay,Flanders,Senior Staff
28654,Kazunori,Solares,Senior Engineer
28657,Jaewoo,Orlowski,Senior Staff
28659,Tetsushi,Schapiro,Staff
28662,Amalendu,Koshino,Staff
28665,Gro,Ruemmler,Senior Engineer
28668,Isaac,Kornyak,Senior Staff
28669,Bernt,Eppinger,Senior Staff
28673,Carrsten,Zultner,Senior Engineer
28676,Falguni,Bamford,Senior Staff
28677,Terresa,Gunderson,Senior Staff
28681,Danny,Dalton,Senior Engineer
28684,Shushma,Genther,Senior Engineer
28687,Ulf,Ghazalie,Senior Staff
28688,Tesuya,Pargaonkar,Staff
28689,Jessie,Lores,Senior Staff
28692,Perry,Thombley,Engineer
28694,Kiyotoshi,Pulkowski,Senior Engineer
28700,Huan,Heemskerk,Senior Engineer
28701,Sukumar,Bodoff,Engineer
28703,Tremaine,Remmele,Staff
28705,Nadjib,Skrikant,Senior Engineer
28710,Ranga,Portugali,Senior Engineer
28711,Doohun,Hatcliff,Senior Staff
28714,Arco,Poehlman,Assistant Engineer
28715,Bikash,Fordan,Senior Engineer
28716,Kristian,Hertweck,Senior Staff
28725,Iara,Sinitsyn,Senior Staff
28726,Marie,Veldwijk,Engineer
28734,Arvind,Heydon,Senior Staff
28739,Elliott,Wixon,Senior Staff
28741,Denis,Marrakchi,Senior Engineer
28746,Steve,Maquelin,Senior Staff
28750,Guangming,Speckmann,Senior Staff
28751,Dmitri,Lorcy,Senior Engineer
28753,Leaf,Lichtner,Senior Staff
28755,Xiahua,Cmelik,Senior Staff
28756,Laurentiu,Mellouli,Staff
28757,Branimir,Poupard,Senior Staff
28761,Xiping,Birdsall,Senior Staff
28763,Selwyn,Bojadziev,Senior Staff
28768,Rimon,Hammerschmidt,Technique Leader
28770,Abdelghani,Farris,Senior Engineer
28773,Tomokazu,Polupanov,Senior Engineer
28774,Ravishankar,Hebden,Staff
28776,Stevo,Narlikar,Senior Engineer
28777,Abdelghani,Keirsey,Staff
28779,Fayez,Bottner,Senior Staff
28780,Masoud,Bierman,Staff
28782,Marl,Yemenis,Engineer
28783,Jessie,Trachtenberg,Senior Staff
28785,Changho,Gilg,Senior Engineer
28791,Nidapan,Andreotta,Senior Staff
28792,Rosli,Salinas,Senior Engineer
28794,Kyoichi,Peron,Senior Engineer
28797,Shridhar,Heijenga,Technique Leader
28798,Susuma,Erez,Senior Engineer
28802,Almudena,Chinen,Senior Engineer
28804,Huican,Michaeli,Senior Staff
28811,Cristinel,Vrecion,Engineer
28813,Patricia,Fiutem,Staff
28816,Jenwei,Einsfeld,Staff
28818,Hongzhu,Panienski,Senior Engineer
28825,Zhensheng,Zaccaria,Staff
28827,Hugh,Heydon,Senior Engineer
28830,Kenton,Kinley,Staff
28834,Gil,Vickson,Engineer
28836,Huiqun,Ravishankar,Senior Staff
28838,Steve,Kavraki,Senior Engineer
28841,Rafols,Pettey,Senior Engineer
28844,Chiranjit,Hiltgen,Senior Engineer
28851,Henk,Shackel,Senior Staff
28852,Kasturi,Perna,Senior Engineer
28854,Petter,Siochi,Senior Engineer
28855,Shan,Heering,Senior Engineer
28857,Zissis,Murillo,Senior Engineer
28858,Kazuhira,Slutz,Senior Staff
28861,Jaber,Walston,Senior Staff
28867,Shahar,Awdeh,Senior Engineer
28868,Ennio,Lichtman,Senior Engineer
28873,Toshimo,Attimonelli,Senior Engineer
28876,Radhakrishnan,Kawashimo,Senior Engineer
28878,Gino,Sudkamp,Staff
28881,Masaki,Rosin,Senior Staff
28882,Bodo,Nanard,Senior Engineer
28886,Krister,Schnabel,Senior Staff
28888,Vishwani,Chartres,Senior Engineer
28890,Lijie,Puoti,Senior Engineer
28891,Susanna,Krohn,Senior Engineer
28893,Khue,Yurov,Senior Engineer
28897,Ennio,Schieder,Engineer
28909,Lijia,Bharadwaj,Senior Staff
28912,Mary,Monarch,Senior Engineer
28915,Demos,Cooke,Staff
28922,Xiadong,Willoner,Engineer
28930,Isaac,Schade,Engineer
28933,Alain,Bernick,Senior Staff
28939,IEEE,Rohrbach,Staff
28944,Marin,Melton,Engineer
28945,Serenella,Varley,Staff
28946,Rafail,Erez,Senior Staff
28947,Jaideep,Rosaz,Staff
28952,Arve,Lodder,Engineer
28956,Kristian,Denis,Engineer
28958,Angel,Wossner,Staff
28962,Wuxu,Gini,Technique Leader
28966,Shakhar,Zirintsis,Engineer
28968,Shalesh,Gerteisen,Engineer
28969,Ute,Sinitsyn,Senior Engineer
28972,Jianhao,Radivojevic,Senior Staff
28975,Weijing,McConalogue,Senior Staff
28976,Kazuhiko,Aingworth,Senior Engineer
28977,Fumiya,Markovitch,Senior Staff
28978,Vojin,Giarratana,Senior Staff
28981,Dipayan,Bernardinello,Senior Staff
28983,Mohammed,Luca,Senior Staff
28985,Jeanna,Kohling,Engineer
28990,Parviz,Ventosa,Engineer
28991,Marsja,Junot,Senior Staff
28993,Domenick,Rijckaert,Senior Engineer
28997,Persi,Ramsay,Senior Staff
29003,Weicheng,Erol,Assistant Engineer
29004,Lein,Ressouche,Senior Engineer
29008,Werner,Pulkowski,Engineer
29015,Maja,Mandelberg,Technique Leader
29017,Mats,Pews,Staff
29020,Gill,Vrecion,Engineer
29024,Qunsheng,Itzigehl,Senior Engineer
29026,Parto,Byoun,Senior Engineer
29030,Nikolaus,Heiserman,Engineer
29031,Elzbieta,Demeyer,Staff
29032,Mizuhito,Rassart,Engineer
29035,Yefim,Frijda,Senior Engineer
29044,Vivian,Heinisuo,Senior Staff
29045,Keung,Dayang,Senior Staff
29052,Doowon,Azulay,Senior Engineer
29057,Yongdong,Kitai,Senior Engineer
29059,Arumugam,Legleitner,Senior Engineer
29061,Odinaldo,Yeung,Senior Staff
29063,Mary,Seuren,Senior Engineer
29071,Jaideep,Hennings,Senior Staff
29077,Candida,Tagansky,Assistant Engineer
29080,Panayotis,Shumilov,Senior Staff
29081,Heeju,Nitsche,Staff
29087,Marlo,Schieder,Engineer
29088,Becky,Giaccio,Senior Engineer
29097,Serge,Wilharm,Engineer
29099,Stepehn,Erdmenger,Senior Engineer
29101,Jouni,Salverda,Senior Engineer
29103,Sanjay,Otillio,Senior Engineer
29104,DeForest,Validov,Senior Engineer
29105,Snehasis,Marsiglia,Senior Staff
29107,Diederik,Taubman,Senior Engineer
29113,Mads,Scharstein,Senior Staff
29120,Parto,Bergere,Senior Staff
29123,Kerhong,Rabehasaina,Senior Staff
29126,Visit,Suessmith,Senior Engineer
29129,Poorav,Stassinopoulos,Senior Staff
29131,Patricio,Hofstetter,Staff
29133,Rafael,Peck,Senior Staff
29135,Weiru,Strandh,Engineer
29141,Fun,Takanami,Engineer
29142,Froduald,Aloisi,Senior Staff
29149,Adel,Pillow,Senior Engineer
29156,Youngkon,Cyne,Engineer
29161,Youssef,Foote,Engineer
29164,Alagu,Mitchem,Senior Staff
29168,Nahid,Schwabacher,Senior Staff
29169,Miyeon,Huxford,Staff
29171,Syozo,Baaleh,Senior Staff
29174,Shaibal,Ferretti,Senior Staff
29178,Hairong,Foong,Senior Engineer
29182,Arumugam,Aamodt,Senior Staff
29185,Vishwani,Peroz,Assistant Engineer
29190,Mahendra,Sudbeck,Senior Staff
29191,Ayakannu,Krogh,Engineer
29194,Sarita,Peris,Senior Engineer
29195,Jovan,Kawashima,Senior Staff
29197,Marlo,Stentiford,Staff
29199,Chaoyi,Mondadori,Senior Staff
29200,Kwok,Vingron,Engineer
29202,Rajmohan,Roohalamini,Senior Engineer
29203,Ger,Adachi,Senior Staff
29204,Ghassan,Remmele,Senior Staff
29205,Lubomir,Kroft,Assistant Engineer
29206,Yunming,Chimia,Senior Engineer
29207,Shim,Naudin,Senior Engineer
29208,Radoslaw,Schusler,Technique Leader
29214,Stepehn,Schach,Senior Staff
29222,Remzi,Trachtenberg,Staff
29228,Leszek,Guerreiro,Senior Staff
29236,Radhia,Felcyn,Engineer
29237,Gennadi,Beznosov,Senior Engineer
29241,Bogdan,Baja,Staff
29243,Sibyl,Koyama,Senior Engineer
29250,Radoslaw,Besancenot,Senior Staff
29253,Mingzeng,Eastman,Senior Engineer
29256,Mountaz,Schiettecatte,Senior Engineer
29259,Jingling,Perng,Assistant Engineer
29261,Paraskevi,Kopetz,Staff
29269,Mingzeng,Tiemann,Senior Engineer
29284,Aloys,Hofman,Senior Engineer
29291,Guiseppe,Emiris,Senior Staff
29312,Yefim,Feldhoffer,Engineer
29317,Navin,Conia,Senior Engineer
29318,Bernardo,Karlin,Senior Engineer
29322,Sanjay,Oehlmann,Staff
29323,Khedija,Pillow,Staff
29329,Takushi,Sooriamurthi,Senior Engineer
29334,Takahira,Heiserman,Senior Staff
29339,Mary,Itzfeldt,Senior Staff
29342,Moti,Muniz,Senior Staff
29343,Akhilish,Puppo,Senior Engineer
29348,Tamiya,Gajiwala,Senior Staff
29352,Panayotis,Breugel,Staff
29353,Gaetan,Gadepally,Senior Engineer
29354,Syozo,Nooteboom,Senior Staff
29361,LiMin,McDermid,Engineer
29366,Domenico,Ohori,Senior Staff
29367,Vitali,Birch,Senior Staff
29371,Hyuncheol,Bottner,Senior Staff
29372,Parke,Chinin,Engineer
29373,Filipp,Bale,Senior Engineer
29376,Make,Bierman,Senior Engineer
29378,Yahiko,Erdi,Senior Staff
29379,Tommaso,Taneja,Assistant Engineer
29381,Caolyn,Underwood,Technique Leader
29384,Magy,Keustermans,Senior Engineer
29385,Lijie,Narahara,Engineer
29387,Roddy,Saoudi,Senior Engineer
29389,Takushi,Swist,Senior Staff
29390,Mang,Crooks,Senior Engineer
29391,Jayesh,Huhdanpaa,Senior Engineer
29393,Richara,Kavanagh,Engineer
29404,Sastry,Reeker,Senior Engineer
29406,Troy,Haraldson,Senior Staff
29407,Reuven,Strandh,Senior Engineer
29410,Heejo,Munke,Senior Engineer
29419,Kendra,Scharstein,Senior Engineer
29420,Martien,Picht,Engineer
29422,Yurij,Yurek,Engineer
29425,Mingdong,Muntz,Senior Engineer
29430,Heeju,Schonegge,Senior Engineer
29431,Jeong,Bresenham,Senior Staff
29436,Godehard,Schnelling,Senior Engineer
29437,Rildo,Rosca,Staff
29442,Horward,Piazza,Senior Engineer
29443,Maya,Lambe,Engineer
29445,Nidapan,Rodham,Senior Engineer
29450,Pranas,Driscoll,Senior Staff
29456,Barun,Krohm,Staff
29457,Chirstian,Rando,Engineer
29458,Fumitake,Demos,Senior Staff
29463,Kenton,Leijenhorst,Engineer
29465,Kshitij,Ramsay,Senior Staff
29466,Kinh,Miculan,Senior Engineer
29468,Ramya,Bojadziev,Senior Staff
29469,Rafael,Cmelik,Engineer
29471,Gererd,Ravishankar,Senior Engineer
29475,Jianhui,Rosti,Senior Engineer
29476,Elzbieta,Awdeh,Engineer
29479,Make,Lampe,Staff
29485,Ortrun,Shobatake,Senior Staff
29486,Jouni,Gerteisen,Senior Engineer
29487,Shahid,Erdi,Staff
29488,Niclas,Eastman,Technique Leader
29495,Mizuhito,Morrey,Senior Staff
29499,Richard,Schwartzburd,Assistant Engineer
29502,Nikolaos,Ozeki,Engineer
29504,Kamakshi,Benner,Senior Engineer
29507,Adel,Panwar,Senior Engineer
29510,Danel,Butner,Senior Staff
29511,Sadegh,Taubman,Engineer
29513,Genki,Cusworth,Senior Engineer
29514,Margareta,Riefers,Technique Leader
29515,Kish,Karcich,Senior Engineer
29516,Dung,Koblitz,Senior Staff
29518,Lucien,Maquelin,Senior Engineer
29519,Theirry,Bahr,Senior Engineer
29520,Shunichi,Ozery,Senior Engineer
29524,Murthy,Engberts,Senior Staff
29527,Adamantios,Oaver,Senior Staff
29528,Takahira,Matzel,Engineer
29529,Leni,Coors,Engineer
29534,Tran,Petersohn,Engineer
29539,Chaosheng,Heering,Senior Staff
29547,Woody,Ranai,Senior Staff
29548,Petter,Lunt,Staff
29554,Rafael,Marletta,Technique Leader
29556,Xiping,Birnbaum,Engineer
29559,Shin,Edelhoff,Engineer
29563,Kiam,Salvesen,Senior Engineer
29565,Reinhard,Binding,Engineer
29573,Kwangsub,Linnainmaa,Senior Staff
29574,Gretta,Klyachko,Senior Engineer
29578,Idoia,Kusalik,Senior Staff
29580,Rafail,Peyn,Senior Engineer
29581,Remco,Pusterhofer,Senior Staff
29583,Subhada,Waymire,Senior Staff
29589,Zhilian,Beetstra,Senior Engineer
29590,Heng,Cooley,Senior Staff
29594,Yolla,Ermel,Staff
29596,Geoff,Lueh,Senior Staff
29597,Yoshinari,Codenie,Senior Engineer
29603,Kristina,Khamsi,Staff
29621,Horward,Warwick,Senior Staff
29622,Yifei,Mattern,Senior Engineer
29623,Heekeun,Stille,Engineer
29627,Nevin,Erde,Senior Staff
29628,Rutger,Soloway,Technique Leader
29632,Chinho,Improta,Senior Engineer
29633,Oscal,Gelosh,Senior Staff
29634,Satyanarayana,Hanabata,Senior Staff
29644,Feixiong,Vernadat,Senior Engineer
29647,Chinhyun,Aloia,Assistant Engineer
29651,Divier,Knightly,Senior Staff
29652,Khatoun,Chleq,Senior Staff
29653,Xiaoshan,Coors,Senior Engineer
29656,Kazunori,Christianini,Engineer
29658,Wuxu,Nannarelli,Senior Engineer
29659,Adel,Pokrovskii,Senior Staff
29661,Francesca,Kusakabe,Senior Engineer
29664,Aiman,Stanger,Senior Staff
29666,Yonghong,Thummel,Senior Staff
29669,Frazer,Bach,Staff
29670,Arunachalam,Besselaar,Senior Staff
29674,Olivera,Gill,Senior Engineer
29683,Maya,Asser,Staff
29684,Xiadong,Munoz,Senior Engineer
29685,Lijie,Rosin,Staff
29687,Leandro,Garnier,Staff
29689,Keiichiro,Merlo,Senior Staff
29690,Eran,Fioravanti,Senior Staff
29705,Hatsukazu,Bazelow,Staff
29706,Giordano,Farrow,Senior Engineer
29715,Dinah,Valette,Senior Engineer
29719,Sumant,Takkinen,Senior Staff
29722,Aron,Flanders,Engineer
29723,Guiseppe,Radhakrishnan,Engineer
29728,Ennio,DeMori,Engineer
29729,Alassane,Bernatsky,Senior Staff
29730,Maha,Vecchio,Engineer
29739,Danil,Comyn,Senior Engineer
29747,Stevo,Kampfer,Senior Staff
29754,Guadalupe,Reghbati,Engineer
29756,Kazuhide,Nittel,Engineer
29759,Arif,Thimonier,Senior Staff
29760,Jinya,Paludetto,Senior Staff
29762,Lucien,Junot,Senior Staff
29765,Nishit,Ranta,Staff
29769,Lansing,Schahn,Senior Staff
29777,Dharmaraja,Muntz,Staff
29785,Noritoshi,Rajala,Engineer
29788,Radhia,Kaminger,Senior Engineer
29789,Mong,Meszaros,Senior Staff
29792,Selwyn,Sridhar,Senior Staff
29794,Florina,Underwood,Staff
29795,Kristine,Sessa,Senior Staff
29796,Munehiko,Muniz,Senior Engineer
29797,Selwyn,Krzyzanowski,Technique Leader
29798,Gal,Cesareni,Engineer
29799,Weiyi,Kroon,Staff
29802,Herb,Paciorek,Senior Engineer
29803,Steen,Comte,Engineer
29805,Branimir,Thisen,Senior Staff
29807,Kazuhiko,Peltason,Staff
29809,Foong,Fortenbacher,Senior Staff
29810,Arne,Madeira,Senior Engineer
29811,Erzsebet,Kohling,Technique Leader
29812,Yefim,Gimarc,Engineer
29813,Jianhua,Fujisaki,Senior Staff
29814,Ulf,Karunanithi,Engineer
29816,Kiyomitsu,Munck,Senior Engineer
29817,Florian,Sadowski,Senior Engineer
29819,Subhrajyoti,Ghelli,Senior Staff
29822,Prodip,Sifakis,Staff
29825,Jeong,Kenevan,Senior Engineer
29829,Pranjal,Pepe,Senior Engineer
29830,Rafael,Mansanne,Staff
29833,Georgi,Kawashima,Engineer
29835,Harjit,Nyrup,Senior Staff
29836,Kazuhiko,Ossenbruggen,Senior Staff
29848,Malu,Hanratty,Engineer
29849,Phule,Peha,Senior Staff
29850,Hyuncheol,Junot,Senior Staff
29855,Neelam,Kulisch,Senior Engineer
29856,Yuichiro,Pardalos,Senior Engineer
29862,Urs,Llado,Senior Staff
29865,Mingsen,Genther,Senior Staff
29869,Mads,Camurati,Engineer
29870,Troy,Stranks,Staff
29871,Xiaobin,Pocchiola,Senior Engineer
29873,Monique,Aloisi,Senior Engineer
29877,Mingsen,Kitai,Senior Staff
29878,Rajmohan,Schonegge,Engineer
29881,Luerbio,Engelmann,Engineer
29887,Boaz,Fandrianto,Senior Staff
29890,Stabislas,Lores,Senior Staff
29892,Keung,Hebden,Engineer
29895,Maja,Encarnacion,Senior Engineer
29899,Yinghua,Juneja,Staff
29902,Kasturi,Asser,Senior Staff
29903,Chiranjit,Engberts,Engineer
29905,Guther,Koyama,Senior Staff
29909,Arvind,Menyhert,Staff
29911,Jiafu,Schnelling,Senior Staff
29913,Falguni,Rajala,Senior Staff
29915,JoAnne,Maquelin,Staff
29916,Boaz,Escriba,Technique Leader
29917,Sahrah,Roohalamini,Senior Engineer
29919,Goa,Kugler,Senior Engineer
29922,Hironobu,Chvatal,Senior Engineer
29927,Kwun,Schiettecatte,Senior Staff
29938,Mariusz,Serna,Senior Engineer
29946,Shooichi,McClure,Senior Staff
29948,Elzbieta,Kruskal,Senior Engineer
29950,Laurentiu,Vasanthakumar,Engineer
29952,Jianhao,Kusakari,Engineer
29955,Dannz,Bondorf,Staff
29962,Hideo,Thebaut,Staff
29963,Tristan,Roison,Senior Engineer
29969,Lena,McAffer,Senior Engineer
29976,Youjian,Brendel,Engineer
29983,Lucian,Christ,Senior Engineer
29985,Marin,Roisin,Senior Engineer
29987,Sachem,Brandsma,Staff
29989,Zorica,Borstler,Staff
29991,Aral,Rosenbaum,Senior Staff
29993,Claudi,Murthy,Technique Leader
29996,Gennady,Pfau,Engineer
29998,Chanjung,Riesenhuber,Senior Engineer
30000,Matt,Avouris,Senior Engineer
30001,Izaskun,Morton,Senior Staff
30003,Takahito,Vilarrasa,Senior Staff
30005,Ramachenga,Nourani,Engineer
30008,Tsutomu,Kalafatis,Senior Engineer
30016,Nathan,Nastansky,Senior Engineer
30020,Masadi,Brobst,Engineer
30021,Martijn,Rosca,Senior Staff
30022,Ger,Genin,Senior Staff
30025,Jianhao,Mansanne,Senior Staff
30039,Ronghao,Antonisse,Senior Engineer
30047,Utpal,Schlumberger,Senior Staff
30057,Atilio,Magliocco,Staff
30062,Phuoc,Ertl,Senior Engineer
30067,Francoise,Georg,Engineer
30068,Zhenbing,Klassen,Senior Engineer
30071,Khedija,Sabnani,Staff
30072,Owen,Kalafatis,Senior Staff
30075,Bojan,Zedlitz,Senior Staff
30078,Greger,Thummel,Senior Staff
30083,Wanqing,Burnard,Senior Engineer
30084,Jiafu,Cronin,Senior Engineer
30085,Emdad,Rothenberg,Senior Staff
30090,Hausi,Siprelle,Senior Staff
30092,Kristof,Pusterhofer,Senior Engineer
30097,Minghong,Bardell,Engineer
30101,Berni,Olano,Technique Leader
30102,Ranan,Asrin,Senior Engineer
30103,Murthy,Gini,Senior Staff
30104,Eishiro,Krohn,Senior Engineer
30106,Zeljko,Yamaashi,Engineer
30107,Sungwon,Reinhard,Engineer
30109,Kiyokazu,Legleitner,Senior Engineer
30110,Shai,Gelosh,Engineer
30111,Remzi,Naumovich,Staff
30114,Mikhail,Asrin,Senior Staff
30119,Ramalingam,Tagansky,Senior Staff
30120,Francoise,Ghelli,Engineer
30123,Rosita,Baba,Technique Leader
30124,Ferdinand,Lund,Engineer
30133,Tonny,Bharadwaj,Senior Engineer
30136,Unal,Baranowski,Senior Staff
30143,Indrajit,Huttel,Senior Staff
30147,Richard,Bennet,Staff
30148,Lakshmi,Linnainmaa,Senior Staff
30149,Leon,Bugaenko,Engineer
30161,Muzhong,Gimarc,Senior Engineer
30167,Sorina,Tiemann,Senior Engineer
30172,Randy,Matzke,Senior Staff
30179,Shirish,Krzyzanowski,Senior Staff
30181,Shunichi,Ariola,Senior Staff
30189,Krisda,Koblick,Technique Leader
30191,Gian,Azevdeo,Engineer
30192,Stevo,Back,Technique Leader
30193,Vincent,Slobodova,Engineer
30198,Saeed,Arlazarov,Senior Staff
30203,Atreyi,Vidya,Engineer
30206,Toong,Mandelberg,Senior Staff
30209,Yannis,Aloisi,Senior Staff
30213,Srinidhi,Restivo,Engineer
30215,Djelloul,Jiang,Senior Engineer
30216,Tsuneo,Baer,Engineer
30220,Marjo,Bouloucos,Engineer
30223,Jasminko,Melski,Senior Engineer
30226,Shiv,Reghbati,Senior Engineer
30231,Heon,Cichocki,Senior Engineer
30235,Tuval,Crelier,Senior Staff
30239,Barry,Conte,Senior Staff
30240,Berry,Merks,Senior Staff
30241,Kensyu,Thiran,Senior Engineer
30242,Maris,Viele,Senior Engineer
30247,Jeanne,Ranum,Senior Engineer
30251,Tadanori,Radhakrishnan,Senior Staff
30252,Junichi,Keustermans,Engineer
30253,Renee,Valette,Senior Staff
30258,Kazuhiko,Versino,Senior Staff
30260,Trygve,Feinberg,Senior Staff
30261,Bernardo,Claffy,Senior Engineer
30263,Prodip,Acton,Engineer
30266,Yongdong,Luders,Staff
30269,Dharmaraja,Valtorta,Senior Staff
30274,Hironoby,Chiola,Senior Engineer
30275,Miquel,Malabarba,Senior Engineer
30276,Kazuhiko,Matheson,Senior Engineer
30278,Yolla,Clemencon,Engineer
30283,Zeydy,Juneja,Senior Engineer
30285,Parke,Cyre,Senior Engineer
30286,Doowon,Leslie,Senior Staff
30289,Kiyomitsu,Vuskovic,Senior Engineer
30297,Jiang,Birjandi,Staff
30300,Gilbert,Klassen,Engineer
30302,Amstein,Sankaranarayanan,Senior Staff
30303,Hyuckchul,Melter,Engineer
30305,Pramod,Chappelet,Senior Staff
30309,Jayesh,Azevdeo,Staff
30310,Mototsugu,Senzako,Engineer
30313,Srinidhi,Candan,Senior Engineer
30314,Quingbo,Beutelspacher,Assistant Engineer
30318,Tremaine,Gien,Senior Engineer
30319,Tomofumi,Driscoll,Staff
30320,Kristine,Facello,Senior Engineer
30324,Thanasis,Hambrick,Senior Staff
30329,Shim,Soicher,Senior Engineer
30330,Caolyn,Nitsch,Senior Staff
30331,Lene,Vuskovic,Senior Engineer
30332,Nathalie,Oppitz,Senior Staff
30334,Yongqiao,Atchley,Senior Staff
30340,Fumiya,Condotta,Senior Engineer
30342,Xiaoheng,Heystek,Senior Engineer
30351,Djenana,Blokdijk,Senior Staff
30354,Lansing,Orlowska,Engineer
30358,Phuoc,Radhakrishnan,Technique Leader
30361,Nidapan,DasSarma,Engineer
30362,Taizo,Beidas,Staff
30363,Dante,Karcich,Staff
30364,Miquel,Byoun,Senior Engineer
30371,Sukumar,Jansch,Engineer
30372,Xiadong,Maccarone,Staff
30373,Jayesh,Vasanthakumar,Senior Staff
30374,Xiaocheng,Reinhart,Senior Engineer
30380,Jianhao,Templeman,Engineer
30381,Sampalli,Hartvigsen,Senior Engineer
30390,Oddvar,Pocchiola,Senior Staff
30396,Vishv,Hmelo,Senior Engineer
30406,LiMin,Vickson,Staff
30407,Toshiki,Coors,Senior Staff
30408,Masasuke,Crelier,Engineer
30409,Eberhardt,Kornyak,Senior Engineer
30410,Feiyu,Menyhert,Senior Staff
30418,Adit,Perl,Senior Staff
30419,Peer,Kulisch,Senior Engineer
30424,Hsiangchu,Jenevein,Senior Engineer
30425,Rimli,Akazan,Senior Staff
30434,Shay,Sury,Technique Leader
30437,Mahmut,Otillio,Engineer
30439,Masasuke,Lamba,Staff
30441,Janche,Lorin,Staff
30448,Jacqueline,Brodie,Senior Staff
30451,Moti,Pileggi,Senior Engineer
30454,Pradeep,Plessier,Senior Engineer
30466,Sumant,Giaccio,Senior Staff
30470,Siamak,Jayawardene,Senior Engineer
30475,Weicheng,Orlowski,Engineer
30478,Gad,Ozeri,Senior Engineer
30479,Shigenori,Kampfer,Engineer
30497,Youjian,Pettis,Senior Staff
30498,Heng,Jervis,Engineer
30500,Mang,Wallrath,Senior Engineer
30501,Jiang,Shiratori,Engineer
30506,Yakkov,Chandrasekhar,Senior Staff
30507,Adamantios,Remmers,Senior Engineer
30508,Herbert,Aloisi,Staff
30509,Keiichiro,Comellas,Senior Staff
30513,Eric,Limongiello,Senior Staff
30514,Leon,Rouquie,Engineer
30515,Surveyors,Walstra,Senior Staff
30516,Houman,Ishibashi,Engineer
30519,Valeri,Lukaszewicz,Engineer
30521,Tetsushi,Kroha,Engineer
30525,Snehasis,Matzen,Senior Staff
30528,Ewing,Hiroyama,Staff
30529,Edwin,Cooley,Senior Staff
30530,LiMin,McFarlan,Engineer
30531,Limsoon,Talmor,Senior Engineer
30537,Bluma,Gini,Senior Engineer
30546,Janalee,Oehlmann,Senior Staff
30550,Quingbo,Hofstetter,Engineer
30555,Dante,Hiraishi,Staff
30557,Goncalo,Manders,Senior Staff
30559,Moss,Neimat,Senior Staff
30567,Duke,Nitta,Senior Staff
30569,Haldon,Gajiwala,Senior Engineer
30571,Ziva,Bonifati,Engineer
30572,Fabrizio,Trumbly,Staff
30573,Marie,Rijckaert,Technique Leader
30576,Christfried,Heijenga,Engineer
30577,JoAnna,Rosaz,Engineer
30582,Oscar,Kavanagh,Engineer
30586,Jianhao,Curless,Technique Leader
30588,Chandrasekaran,Tokunaga,Staff
30589,Chirstian,Reistad,Senior Engineer
30592,Bernt,Mapelli,Engineer
30599,Divier,Bierman,Senior Engineer
30601,Gilbert,Cyne,Senior Staff
30606,Chuanyi,Shrader,Senior Engineer
30614,Nalini,Peir,Assistant Engineer
30618,Weicheng,Zweizig,Engineer
30620,Dung,Niizuma,Senior Engineer
30622,Naftali,Perko,Senior Engineer
30624,Gou,Rosiles,Staff
30633,Arra,Ranta,Senior Engineer
30634,Patricio,Farrel,Senior Engineer
30636,Zejun,Liesche,Engineer
30644,Marlo,Hegner,Engineer
30645,Saddek,Herbst,Engineer
30648,Macha,Chartres,Senior Engineer
30649,Baruch,Peron,Technique Leader
30651,Tsutomu,Uhrig,Engineer
30655,Xuedong,Anandan,Senior Staff
30656,Gritta,Ranst,Engineer
30658,Shimshon,Benaini,Senior Staff
30661,Kiyokazu,Genin,Staff
30662,Basil,Pouyioutas,Senior Staff
30663,Gurbir,Sigstam,Senior Staff
30664,Jixiang,Peot,Senior Engineer
30665,Hideo,Hitomi,Senior Staff
30666,Guadalupe,Clemencon,Senior Engineer
30667,Taiji,Pews,Engineer
30670,Lillian,Zizka,Staff
30671,Chinya,Szemeredi,Senior Engineer
30672,Theirry,Luff,Senior Staff
30673,Berry,Ozeki,Senior Staff
30679,Shushma,Gargeya,Senior Staff
30687,Bodh,Soicher,Senior Staff
30689,Jeong,Potthoff,Senior Staff
30698,Djenana,Kropp,Senior Staff
30701,Tse,Pollock,Staff
30702,Vincent,Shumilov,Engineer
30705,Satoru,Teitelbaum,Staff
30706,Genki,Stanger,Senior Engineer
30712,Lijie,Byoun,Senior Engineer
30713,Chriss,Chepyzhov,Senior Staff
30715,Denny,Sgarro,Technique Leader
30727,Toshimitsu,Sury,Senior Staff
30730,Willard,Pelc,Senior Staff
30744,Khatoun,Fadgyas,Senior Staff
30745,Basil,Turnbull,Staff
30747,Uma,Laurillard,Senior Engineer
30748,Katsuyuki,Uchoa,Senior Staff
30749,Sangeeta,Acton,Technique Leader
30753,Cullen,Khalid,Senior Engineer
30754,Shigenori,Shanbhogue,Senior Engineer
30761,Hisao,Iisaka,Senior Engineer
30764,Heping,Qiwen,Senior Engineer
30766,Tesuya,Gulak,Staff
30769,Berry,Frolund,Senior Staff
30770,Shimshon,Fabrizio,Engineer
30772,Badri,Kandlur,Technique Leader
30774,Gunilla,Hettesheimer,Senior Staff
30775,Susanna,Ecklund,Engineer
30780,Boguslaw,Swab,Senior Engineer
30784,Along,Griswold,Staff
30788,Kazuhisa,Schaft,Senior Staff
30791,Xiong,Ariola,Technique Leader
30795,Saniya,Gulak,Engineer
30800,Nevin,Fandrianto,Senior Engineer
30802,Keung,Bernini,Senior Engineer
30806,Leen,Furudate,Engineer
30808,Tristan,Chepyzhov,Senior Engineer
30809,Zengping,Kermarrec,Engineer
30819,Sachio,Asrin,Senior Engineer
30824,Subbu,Bellone,Senior Staff
30828,Duke,Baumann,Senior Engineer
30829,Kagan,Schaft,Senior Engineer
30831,Arno,Kermarrec,Senior Staff
30833,Chaoyi,Cichocki,Senior Engineer
30834,Van,Erdi,Senior Staff
30836,Sachem,Mitsuhashi,Senior Engineer
30844,Aran,Kugler,Staff
30846,Nidapan,Montresor,Senior Engineer
30851,Ortrun,Castellani,Senior Staff
30853,Jasminko,Bade,Staff
30854,Zeljko,Poehlman,Engineer
30856,Chaosheng,Lampe,Senior Engineer
30859,Eckart,Nitta,Engineer
30861,Mani,Cusworth,Staff
30864,Remco,Sigstam,Senior Staff
30872,Dulce,Ranze,Staff
30873,Remco,Matteis,Senior Staff
30875,Zito,Baja,Engineer
30879,Lenore,Plessier,Assistant Engineer
30882,Kiam,Ulupinar,Staff
30893,Tooru,Rossi,Technique Leader
30897,Anwar,Collette,Senior Engineer
30899,Dannz,Keirsey,Senior Staff
30910,Luise,Zastre,Senior Engineer
30915,Tomoyuki,Sabnani,Engineer
30919,Leen,Cochrane,Senior Engineer
30923,Chandrasekaran,Ellozy,Staff
30926,Khoa,Salinas,Senior Engineer
30931,Jongsuk,Limongiello,Staff
30935,Toshimo,Sidhu,Engineer
30936,Rosalyn,Attimonelli,Senior Engineer
30942,Henk,Ranta,Staff
30948,Xinan,Lunt,Senior Engineer
30951,Alagu,Matzen,Senior Engineer
30953,Mototsugu,Mukaidono,Senior Staff
30957,Xinglin,Schnabel,Senior Engineer
30958,Sham,Jayawardene,Senior Engineer
30960,Ute,Belinskaya,Staff
30968,Ingemar,Karlin,Senior Staff
30969,Berry,Imataki,Senior Staff
30978,Gunilla,Onuegbe,Staff
30979,Taegyun,Zastre,Engineer
30981,Ipke,Ranft,Engineer
30983,Nidapan,Petersohn,Senior Staff
30988,Zhiguo,Murtha,Senior Staff
30989,Fumitake,Crooks,Engineer
30991,Jaber,Andreotta,Staff
30993,Sreenivas,Hofmeyr,Senior Engineer
30994,Pranay,Alpin,Assistant Engineer
30998,Zhongwei,Ebeling,Senior Engineer
30999,Yuuichi,Lorys,Senior Staff
31005,Ulises,Gustavson,Senior Engineer
31012,Sasan,Marletta,Engineer
31017,Geoffry,Kitsuregawa,Staff
31019,Arve,Junot,Senior Engineer
31022,Masali,Ritzmann,Senior Staff
31024,Xiadong,Ciolek,Senior Staff
31025,Suebskul,Rijsenbrij,Senior Staff
31027,Slavian,Tempesti,Senior Engineer
31034,Faiza,Picaronny,Senior Engineer
31036,Vivian,Orlowski,Senior Engineer
31038,Arvin,Birnbaum,Senior Staff
31058,Abdulah,Frezza,Senior Engineer
31064,Xiaoheng,Zolotykh,Engineer
31066,Sadun,Papsdorf,Senior Staff
31070,Tru,Solares,Senior Staff
31071,Jacqueline,Michaeli,Senior Engineer
31075,Rafail,Merks,Senior Staff
31085,Venkatesan,Merks,Engineer
31088,Zongyan,Winter,Senior Engineer
31089,Kshitij,Cannane,Senior Staff
31091,Tua,Rebaine,Engineer
31094,Augustine,Hempstead,Engineer
31103,Gilbert,Szilard,Staff
31104,King,Gihr,Senior Staff
31106,Oscal,Kulisch,Senior Staff
31117,Navin,Plumb,Staff
31119,Yishay,Menhardt,Senior Engineer
31122,Remko,Ghemri,Senior Engineer
31127,Mizuhito,Puppo,Senior Staff
31128,Serif,Frolund,Assistant Engineer
31131,Conal,Zolotykh,Senior Staff
31132,Barna,Ghalwash,Senior Staff
31135,Lokesh,Hebert,Senior Staff
31146,Shaibal,Asmuth,Senior Staff
31160,Nakhoon,Demke,Senior Staff
31161,Lena,Jiafu,Staff
31167,Constantijn,Reinhard,Senior Engineer
31171,Sashi,Przulj,Senior Staff
31172,Fumitaka,Rohrbach,Engineer
31176,Brewster,Narahari,Senior Engineer
31189,Shounak,Erdmenger,Senior Staff
31193,Ranan,Stranks,Engineer
31196,Barry,Emmart,Senior Engineer
31199,Abdelwaheb,Zuberek,Staff
31204,Berry,Murillo,Engineer
31212,Weicheng,Eppinger,Senior Staff
31213,Koldo,Lamparter,Senior Staff
31214,Weijing,Rebaine,Senior Engineer
31215,Constantine,Schaft,Senior Staff
31220,Radoslaw,Lund,Senior Staff
31222,Shmuel,Billawala,Senior Staff
31224,Uta,Apsitis,Senior Staff
31226,Gennady,Vakili,Senior Staff
31227,Aluzio,McConalogue,Senior Engineer
31230,Dzung,Klyachko,Staff
31233,Hatem,Waschkowski,Senior Engineer
31235,Alejandra,Suessmith,Senior Engineer
31244,Masasuke,Rohrbach,Senior Staff
31252,Tzu,Ariola,Senior Staff
31253,Troy,Pepe,Senior Engineer
31257,Nectarios,Cherinka,Senior Engineer
31260,Elliott,Schaaf,Staff
31262,Dines,Flowers,Engineer
31263,Yurij,Pena,Senior Engineer
31266,Barna,Compeau,Staff
31268,Nitsan,Pocchiola,Staff
31269,Tran,Flexer,Engineer
31274,Manton,Marquardt,Senior Staff
31278,Chaosheng,Delaune,Senior Staff
31280,Zsolt,Wynblatt,Senior Engineer
31286,Marsha,Magliocco,Senior Engineer
31287,Dmitry,Shrader,Staff
31289,Zhigen,Luiz,Senior Staff
31290,Masoud,Coullard,Assistant Engineer
31292,Elgin,Terlouw,Senior Engineer
31305,Nadjib,Luiz,Engineer
31312,Tremaine,Chenney,Senior Engineer
31313,Qunsheng,Tsukune,Senior Staff
31316,Becky,Kambil,Senior Engineer
31318,Lorien,Bednarek,Senior Staff
31319,Xuejia,Melichar,Technique Leader
31320,Val,Walston,Engineer
31321,Gretta,Gelosh,Senior Engineer
31326,Tesuya,Conta,Senior Engineer
31328,Shigeo,Matzov,Senior Engineer
31333,Kerhong,Jenevein,Technique Leader
31340,Gennady,Marrakchi,Senior Engineer
31343,Heon,Denos,Senior Staff
31344,Saddek,Gerteisen,Senior Staff
31348,Ravishankar,Randi,Senior Staff
31361,Jouko,Danley,Staff
31362,Bikash,Straney,Senior Engineer
31363,Hidde,Merli,Senior Staff
31367,Paloma,Antonakopoulos,Senior Engineer
31369,Yishay,Birdsall,Senior Staff
31371,Feixiong,Hartvigsen,Senior Engineer
31372,Padma,Zaccaria,Senior Staff
31373,Nevin,Wuwongse,Engineer
31378,Kwun,Bellmore,Senior Engineer
31380,Sastry,Coullard,Senior Engineer
31384,JoAnne,Peac,Senior Staff
31385,Barry,Daescu,Senior Staff
31386,Matk,Cooke,Senior Engineer
31387,Kazuyasu,Segond,Staff
31389,Ranan,Gunderson,Senior Staff
31390,Fei,Liedekerke,Staff
31391,Maik,Mungall,Senior Staff
31394,Martial,Lieberherr,Staff
31395,Jayesh,Wursthorn,Staff
31398,Hideo,Grospietsch,Senior Engineer
31401,Hein,Sigstam,Senior Staff
31402,Stabislas,Cools,Senior Engineer
31404,Gererd,Narlikar,Senior Engineer
31405,Ramzi,Haldar,Senior Staff
31407,Chaosheng,Vernadat,Senior Staff
31408,Huei,Sullins,Senior Staff
31410,Mountaz,Iwayama,Engineer
31411,Moheb,Zaumen,Staff
31412,Karoline,Ranze,Senior Engineer
31414,Arunachalam,Erol,Staff
31421,Trygve,Mattern,Staff
31422,Nakhoon,Gils,Engineer
31423,Otilia,Ranta,Senior Engineer
31425,Mohammad,Anger,Staff
31426,Guozhong,Polajnar,Senior Engineer
31429,Matk,Bernini,Senior Staff
31430,Boutros,Rabehasaina,Senior Engineer
31435,Sedat,Conia,Senior Engineer
31436,Odinaldo,Plessier,Engineer
31442,Utpal,Fortenbacher,Senior Staff
31444,Aris,Hinsberger,Senior Staff
31454,Tommaso,Lorin,Engineer
31456,Tamiya,Rajcani,Technique Leader
31473,Halsur,Deverell,Senior Staff
31485,Fai,Argence,Senior Engineer
31487,Xiping,Stentiford,Senior Engineer
31490,Zhensheng,Castellani,Senior Engineer
31492,Dmitri,Lichtman,Senior Engineer
31493,Zhiwei,Gargeya,Staff
31494,Lihong,Baezner,Senior Engineer
31495,Akhilish,Coombs,Technique Leader
31501,Martial,Penn,Senior Engineer
31502,Heng,Luft,Senior Engineer
31503,Kyoichi,Xiaoshan,Senior Staff
31508,Sanjit,Gadepally,Senior Staff
31510,Sreenivas,Kabayashi,Senior Engineer
31513,Toshiko,Menhardt,Engineer
31519,Selwyn,Angelov,Senior Staff
31531,Toshimi,Muntz,Senior Staff
31533,Trygve,Albarhamtoshy,Senior Staff
31537,Mohd,Schahn,Technique Leader
31539,Luise,Demian,Staff
31541,Luigi,Zeidenstein,Senior Engineer
31543,Srinidhi,Siksek,Engineer
31546,Isamu,Silva,Senior Engineer
31547,Subhada,Kalloufi,Engineer
31552,Oscar,Taubenfeld,Engineer
31554,Mitsuyuki,Cochrane,Staff
31556,Badri,Heijenga,Senior Engineer
31557,Denny,Kalafatis,Senior Staff
31558,Shuzo,Hmelo,Senior Staff
31563,Pradeep,Kushner,Senior Staff
31565,Duro,Nourani,Staff
31571,Jagoda,Reutenauer,Technique Leader
31574,Huai,Lalonde,Engineer
31577,Xiahua,Munro,Senior Staff
31580,Weidon,Porotnikoff,Engineer
31582,Duro,Underwood,Senior Engineer
31587,Heather,Henseler,Senior Engineer
31593,Kamakshi,Merey,Senior Engineer
31594,Abdelkader,Birta,Senior Staff
31595,Stevo,Barbanera,Staff
31596,Susuma,Larfeldt,Engineer
31600,Arif,Zeidenstein,Senior Staff
31604,Mikhail,Niizuma,Senior Engineer
31608,Constantino,Krone,Senior Engineer
31624,Seongbin,Picht,Senior Staff
31630,Fabrizio,Businaro,Senior Engineer
31631,Tuval,Kavvadias,Senior Staff
31632,Eldridge,Shihab,Senior Engineer
31634,Mohua,Rubsam,Senior Engineer
31641,Aram,Syrzycki,Senior Engineer
31644,Khalid,Beidas,Engineer
31647,Naftali,Penz,Staff
31649,Souichi,Candan,Senior Engineer
31650,Neven,Savasere,Senior Staff
31651,Oscal,Zeilberger,Senior Staff
31657,Adhemar,Range,Senior Engineer
31658,Byong,Aloia,Senior Engineer
31663,Weiwu,Kobara,Staff
31664,Mohan,Vickson,Staff
31667,Hairong,Spataro,Senior Engineer
31671,Mingdong,Trystram,Senior Staff
31674,Jixiang,Bernini,Senior Staff
31675,Yongmin,Zlotek,Engineer
31679,Basant,Koshiba,Senior Staff
31681,Paris,Luiz,Engineer
31684,Jungsoon,Deyuan,Technique Leader
31686,Djelloul,Cummings,Engineer
31697,Malu,Msuda,Senior Engineer
31700,Weiyi,Ranft,Senior Staff
31702,Florian,Isard,Senior Staff
31704,Alagu,Randt,Senior Engineer
31706,Howell,Redmiles,Senior Staff
31707,Anoosh,Akazan,Senior Engineer
31709,Jinpo,Boissier,Senior Engineer
31712,Jiang,Dulay,Senior Staff
31716,Radoslaw,Chaudhury,Senior Staff
31719,JoAnne,Caine,Senior Staff
31721,Erez,Gimbel,Engineer
31723,Ziva,Delaune,Assistant Engineer
31725,Kazunori,Trystram,Engineer
31727,Guadalupe,Hegner,Engineer
31731,Mikhail,Suri,Technique Leader
31733,Jaideep,Coombs,Senior Engineer
31736,Kensei,Honiden,Engineer
31738,Edwin,Unno,Senior Engineer
31740,Goo,Domenig,Staff
31741,Valeri,Kenevan,Senior Staff
31742,Pramod,Vendrig,Senior Staff
31743,Lihong,Sinitsyn,Staff
31745,Sergi,Rodham,Senior Engineer
31747,Lalit,Garnier,Senior Engineer
31750,Fabrizio,DuBourdieux,Staff
31751,Phillip,Ramsey,Senior Staff
31752,Anyuan,Yetim,Senior Engineer
31753,Lillian,Binkley,Senior Engineer
31755,Radhakrishnan,Murtha,Engineer
31757,Alair,Kobara,Technique Leader
31760,Mircea,Rosiles,Engineer
31763,Tetsurou,Fadgyas,Senior Engineer
31765,Ipke,Tasistro,Senior Engineer
31766,Rance,Masand,Senior Staff
31767,Panayotis,Peek,Engineer
31770,Weiyi,Couchot,Senior Staff
31774,Aron,Erie,Staff
31777,Pragnesh,Kumaresan,Senior Engineer
31780,Ronnie,Farrow,Staff
31783,Ugo,Thambidurai,Senior Engineer
31791,Saddek,Debuse,Senior Staff
31794,Tsuneo,Gunderson,Senior Engineer
31796,Leen,Vakili,Senior Engineer
31801,Sadok,Heuser,Engineer
31802,Murthy,Huhdanpaa,Senior Engineer
31804,Aris,Masand,Senior Staff
31810,Jasminko,Gill,Senior Engineer
31811,Zine,Raney,Staff
31814,Weijing,Brookner,Senior Engineer
31818,Kristina,Erni,Senior Staff
31819,Conrado,Dehkordi,Staff
31821,Xiaobin,Farrel,Technique Leader
31823,Sivanarayana,Bernini,Engineer
31824,Remko,Pezzoli,Senior Staff
31825,Xuedong,Zyda,Staff
31849,Chaitali,Sabnani,Engineer
31852,Byong,Spieker,Senior Staff
31858,Geoffrey,Benantar,Senior Staff
31861,Hidefumi,Lamma,Technique Leader
31864,Zhenbing,Bahl,Senior Engineer
31865,Ramzi,Schade,Engineer
31868,Dhritiman,Jervis,Senior Engineer
31872,Sanjay,Georgakopoulos,Senior Staff
31877,Masoud,Ossenbruggen,Engineer
31889,Elgin,Kalafatis,Senior Staff
31890,Dekang,Shiratori,Senior Staff
31896,Kotesh,Gubsky,Senior Staff
31898,Laurentiu,Bierman,Senior Staff
31900,Odoardo,Fujisaki,Engineer
31910,Koldo,Vingron,Staff
31913,Bangqing,Luca,Senior Engineer
31914,Nevio,Theuretzbacher,Senior Engineer
31915,Kazuhide,Speckmann,Senior Engineer
31916,Munehiro,Detkin,Staff
31928,Uli,Gecseg,Senior Staff
31929,Chanjung,Penn,Technique Leader
31931,Alenka,Leppanen,Senior Staff
31932,Sajjan,Bernardinello,Senior Engineer
31933,Arun,Huhdanpaa,Senior Engineer
31937,Rance,Birjandi,Senior Staff
31940,Kousuke,Brookner,Engineer
31941,Gian,Silva,Engineer
31942,Syozo,Schnabel,Senior Engineer
31946,Toong,Iwayama,Senior Staff
31952,Giap,Christianini,Senior Staff
31955,Fen,Nourani,Senior Engineer
31956,Ziyad,Gecsei,Senior Staff
31959,Vojin,Niizuma,Senior Engineer
31966,Perry,Tetzlaff,Senior Staff
31970,Taegyun,Zaumen,Senior Engineer
31972,Yifei,Kawashimo,Senior Engineer
31975,Keung,Trogemann,Staff
31979,KayLiang,Callaway,Engineer
31980,Kinh,Perz,Engineer
31982,Boutros,Undy,Engineer
31983,Salvador,Knightly,Senior Engineer
31999,Stabislas,Siksek,Senior Staff
32001,Mari,Attimonelli,Senior Staff
32018,Bernardo,Waeselynck,Senior Engineer
32026,Lansing,Skrikant,Senior Staff
32027,Mong,Sidhu,Senior Staff
32030,Shooichi,Minakawa,Engineer
32032,Harjit,Kermarrec,Senior Staff
32037,Bader,Ozeri,Engineer
32043,Muzhong,Cooman,Staff
32044,Maja,Heering,Staff
32047,Arfst,Lorys,Senior Engineer
32048,Stamatina,Unno,Senior Engineer
32049,Khalid,Rattan,Staff
32051,Gretta,Merro,Senior Staff
32053,Arunachalam,Tiemann,Senior Engineer
32054,Kersti,Bahk,Senior Engineer
32056,Parviz,Lieblein,Senior Staff
32062,Janalee,Onuegbe,Staff
32064,Mandell,Gammage,Senior Staff
32071,Ewing,Yavatkar,Engineer
32078,Subir,Cappello,Staff
32089,Jianhua,Bardell,Senior Engineer
32092,Berto,Luca,Engineer
32094,Mohd,Buchter,Senior Staff
32105,Serenella,Boudaillier,Engineer
32106,Conor,Claffy,Engineer
32113,Surveyors,Beerel,Technique Leader
32117,Panayotis,Swiss,Senior Staff
32118,Serenella,Litvinov,Senior Engineer
32130,Bilhanan,Hiyoshi,Engineer
32133,Zine,Huxford,Engineer
32137,Shim,Dengi,Engineer
32138,Anyuan,Facello,Senior Staff
32142,Divier,Pappas,Staff
32143,Takushi,Spieker,Technique Leader
32144,Akeel,Nittel,Engineer
32147,Shahaf,Basart,Senior Engineer
32149,Jaewon,Fabrizio,Technique Leader
32150,Chenxi,Narwekar,Senior Staff
32151,Martine,Pileggi,Senior Staff
32158,Fun,Ranta,Senior Engineer
32159,Gennady,Marshall,Engineer
32164,Isamu,Penttonen,Staff
32167,Christophe,Sury,Senior Staff
32168,Yaghout,Swick,Technique Leader
32169,Sampalli,Niizuma,Senior Staff
32171,Zhaofang,Setia,Senior Engineer
32172,Duangkaew,Milicia,Staff
32174,Mohua,Kaltofen,Engineer
32176,Arie,Lorys,Assistant Engineer
32180,Abdelaziz,Hofman,Senior Staff
32186,Serap,Pesch,Senior Engineer
32193,Margareta,Szmurlo,Senior Staff
32195,Ziva,Zaumen,Senior Staff
32196,Xiaopeng,Sluis,Assistant Engineer
32197,Claude,Highland,Senior Staff
32199,Eishiro,Perna,Engineer
32200,Nalini,Sadowsky,Engineer
32203,Stamatina,Gulak,Senior Staff
32204,Garnet,Leppanen,Senior Staff
32210,Tran,Serdy,Staff
32213,Tzvetan,Bashian,Senior Staff
32215,Xiaoshan,Piveteau,Technique Leader
32216,Martine,Lanteri,Senior Staff
32219,Honglan,Rosin,Senior Staff
32221,Pranas,Snedden,Senior Staff
32222,Hyuncheol,Clemencon,Staff
32233,Kenroku,Benveniste,Senior Engineer
32237,Yucai,Range,Staff
32239,Xumin,Cummings,Senior Staff
32242,Annemarie,Rosen,Engineer
32244,Mitsuyuki,Mitsuhashi,Senior Engineer
32246,Georg,Onuegbe,Senior Staff
32251,Inderjeet,Tsukuda,Staff
32252,Marke,Bratten,Senior Engineer
32253,Felicidad,Serov,Engineer
32254,Kien,Merel,Technique Leader
32260,Sachem,Baranowski,Senior Staff
32261,Bernt,Dehkordi,Senior Engineer
32262,Holgard,Kaltofen,Assistant Engineer
32269,Kannan,Cangellaris,Senior Staff
32270,Kiyokazu,Naudin,Engineer
32272,Yuqun,Parascandalo,Senior Engineer
32275,Jaideep,Hedayat,Engineer
32277,Tesuro,Papastamatiou,Senior Engineer
32279,Mokhtar,Falco,Technique Leader
32280,Susumu,Hofting,Senior Staff
32296,Baruch,Peris,Senior Engineer
32297,Chandrasekaran,Loncour,Senior Engineer
32301,Itzchak,Wolniewicz,Senior Engineer
32303,Bodh,Merli,Senior Staff
32307,Hercules,Setiz,Senior Engineer
32308,Arun,Baja,Technique Leader
32310,Rosella,Krone,Senior Engineer
32325,Magdalena,Taubenfeld,Technique Leader
32333,Yoshimitsu,Mitsuhashi,Senior Engineer
32339,Rasikan,Strooper,Staff
32340,Maria,Tiemann,Senior Engineer
32341,Vincent,Stiles,Senior Engineer
32343,Aloys,Pews,Senior Engineer
32344,Lillian,Takanami,Senior Engineer
32349,Hairong,DiGiano,Senior Staff
32368,Ebru,Ravishankar,Staff
32371,Yoshimitsu,Dulay,Senior Staff
32372,Randy,Nitsch,Senior Staff
32377,Teunis,Wolniewicz,Senior Engineer
32381,Abdelkader,Uhrik,Staff
32386,Horward,Ratnakar,Senior Staff
32394,Constantino,Merlo,Senior Staff
32398,Jessie,Dahlbom,Senior Engineer
32400,Jagoda,Prochazka,Technique Leader
32405,Vitaly,Haumacher,Senior Engineer
32406,Filipe,Ranze,Senior Engineer
32407,Gita,Nollmann,Senior Engineer
32410,Geraldo,Jenevein,Senior Staff
32413,Constantine,Baik,Engineer
32420,Parto,Sinitsyn,Staff
32426,Lijie,Oskamp,Senior Staff
32427,Jovan,Rajala,Engineer
32430,Yongdong,Hellwagner,Senior Engineer
32433,Remzi,Hoppenstand,Senior Staff
32438,Masali,Terwilliger,Senior Engineer
32439,Abdelghani,Karner,Staff
32442,Leucio,Remmele,Senior Engineer
32443,Bernd,Beznosov,Staff
32444,Ioana,Ventosa,Senior Staff
32445,Kristian,Angelopoulos,Senior Engineer
32446,Chirstian,Magalhaes,Senior Engineer
32449,Gal,Sabnani,Senior Engineer
32451,Fumiyo,Argence,Senior Staff
32455,Lokesh,Brlek,Senior Engineer
32456,DeForest,Alameldin,Senior Staff
32458,Conal,Uehara,Senior Staff
32459,Sanjoy,Maraist,Staff
32465,Yucel,Dymetman,Senior Engineer
32467,Berna,Dulay,Senior Engineer
32468,Rafols,Masamoto,Senior Staff
32472,Heekeun,Ariola,Senior Engineer
32474,Sariel,Eterovic,Assistant Engineer
32475,Kitty,Onuegbe,Senior Engineer
32479,Kerhong,Olano,Staff
32481,Dipankar,Nanard,Senior Staff
32483,Gay,Tsukune,Senior Staff
32487,Neven,Hambrick,Senior Staff
32488,Jeanne,Merks,Senior Engineer
32493,Lunjin,Kriebel,Engineer
32496,Tiina,Wursthorn,Senior Staff
32499,Jouko,Hellwagner,Senior Engineer
32505,Sailaja,Gustavson,Senior Staff
32508,Lijie,Roccetti,Senior Engineer
32512,Barun,Shiratori,Staff
32513,Sadok,Swan,Senior Staff
32515,Branimir,Attimonelli,Staff
32517,KayLiang,Himler,Senior Staff
32527,Subhada,Terwilliger,Staff
32528,Naftaly,Jeong,Engineer
32529,Mohammed,Barbanera,Senior Staff
32531,Heng,Zirintsis,Senior Engineer
32540,Chrisa,Jervis,Senior Engineer
32542,Yishay,Manders,Senior Staff
32546,Gil,Velasco,Technique Leader
32553,Hausi,Pouyioutas,Engineer
32557,Henk,Vendrig,Technique Leader
32559,Ingemar,Thombley,Senior Engineer
32563,Gritta,Larfeldt,Senior Engineer
32564,Hatem,Miake,Senior Staff
32566,Takahito,Przulj,Engineer
32568,Lorien,Rijckaert,Senior Engineer
32572,Alain,Oskamp,Senior Engineer
32574,Steen,Bahi,Senior Staff
32578,Billie,Chleq,Senior Staff
32580,Kirk,Facello,Senior Engineer
32581,Mamdouh,Reeker,Technique Leader
32583,Siamak,Comte,Staff
32584,Eishiro,Masamoto,Senior Staff
32587,Sugwoo,Ballarin,Senior Engineer
32590,Gil,Deyuan,Senior Engineer
32595,Magy,Ghemri,Engineer
32596,Naftaly,Gelosh,Senior Engineer
32597,Djelloul,Muntz,Senior Staff
32599,George,Mundy,Assistant Engineer
32600,Uta,Diderrich,Staff
32609,Masato,Jahnichen,Engineer
32614,Chinho,Basagni,Staff
32615,Geoffrey,Sadowski,Senior Staff
32617,Kazuhito,Rissanen,Senior Engineer
32618,Boalin,Krone,Staff
32619,Xiong,Clouatre,Senior Staff
32623,Mart,Zolotykh,Engineer
32626,Ulf,Ambroszkiewicz,Senior Engineer
32629,Make,Benzmuller,Senior Staff
32637,Abdulla,Kalorkoti,Senior Engineer
32640,Uli,Oskamp,Staff
32641,Tua,Tetzlaff,Engineer
32642,Danel,Garigliano,Engineer
32646,Yongqiao,Cools,Senior Staff
32653,Renny,Wielonsky,Senior Staff
32656,Boriana,Lemarechal,Senior Staff
32662,Magdalena,Hiraishi,Engineer
32664,Charmane,Pashtan,Staff
32665,Alselm,Kuzuoka,Engineer
32668,Niclas,Riexinger,Senior Staff
32676,Joydip,Bail,Engineer
32677,Yurii,Heering,Engineer
32686,Ioana,Gien,Senior Staff
32687,Rayond,Hagimont,Staff
32689,Gladys,Heusch,Senior Staff
32691,Ghassan,Simmen,Staff
32692,Sadun,Cannard,Engineer
32694,Pramod,Hiroyama,Senior Engineer
32696,Luisa,Hofstetter,Staff
32703,DeForest,Klyachko,Senior Staff
32704,Jacqueline,Rajaraman,Engineer
32717,Dmitry,Kugler,Engineer
32720,Adam,Baalen,Engineer
32721,Ferdinand,Grabner,Senior Staff
32724,Alselm,Janocha,Senior Staff
32728,Kenton,Greibach,Senior Engineer
32730,Charlene,Montresor,Senior Engineer
32731,Honesty,Morrey,Senior Engineer
32733,Prasadram,Murtha,Assistant Engineer
32734,Kazuhira,Lagarias,Senior Staff
32735,Ewing,Simkin,Senior Staff
32737,Haldon,Vuskovic,Senior Staff
32740,Ishfaq,DuBourdieux,Senior Engineer
32745,Lucian,Menhoudj,Staff
32750,Udi,Gien,Senior Staff
32753,Kristen,Debuse,Senior Staff
32756,Gou,Desikan,Senior Staff
32765,Yurij,Mitchem,Senior Engineer
32766,Masamitsu,Jayawardene,Senior Engineer
32767,Ayakannu,Lovengreen,Senior Engineer
32768,Yannis,Makinen,Senior Engineer
32769,Shai,Rosay,Engineer
32771,Patricia,Remmele,Senior Engineer
32772,Xinglin,Peris,Senior Engineer
32775,Ung,Litzler,Engineer
32776,Charlene,Bodoff,Senior Staff
32778,Branimir,Conde,Senior Staff
32779,Tze,Rahimi,Staff
32790,Hilari,Heuter,Senior Staff
32791,Giri,Laurillard,Senior Engineer
32793,Nathan,Litzler,Assistant Engineer
32794,Charmane,Kornatzky,Senior Engineer
32796,Duke,Picaronny,Senior Engineer
32797,Martial,Ginesta,Senior Engineer
32799,Georgi,Marletta,Engineer
32807,Suebskul,Nannarelli,Staff
32809,Patricio,Muntz,Engineer
32812,Manibrata,Serot,Engineer
32818,Chaosheng,Orsini,Senior Staff
32820,Rasikan,Barriga,Senior Staff
32822,Pramod,Muhling,Senior Staff
32830,Oscar,Luke,Technique Leader
32835,Wanqing,Thambidurai,Senior Engineer
32842,Jolita,Bierman,Staff
32849,Adib,Kornyak,Senior Engineer
32858,Tesuro,Fioravanti,Senior Staff
32864,Anyuan,Stifter,Senior Staff
32871,DeForest,Rullman,Senior Staff
32872,Poornachandra,Gien,Staff
32876,Vishwani,Zyda,Engineer
32882,Khoa,Winter,Staff
32886,Yucai,Danecki,Senior Staff
32891,Vasilis,Ozeki,Senior Engineer
32892,Sudharsan,Pfau,Technique Leader
32901,Theirry,Hinsberger,Senior Engineer
32903,Maja,Terlouw,Engineer
32907,Jasminko,Sewelson,Assistant Engineer
32909,Sibyl,Krupka,Senior Engineer
32917,Lein,Maccarone,Technique Leader
32919,Lenore,Schaad,Senior Staff
32923,Ult,Leaver,Staff
32925,Xiaoqiu,Zwicker,Senior Staff
32928,Shigeu,Kalloufi,Staff
32931,Almudena,DasSarma,Senior Staff
32933,Jouko,Tyugu,Assistant Engineer
32938,Qunsheng,Perna,Senior Engineer
32940,Mabry,Onuegbe,Engineer
32945,Sadun,Benaini,Engineer
32949,Martins,Ermel,Engineer
32951,Tianruo,Hockney,Senior Engineer
32952,Guiseppe,Foong,Assistant Engineer
32955,Basim,Dredge,Senior Engineer
32959,Ebru,Broomell,Senior Staff
32962,Girolamo,Orlowska,Staff
32964,Sariel,Kamber,Senior Staff
32965,Margareta,Stifter,Senior Engineer
32967,Morris,Zykh,Staff
32972,Ebbe,Matzov,Senior Staff
32977,Berhard,Flasterstein,Senior Staff
32979,Xumin,Swift,Senior Staff
32985,Emran,Reinhart,Senior Staff
32990,Valery,Linnainmaa,Senior Staff
32992,Tayeb,Yamaashi,Senior Engineer
32993,Yuchang,Ranta,Senior Staff
32994,Deniz,Bale,Senior Engineer
33000,Kazunori,Gustavson,Senior Staff
33001,Nalini,Matzov,Senior Staff
33005,Toshiki,Genther,Senior Engineer
33006,Saniya,Einsfeld,Staff
33008,Keiichiro,Birnbaum,Senior Staff
33009,Tsutomu,Chinin,Senior Staff
33010,Zhonghua,Parveen,Senior Engineer
33011,Jacqueline,Manders,Senior Staff
33013,Thanasis,Clemencon,Senior Staff
33018,Christophe,Baer,Senior Engineer
33020,Olivera,Nicolson,Engineer
33021,Mona,Genin,Engineer
33024,Gregory,Brickell,Engineer
33028,Salvador,Tzvieli,Senior Engineer
33029,Claude,Cherinka,Technique Leader
33041,Doowon,Birdsall,Technique Leader
33045,Quingbo,Demizu,Staff
33046,Sumant,Cunliffe,Staff
33056,Anneli,Litzkow,Senior Engineer
33076,Geoff,Ranon,Senior Engineer
33078,Lena,Compeau,Senior Staff
33079,Tomoyuki,Lampe,Staff
33081,Panayotis,Gist,Staff
33085,Kristinn,Jullig,Senior Engineer
33086,Berry,Onuegbe,Engineer
33087,Manu,Hertweck,Engineer
33088,Shay,Alameldin,Engineer
33089,LiMin,Potthoff,Staff
33093,Nahla,Vadhan,Senior Staff
33097,Kish,Fiebach,Senior Engineer
33098,Jaewoo,Matzke,Senior Staff
33101,Chinhyun,Leuchs,Senior Engineer
33105,Stafford,Bergere,Engineer
33106,Wonhee,Chaudhuri,Staff
33109,Xumin,Papadias,Senior Engineer
33110,Tua,Roccetti,Senior Engineer
33112,Martine,Pokrovskii,Senior Engineer
33115,Padma,Peyn,Senior Engineer
33117,Masoud,Guting,Staff
33120,Harjit,Perko,Staff
33122,Angel,Kalorkoti,Staff
33123,Ingemar,Eiron,Engineer
33125,Jaewon,Dulay,Senior Staff
33126,Charmane,Marwedel,Senior Engineer
33129,Gen,Oehlmann,Technique Leader
33131,Reinhold,Savasere,Engineer
33137,Shietung,Ranon,Senior Staff
33139,Duangkaew,Leppanen,Staff
33151,Koldo,Vecchio,Engineer
33161,Yuriy,Pelz,Staff
33164,Marie,Levergood,Senior Engineer
33170,Huiqun,Kroon,Senior Staff
33176,Mohammed,Narwekar,Senior Staff
33177,Thanasis,Chinal,Staff
33183,Haldun,Veldwijk,Senior Engineer
33184,Kazuhiro,Kaelbling,Staff
33185,Uri,Landherr,Senior Staff
33186,Domenick,Hanratty,Senior Engineer
33190,Kiyomitsu,Hardjono,Senior Engineer
33191,Almudena,Hopewell,Senior Engineer
33193,Aiman,Radhakrishnan,Senior Staff
33194,Ronnie,Brender,Senior Engineer
33196,Jungsoon,Gist,Staff
33198,Xiaopeng,Auyong,Senior Staff
33203,Trygve,Pagter,Senior Engineer
33205,Matk,Egerstedt,Senior Engineer
33211,Prodip,DuBourdieux,Senior Engineer
33212,Susuma,Erdi,Staff
33216,Zdislav,Thombley,Senior Staff
33219,Shem,Brodal,Assistant Engineer
33221,Makato,Demri,Engineer
33222,Arra,Apsitis,Senior Engineer
33223,Sanjiv,Dayang,Staff
33225,Mani,Ranta,Senior Staff
33226,Kenton,Hegner,Engineer
33234,Uzi,Kleiser,Staff
33239,Gladys,Rosin,Senior Engineer
33240,Nishit,Pramanik,Engineer
33242,Hironoby,Vadhan,Engineer
33244,Genki,Hitomi,Senior Staff
33248,Lucian,Cronin,Senior Engineer
33254,Jaber,Goodrum,Engineer
33255,Alejandra,Straney,Technique Leader
33257,Duri,Rotem,Staff
33259,Djelloul,Pietrzykowski,Senior Staff
33265,Arnd,Escriba,Senior Engineer
33267,Irena,Callaway,Senior Staff
33270,Chanjung,Ebeling,Senior Staff
33272,Sanjit,Rotem,Senior Engineer
33278,Kyoichi,Boguraev,Senior Staff
33279,Arne,Felder,Senior Staff
33281,Laurentiu,Kisuki,Staff
33287,Honesty,Zlotek,Senior Staff
33288,Hinrich,Fetvedt,Senior Engineer
33296,Kensyu,Thorelli,Senior Engineer
33298,Koldo,Oxman,Senior Staff
33302,Fumitaka,Crouzet,Senior Engineer
33306,Tesuro,Spell,Assistant Engineer
33307,Raimond,Hopewell,Senior Engineer
33309,Kien,Bodoff,Senior Engineer
33313,Oguz,Staylopatis,Engineer
33324,Ravishankar,Emiris,Staff
33327,Isamu,Templeman,Engineer
33328,Dipankar,Osgood,Senior Staff
33331,Junichi,DeMori,Senior Staff
33334,Nagui,Pietracaprina,Engineer
33336,Suzette,Rodham,Senior Engineer
33339,Pasqua,Harnett,Engineer
33340,Gila,Lamma,Senior Staff
33343,Chiradeep,Gunderson,Senior Staff
33344,Isaac,Emden,Staff
33345,Gererd,Melter,Engineer
33355,Houman,Chandrasekhar,Senior Engineer
33359,Emdad,Berztiss,Staff
33363,Volkmar,Bugaenko,Senior Engineer
33364,Stella,Plump,Staff
33368,Foong,Rosar,Senior Engineer
33373,Froduald,Cooman,Senior Staff
33377,Zeljko,Dulin,Staff
33383,Alois,Luga,Senior Engineer
33386,Sadok,Eiter,Senior Engineer
33388,Mohua,Dalton,Senior Staff
33392,Aloke,Rothenberg,Senior Staff
33393,Charlene,Nyrup,Senior Staff
33394,Xinan,Brender,Senior Staff
33399,Roded,Lorcy,Senior Staff
33402,Leni,Carrere,Senior Engineer
33405,Gina,Miake,Senior Engineer
33406,Chandrasekaran,Oehlmann,Technique Leader
33408,Shigeo,Denis,Senior Engineer
33416,Jaber,Aumann,Senior Engineer
33423,Jinpo,Koblick,Senior Staff
33424,DAIDA,Mukaidono,Senior Staff
33427,Shalesh,Mitsuhashi,Senior Engineer
33429,Barton,Birsak,Staff
33431,Paris,Nannarelli,Staff
33433,Berni,Lorho,Senior Staff
33441,Padma,Rande,Senior Engineer
33449,Yonghong,Marciano,Senior Staff
33451,Ipke,Hutter,Staff
33462,Weijing,Camarinopoulos,Senior Engineer
33470,Nechama,Potthoff,Senior Engineer
33472,Hsiangchu,Chvatal,Senior Engineer
33477,Shietung,Ventosa,Senior Staff
33493,Lijie,Heiserman,Technique Leader
33494,Limsoon,Gihr,Senior Engineer
33500,Ramya,Georg,Engineer
33509,Jongsuk,Henseler,Staff
33510,Shaibal,Christ,Senior Engineer
33512,Raimond,Biran,Senior Engineer
33518,Perla,Birsak,Senior Engineer
33520,Mandell,Georg,Senior Staff
33522,Gift,Barinka,Senior Staff
33525,Gou,Ranon,Senior Staff
33526,Alper,Schwartzburd,Engineer
33528,Rafael,Riexinger,Senior Engineer
33529,Mingsen,Baba,Senior Staff
33530,Toney,Garigliano,Senior Engineer
33532,Valter,Setiz,Senior Engineer
33533,Nobuyoshi,Grabner,Staff
33535,Venkatesan,Assaf,Senior Engineer
33545,Yinghua,Daescu,Staff
33546,Raimond,Thorelli,Senior Staff
33552,Nadjib,Penn,Staff
33553,Parke,Murillo,Senior Staff
33555,Wojceich,Kawashima,Senior Staff
33560,Huiqun,Ranon,Senior Staff
33562,Shigenori,Zobel,Senior Engineer
33563,Sastry,Akazan,Senior Staff
33566,Kiyokazu,Lorie,Senior Engineer
33574,Mabhin,McAffer,Senior Engineer
33576,Serif,Rodite,Senior Engineer
33579,Guozhong,Eickenmeyer,Senior Staff
33581,Prasadram,Kulisch,Engineer
33583,Yechiam,Hanratty,Senior Staff
33584,Marlo,Nivat,Senior Engineer
33585,Pasqua,Junot,Engineer
33587,Kristina,Benveniste,Senior Staff
33588,Avishai,Baja,Staff
33591,Sugwoo,Picaronny,Senior Staff
33597,Masaru,Turnbull,Staff
33602,Weiru,Krone,Senior Staff
33603,Houman,Claffy,Staff
33607,Niclas,Thiria,Staff
33614,Seshu,Rissland,Engineer
33619,Brendon,Hardjono,Engineer
33620,Pasqua,Seiwald,Senior Engineer
33625,Byong,Sundgren,Senior Engineer
33628,Macha,Ritcey,Senior Engineer
33631,Tonny,Ozeri,Senior Staff
33632,Yechezkel,Haddadi,Senior Staff
33647,Yuguang,Gils,Engineer
33648,Giri,Denos,Senior Engineer
33649,Danil,Peng,Engineer
33651,Haldon,Bresenham,Senior Engineer
33652,Nimmagadda,Bridgland,Engineer
33654,Barna,Bage,Senior Staff
33655,Zvonko,Lovengreen,Technique Leader
33658,Khosrow,Danlos,Senior Staff
33665,Xumin,Zyda,Assistant Engineer
33668,Valery,Yoshizawa,Senior Engineer
33674,Abdelwaheb,Impagliazzo,Senior Staff
33675,Wojceich,Lichtman,Senior Engineer
33681,Hideo,Katiyar,Senior Staff
33696,Danny,Famili,Engineer
33698,Mohan,Dalton,Senior Staff
33702,Selwyn,Nannarelli,Senior Staff
33703,Idoia,Emiris,Senior Staff
33711,Jagoda,Kobuchi,Engineer
33715,Armond,Wynblatt,Staff
33725,Huican,Esposito,Staff
33726,Yonghoan,Hasham,Senior Staff
33727,Uno,Highland,Senior Staff
33732,Alain,DeMori,Senior Engineer
33733,Premsyl,Levasseur,Senior Engineer
33735,Charlene,Cardazo,Senior Staff
33736,DeForest,Koyama,Senior Engineer
33740,Rafael,Guardalben,Engineer
33743,Bodh,Junet,Senior Staff
33744,Cedric,Bellone,Senior Engineer
33745,Fuqing,Frijda,Senior Staff
33748,Bernt,Argence,Senior Engineer
33751,Fabrizio,Honiden,Senior Staff
33756,Tomofumi,Redmiles,Senior Staff
33757,Guoxiang,Borstler,Senior Staff
33759,Lena,Beutelspacher,Senior Engineer
33760,Franziska,Salvesen,Senior Staff
33761,Zito,Plumb,Senior Engineer
33762,Mohd,Rosen,Staff
33767,Dekang,Kenevan,Engineer
33768,Karoline,Fontan,Senior Staff
33769,Erzsebet,Haddadi,Staff
33771,Marek,Kitsuregawa,Staff
33778,Tua,Erva,Senior Engineer
33783,Jongsuk,Osgood,Staff
33784,Alenka,Mandelberg,Senior Staff
33787,Malu,Kriebel,Senior Engineer
33792,Ashish,Nitsche,Technique Leader
33793,Oldrich,Delgrossi,Senior Staff
33794,Kwangjo,Tomescu,Senior Engineer
33799,Kellie,Doering,Senior Staff
33800,Peternela,Bottner,Senior Staff
33801,Georgi,Sluis,Senior Staff
33803,Isaac,Bale,Engineer
33805,Selwyn,Iivonen,Staff
33812,Patricio,Basawa,Senior Staff
33818,Charlene,Mukaidono,Senior Engineer
33823,Greger,Hebert,Senior Staff
33827,Takanari,Kisuki,Engineer
33838,Adit,Ranai,Staff
33839,Weiwu,Broder,Senior Staff
33840,Lubomir,Cairo,Senior Engineer
33841,Rutger,Setlzner,Senior Staff
33842,Shuji,Hiroyama,Senior Staff
33846,Barry,Ponthieu,Senior Engineer
33847,Vojin,Boguraev,Engineer
33852,Marek,Prochazka,Senior Staff
33856,Valdiodio,Alpay,Engineer
33857,Hidefumi,Gulla,Technique Leader
33861,Diederik,Neimat,Staff
33862,Muneo,Zallocco,Senior Staff
33867,Flemming,Kalsbeek,Senior Engineer
33868,Oksana,Strehl,Technique Leader
33871,Vivian,Erdmenger,Senior Staff
33877,Jaewoo,Koshino,Technique Leader
33894,Harngdar,Bratten,Senior Staff
33896,Jianhao,Falco,Senior Staff
33897,Mayuri,Bondorf,Senior Staff
33898,Ziva,Lorch,Senior Staff
33900,Youssef,Hettesheimer,Engineer
33902,Srinidhi,Rande,Staff
33907,Jaihie,Kisuki,Staff
33913,Niteen,Binkley,Senior Staff
33914,Munir,Thorensen,Engineer
33923,Chinhyun,Argence,Senior Staff
33927,Bezalel,Haumacher,Senior Engineer
33930,JoAnna,Kampfer,Senior Staff
33932,Hongzhu,Lanphier,Senior Engineer
33933,Weidon,Wixon,Engineer
33934,Vatsa,Ratzlaff,Assistant Engineer
33936,Khun,Bernini,Senior Engineer
33940,Mostafa,Munos,Engineer
33941,Mizuhito,Schaad,Senior Staff
33947,Stein,Picaronny,Staff
33956,Fumitaka,Chorvat,Assistant Engineer
33957,Sanjay,Azuma,Engineer
33959,Karlis,Chandrasekhar,Senior Staff
33962,Yaghout,Puoti,Technique Leader
33963,Kersti,Bratten,Senior Engineer
33966,Kendra,Merey,Engineer
33969,Arie,Sadowsky,Senior Staff
33973,Yagil,Trumbly,Engineer
33978,Maren,Alpay,Senior Staff
33981,Kazuhiko,Ladret,Senior Engineer
33983,Tesuya,Denis,Senior Engineer
33988,Arco,Hoppenstand,Staff
33990,Val,Showalter,Staff
33991,Zeydy,Makrucki,Senior Staff
33992,Hongzue,Andreotta,Engineer
33993,Xiaocheng,Matzen,Technique Leader
33996,Subbu,Olivero,Senior Staff
33997,Suvo,Kopetz,Senior Engineer
33998,Apostol,Polupanov,Senior Engineer
33999,Mohit,Jahnichen,Senior Staff
34006,Perry,Cairo,Senior Engineer
34013,Gad,Dolinsky,Engineer
34020,Susanna,Encarnacion,Senior Engineer
34025,Shridhar,Bridgland,Senior Staff
34026,Uinam,Bugrara,Engineer
34028,Heejo,Kieras,Senior Engineer
34030,Nobuyoshi,Rodiger,Staff
34032,Weiwu,Gopalakrishnan,Engineer
34037,Mitsuyuki,Herbst,Senior Staff
34048,Takanari,Calkin,Staff
34049,Tadanori,Brookner,Senior Staff
34050,Youjian,Angot,Senior Staff
34051,Jordanka,Motley,Senior Engineer
34052,Bojan,Decaestecker,Senior Staff
34057,Anyuan,Swift,Engineer
34060,Gor,Schrooten,Senior Staff
34064,Nobuyoshi,Boudaillier,Senior Engineer
34069,Mayuko,Schiper,Senior Staff
34070,Sivanarayana,Champarnaud,Senior Engineer
34075,Chaosheng,Peternell,Senior Staff
34082,Yechiam,Jakobus,Engineer
34088,Yuping,Schicker,Staff
34092,Chriss,Manderick,Senior Engineer
34102,Arne,Cyne,Technique Leader
34105,Barry,Theuretzbacher,Senior Staff
34107,Zejun,Ramaiah,Senior Engineer
34108,Otilia,Menhardt,Senior Staff
34110,Chaosheng,Matzke,Engineer
34111,Shietung,Demke,Staff
34112,Nirmal,Kinley,Senior Engineer
34115,Saddek,Staelin,Senior Engineer
34120,Leandro,Businaro,Senior Engineer
34121,Cordelia,Falco,Staff
34122,DeForest,Rossi,Senior Engineer
34124,Kazunori,Kawashima,Senior Staff
34129,Takanari,Kolinko,Senior Engineer
34130,Mahendra,Perry,Engineer
34131,Yakkov,Shrader,Engineer
34135,Shaibal,Krohn,Senior Engineer
34136,Steve,Constantine,Senior Staff
34142,Khatoun,Talmon,Engineer
34143,Gay,Beilner,Senior Engineer
34146,Fun,Matteis,Staff
34147,Jiann,Falby,Staff
34150,Leen,Miculan,Senior Staff
34151,Guttorm,Reinhard,Staff
34152,Pascal,Bugrara,Engineer
34158,Mohammed,Syrotiuk,Senior Staff
34161,Hirochika,Geffroy,Senior Staff
34163,Zorica,Isaak,Engineer
34166,Naftali,Rahimi,Senior Engineer
34167,JoAnna,Baez,Technique Leader
34168,Jiakeng,Perko,Senior Engineer
34171,Kristof,Genin,Senior Staff
34173,Margareta,Manders,Engineer
34176,Waiman,Plessier,Senior Engineer
34180,Ger,McClure,Senior Engineer
34183,Gurbir,Birta,Senior Engineer
34184,Shiv,Klassen,Senior Engineer
34193,Lobel,Fargier,Engineer
34195,Edwin,Schapiro,Staff
34198,Kazuhiko,Cummings,Senior Engineer
34202,Rafail,Stroustrup,Senior Engineer
34203,Pragnesh,Tramer,Senior Staff
34205,Boriana,Clemencon,Senior Staff
34207,Pohua,Bernardeschi,Senior Engineer
34208,Rosine,Tsunoo,Senior Engineer
34210,Xiaopeng,Zolotykh,Technique Leader
34211,Shigehiro,Geffroy,Senior Engineer
34212,Adly,Salverda,Engineer
34215,Otilia,Pietrzykowski,Senior Staff
34223,Elrique,Skogmar,Senior Staff
34231,Sachar,Emiris,Senior Engineer
34234,Maia,Menhoudj,Senior Engineer
34236,Kazuhiro,Lamparter,Senior Engineer
34241,Remco,Ariola,Senior Staff
34242,Torsten,Christianini,Staff
34245,Yonghoan,Gammage,Engineer
34248,Perry,Verhoeff,Senior Staff
34254,Moon,Marletta,Senior Engineer
34255,Kazuhito,Trachtenberg,Engineer
34256,Nishit,Francisci,Senior Staff
34257,Xiaoqiang,Roisin,Senior Engineer
34258,Anestis,Talmor,Senior Staff
34259,Toshiki,Lamparter,Senior Staff
34262,Noritoshi,Showalter,Staff
34265,Mihalis,Tsunoo,Senior Staff
34268,Soenke,Kitai,Engineer
34272,Krisda,Fraisse,Senior Engineer
34277,Vatsa,Weedman,Technique Leader
34279,Alagu,Nitsch,Senior Engineer
34285,Juichirou,Rande,Senior Engineer
34290,Naftaly,Vieth,Senior Staff
34297,Mingsen,Karcich,Assistant Engineer
34299,Nevio,Beidas,Engineer
34304,Arvind,Gulik,Senior Staff
34308,Panayotis,Picco,Senior Engineer
34320,Bangqing,Puppe,Senior Staff
34323,Chikara,Pokrovskii,Senior Engineer
34327,Toshiko,Baaz,Senior Staff
34329,Goo,Bernatsky,Senior Engineer
34333,Jaihie,Luef,Senior Staff
34334,Stafford,Veevers,Senior Engineer
34336,Honesty,Schurmann,Senior Engineer
34337,Zhanqiu,Pokrovskii,Engineer
34338,Hairong,Emden,Senior Engineer
34339,Rutger,Ladret,Staff
34343,Bodh,Rodiger,Senior Engineer
34344,Gadiel,Basart,Senior Staff
34348,Along,Klassen,Assistant Engineer
34354,Kristen,Acton,Senior Staff
34358,Jaihie,Dulin,Engineer
34360,Barry,Gargeya,Senior Staff
34361,Torsten,Kalorkoti,Senior Staff
34364,Seshu,Kugler,Senior Engineer
34365,Arie,Schiettecatte,Senior Engineer
34368,Wonhee,Ranon,Senior Staff
34370,Sampalli,Thorensen,Staff
34371,Vesna,Furudate,Senior Engineer
34374,Yurii,Furedi,Staff
34375,Jacopo,Matzov,Senior Engineer
34377,Hidde,Menhoudj,Senior Engineer
34382,Kayoko,Ravishankar,Senior Staff
34385,Maja,Walston,Engineer
34386,Freyja,Berztiss,Senior Staff
34388,Kristina,Pena,Senior Engineer
34391,Abdelwaheb,Marrakchi,Staff
34393,Tooru,Domenig,Technique Leader
34394,Kristinn,Lally,Senior Staff
34395,Mads,Sessa,Staff
34399,Becky,Adachi,Staff
34401,Uno,Lanteri,Senior Engineer
34403,Hilary,Gilg,Staff
34406,Yefim,Mitsuhashi,Senior Staff
34407,Lucian,Lorch,Senior Staff
34412,Christ,Itzigehl,Senior Staff
34416,Ghassan,Murtha,Staff
34417,Gio,Flexer,Staff
34425,Krisda,Liedekerke,Engineer
34426,Juyoung,Malinowski,Staff
34432,Sachin,Bojadziev,Senior Engineer
34433,Kien,Gyorkos,Engineer
34435,Genki,McConalogue,Senior Engineer
34436,Nikolaus,dAstous,Technique Leader
34437,Yuichiro,Constantine,Engineer
34443,Guiseppe,Serre,Engineer
34444,Sailaja,Alpin,Engineer
34447,Almudena,Llado,Senior Staff
34449,Taizo,Peha,Senior Staff
34450,Vitali,Penttonen,Staff
34456,Fumitake,Baby,Senior Engineer
34462,Jaana,Barriga,Senior Engineer
34470,Heeju,Woycyznski,Senior Engineer
34479,Uri,Stemann,Senior Engineer
34482,Jouko,Lortz,Senior Staff
34489,Yaghout,Krychniak,Senior Staff
34491,Sudhanshu,Bugrara,Senior Engineer
34502,Howell,Maierhofer,Senior Staff
34503,Huican,Millington,Senior Engineer
34507,Eishiro,Etalle,Staff
34516,Florina,Champarnaud,Senior Engineer
34517,Tsuneo,Majewski,Senior Engineer
34519,Georg,Steenbeek,Senior Staff
34522,Sibyl,Rijckaert,Senior Engineer
34527,Rimon,Tsunoo,Senior Engineer
34536,Danil,Narahari,Senior Engineer
34538,Pranjal,Rossi,Senior Engineer
34539,Taiji,Oskamp,Senior Staff
34540,Vasilis,Kranzdorf,Senior Engineer
34543,Aris,Fordan,Senior Engineer
34548,Weiru,Kalefeld,Senior Staff
34550,Szabolcs,Borstler,Senior Staff
34552,Souichi,Llado,Senior Staff
34556,Shigehito,Huxford,Senior Staff
34557,Junsik,Alvarado,Senior Engineer
34558,Zhonghui,Feinberg,Staff
34560,Weiye,Isaac,Senior Staff
34563,Jessie,Kitsuregawa,Senior Staff
34564,Shao,Suomi,Technique Leader
34570,Chanjung,Aloisi,Senior Staff
34571,Snehasis,Shrader,Senior Engineer
34574,Sergi,Morrow,Staff
34576,Niclas,Vigier,Engineer
34578,Jahangir,Baaz,Technique Leader
34579,Aleksander,Terkki,Senior Engineer
34582,Kwangsub,Brender,Engineer
34584,Uzi,Chartres,Senior Staff
34585,Mads,Broomell,Senior Staff
34586,Qunsheng,Alvarado,Senior Staff
34587,Duri,Perna,Senior Engineer
34591,Odysseas,Vitiello,Staff
34597,Jouko,Bolotov,Senior Staff
34599,Insup,Peltason,Senior Engineer
34600,Godehard,Middleton,Senior Staff
34602,Garnet,Flasterstein,Senior Engineer
34605,Arunachalam,Middleton,Senior Engineer
34607,Shaw,Gimarc,Engineer
34609,Hailing,Hockney,Senior Engineer
34610,Xinan,Ranum,Engineer
34620,Spyrose,Roccetti,Assistant Engineer
34623,Qingxiang,Sabnani,Staff
34626,Udi,McConalogue,Senior Engineer
34629,Monique,Bashian,Technique Leader
34630,Xiaoshan,Whittlesey,Senior Staff
34631,Mihalis,Danner,Engineer
34632,Licheng,Clouatre,Senior Engineer
34638,Bilhanan,Hemaspaandra,Senior Engineer
34641,Cathie,Jervis,Senior Engineer
34644,Jixiang,Thibadeau,Senior Staff
34647,Kerryn,Tiemann,Senior Engineer
34651,Youngkon,Leaver,Senior Staff
34652,Fumino,Bodoff,Senior Engineer
34661,Kiyokazu,Burnard,Engineer
34662,Heeju,Molenkamp,Senior Engineer
34666,Jiong,Rehfuss,Staff
34667,Shai,Nicolson,Senior Staff
34670,Mihalis,Diderrich,Senior Engineer
34673,Unal,Pews,Senior Staff
34679,Mayuri,Soicher,Senior Staff
34685,Serenella,Picaronny,Senior Engineer
34690,Beshir,Litzkow,Senior Engineer
34695,Margareta,Gadepally,Senior Staff
34701,Kwun,Gecsei,Engineer
34703,Geoff,Azumi,Senior Engineer
34704,Jaques,Usery,Engineer
34706,Marl,Mahnke,Engineer
34707,Jacqueline,Syang,Senior Engineer
34709,Anneli,Kragelund,Senior Staff
34713,Shigeichiro,Akaboshi,Senior Engineer
34715,Gully,Rosenbaum,Technique Leader
34717,Reinhold,Khalil,Senior Engineer
34719,Stepehn,Kopetz,Engineer
34720,Masamitsu,Narlikar,Senior Engineer
34725,Weijing,Pollock,Senior Staff
34726,Shridhar,Emmart,Senior Staff
34730,Jiong,Terwilliger,Senior Staff
34734,Ohad,Aumann,Technique Leader
34737,Candido,Litvinov,Engineer
34738,Adhemar,Thiran,Senior Engineer
34739,Arra,Collavizza,Staff
34740,Toney,Sankaranarayanan,Technique Leader
34744,Reinhard,Prenel,Staff
34750,Dharmaraja,Binding,Senior Engineer
34752,Paddy,Stifter,Senior Engineer
34754,Maren,Llado,Senior Staff
34758,Lubomir,Camurati,Senior Staff
34759,Youngkon,Petersohn,Senior Engineer
34763,Shaz,Scharstein,Technique Leader
34764,Ferdinand,Osgood,Senior Engineer
34767,Ferdinand,Marwedel,Staff
34768,Mansur,Ranum,Senior Staff
34769,Erzsebet,Hebert,Senior Engineer
34772,Pramod,Strandh,Staff
34783,Ingmar,Denos,Staff
34790,Uma,Krohn,Senior Staff
34793,Monique,Huhdanpaa,Senior Engineer
34797,Elvia,Bruckman,Engineer
34805,Marek,Siksek,Senior Engineer
34809,Mariangiola,Garrabrants,Staff
34813,Brewster,Rettelbach,Staff
34814,Rajmohan,Tsukune,Senior Staff
34816,Chenyi,Schreiter,Senior Engineer
34818,Margareta,Luks,Engineer
34827,Heng,Apsitis,Staff
34831,Poornachandra,Haldar,Senior Staff
34836,Mandell,Wendorf,Senior Engineer
34839,Henk,Kermarrec,Senior Staff
34847,Pranav,Paciorek,Senior Engineer
34853,Lorien,Levasseur,Senior Engineer
34857,Weicheng,Birrer,Senior Engineer
34862,Zhilian,Aumann,Senior Engineer
34872,Xiadong,Plumb,Senior Engineer
34873,Ingmar,Ruemmler,Senior Engineer
34877,Claudi,Kobara,Senior Engineer
34881,Krister,Schapiro,Staff
34882,Christophe,Suppi,Senior Staff
34888,Amalendu,Plumb,Senior Staff
34893,Susuma,Pelc,Senior Engineer
34901,Uli,Kaelbling,Senior Engineer
34904,Ulf,Camarinopoulos,Senior Engineer
34906,Tzvetan,Marrevee,Senior Engineer
34912,DeForest,Meriste,Senior Engineer
34915,Christ,Tetzlaff,Senior Staff
34920,Vidya,Wossner,Senior Staff
34922,Patricio,Ramsay,Staff
34925,Howell,Kroll,Staff
34926,Gift,Klassen,Engineer
34928,Anwar,Flexer,Senior Engineer
34929,Mohit,Litzler,Senior Staff
34938,Macha,Penz,Engineer
34939,DeForest,Prenel,Staff
34941,Susanne,Heering,Staff
34944,Guoxiang,Sanella,Senior Engineer
34947,Mario,Perfilyeva,Senior Staff
34956,Atilio,Peris,Senior Staff
34958,Goetz,Oberman,Senior Staff
34960,Vasilis,Luga,Senior Staff
34961,Uno,Dolinsky,Staff
34962,Adly,Rosay,Senior Engineer
34963,Sungwon,Nyrup,Senior Engineer
34966,Kristof,Pappas,Senior Engineer
34969,Pranav,Doering,Engineer
34984,Shaz,Luff,Engineer
34987,Rosella,Ariola,Engineer
34988,Moty,Matzel,Senior Staff
34990,Roddy,Mitina,Senior Staff
34991,Gererd,Ramaiah,Staff
34996,Chinhyun,Butner,Senior Engineer
34999,Shim,Narwekar,Senior Engineer
35002,Debatosh,Katiyar,Staff
35003,Miomir,Rajala,Staff
35004,Marc,Kalafatis,Engineer
35005,Akeno,Nanard,Senior Staff
35009,Lansing,Esteva,Senior Staff
35011,Charmane,Vernadat,Senior Staff
35012,Noritoshi,Krybus,Senior Staff
35016,Dinah,Awdeh,Engineer
35020,Manibrata,Haddadi,Senior Staff
35021,Jackson,Schlenzig,Engineer
35031,Horward,Pearson,Senior Engineer
35042,Nahid,Servieres,Staff
35045,Tooru,Hagimont,Senior Engineer
35046,Sachem,Luders,Senior Staff
35049,Xumin,Kilgour,Senior Staff
35059,Vitaly,Flasterstein,Engineer
35068,Dines,Melichar,Engineer
35069,Pranas,Thorensen,Senior Staff
35070,Kirk,Masada,Senior Engineer
35072,Kagan,Sridhar,Senior Engineer
35085,Chandrasekaran,Goldhammer,Senior Staff
35089,Paris,Lanzelotte,Senior Engineer
35093,Sverrir,Mateescu,Senior Staff
35096,Gaetan,Olivero,Senior Engineer
35097,Fusako,Kroha,Senior Staff
35100,Przemyslawa,Zaiane,Senior Engineer
35101,Christ,Aamodt,Engineer
35105,Piyush,Lichtner,Senior Staff
35106,Aleksandar,McAffer,Senior Engineer
35108,Georgi,Dratva,Staff
35110,Reinhold,Speckmann,Senior Engineer
35120,Sailaja,Demeyer,Staff
35123,Yechezkel,Schaaf,Engineer
35127,Naftali,Pagter,Senior Staff
35137,Tonny,Collavizza,Senior Staff
35138,Susuma,Boreale,Senior Engineer
35139,Vasiliy,Lichtman,Engineer
35141,Shmuel,Sooriamurthi,Senior Staff
35142,Conor,Uhrig,Senior Engineer
35146,Kasturi,Cummings,Engineer
35156,Erez,Kuhnemann,Senior Staff
35158,Anestis,Pramanik,Engineer
35159,Mohammad,Demke,Staff
35170,Suzette,Michaeli,Staff
35174,Tiina,Hmelo,Senior Engineer
35175,Nirmal,Miculan,Senior Engineer
35176,Jiafu,Wilharm,Senior Staff
35180,Danae,Reutenauer,Staff
35181,Parto,Ghelli,Senior Staff
35182,Uinam,Eldridge,Senior Engineer
35188,Adel,Lund,Senior Engineer
35192,Candida,Benzaken,Senior Staff
35195,Mart,Peir,Staff
35205,Moty,Poupard,Engineer
35210,Prodip,Gecsel,Senior Staff
35216,Aleksander,Karnin,Technique Leader
35223,Abdulah,Busillo,Senior Engineer
35226,Byong,Felcyn,Senior Engineer
35229,Georgy,Erva,Engineer
35237,Kauko,Schiettecatte,Staff
35238,Martien,Winter,Senior Engineer
35245,Shridhar,Quittner,Senior Engineer
35248,Tua,Passafiume,Senior Staff
35256,Wojceich,McDermid,Senior Staff
35258,Khedija,Hettesheimer,Senior Engineer
35267,Arnould,Chinal,Engineer
35270,Masali,Bakhtari,Technique Leader
35271,Val,Speek,Senior Engineer
35273,Zsolt,Mitsuhashi,Senior Staff
35277,Rosine,Kusakari,Senior Engineer
35278,Djelloul,Shrader,Senior Staff
35280,Tsz,Nergos,Engineer
35283,Franziska,Tischendorf,Senior Staff
35286,Hironoby,Shigei,Staff
35287,Yucel,Conta,Senior Staff
35292,Chaoyi,Perna,Assistant Engineer
35296,Odysseas,Merey,Engineer
35297,Yishai,Dredge,Engineer
35298,Houman,Esteva,Engineer
35300,Chuanti,Chenoweth,Senior Engineer
35303,Fabrizio,Perz,Engineer
35304,Taizo,Griswold,Senior Staff
35308,Ulf,Pargas,Engineer
35317,Kristinn,Rosch,Engineer
35319,Sariel,Benveniste,Engineer
35322,Greger,Gajiwala,Staff
35326,Arco,Schwabacher,Senior Staff
35327,Babette,Panwar,Senior Engineer
35329,Goetz,Lukaszewicz,Senior Staff
35330,Leni,Koyama,Senior Staff
35331,Basim,Ghazalie,Senior Engineer
35333,Hideyuki,Veldwijk,Senior Engineer
35336,Xinglin,Uehara,Senior Staff
35342,Elvis,Potthoff,Senior Engineer
35352,Koldo,Kilgour,Senior Engineer
35361,Nahid,Krohn,Senior Engineer
35363,Odoardo,England,Senior Staff
35365,Divier,Quadeer,Senior Staff
35368,Susanta,Guting,Senior Staff
35371,Arup,Chleq,Senior Engineer
35373,Bernd,Kumaresan,Staff
35374,Leah,Kroha,Senior Engineer
35394,Shmuel,Muchinsky,Senior Staff
35395,JoAnna,Brookner,Engineer
35397,Kazuhira,Slobodova,Senior Staff
35403,Murthy,Osgood,Senior Engineer
35410,Hironobu,Litvinov,Technique Leader
35411,Billie,Rohrbach,Senior Engineer
35413,Rafols,Kaminger,Technique Leader
35415,Frazer,Hasham,Senior Staff
35416,Heather,Wroclawski,Senior Staff
35417,Gopalakrishnan,Schach,Senior Staff
35418,Mircea,Unni,Senior Staff
35423,Moss,Caine,Senior Engineer
35425,Hinrich,Desikan,Senior Engineer
35426,Elgin,Fairtlough,Senior Staff
35429,Cathie,Ducloy,Senior Engineer
35430,Eldridge,Chimia,Senior Engineer
35431,Shuky,Domenig,Engineer
35440,Paloma,Xiaoshan,Senior Engineer
35451,Jinya,Naudin,Senior Staff
35457,Yishay,Michaels,Staff
35458,Emdad,Luks,Senior Engineer
35460,Mohan,Siepmann,Senior Engineer
35468,Weiye,Peac,Staff
35470,Satoru,Ranai,Senior Engineer
35471,Sailaja,Birsak,Senior Staff
35472,Mountaz,Talmon,Senior Staff
35473,Arno,Schoegge,Senior Staff
35474,Katsuo,Guting,Staff
35476,Frederique,Heinisuo,Senior Staff
35479,Gor,Nastansky,Engineer
35480,Mansur,Ranta,Engineer
35481,Shaunak,Mitsuhashi,Senior Staff
35482,Kerhong,Leivant,Assistant Engineer
35484,Jeane,Gire,Engineer
35485,Margo,Tyugu,Senior Engineer
35489,Jeanne,Godskesen,Senior Staff
35493,Jaihie,Bernardinello,Senior Staff
35495,Monique,Lichtner,Technique Leader
35496,Arne,Coorg,Engineer
35501,Gretta,Scharstein,Engineer
35505,Barry,Sessa,Staff
35507,Basim,DasSarma,Senior Engineer
35510,JoAnne,Merks,Senior Engineer
35524,Shigehito,Jarecki,Senior Engineer
35525,Aran,Oehlmann,Senior Engineer
35526,Claude,McFarlin,Senior Staff
35533,Marla,Nyrup,Senior Engineer
35536,Quingbo,Jeong,Senior Staff
35538,Khatoun,Foong,Senior Staff
35541,Wojceich,Azadmanesh,Senior Engineer
35549,Ashish,Loncour,Engineer
35550,Van,Hutton,Senior Staff
35552,Sungwon,Cangellaris,Senior Engineer
35554,Aran,Bahl,Senior Staff
35555,Aleksander,Zaiane,Engineer
35557,Rosalyn,Cooman,Senior Engineer
35558,Kshitij,Staudhammer,Senior Staff
35559,Adit,Murtha,Technique Leader
35567,Sorina,Menhardt,Senior Engineer
35570,Baocai,Katzenelson,Senior Engineer
35572,Achilleas,Turnbull,Staff
35575,Takushi,Aingworth,Engineer
35580,Valeri,Guenter,Engineer
35584,Gift,DasSarma,Technique Leader
35589,Kyoichi,Trystram,Senior Engineer
35591,Dinkar,Khasidashvili,Senior Engineer
35592,Arun,Chleq,Senior Engineer
35598,Aksel,Gini,Senior Staff
35604,Kwan,Falck,Senior Engineer
35606,Martina,Anguita,Engineer
35609,Vidya,Decaestecker,Technique Leader
35610,Aruna,Kornyak,Senior Staff
35612,Gonzalo,Baek,Senior Staff
35613,Margareta,Thorensen,Senior Engineer
35614,Brigham,Ecklund,Senior Engineer
35617,Guozhong,Yemenis,Senior Engineer
35618,Arie,Auyong,Senior Engineer
35623,Sibyl,Gulik,Engineer
35625,Huai,Vieth,Engineer
35626,Yishay,Axelband,Senior Engineer
35628,Yoshinari,Douceur,Senior Staff
35634,Chiranjit,Pokrovskii,Senior Engineer
35635,Ekawit,Cangellaris,Senior Staff
35638,Bodo,Munro,Staff
35639,Khoa,Calkin,Senior Engineer
35640,Chriss,Lanphier,Senior Engineer
35641,Aral,Jeansoulin,Staff
35644,Sreekrishna,Heusch,Staff
35645,Domenico,Azuma,Senior Staff
35647,Vishv,Pulkowski,Staff
35648,Dharmaraja,Schaaf,Senior Staff
35657,Gian,Vidal,Engineer
35659,Gro,Armand,Staff
35660,Tetsushi,Brodie,Staff
35666,Munehiko,Narwekar,Senior Engineer
35667,Hyuckchul,Srimani,Engineer
35673,Mack,Kalsbeek,Engineer
35675,Huai,Panwar,Engineer
35679,Gil,Lunt,Senior Engineer
35681,Luise,Roisin,Senior Engineer
35685,Raimond,Brookman,Senior Staff
35686,Nectarios,Crouzet,Staff
35693,Kristina,Grandbois,Senior Engineer
35695,Saniya,Egerstedt,Technique Leader
35704,Guenter,Munawer,Engineer
35706,Gererd,Schwabacher,Engineer
35709,Ulises,Lueh,Staff
35726,Shigeu,Farrar,Senior Engineer
35731,Satosi,Schade,Staff
35734,Francesca,Baak,Senior Staff
35735,Patricio,Velasco,Staff
35736,Tonny,Pargas,Senior Engineer
35738,Iara,Luft,Senior Engineer
35748,Sangeeta,Falby,Senior Engineer
35755,Xudong,Zultner,Senior Engineer
35757,Magdalena,Bojadziev,Engineer
35763,Gou,Reinhard,Senior Staff
35770,Francoise,Ramalingam,Assistant Engineer
35774,Sastry,Montresor,Senior Engineer
35776,Martien,Fujisaki,Senior Engineer
35778,Tadahiko,Danlos,Staff
35780,Duro,Tyugu,Senior Staff
35786,Christophe,Terkki,Technique Leader
35788,Weiyi,Burnard,Senior Staff
35790,Barry,Ramsey,Senior Engineer
35795,Dmitry,Gajiwala,Senior Engineer
35796,Billur,Anguita,Engineer
35797,Emran,Hiroyama,Senior Engineer
35819,Toshimi,Barreiro,Staff
35820,Michaela,Brizzi,Senior Engineer
35827,Kazuhisa,Azumi,Senior Staff
35830,Magy,McFarlan,Senior Engineer
35832,Elzbieta,Smeets,Technique Leader
35835,Yoshimitsu,Esteva,Technique Leader
35836,Zongyan,Albarhamtoshy,Senior Engineer
35846,Sham,Nitsche,Senior Staff
35847,Serif,Attimonelli,Engineer
35848,Yongqiao,Itschner,Senior Staff
35851,Yongqiao,Uhrig,Staff
35852,Zhensheng,Walston,Technique Leader
35860,Conrado,Zschoche,Senior Engineer
35865,Claudi,Fujisaki,Senior Engineer
35866,Udaiprakash,Onuegbe,Technique Leader
35867,Sumant,Henseler,Senior Engineer
35874,Zeydy,Melter,Senior Staff
35876,Giri,Streit,Senior Engineer
35878,Yurij,Krohn,Senior Staff
35879,Siddarth,Riefers,Senior Staff
35882,Sushant,Hambrick,Senior Engineer
35883,Tsz,Siegrist,Senior Engineer
35886,Constantijn,Alpin,Senior Engineer
35887,Heather,Wrigley,Senior Engineer
35888,Yagil,Milicic,Engineer
35891,Bokyung,Birnbaum,Senior Engineer
35892,Ghassan,Olivero,Senior Staff
35899,Cathie,Cannard,Staff
35900,Jixiang,Kalefeld,Senior Staff
35902,Mayuko,Christ,Engineer
35903,Arumugam,Zeilberger,Staff
35914,Ranga,Chiola,Senior Staff
35916,Wonhee,Talmon,Senior Engineer
35919,Doowon,Jervis,Senior Staff
35931,Fox,Pero,Senior Engineer
35933,Luigi,Onuegbe,Senior Engineer
35939,Hiroyasu,Demri,Senior Staff
35944,Basant,Zambonelli,Senior Engineer
35946,Babette,Montemayor,Senior Engineer
35947,Deborah,Keohane,Senior Engineer
35955,Cristinel,Versino,Engineer
35959,Kenroku,Lorin,Staff
35960,Adam,Danlos,Senior Staff
35963,Vincent,Schlenzig,Engineer
35972,Halsur,Leonhardt,Senior Staff
35974,Aksel,Rosin,Senior Staff
35976,Hongzue,Fujisaki,Staff
35977,Amalendu,Marciano,Technique Leader
35979,Alenka,Stanfel,Staff
35981,Toney,Denis,Staff
35983,Shigehiro,Plavsic,Senior Staff
35989,Dmitri,Crelier,Senior Staff
35991,Gurbir,Crelier,Staff
35992,Akemi,Gadepally,Engineer
35994,Ibibia,Conia,Senior Engineer
35995,Boutros,Gladwell,Senior Staff
35999,Claude,Ducloy,Engineer
36000,Weidon,Genin,Senior Engineer
36002,Moto,Siepmann,Staff
36007,Radhika,Coullard,Staff
36009,Pranjal,Gonthier,Senior Engineer
36020,Zhilian,Krzyzanowski,Senior Engineer
36023,Uma,Picaronny,Senior Engineer
36030,Berni,Kleiser,Staff
36032,Mikhail,Luck,Senior Staff
36042,Chaitali,Prochazka,Staff
36043,Fai,Rubsam,Senior Staff
36048,Isaac,Marrakchi,Senior Engineer
36051,Yakkov,Liedekerke,Senior Engineer
36053,Adel,Bratten,Senior Staff
36055,Changho,Rubsam,Senior Staff
36062,Ramzi,Basawa,Engineer
36066,Aruna,Poujol,Assistant Engineer
36073,Shirish,Gire,Senior Staff
36075,Achilleas,Herbst,Senior Staff
36079,Suzette,Gyorkos,Senior Staff
36080,Sachar,Grabner,Senior Staff
36081,Premsyl,Biron,Engineer
36085,King,Schwabacher,Senior Staff
36088,Conor,Gajiwala,Senior Staff
36089,Takahira,Garigliano,Senior Engineer
36093,Bedir,Hertweck,Engineer
36099,Shaibal,Ozery,Senior Staff
36101,Vojin,Beerel,Senior Engineer
36103,Mingsen,Yemenis,Senior Engineer
36109,Masaki,Farrag,Senior Engineer
36113,Yuichiro,Baezner,Senior Engineer
36118,Uwe,Camarinopoulos,Staff
36125,Barun,Remmele,Staff
36131,Theron,Badache,Senior Engineer
36137,Fai,Famili,Staff
36140,Ung,Hutton,Senior Engineer
36143,Udi,Gips,Senior Staff
36147,Richard,Syrotiuk,Senior Staff
36151,Adil,Nyrup,Senior Engineer
36156,Randi,Scharstein,Technique Leader
36158,Elgin,Pettis,Senior Staff
36159,Theron,Glinert,Senior Engineer
36167,Mart,Murtafg,Senior Engineer
36173,Rance,Takkinen,Senior Engineer
36174,Saeko,Escriba,Engineer
36176,Mamdouh,Ramsak,Staff
36178,Bernt,Valette,Senior Staff
36189,Masaru,Harllee,Senior Engineer
36190,Luerbio,Bresenham,Senior Staff
36193,Roselyn,Zambonelli,Engineer
36197,Adamantios,Eppinger,Senior Staff
36202,Marla,Constantine,Senior Staff
36205,Kwangjo,Falco,Staff
36208,Greger,Cooke,Engineer
36212,Shunichi,Chinal,Senior Staff
36213,Vidar,Nitto,Senior Staff
36214,Ymte,Crooks,Senior Staff
36223,Fuqing,Cooley,Senior Engineer
36225,Barton,Vecchio,Staff
36230,Khatoun,Borovoy,Senior Staff
36235,Rajmohan,Rebaine,Senior Engineer
36236,Siamak,Rubsam,Senior Engineer
36246,Kaijung,Cummings,Senior Engineer
36251,Kenroku,Seiwald,Senior Staff
36253,Troy,Isard,Senior Staff
36258,Przemyslawa,Kampfer,Senior Staff
36263,Oddvar,Perez,Senior Engineer
36264,Sariel,Aamodt,Staff
36266,Elvia,Fujisaki,Senior Staff
36269,Odysseas,Bale,Engineer
36272,Valeri,Alencar,Senior Engineer
36278,Geoffry,Lamma,Senior Engineer
36284,Guther,Camarinopoulos,Staff
36303,Amstein,Anandan,Senior Engineer
36309,Shawna,Badr,Senior Engineer
36311,Jahangir,Burnard,Senior Staff
36313,Candido,Wynblatt,Technique Leader
36314,Yucel,Brobst,Senior Engineer
36317,Yurij,Chelton,Engineer
36321,Gilbert,Syang,Senior Staff
36323,Gad,Nourani,Engineer
36338,Chuanti,Spelt,Senior Staff
36340,Xiaoqiu,Speek,Senior Engineer
36346,Khun,Masand,Staff
36349,Aloys,Ladret,Staff
36352,Djelloul,Picht,Engineer
36353,Nahum,Hutter,Engineer
36355,Aleksandar,Alblas,Senior Engineer
36356,Susumu,Alblas,Senior Staff
36357,Yongdong,Rohrbach,Senior Staff
36358,Khue,Hiroyama,Staff
36360,Indrajit,Lichtman,Engineer
36362,Bartek,Munos,Senior Staff
36365,Mari,Azadmanesh,Staff
36368,Shaibal,Farris,Senior Engineer
36372,Ronghao,Conta,Senior Staff
36376,Tadanori,Kolinko,Engineer
36381,Chrisa,Auyong,Staff
36383,Gudjon,Krogh,Senior Staff
36387,Nahid,Montemayor,Senior Staff
36390,Randi,Potthoff,Staff
36395,Kwangsub,Boudaillier,Senior Engineer
36397,Maria,Perl,Senior Staff
36398,Jeanne,Birke,Senior Staff
36403,Niranjan,Cyre,Senior Staff
36404,Shimshon,Weedman,Senior Staff
36409,Pintsang,Litzler,Senior Engineer
36410,Navin,Steenbeek,Senior Staff
36412,Abdulah,Senzako,Senior Staff
36413,Sadun,Wilfing,Senior Staff
36425,Yishay,Zedlitz,Engineer
36426,Kendra,Streng,Senior Staff
36427,Baziley,Gecsei,Senior Engineer
36428,Izaskun,Verhaegen,Senior Staff
36438,Remko,Attimonelli,Engineer
36441,Dekang,Pearson,Senior Engineer
36445,Sudharsan,Ellozy,Senior Staff
36448,Pantung,Billawala,Staff
36452,Rosita,Reeken,Engineer
36458,Willard,Garnier,Senior Staff
36461,Baziley,Lorho,Senior Staff
36463,Chanjung,Burnard,Staff
36464,Conor,Schlenzig,Engineer
36467,Navid,Thibadeau,Staff
36470,Kenton,Fritzsche,Senior Staff
36472,Munehiko,Hellwagner,Engineer
36475,Tomoyuki,Khalid,Senior Staff
36480,Armond,Pocchiola,Senior Engineer
36487,Basem,Muhlberg,Senior Engineer
36490,Xiaobin,Danley,Senior Staff
36491,Margareta,Luon,Senior Engineer
36498,Isaac,Pouyioutas,Senior Staff
36500,Sachin,Picci,Engineer
36502,Georgy,Uludag,Engineer
36503,Somnath,Lundstrom,Technique Leader
36514,Tru,Schlumberger,Engineer
36516,Qiwen,Piazza,Senior Engineer
36522,Heping,Swen,Senior Staff
36525,Dinkar,Aseltine,Senior Engineer
36529,Toong,Bage,Staff
36532,Elgin,Kitai,Senior Staff
36536,Alair,Miara,Engineer
36537,Adin,Kawashima,Senior Engineer
36539,Gopalakrishnan,Farrar,Senior Engineer
36542,Sibyl,Dredge,Assistant Engineer
36543,Chriss,Hennebert,Senior Engineer
36546,Christ,Merks,Senior Staff
36547,Yefim,Schlegelmilch,Assistant Engineer
36555,Takahiro,Rothenberg,Senior Staff
36557,Josyula,Journel,Technique Leader
36564,Guttorm,Peyn,Senior Engineer
36567,Insup,Gerteisen,Engineer
36568,Franziska,Setiz,Staff
36573,Xuedong,Lakshmanan,Senior Engineer
36579,Yurii,Terlouw,Senior Engineer
36582,Xinyu,Schauser,Engineer
36585,Menkae,Aamodt,Staff
36590,Sanjai,Macedo,Assistant Engineer
36591,Heeju,Goodrum,Senior Staff
36595,Khedija,Karlin,Senior Staff
36597,Boguslaw,Stellhorn,Senior Staff
36599,Genevieve,Munck,Senior Engineer
36603,Heon,Unno,Senior Engineer
36604,Angus,Khalid,Senior Engineer
36607,Ramalingam,Broder,Senior Engineer
36610,Girolamo,Furedi,Senior Staff
36617,Xiaobin,Sullins,Senior Engineer
36620,Arno,Itzigehl,Senior Staff
36621,Remco,Dulin,Engineer
36622,Ashish,Rubsam,Senior Engineer
36625,Tetsushi,Unni,Staff
36627,Mary,Quadeer,Technique Leader
36633,Yonghong,Lortz,Staff
36636,Zhenhua,Portugali,Engineer
36638,Maris,Schiper,Senior Staff
36640,Suebskul,Masand,Senior Engineer
36648,Abdelaziz,Kakkad,Senior Staff
36650,Amabile,Percebois,Senior Staff
36653,Vugranam,Nyanchama,Senior Engineer
36656,Maren,Matzel,Senior Engineer
36660,Uli,Potthoff,Senior Staff
36672,Niclas,Murtha,Senior Engineer
36676,Zdislav,Dichev,Senior Engineer
36679,Van,Pettit,Senior Engineer
36681,Tesuro,Gischer,Senior Staff
36684,Bezalel,Bennet,Staff
36688,Cristinel,Mateescu,Senior Engineer
36692,Bedir,Guerreiro,Technique Leader
36694,Toshimitsu,Herbst,Engineer
36695,Jaihie,Daescu,Staff
36698,Aksel,Shackel,Senior Staff
36701,Keung,Luca,Engineer
36705,Zissis,Berztiss,Senior Engineer
36706,Florian,Camarinopoulos,Senior Engineer
36707,Douadi,Uhrig,Senior Staff
36708,Siddarth,Heydon,Engineer
36709,Tsuneo,Hettesheimer,Engineer
36716,Herbert,Kandlur,Engineer
36717,Fumino,Spataro,Engineer
36718,Amabile,Walston,Senior Engineer
36719,Chinhyun,Maliniak,Senior Engineer
36722,Samphel,Zirintsis,Technique Leader
36726,Sampalli,Percebois,Engineer
36727,Zhaofang,Greibach,Senior Engineer
36728,Elzbieta,Oxman,Senior Staff
36732,Idoia,Haldar,Engineer
36738,Valeri,Haddadi,Senior Staff
36745,Roddy,Wynblatt,Engineer
36747,Bedir,Hooghiemstra,Senior Engineer
36749,Mabhin,Stroustrup,Senior Staff
36754,Fumiko,Negoita,Senior Engineer
36756,Faiza,Matzen,Technique Leader
36759,Gennady,Skafidas,Senior Engineer
36760,Fumiyo,Norsworthy,Senior Engineer
36761,Zeljko,Hinsberger,Senior Engineer
36767,Jacopo,Chvatal,Senior Engineer
36777,Kristen,Rissland,Senior Engineer
36780,Annemarie,Schnabel,Senior Engineer
36783,Gro,Bugrara,Staff
36785,Dmitry,Wallrath,Senior Engineer
36788,Kwee,Ulupinar,Senior Engineer
36791,Kinh,Rabejac,Staff
36794,Satosi,Spataro,Engineer
36795,Nidapan,Einsfeld,Senior Staff
36797,Barun,Vecchio,Senior Staff
36799,Tetsushi,Murtagh,Technique Leader
36801,Kazuhira,Ranka,Senior Staff
36809,Pranay,Nitto,Senior Engineer
36810,Fox,Schach,Senior Staff
36817,Wanqing,Zeilberger,Senior Staff
36819,Tadahiro,Parveen,Senior Staff
36826,Dante,Setia,Senior Staff
36836,Sungwon,Gladwell,Senior Staff
36837,Cullen,Comellas,Staff
36843,Masali,Gopalakrishnan,Assistant Engineer
36845,Jasminko,Gulak,Assistant Engineer
36848,Guther,Sethi,Senior Staff
36853,Yannis,Speek,Engineer
36859,Lalit,Delgrande,Senior Engineer
36860,JoAnna,Zastre,Engineer
36861,Haldon,Luiz,Technique Leader
36862,Deniz,Negoita,Engineer
36868,Tzvetan,Walston,Engineer
36870,Jianhao,Luff,Senior Engineer
36871,Yechezkel,Gecsei,Senior Engineer
36873,Berna,Reghbati,Senior Engineer
36874,Genki,Aloia,Senior Staff
36876,Sham,Fendler,Technique Leader
36877,Shahaf,Ranst,Senior Staff
36878,Kellie,Ratzlaff,Senior Engineer
36880,Dzung,Setlzner,Senior Staff
36882,Janalee,Lodder,Senior Staff
36888,Aamod,Lanphier,Senior Staff
36895,Abdulla,Ozeri,Engineer
36900,Zito,Peltason,Senior Engineer
36906,Anoosh,Kornyak,Senior Engineer
36914,Adit,Erol,Staff
36915,Akemi,Ferriere,Assistant Engineer
36916,Aleksandar,Danlos,Senior Staff
36917,Kolar,Karunanithi,Senior Engineer
36918,Howell,Shimshoni,Senior Engineer
36923,Parviz,Jeong,Senior Engineer
36925,Suvo,Brizzi,Senior Staff
36930,Sadegh,Vasanthakumar,Senior Engineer
36936,Rafols,Kamble,Engineer
36942,Hairong,Coney,Senior Staff
36944,Gou,Hinsberger,Senior Engineer
36946,Stamatina,Atrawala,Staff
36947,Juyoung,Anguita,Senior Engineer
36949,Xuejun,Schaad,Staff
36951,Caolyn,Hoppenstand,Senior Engineer
36953,Lihong,Butner,Senior Staff
36956,Ulises,Marciano,Senior Staff
36959,Morrie,Jenevein,Senior Staff
36961,Qiwen,Thorelli,Senior Engineer
36965,Yechiam,Munch,Senior Engineer
36967,Shigehiro,Kuzuoka,Senior Staff
36968,Shin,Siprelle,Staff
36973,Taiji,Erman,Senior Staff
36981,Sandeepan,Salinas,Senior Engineer
36986,Fabrizio,Lalonde,Senior Engineer
36987,Brigham,Erde,Senior Staff
36998,Phule,Maliniak,Staff
36999,Arunas,Range,Senior Staff
37006,Steve,Staelin,Senior Staff
37007,Mantis,Piazza,Senior Engineer
37012,Gaetan,Doering,Staff
37016,Teiji,Bodoff,Senior Engineer
37019,Faiza,Loncour,Senior Staff
37023,Shiv,Flasterstein,Senior Engineer
37039,Dinah,Diderrich,Engineer
37045,Teruyuki,Gecsel,Senior Staff
37046,Ulf,Lampe,Senior Staff
37048,Fai,Eldridge,Senior Engineer
37051,Xuejun,Eppinger,Senior Staff
37053,Tooru,Peron,Senior Engineer
37055,Ramzi,Cusworth,Senior Staff
37060,Somnath,Morrey,Senior Staff
37064,Xinan,Rehfuss,Senior Engineer
37066,Moie,Himler,Staff
37068,Xiaoqiang,Delgrande,Senior Staff
37069,Theirry,Nitta,Staff
37072,Irena,Matzat,Senior Engineer
37074,Divier,Murtafg,Senior Engineer
37075,Kwangjo,Zockler,Senior Engineer
37076,Yechezkel,Lichtner,Senior Engineer
37077,Rafail,Verspoor,Engineer
37078,Eben,Lueh,Senior Engineer
37080,Mircea,Shihab,Senior Engineer
37082,Munehiro,Zastre,Senior Engineer
37083,Weidon,Ermel,Senior Engineer
37087,Claudi,Angel,Senior Staff
37095,Kenton,Murthy,Engineer
37100,Jaber,Waeselynck,Senior Engineer
37101,Jaewon,Pappas,Senior Staff
37103,Kazuhira,Pileggi,Senior Engineer
37109,Pranjal,Varman,Senior Staff
37115,Lillian,Esteva,Engineer
37116,Eberhardt,Mawatari,Senior Staff
37117,Fumiko,Munoz,Assistant Engineer
37119,Takushi,Wixon,Senior Staff
37120,Kasidit,Masada,Senior Engineer
37121,Salvador,Byoun,Engineer
37122,Rimon,Poupard,Engineer
37126,Cristinel,Passafiume,Senior Engineer
37131,Conor,Koblitz,Engineer
37134,Souichi,Krupka,Engineer
37135,Otilia,Munro,Staff
37137,Pantung,Ishibashi,Technique Leader
37138,Hongzue,Ramsay,Senior Staff
37141,Zhigen,Meriste,Senior Staff
37143,Arie,Kitai,Senior Staff
37144,Zeydy,Kampfer,Senior Engineer
37146,Yinghua,Schiper,Staff
37151,Leaf,Biros,Senior Engineer
37152,Gennadi,Passafiume,Staff
37154,Zhilian,Rissanen,Engineer
37157,Deniz,Luce,Senior Staff
37159,Renee,Baez,Technique Leader
37162,Kiyomitsu,Ranze,Engineer
37163,Mingsen,Yetim,Staff
37164,Fuqing,Coney,Senior Engineer
37166,Xiaobin,Pfau,Senior Engineer
37170,Akeel,Geffroy,Senior Staff
37171,Nathalie,Lorys,Senior Engineer
37172,Turgut,Piazza,Engineer
37173,Gadiel,Rikino,Engineer
37176,Panayotis,Daescu,Senior Engineer
37179,Khun,Eterovic,Senior Staff
37180,Arup,Rebaine,Senior Staff
37186,Maha,Feinberg,Senior Staff
37194,Zita,Beutelspacher,Senior Staff
37198,Vitali,Milicia,Technique Leader
37209,Fei,Erez,Senior Engineer
37215,Lenore,Ecklund,Senior Staff
37217,Nathalie,Luit,Senior Staff
37219,Akhilish,Granlund,Senior Staff
37222,Duri,Varman,Staff
37225,Ranan,Himler,Engineer
37227,Zhiwei,Shumilov,Senior Engineer
37230,Yechiam,Fendler,Senior Staff
37231,Vidya,Leonhardt,Senior Staff
37236,Ranan,Luby,Senior Staff
37242,Mana,Erol,Senior Staff
37244,Sampalli,Iacovou,Senior Staff
37245,Along,Gyimothy,Senior Staff
37258,Fabrizio,Goodrum,Senior Engineer
37259,Gen,Tanemo,Senior Engineer
37260,Sham,Fontan,Senior Staff
37263,Aris,Rotem,Senior Staff
37265,Bokyung,Ellozy,Senior Engineer
37267,Itzchak,Falster,Senior Staff
37270,Deborah,Bharadwaj,Senior Engineer
37274,Rosli,Vidya,Engineer
37280,Nathan,Nyanchama,Staff
37281,Gita,Fontan,Senior Staff
37288,Mahmut,McClurg,Senior Staff
37291,Shuji,Crooks,Staff
37295,Toshimitsu,Zizka,Senior Staff
37296,Arno,Zaccaria,Senior Staff
37303,Rasikan,Piancastelli,Senior Staff
37305,Mitchel,Restivo,Senior Staff
37306,Mingzeng,Braunschweig,Senior Staff
37308,Iara,Beerel,Senior Staff
37311,Lihong,Eickenmeyer,Senior Staff
37312,Arie,Gecsei,Senior Staff
37318,Alejandro,Isard,Senior Staff
37319,Yuguang,Gils,Staff
37321,Snehasis,Otillio,Staff
37327,Marko,Avouris,Senior Engineer
37341,Shimshon,Bonifati,Senior Engineer
37343,Geoff,Kleiser,Senior Staff
37348,Zhiguo,Ratzlaff,Senior Staff
37353,Wayne,Ghemri,Senior Staff
37359,Sangeeta,Karnin,Senior Staff
37360,Nevin,Orlowska,Staff
37362,Sajjad,Setlzner,Senior Staff
37366,Carrsten,Ginesta,Senior Engineer
37367,Yuriy,Giaccio,Senior Staff
37369,Hitomi,Silva,Engineer
37370,Maya,Cardazo,Senior Engineer
37372,Dietrich,Peot,Senior Staff
37373,Eben,Nicolson,Senior Engineer
37374,Constantino,Bridgland,Senior Engineer
37375,Gao,Gide,Staff
37383,Roddy,Chepyzhov,Senior Staff
37388,Ziya,Ramamoorthy,Senior Engineer
37389,Shuzo,Ghandeharizadeh,Senior Staff
37393,Tze,Picco,Senior Staff
37396,Leszek,Siegrist,Engineer
37401,Tran,Sichman,Engineer
37402,Amstein,Sundgren,Senior Staff
37404,Shuky,Lorch,Engineer
37406,Rildo,Cincotta,Engineer
37407,Danae,Cochrane,Senior Engineer
37408,Mark,Boguraev,Senior Engineer
37409,Niranjan,Akaboshi,Senior Staff
37410,Mingdong,Lunt,Staff
37412,Hairong,Koyama,Engineer
37413,Jagoda,Gill,Senior Engineer
37414,Jahangir,Setlzner,Senior Staff
37423,Karlis,Borstler,Senior Staff
37424,Bogdan,Perri,Senior Engineer
37426,Masaki,Farrag,Staff
37427,Barna,Anandan,Senior Engineer
37428,Ayakannu,Shihab,Senior Staff
37432,Gino,Dichev,Senior Staff
37438,Hinrich,Delgrossi,Engineer
37440,Jayesh,Yoshizawa,Senior Staff
37442,Subhada,Lipner,Senior Staff
37452,Wanqing,Weiland,Senior Staff
37453,Aral,Mansanne,Engineer
37454,KayLiang,Bernardeschi,Staff
37461,Nimmagadda,McClure,Senior Engineer
37463,Lihong,Nittel,Senior Staff
37466,Mabhin,Barinka,Senior Engineer
37467,Maya,Cools,Senior Staff
37469,Nikolaos,Servi,Senior Staff
37470,Moni,Schwabacher,Technique Leader
37473,Prasadram,Valette,Senior Staff
37475,Lein,Rando,Engineer
37476,Gita,Isaak,Senior Staff
37478,Kenton,Mahmud,Senior Engineer
37486,Hugo,Kohling,Staff
37495,Kazuhide,Ramsey,Engineer
37496,Danny,Tchuente,Senior Staff
37501,Mona,Syang,Senior Staff
37504,Mack,Maquelin,Senior Engineer
37506,Manu,Rajala,Staff
37507,Kamran,Quittner,Senior Staff
37516,Leon,Syrzycki,Senior Staff
37518,Nahum,Rassart,Senior Engineer
37520,Jaihie,Baezner,Staff
37523,Giordano,Bazelow,Senior Engineer
37529,Conrado,Jording,Staff
37534,Frederique,McFarlin,Senior Engineer
37540,Akhilish,Chepyzhov,Senior Engineer
37546,Debaprosad,Menhardt,Senior Engineer
37547,Vivian,Tasistro,Senior Staff
37554,TRUE,Oskamp,Engineer
37562,Bingning,Eugenio,Staff
37567,Lorien,Gurbaxani,Senior Engineer
37568,Youngkon,Busillo,Staff
37571,Lena,Zyda,Senior Staff
37577,Mansur,Narwekar,Senior Staff
37580,Alair,Georg,Staff
37582,Douadi,Lipner,Engineer
37583,Vincent,Yoshizawa,Staff
37584,Kasturi,Anick,Engineer
37589,TRUE,Spinelli,Engineer
37600,Kerhong,Engelmann,Senior Staff
37606,Kwun,Gecsei,Engineer
37608,Kasturi,Linnainmaa,Senior Engineer
37612,Etsuo,Sridhar,Senior Engineer
37616,Kensei,Olano,Technique Leader
37617,Joydip,Tagansky,Senior Staff
37619,Xuedong,DuCasse,Senior Staff
37620,Xinyu,Morton,Senior Staff
37621,Ewing,Akiyama,Senior Engineer
37624,Jianhua,Bahi,Technique Leader
37627,Jasminko,Ladret,Senior Staff
37628,Bedrich,Guenter,Senior Engineer
37633,Jixiang,Krone,Engineer
37635,Barun,Sooriamurthi,Senior Engineer
37637,Maja,Rabehasaina,Senior Staff
37640,Haldon,Swen,Senior Engineer
37642,Salvador,Vilarrasa,Senior Engineer
37644,Martina,Zweizig,Senior Staff
37645,Ebru,Greenaway,Senior Engineer
37647,Rosalyn,Baalen,Senior Engineer
37648,Sreenivas,Luef,Staff
37649,Jolita,Puppe,Senior Staff
37659,Florina,Armand,Senior Engineer
37661,Masamitsu,Begiun,Senior Staff
37662,Xiadong,Schurmann,Senior Staff
37664,Dines,Sundgren,Senior Engineer
37667,Miyeon,Cronan,Senior Engineer
37669,Masato,Perng,Senior Engineer
37672,Shin,Gronowski,Assistant Engineer
37673,Tiina,Raczkowsky,Senior Engineer
37674,Vitali,Sinitsyn,Senior Staff
37675,Chikara,Marshall,Senior Engineer
37676,Hisao,Lemarechal,Engineer
37677,Snehasis,Lamma,Staff
37679,Sungwon,Khalil,Senior Staff
37680,Shalesh,McDermid,Senior Staff
37681,Jaques,Biran,Staff
37687,Adamantios,Socorro,Senior Staff
37691,Hatem,Luke,Staff
37701,Zhonghui,Cheshire,Staff
37704,Shigeichiro,Randi,Senior Engineer
37705,Guangming,Straney,Senior Staff
37712,Aris,Takkinen,Staff
37716,Gill,Hutton,Assistant Engineer
37717,Arunachalam,Lichtman,Senior Staff
37720,TRUE,Samarati,Senior Engineer
37724,Owen,Gronowski,Senior Staff
37726,IEEE,Erdmenger,Engineer
37730,Rimon,Castellani,Senior Staff
37735,Magy,Larfeldt,Senior Engineer
37740,Ramalingam,Molenkamp,Senior Engineer
37741,Vitali,Bojadziev,Senior Engineer
37745,Sivanarayana,Kriebel,Engineer
37747,Sahrah,Schaft,Senior Engineer
37751,Jacopo,DuBourdieux,Senior Staff
37761,Zhaofang,Kakkad,Senior Staff
37764,Kristine,Albarhamtoshy,Senior Staff
37768,Taizo,Carrere,Senior Engineer
37776,Bluma,Swiler,Senior Engineer
37777,Gaurav,Vidal,Senior Engineer
37782,Idoia,Barriga,Senior Staff
37783,Mori,Rathonyi,Technique Leader
37785,Kenroku,Giaccio,Technique Leader
37786,Mara,Besselaar,Engineer
37791,Ebbe,Schaaf,Senior Engineer
37792,Shem,Esteva,Technique Leader
37794,Parke,Driscoll,Senior Engineer
37795,Ranga,Hanabata,Engineer
37798,Ingmar,Salvesen,Senior Engineer
37803,Mandell,Eiron,Staff
37807,Apostol,Douceur,Senior Engineer
37808,Kwangsub,Katzenelson,Senior Engineer
37813,Paddy,Kamble,Senior Staff
37814,Adel,Salvesen,Senior Staff
37822,Gou,Huhdanpaa,Technique Leader
37823,Gladys,Kilgour,Senior Engineer
37824,Aram,Morton,Senior Staff
37828,Denny,Nastansky,Staff
37832,Jaber,Choobineh,Senior Engineer
37838,Janche,Wuwongse,Staff
37840,Vidar,Georg,Technique Leader
37848,Beshir,Tetzlaff,Senior Engineer
37849,Jayesh,Maginnis,Senior Staff
37850,Bikash,Underwood,Senior Engineer
37851,Lidong,Vecchi,Senior Engineer
37852,Christophe,Lunt,Senior Engineer
37855,Yinlin,Loncour,Senior Staff
37856,Parto,Laventhal,Staff
37862,Barun,Masaki,Senior Staff
37863,Mong,Swan,Senior Engineer
37864,Inderjeet,Chinin,Senior Engineer
37867,Valeri,Encarnacion,Engineer
37871,Bernice,Reghbati,Engineer
37881,Sedat,Falster,Senior Staff
37882,Alexius,Mellouli,Staff
37884,Mikhail,Butterworth,Senior Staff
37887,Limsoon,Molberg,Senior Engineer
37891,Sumali,Munro,Senior Engineer
37896,Kristinn,Hebert,Engineer
37897,Adit,Madeira,Senior Staff
37898,Xiahua,Birke,Senior Staff
37900,Maia,Thummel,Senior Staff
37907,Karlis,Varker,Senior Engineer
37908,Mohua,Mersereau,Engineer
37909,Kitty,Terekhov,Senior Engineer
37910,Kwangyoen,Danley,Engineer
37914,Yinlin,Rosch,Technique Leader
37915,Billie,Fontan,Senior Staff
37918,Adas,Bazzichi,Senior Engineer
37924,Holgard,Hatcliff,Senior Engineer
37929,Clyde,Takkinen,Senior Engineer
37931,Hercules,Iwayama,Senior Engineer
37934,Marl,Montemayor,Engineer
37937,Xiahua,Pero,Senior Staff
37942,Kagan,Schlenzig,Staff
37944,Fun,Byoun,Senior Engineer
37948,Jayson,Zykh,Senior Staff
37952,Xuedong,Munawer,Senior Staff
37953,Christoph,Gadepally,Senior Engineer
37959,Tesuro,Birta,Assistant Engineer
37970,Cathie,Woycyznski,Senior Staff
37975,Garnet,Onuegbe,Senior Engineer
37976,Yuichiro,Crooks,Engineer
37977,Nahid,Scallan,Senior Staff
37978,Ortrud,Rando,Engineer
37985,Gian,Denna,Senior Engineer
37987,Nadjib,Orsini,Engineer
37988,Lucian,Naumovich,Engineer
37991,Takahiro,Waleschkowski,Senior Engineer
37997,Akemi,Maliniak,Senior Staff
37999,Niclas,Shumilov,Senior Staff
38001,Valter,Adachi,Senior Engineer
38007,Lenore,Seghrouchni,Senior Staff
38011,Jongsuk,Fadgyas,Staff
38014,Nigel,Scallan,Senior Staff
38015,Sorina,Basart,Senior Staff
38019,Charlene,Yoshimura,Senior Staff
38025,Ghassan,Kolvik,Staff
38029,Mayuko,Pashtan,Senior Engineer
38030,Lillian,Jiafu,Senior Engineer
38035,Yuguang,Esteva,Engineer
38037,Georg,Angot,Senior Engineer
38057,Nadjib,Velardi,Senior Staff
38058,Khalil,Kavraki,Senior Engineer
38060,Ennio,Schahn,Senior Staff
38061,Arup,Zeidenstein,Engineer
38063,Nevin,Fabrizio,Engineer
38065,Chuanyi,Schaap,Senior Engineer
38072,Christ,Monarch,Senior Engineer
38073,Xiaoshan,Morton,Senior Engineer
38074,Marek,Ritzmann,Senior Staff
38075,Trygve,Mamelak,Senior Staff
38076,Kiyotoshi,Flowers,Staff
38078,Ramalingam,Plesums,Technique Leader
38083,Evgueni,Farrel,Engineer
38084,Horward,Zongker,Senior Engineer
38098,Duro,Chleq,Senior Staff
38113,Adamantios,Chiodo,Engineer
38114,Leen,Lukaszewicz,Senior Engineer
38117,Stevo,Hiraishi,Senior Staff
38123,Kien,Cummings,Senior Staff
38128,Udo,Gajiwala,Technique Leader
38134,Hatim,Middleton,Staff
38136,Shaunak,Kossowski,Engineer
38139,Dmitry,Oaver,Engineer
38145,Nobuyoshi,Munos,Senior Staff
38146,Paddy,Plavsic,Senior Staff
38156,Akeel,Honglei,Senior Staff
38157,Hideo,Soicher,Senior Staff
38159,Ashish,McAffer,Engineer
38170,Leon,Gulla,Senior Staff
38174,Xiaobin,Peron,Senior Staff
38181,Radhakrishnan,Rusterholz,Senior Engineer
38183,Janche,Swiss,Senior Engineer
38184,Irene,Carrere,Senior Staff
38190,Jovan,Mundy,Engineer
38191,Huei,Suomi,Senior Staff
38192,Garnet,Morrey,Engineer
38195,Fumino,Kawashima,Engineer
38196,Munehiko,Khamsi,Senior Engineer
38201,Anoosh,Erdi,Senior Engineer
38204,Jianwen,Azadmanesh,Senior Staff
38207,Shigeu,Ciolek,Senior Staff
38211,Franziska,Colorni,Senior Engineer
38212,Siamak,Rodier,Senior Staff
38216,Nitsan,Ananiadou,Staff
38217,Billie,Jayawardene,Senior Engineer
38219,Theron,Pleszkun,Staff
38220,Maya,Terkki,Staff
38224,Ottavia,Kavvadias,Senior Engineer
38226,Manu,Rodiger,Senior Engineer
38227,Abdelghani,Crabtree,Senior Engineer
38230,Garnik,McDermid,Engineer
38233,Guther,Cherinka,Staff
38241,Stabislas,Felcyn,Senior Staff
38243,Herbert,Barreiro,Technique Leader
38244,Phillip,Madeira,Senior Staff
38245,Foong,Gaughan,Engineer
38250,Ghassan,Levergood,Senior Staff
38251,Hatim,Birge,Staff
38252,Tadahiro,Benzaken,Senior Staff
38253,Teruyuki,Lukaszewicz,Staff
38258,Subir,Oaver,Staff
38266,Gila,Conte,Senior Engineer
38267,Abdelghani,Armand,Senior Engineer
38268,Maris,Imataki,Senior Engineer
38269,Shawna,Vendrig,Senior Engineer
38270,Nirmal,Hiyoshi,Senior Engineer
38271,Stabislas,Munck,Senior Engineer
38273,Mingsen,Thorelli,Senior Engineer
38274,Rosalie,Sewelson,Senior Engineer
38279,Marsha,Farrar,Senior Staff
38283,Sigeru,Weiland,Engineer
38287,Xiaocheng,Jansen,Engineer
38298,Hinrich,Krzyzanowski,Senior Staff
38300,Janalee,Borstler,Senior Staff
38305,Tomoyuki,Bauknecht,Senior Engineer
38306,Mizuhito,VanScheik,Staff
38307,Marlo,Jording,Senior Staff
38309,Shaibal,Papadias,Senior Staff
38317,Gal,Markovitch,Senior Engineer
38318,Heping,Birta,Senior Engineer
38320,Fox,Rabejac,Senior Engineer
38323,Kiyotoshi,Keirsey,Senior Engineer
38328,Richard,Muhlberg,Senior Staff
38333,Chiranjit,Rosiles,Engineer
38334,Shiv,Morris,Senior Staff
38335,Masaru,Malabarba,Technique Leader
38336,Chaoyi,Basart,Senior Staff
38344,Shaibal,Kobara,Senior Engineer
38345,Gully,Munke,Senior Engineer
38346,Goh,Falster,Engineer
38347,Tzu,Woycyznski,Senior Staff
38354,Serap,Klyachko,Senior Engineer
38356,Karlis,Oskamp,Engineer
38357,Mantis,Turnbull,Senior Engineer
38358,Xinglin,Gils,Staff
38359,Huei,Chinin,Senior Staff
38360,Kazunori,Tyugu,Senior Engineer
38363,Danny,Cardazo,Engineer
38364,Maya,Vilarrasa,Staff
38372,Youpyo,Maierhofer,Engineer
38379,Janalee,Przulj,Senior Staff
38384,Yishai,Trumbly,Engineer
38385,Karoline,Brickell,Engineer
38386,Mabhin,Keustermans,Senior Staff
38388,Arnd,Nishimukai,Senior Staff
38392,Basem,Swan,Engineer
38394,Xiping,Shackell,Staff
38399,Marsha,Ramalingam,Engineer
38400,Jaber,Ponthieu,Engineer
38406,Gilbert,Poupard,Senior Staff
38416,Xinglin,Boyle,Senior Engineer
38425,Youssef,Senzako,Staff
38427,Muzhong,Potthoff,Engineer
38428,Jahangir,Middleton,Senior Staff
38431,Masanao,Ferretti,Senior Staff
38432,Sreekrishna,Harllee,Senior Engineer
38435,Tran,Conti,Technique Leader
38438,Nikolaus,Pehl,Senior Staff
38440,Jiong,Ernst,Engineer
38442,Marco,Baalen,Engineer
38445,Dharmaraja,Kowalchuk,Senior Staff
38446,Sergi,Brattka,Senior Staff
38447,Gladys,Ruemmler,Engineer
38451,Abdelkader,Decleir,Senior Engineer
38453,Rafael,Perfilyeva,Senior Staff
38457,Seshu,Kranzdorf,Engineer
38461,Khoa,Kusakabe,Senior Staff
38463,Leucio,Janocha,Senior Staff
38464,Chenxi,Imataki,Senior Engineer
38471,Christoper,Zaiane,Senior Staff
38472,Masadi,Winter,Senior Staff
38473,Lena,Onuegbe,Senior Engineer
38474,Hsiangchu,Wrigley,Senior Staff
38476,Godehard,Neimat,Engineer
38479,Stamatina,Dehkordi,Engineer
38480,Yuriy,Zaccaria,Senior Engineer
38482,Ziva,Munch,Technique Leader
38485,Kiyomitsu,Kavanagh,Senior Engineer
38488,Guther,Merro,Staff
38491,Jiong,Bojadziev,Staff
38497,Anyuan,Hiltgen,Senior Staff
38498,Margareta,Uehara,Assistant Engineer
38500,Serge,Chimia,Staff
38508,Mokhtar,Vasanthakumar,Senior Staff
38517,Ult,Farrow,Technique Leader
38518,Sachem,Savasere,Senior Engineer
38519,Zdislav,Bakhtari,Senior Engineer
38520,Leandro,Akiyama,Senior Engineer
38523,Karoline,Angiulli,Senior Staff
38524,Mrinalini,Vrecion,Technique Leader
38526,Xinyu,Roohalamini,Staff
38535,Patricio,Eastman,Senior Engineer
38548,Susuma,Tetzlaff,Senior Engineer
38551,Sangeeta,Angelopoulos,Engineer
38552,Yolla,Quittner,Senior Staff
38553,Dinkar,Bage,Senior Staff
38555,Vasilis,Terlouw,Technique Leader
38561,Shawna,Madeira,Senior Staff
38566,Navin,Begiun,Technique Leader
38570,Lobel,Ducloy,Senior Staff
38581,Shan,Gornas,Senior Engineer
38583,Xuedong,Orlowska,Staff
38595,Adel,Hempstead,Staff
38597,Phuoc,Baba,Technique Leader
38602,Rafael,Showalter,Staff
38603,Weijing,Farrag,Engineer
38608,Florian,Journel,Senior Engineer
38609,Florian,Lorcy,Staff
38611,Baoqiu,Wossner,Senior Engineer
38612,Mayuko,Gyorkos,Staff
38613,Rildo,Bojadziev,Senior Engineer
38617,Renee,Herber,Staff
38618,Houman,Ibel,Senior Staff
38619,Avishai,Pena,Staff
38620,Taizo,Berztiss,Senior Staff
38621,Bikash,Rusmann,Senior Staff
38625,Aleksander,Deyuan,Staff
38635,Pramod,Jeansoulin,Senior Staff
38638,Basant,Kuhnemann,Senior Engineer
38639,Arvin,Zobel,Senior Engineer
38641,Zeljko,Rosaz,Staff
38643,Richara,Baer,Engineer
38653,Collette,Pluym,Engineer
38658,Rasikan,Lienhardt,Senior Staff
38666,Bedrich,Penn,Senior Staff
38669,Abdelwaheb,Jakobus,Senior Staff
38674,Danai,Reistad,Technique Leader
38676,Kendra,Pashtan,Senior Staff
38677,Teiji,Trumbly,Staff
38679,Zvonko,Bael,Technique Leader
38684,Remmert,Krzyzanowski,Senior Staff
38689,King,Hoogerwoord,Assistant Engineer
38692,Huan,Hebden,Technique Leader
38694,Gudjon,Strandh,Engineer
38696,Keiichiro,Leppanen,Senior Staff
38697,Hercules,Warwick,Senior Engineer
38700,Deniz,Figueira,Technique Leader
38701,Kristian,Irland,Senior Engineer
38706,Zeydy,Gils,Senior Engineer
38707,Constantine,Hitomi,Senior Staff
38710,Shimshon,Papastamatiou,Staff
38711,Shichao,Gini,Senior Engineer
38715,Jianhua,Dayana,Engineer
38716,Toshimo,Perin,Engineer
38717,Boaz,Honiden,Staff
38719,Moty,Beeson,Senior Engineer
38720,Kwan,Khalil,Senior Engineer
38722,Noritoshi,Crooks,Senior Staff
38728,Marl,Genther,Senior Staff
38733,Gil,Isard,Engineer
38738,Mohd,Kuszyk,Staff
38740,Michaela,Matzat,Staff
38742,Sreenivas,Perna,Senior Engineer
38743,Baruch,Brender,Engineer
38747,Kenton,Guerreiro,Staff
38760,Tristan,Schwartzbauer,Senior Staff
38761,Feiyu,England,Senior Engineer
38764,Yakichi,Puppo,Senior Staff
38766,Sreenivas,Wegerle,Senior Staff
38768,King,Haddadi,Senior Engineer
38771,Muneo,Fontet,Senior Staff
38774,Urs,Chelton,Senior Staff
38776,Foong,Erol,Senior Staff
38781,Eben,Khalil,Engineer
38784,Guiseppe,Smailagic,Senior Staff
38790,Boaz,Poujol,Senior Staff
38791,Bingning,Meszaros,Senior Engineer
38794,Sham,Randi,Senior Staff
38801,Jackson,Weedon,Technique Leader
38807,Kiyomitsu,Shihab,Senior Staff
38808,Akemi,Danley,Technique Leader
38809,Rildo,Gelosh,Senior Engineer
38810,Pohua,Roccetti,Senior Staff
38811,Noritoshi,Swen,Senior Engineer
38815,Ebbe,Staylopatis,Senior Staff
38816,Iara,Acton,Senior Engineer
38822,Susumu,Chiodo,Senior Staff
38824,Shounak,Rindone,Senior Engineer
38827,Syozo,Erol,Senior Engineer
38830,Adit,Leijenhorst,Staff
38838,Candida,Xiaoshan,Engineer
38840,Leaf,Lunn,Senior Engineer
38842,Alper,Mukaidono,Senior Engineer
38844,Marsal,Merle,Senior Staff
38845,Ottavia,Gopalakrishnan,Senior Engineer
38846,Hisao,Szmurlo,Senior Staff
38847,Ugo,Waterhouse,Senior Engineer
38851,Deborah,Stassinopoulos,Senior Engineer
38852,Niranjan,Lorys,Senior Staff
38855,Florian,Koyama,Senior Staff
38858,Brewster,Preusig,Senior Staff
38859,Hiroyasu,Assaf,Senior Staff
38867,Charmane,Randt,Assistant Engineer
38869,Zongyan,Brizzi,Senior Engineer
38870,Jiafu,Rijsenbrij,Senior Engineer
38873,Krisda,Byoun,Senior Engineer
38876,Chikako,Qiwen,Senior Staff
38878,Hauke,Champarnaud,Senior Staff
38879,Tsz,Morton,Senior Engineer
38880,Hatsukazu,Kakkar,Senior Engineer
38883,Bartek,Tanemo,Staff
38884,Arne,Dratva,Senior Staff
38890,Mohit,Mellouli,Staff
38905,Arnould,Pearson,Senior Engineer
38911,Snehasis,Anger,Engineer
38915,Divine,Hanratty,Senior Staff
38916,Hein,Kroll,Senior Engineer
38917,Anyuan,Gulak,Engineer
38921,Weiru,Papsdorf,Senior Staff
38922,Xiaobin,Sewelson,Senior Staff
38929,Salvador,Lanteri,Engineer
38930,Vishu,Zhiwei,Senior Engineer
38936,Mokhtar,Uehara,Senior Engineer
38941,Yurij,Turnbull,Senior Engineer
38942,Danco,Xiaoshan,Senior Staff
38951,Terresa,Rijckaert,Senior Staff
38952,Shahaf,Sooriamurthi,Staff
38955,Chaoyi,Trachtenberg,Senior Staff
38960,Edwin,Morrow,Senior Engineer
38961,Krister,Erva,Engineer
38974,Yongdong,Kandlur,Staff
38976,Kensyu,Erman,Senior Engineer
38978,Sedat,Linares,Senior Engineer
38980,Temple,Hashii,Engineer
38981,Masasuke,Jonsson,Senior Staff
38988,Mohammed,Dulin,Engineer
38990,Kazuhira,McFarlin,Engineer
38993,Gal,Aseltine,Staff
38995,Lijia,Gecsei,Senior Engineer
39001,Chriss,Pero,Senior Engineer
39011,Reuven,Luce,Senior Staff
39017,Shahid,Carrera,Technique Leader
39018,Irena,Harllee,Senior Engineer
39025,Florina,DuBourdieux,Senior Engineer
39026,Yongmin,Etalle,Senior Engineer
39027,Zhilian,Greenaway,Senior Engineer
39028,Reinhold,Himler,Engineer
39031,Yagil,Schiettecatte,Senior Staff
39035,Susumu,Kohling,Senior Engineer
39041,Shem,Fabrizio,Senior Engineer
39043,Kersti,Ferretti,Engineer
39047,Angel,Dichev,Staff
39048,Valery,Lanphier,Staff
39051,Tran,Madeira,Staff
39052,Debatosh,Kropatsch,Senior Engineer
39055,Remko,Varman,Senior Engineer
39056,Kristine,Schwartzburd,Senior Engineer
39072,Itzchak,Kavvadias,Senior Staff
39077,Luisa,Erdmenger,Senior Staff
39082,Ortrun,Encarnacion,Senior Engineer
39083,Ottavia,Jording,Staff
39085,Kagan,Rohrbach,Engineer
39087,Marin,Luders,Senior Engineer
39088,Wanqing,Paciorek,Staff
39089,Tzu,Rajcani,Senior Staff
39092,Vojin,Butterworth,Engineer
39093,Vidya,Weedon,Technique Leader
39094,Mohan,Gronowski,Senior Staff
39100,Mokhtar,Riefers,Staff
39104,Anneke,Antonakopoulos,Engineer
39105,Moni,Pashtan,Senior Staff
39106,Mototsugu,Frijda,Staff
39107,Cordelia,Markovitch,Engineer
39111,Abdulah,Hiltgen,Senior Engineer
39113,Janche,Aumann,Senior Engineer
39119,Tristan,Klyachko,Senior Engineer
39120,Kensyu,Yurek,Senior Engineer
39128,Shaw,Nitto,Staff
39131,Zhaofang,Babu,Senior Engineer
39132,Uta,Massonet,Senior Staff
39134,Reinhard,Vidal,Engineer
39138,Ashish,Jeansoulin,Senior Engineer
39139,Heejo,Harnett,Engineer
39140,Shai,Terkki,Senior Staff
39143,Flemming,Salverda,Senior Staff
39145,Dulce,Heystek,Senior Staff
39151,Stamatina,Erbe,Senior Staff
39155,Yoshimitsu,Masamoto,Senior Engineer
39156,Gift,Pileggi,Senior Staff
39163,Gretta,Esteva,Senior Engineer
39166,Dante,Jenevein,Senior Engineer
39173,Rosalyn,Schmezko,Staff
39181,Gao,Einsfeld,Staff
39186,Golgen,Atrawala,Senior Staff
39188,Apostol,Bresenham,Senior Engineer
39191,Flemming,Servieres,Senior Staff
39194,Arun,Imataki,Technique Leader
39207,Gritta,Stiles,Senior Engineer
39210,Bernt,Spinelli,Engineer
39220,Dinah,Showalter,Senior Engineer
39222,Lokesh,Keirsey,Senior Staff
39224,Moss,Chenney,Engineer
39226,Samphel,Parfitt,Senior Engineer
39232,Genevieve,Baumann,Staff
39234,Feixiong,Ranka,Engineer
39235,Filipp,Munch,Staff
39236,Faiza,Nivat,Staff
39237,Sugwoo,Fabrizio,Senior Engineer
39238,Prodip,Goodrum,Staff
39239,Karsten,Benner,Senior Engineer
39243,Arco,Heiserman,Staff
39244,Sasan,Marrevee,Engineer
39248,Ung,Ibel,Senior Engineer
39252,Vojin,Anily,Senior Engineer
39258,Ingemar,Gimbel,Senior Staff
39259,Junsik,Peroz,Senior Engineer
39262,Karoline,Vecchi,Senior Engineer
39264,Jaideep,Michaels,Senior Engineer
39267,Valeri,Naudin,Senior Engineer
39276,Alejandro,Busillo,Senior Staff
39278,Lenore,Guting,Senior Staff
39283,Ghassan,Trumbly,Engineer
39286,Takahito,Gunderson,Engineer
39289,Behnaam,Caine,Senior Staff
39290,Kwee,Mateescu,Senior Engineer
39298,Nahum,DuCasse,Staff
39304,Aram,Plesums,Senior Engineer
39316,Ulises,Gyorkos,Technique Leader
39320,Katsuo,Ossenbruggen,Technique Leader
39321,Arie,Wilfing,Senior Engineer
39323,Zita,Ratnaker,Senior Engineer
39331,Evgueni,Tramer,Senior Staff
39333,Sastry,Danley,Senior Engineer
39337,Shaowen,Miake,Senior Engineer
39338,Leaf,Zuberek,Senior Engineer
39342,Xumin,Rehfuss,Senior Engineer
39361,Gio,Cummings,Senior Engineer
39363,Bingning,Hashii,Engineer
39365,Karlis,Bernardeschi,Engineer
39366,Yuqun,Baar,Senior Engineer
39368,Shigeo,Schaad,Senior Engineer
39373,Rafael,Zambonelli,Senior Staff
39374,Zvonko,Maierhofer,Senior Staff
39375,Yagil,Schurmann,Senior Staff
39387,Kauko,Wegerle,Engineer
39394,Maia,Makrucki,Senior Engineer
39399,Adhemar,Teitelbaum,Engineer
39405,Toong,Millington,Senior Engineer
39406,Giordano,Giaccio,Technique Leader
39409,Zhilian,Leslie,Senior Engineer
39415,Muneo,Vecchio,Staff
39416,Juichirou,Serot,Senior Staff
39419,Van,Swist,Senior Staff
39422,Radoslaw,Krogh,Staff
39423,Tiina,Przulj,Senior Engineer
39425,Deniz,Hashii,Engineer
39426,Bluma,Tanemo,Senior Engineer
39429,Alassane,Sooriamurthi,Senior Engineer
39431,Phule,Thiran,Senior Staff
39433,Conor,Chleq,Senior Staff
39439,Lidong,Domenig,Senior Staff
39443,Weidon,Ratnaker,Senior Staff
39444,Huican,Majewski,Senior Staff
39445,Bernt,Murtha,Staff
39447,Jinpo,Kroha,Engineer
39453,Hairong,Conti,Senior Staff
39456,Bojan,Malinowski,Staff
39462,Basil,Luit,Senior Engineer
39468,Yuqun,Demir,Engineer
39470,Henk,Veeraraghavan,Senior Staff
39474,Zorica,Kilgore,Senior Staff
39477,Phuoc,Zastre,Engineer
39480,Trygve,Seghrouchni,Senior Engineer
39481,Mokhtar,Ratnakar,Senior Engineer
39486,Brewster,Brandsma,Staff
39495,Idoia,Sudkamp,Engineer
39497,Richara,Peck,Engineer
39501,Jaana,Baalen,Senior Engineer
39505,Fumitake,Sooriamurthi,Assistant Engineer
39506,Hatsukazu,Lubachevsky,Senior Engineer
39507,Theron,Bondorf,Engineer
39518,Uma,Pfau,Engineer
39522,Syozo,Kushnir,Senior Staff
39523,Niclas,Snedden,Engineer
39526,Sadok,Rouquie,Senior Engineer
39529,Karoline,Menhoudj,Senior Engineer
39533,Urs,Pettit,Engineer
39534,Venkatesan,Trystram,Senior Engineer
39537,Shahid,Krupka,Engineer
39538,Szabolcs,Maraist,Senior Staff
39543,Dekang,Schrift,Senior Staff
39547,Jouko,Schiettecatte,Senior Engineer
39559,Youssef,Shobatake,Staff
39571,Chenxi,Masaki,Senior Staff
39572,Kiyomitsu,Unno,Senior Engineer
39587,Irena,Hoppenstand,Senior Engineer
39589,Janche,Murtafg,Senior Engineer
39593,Ziya,Pellegrinelli,Staff
39595,Vishv,Ramras,Senior Engineer
39599,Rafael,Tsunoo,Staff
39600,Ugo,Kawashimo,Senior Engineer
39601,Izaskun,Zockler,Engineer
39603,Shugo,Pelc,Senior Staff
39608,Leni,Ibel,Technique Leader
39609,Takushi,Raney,Engineer
39612,Lubomir,Asrin,Senior Staff
39616,Marjo,Bael,Engineer
39624,Matt,Budinsky,Senior Staff
39629,Susanne,Rosin,Engineer
39630,Mototsugu,Neiman,Senior Staff
39631,Jiafu,Simmel,Senior Staff
39633,Kirk,Vakili,Senior Staff
39636,Muzhong,Deville,Senior Staff
39637,Stafford,Larfeldt,Engineer
39640,Fox,Wroclawski,Senior Engineer
39644,Jouni,Nastansky,Senior Staff
39646,Ayakannu,Tagansky,Senior Staff
39647,Aamer,Massonet,Engineer
39648,Gad,Lanphier,Senior Staff
39652,Kitty,Keirsey,Senior Engineer
39654,Gad,Tramer,Senior Engineer
39655,Larisa,Kaiser,Senior Engineer
39656,Annemarie,Nannarelli,Senior Staff
39657,Eran,Fortenbacher,Senior Engineer
39658,Cullen,Flexer,Engineer
39662,Honglan,Birrer,Staff
39668,Xiong,Baumann,Staff
39669,Toshiko,Jakobus,Senior Staff
39671,Chenye,Hanabata,Senior Staff
39674,JoAnna,Atrawala,Engineer
39675,Yakichi,Szemeredi,Engineer
39678,Chiradeep,Waeselynck,Senior Staff
39683,Vitaly,Veccia,Engineer
39684,Kokou,Dratva,Senior Staff
39689,Ziya,Parveen,Staff
39693,Nitsan,Perin,Senior Engineer
39695,Billur,Preusig,Senior Staff
39697,Siddarth,Improta,Engineer
39704,Hatim,Junet,Senior Engineer
39705,Kinh,Vidal,Senior Engineer
39706,Karoline,Perfilyeva,Senior Staff
39707,Khun,Zucker,Engineer
39712,Chirstian,Muchinsky,Senior Staff
39717,Josyula,Figueira,Senior Engineer
39718,Aron,Zedlitz,Staff
39719,Yagil,Unno,Staff
39721,Ulises,Mellouli,Senior Engineer
39724,Suzette,Pargaonkar,Senior Engineer
39729,Fan,Awdeh,Senior Engineer
39730,Shirish,Mattern,Senior Engineer
39735,Morris,Ashish,Engineer
39738,Arvin,Gerteisen,Engineer
39743,Leucio,Piazza,Senior Engineer
39747,Pohua,Montresor,Senior Engineer
39749,Bokyung,Berztiss,Senior Engineer
39753,Filipe,Norsworthy,Senior Staff
39756,Dmitri,Litecky,Senior Staff
39759,Faiza,Varker,Senior Staff
39777,Shuho,Pusterhofer,Senior Staff
39780,Alain,Gyorkos,Technique Leader
39783,Rasikan,Gustavson,Senior Engineer
39784,Venkatesan,Ossenbruggen,Senior Staff
39787,Bernardo,Bolotov,Senior Engineer
39793,Troy,Hiltgen,Senior Staff
39797,Stella,Tyugu,Staff
39801,Shaowei,Honglei,Senior Engineer
39804,Troy,Aseltine,Engineer
39806,Shuzo,Rosenbaum,Senior Staff
39808,Tayeb,Varley,Engineer
39809,Doohun,Lund,Senior Engineer
39810,Rimli,Chinal,Engineer
39812,Marit,Peres,Assistant Engineer
39820,Willard,Range,Senior Engineer
39821,Percy,Schwartzbauer,Senior Staff
39840,Gregory,Demian,Senior Engineer
39842,Terresa,Krybus,Engineer
39844,Arco,Asser,Senior Engineer
39846,Shawna,Riesenhuber,Senior Staff
39852,Willard,Guenter,Senior Staff
39853,Abdelaziz,Merey,Engineer
39854,Sanjay,McClurg,Senior Engineer
39858,Waiman,Hettesheimer,Senior Staff
39859,Mingsen,Covnot,Senior Engineer
39861,Kshitij,Rissland,Senior Engineer
39866,Xiaoqiu,McFarlan,Senior Engineer
39868,Adas,Tomescu,Senior Engineer
39870,Paddy,Ghazalie,Senior Staff
39873,Kankanahalli,Joslin,Senior Engineer
39875,Jaideep,Magliocco,Staff
39876,Quingbo,Llado,Senior Engineer
39880,Turgut,Karunanithi,Senior Staff
39883,Moriyoshi,Luan,Senior Engineer
39884,Eldridge,Decaestecker,Technique Leader
39889,Pranav,Menhoudj,Senior Staff
39890,Sanjai,Valiente,Senior Staff
39895,Heon,Baaz,Staff
39900,Adas,Schach,Technique Leader
39903,Kayoko,Foong,Staff
39908,Yaghout,Redmiles,Senior Engineer
39909,Nectarios,Ozeki,Senior Staff
39914,Anyuan,Syrzycki,Engineer
39915,Yefim,Junot,Senior Staff
39917,Guoxiang,Besselaar,Senior Engineer
39918,Shahar,Laventhal,Senior Staff
39925,Doohun,Asrin,Senior Engineer
39926,Ebbe,Fargier,Assistant Engineer
39930,Kitty,Paludetto,Senior Staff
39933,Deborah,Bennet,Staff
39940,Kazuhisa,Hiraishi,Senior Engineer
39941,Gino,Tanemo,Technique Leader
39942,Mary,Hofmeyr,Technique Leader
39946,Mara,McAlpine,Senior Staff
39949,Ziya,Schlegelmilch,Senior Engineer
39954,Rildo,Baek,Staff
39955,Shigeaki,Erde,Senior Staff
39959,Christophe,Varley,Engineer
39960,Tomokazu,Wallrath,Senior Staff
39966,Utpal,Beidas,Senior Staff
39967,Danel,Gluchowski,Senior Engineer
39968,Parto,Capobianchi,Senior Engineer
39969,Mark,Conia,Senior Staff
39970,Sachar,Sgarro,Senior Staff
39971,Odoardo,Antonisse,Senior Staff
39973,Pintsang,Lores,Engineer
39979,Serenella,Cardazo,Senior Staff
39980,Valery,Conte,Senior Engineer
39981,Renee,Biran,Senior Staff
39984,Qingxiang,Randt,Senior Engineer
39985,Sergi,Perez,Senior Engineer
39988,Anoosh,Spelt,Technique Leader
39989,Raimond,Dehkordi,Senior Engineer
39990,Jingling,Katalagarianos,Senior Engineer
39992,Mohit,Gadepally,Senior Staff
39995,Marko,Deverell,Senior Engineer
39996,Snehasis,Madeira,Staff
40000,Nishit,Asser,Technique Leader
40004,Anneke,Stiles,Senior Engineer
40008,Yucai,Nittel,Senior Staff
40010,Mingdong,Ferriere,Senior Engineer
40011,Kazuyasu,Stafford,Engineer
40012,Chinhyun,Ozeri,Staff
40014,Maha,Meriste,Technique Leader
40018,Yongmao,Beidas,Senior Engineer
40019,Katsuo,Rodham,Senior Staff
40021,Parto,Delgrande,Engineer
40022,Duro,Bashian,Senior Staff
40023,Ortrun,Asmuth,Senior Engineer
40025,Insup,Isard,Technique Leader
40026,Pramod,Masada,Senior Staff
40028,Wuxu,Hofman,Technique Leader
40029,Aruna,Braccini,Senior Staff
40035,Anyuan,Kleiser,Senior Staff
40041,Lijia,Gimarc,Staff
40045,Hairong,Czap,Senior Staff
40047,Mara,Trogemann,Staff
40048,Makato,Cardazo,Staff
40052,Fay,Sichman,Senior Staff
40057,Ghassan,Kalloufi,Senior Staff
40070,Arco,Schade,Senior Staff
40072,Morrie,Cmelik,Senior Engineer
40073,Iara,Laventhal,Senior Engineer
40075,Geoff,Kropatsch,Engineer
40087,Vesna,Huttel,Senior Engineer
40096,Chanjung,Piazza,Senior Staff
40103,Arvin,DasSarma,Senior Staff
40106,Zdislav,Mukaidono,Senior Staff
40110,Leucio,Choobineh,Staff
40113,Rosine,Wissmann,Senior Staff
40118,Fen,Uludag,Engineer
40119,Rildo,Farrow,Senior Engineer
40122,Chinya,McConalogue,Senior Engineer
40127,Kauko,Callaway,Senior Staff
40129,Divine,Pardalos,Senior Engineer
40131,Moti,Asser,Senior Engineer
40134,Caolyn,Brlek,Technique Leader
40137,Conal,Sambasivam,Engineer
40144,Uta,Leslie,Senior Staff
40147,Padma,Gaughan,Senior Staff
40148,Yucai,Solares,Staff
40150,Weiyi,Cusworth,Senior Engineer
40156,Dhritiman,Cooman,Senior Staff
40158,Ebbe,Penn,Technique Leader
40161,Premsyl,Guardalben,Senior Engineer
40165,Cathie,Unni,Staff
40168,Miquel,Frezza,Senior Staff
40169,Remco,Isaac,Senior Staff
40174,Bernd,Billawala,Senior Engineer
40177,Wilmer,Fortenbacher,Staff
40182,Eran,Pepe,Senior Engineer
40185,Miyeon,Garnick,Senior Engineer
40188,Mansur,Serot,Staff
40196,Emdad,Kalorkoti,Staff
40203,Rasikan,Pokrovskii,Assistant Engineer
40204,Divine,Portugali,Technique Leader
40205,Genevieve,Provine,Senior Engineer
40217,Padma,Shokrollahi,Senior Staff
40225,Shakhar,Schieder,Senior Staff
40226,Hyuncheol,Benantar,Senior Staff
40229,Jamaludin,Sommen,Staff
40231,Huei,Weedon,Engineer
40232,Junsik,Chorvat,Senior Engineer
40238,Ekawit,Hopewell,Staff
40240,Frederique,Tokunaga,Staff
40244,Saniya,Janetzko,Senior Engineer
40245,Yucai,Bael,Senior Staff
40246,Heng,Bugaenko,Senior Engineer
40250,Jamaludin,Birta,Engineer
40256,Abdelwaheb,Bernardeschi,Staff
40259,Mana,Hartvigsen,Senior Staff
40260,Shaowei,Hofman,Engineer
40262,Arunas,Heiserman,Staff
40266,Khaled,Driscoll,Senior Staff
40270,Dietrich,Shimshoni,Staff
40272,Taizo,Gonthier,Technique Leader
40273,Hugh,Levergood,Engineer
40274,Isaac,Skrikant,Senior Engineer
40279,Zissis,Honglei,Senior Engineer
40284,Giordano,Ranft,Engineer
40286,Ishfaq,Szilard,Senior Engineer
40293,Herb,Schmiedel,Staff
40294,Ingemar,Kushner,Senior Staff
40313,Turgut,Staylopatis,Senior Engineer
40315,Hideyuki,Honglei,Senior Engineer
40316,Gou,Conry,Staff
40317,Arvind,Rusterholz,Senior Engineer
40318,Shin,Vingron,Senior Engineer
40319,Lubomir,Diderrich,Senior Engineer
40321,Hinrich,Ouhyoung,Senior Engineer
40322,Charmane,Sankaranarayanan,Senior Staff
40325,Vincent,Gist,Senior Staff
40327,Dinkar,Zobel,Senior Staff
40329,Berni,Gewali,Staff
40331,Nadjib,Tyugu,Senior Engineer
40333,Gennadi,Emden,Senior Engineer
40335,Shahaf,Madeira,Engineer
40347,Vasiliy,Bala,Engineer
40360,Harjit,Miyakawa,Senior Engineer
40362,Susumu,Veeraraghavan,Senior Staff
40364,Limsoon,Harllee,Senior Staff
40368,Demin,Binkley,Senior Engineer
40373,Diederik,Mateescu,Senior Staff
40379,Fumino,Engberts,Senior Staff
40384,Xinan,Irland,Senior Staff
40389,Mong,Kobuchi,Staff
40391,Tadahiko,Barriga,Senior Staff
40392,Qunsheng,Genther,Senior Engineer
40393,Aleksander,Gajiwala,Senior Staff
40394,Vatsa,Masamoto,Assistant Engineer
40396,Sachem,Narahara,Senior Staff
40397,Abdelkader,Beetstra,Technique Leader
40398,Radhia,Szilard,Senior Staff
40399,Hirochika,Sidhu,Technique Leader
40400,Vesna,Bondorf,Engineer
40402,Weiye,Katzenelson,Senior Engineer
40407,Heather,Jeansoulin,Engineer
40409,Jaroslava,Peha,Senior Engineer
40416,Volkmar,Gerteisen,Engineer
40417,Gian,Sundgren,Staff
40419,Zsolt,Frolund,Senior Staff
40422,Cullen,Billingsley,Staff
40423,Gita,Ligten,Senior Staff
40424,Niteen,Ghazalie,Technique Leader
40427,Aloke,Merks,Engineer
40428,Rosalie,Veldwijk,Senior Staff
40432,Leucio,Linnainmaa,Senior Staff
40434,Lalit,Salinas,Staff
40437,Yurij,Picht,Senior Staff
40439,Lihong,Papsdorf,Assistant Engineer
40447,Debaprosad,Pero,Senior Engineer
40450,Shan,Kakkad,Engineer
40454,Constantijn,Lorie,Senior Engineer
40455,Weidon,Rubsam,Staff
40456,Heather,Lemarechal,Senior Engineer
40459,Georg,Guting,Senior Engineer
40462,Conrado,Schach,Engineer
40463,Rafail,Tokunaga,Senior Engineer
40464,Yakichi,Brender,Engineer
40465,Khoa,Brendel,Senior Engineer
40466,Gita,Ritzmann,Staff
40467,Chirstian,Baar,Senior Engineer
40469,Radoslaw,Ellozy,Senior Staff
40471,Shir,Straney,Engineer
40474,Bodo,Duclos,Senior Staff
40476,Valdiodio,Asmuth,Engineer
40479,Khosrow,Pollock,Staff
40480,Leszek,Varman,Senior Staff
40484,Aria,Chiodo,Senior Engineer
40486,Leen,Kopetz,Engineer
40487,Valery,Gulik,Senior Engineer
40489,Yongmao,Bugrara,Assistant Engineer
40491,Kshitij,Swan,Engineer
40493,Yishay,Peris,Engineer
40494,Elliott,Lung,Technique Leader
40500,Aiman,Brattka,Senior Staff
40501,Tamiya,Prampolini,Senior Engineer
40503,Janalee,Schusler,Senior Staff
40506,Alain,Griswold,Engineer
40507,Luerbio,Assaf,Assistant Engineer
40508,Anyuan,Birke,Senior Staff
40510,Lubomir,Grospietsch,Senior Staff
40511,Radhia,Alencar,Senior Staff
40512,Kwangjo,Melton,Senior Staff
40515,Magdalena,Dengi,Technique Leader
40517,Hironoby,Mattern,Senior Engineer
40520,Danny,Gajiwala,Engineer
40522,Krisda,Kinley,Senior Staff
40523,Gro,Ramsey,Senior Engineer
40526,Nectarios,Birsak,Engineer
40528,Yannik,Litvinov,Senior Engineer
40531,Etsuo,Kalefeld,Staff
40533,Kiyotoshi,Aingworth,Senior Engineer
40543,Chikako,Merey,Senior Engineer
40547,Josyula,Debuse,Senior Staff
40548,Sushant,Gammage,Senior Engineer
40551,Lillian,Terkki,Engineer
40555,Yahiko,Manders,Senior Staff
40556,Murthy,Baaz,Senior Engineer
40563,Hongzhu,Munos,Engineer
40566,Clyde,Siepmann,Senior Staff
40568,Tetsushi,Crelier,Senior Engineer
40569,Mack,Fiebach,Senior Engineer
40570,Changho,Merlo,Technique Leader
40574,Susumu,Ratnakar,Senior Engineer
40576,Zhenhua,Basagni,Senior Staff
40581,Mack,Jiang,Engineer
40584,Dmitry,Zykh,Senior Staff
40587,Xiping,Genin,Technique Leader
40588,Jovan,Aloia,Staff
40591,Aron,Hofting,Senior Staff
40592,Yucai,Gniady,Senior Staff
40593,Ebbe,Pouyioutas,Staff
40595,Tadahiko,Bolsens,Engineer
40597,Fumiyo,Limongiello,Senior Engineer
40599,Fabrizio,Stanfel,Senior Staff
40600,Arch,Bazzichi,Staff
40604,Ung,Muniz,Senior Staff
40608,Pascal,Kaiserswerth,Senior Engineer
40615,Jacopo,Karner,Senior Engineer
40616,Sariel,Thummel,Staff
40622,Lubomir,Ulupinar,Engineer
40624,JoAnna,Thimonier,Senior Staff
40627,Rance,Hemaspaandra,Staff
40631,Frazer,Alameldin,Senior Staff
40635,Huican,Schapiro,Senior Staff
40639,Goo,Schnabel,Staff
40641,Eishiro,Papadias,Staff
40647,Mitsuyuki,Basagni,Technique Leader
40654,Honesty,Trachtenberg,Senior Engineer
40658,Alois,Codenie,Assistant Engineer
40660,Piyush,Erbe,Senior Engineer
40661,Takanari,Baik,Senior Engineer
40668,Heon,Makinen,Senior Engineer
40672,Yinlin,Pfau,Senior Engineer
40679,Bokyung,Goldhammer,Senior Staff
40685,Shawna,Bugrara,Senior Staff
40690,Leni,Tomescu,Senior Staff
40693,Serge,Akazan,Senior Staff
40696,Torsten,Siprelle,Senior Engineer
40702,Sampalli,Fujisawa,Engineer
40704,Oksana,Parascandalo,Senior Engineer
40714,Lijie,Covnot,Senior Staff
40728,Heejo,Pepe,Senior Staff
40730,Yahiko,Kropf,Staff
40737,Mads,Pramanik,Staff
40738,Mototsugu,Varman,Engineer
40739,Kazuhiko,Itzfeldt,Senior Staff
40741,Guiseppe,Nooteboom,Staff
40743,Shawna,Badr,Senior Engineer
40744,Izaskun,Ozeri,Senior Engineer
40746,Kotesh,Jumpertz,Senior Staff
40752,Mantis,Verhaegen,Staff
40755,Leen,Kamber,Staff
40758,Kaijung,Munro,Engineer
40760,Munehiro,Yetto,Senior Staff
40762,Tze,Tanemo,Staff
40764,Shuky,Senzako,Senior Staff
40766,Paris,Sudkamp,Senior Engineer
40768,Aral,Merro,Engineer
40769,Seongbin,Covnot,Senior Staff
40770,Jiang,Nitta,Senior Staff
40775,Petter,Schmittgen,Engineer
40776,Christoper,Zucker,Technique Leader
40777,Jeong,Birdsall,Senior Staff
40778,Isamu,Thimonier,Senior Staff
40779,Itzchak,Begiun,Senior Engineer
40780,Jaber,Binding,Senior Engineer
40781,Nobuyoshi,Pfau,Senior Staff
40782,Mitchel,Bodoff,Senior Engineer
40786,Gretta,Whittlesey,Senior Engineer
40791,Florian,Benzmuller,Senior Staff
40796,Byong,Cochrane,Staff
40799,Stabislas,Awdeh,Staff
40800,Waiman,Hainaut,Senior Engineer
40802,Baocai,Ecklund,Senior Engineer
40803,Shuzo,Kavraki,Senior Staff
40806,Utz,Bratten,Staff
40810,Jingling,Baak,Senior Staff
40813,Katsuo,Fandrianto,Senior Engineer
40814,Heather,Lunn,Staff
40815,Bouchung,Servieres,Senior Staff
40822,Rosli,Munoz,Staff
40824,Serap,Kleiser,Senior Engineer
40825,Yannis,Dusink,Senior Staff
40826,Marsal,Streng,Senior Staff
40829,Jianhui,Mitzlaff,Senior Staff
40834,Elzbieta,Fritzsche,Senior Engineer
40839,Prodip,Otillio,Senior Staff
40841,Masako,Lindqvist,Senior Staff
40844,Martine,Rohrbach,Staff
40845,Limsoon,Renear,Engineer
40848,Remmert,Couchot,Engineer
40853,Terresa,Guardalben,Assistant Engineer
40855,Guangming,Lovengreen,Engineer
40856,Gaurav,Schaar,Senior Staff
40859,Leszek,Rattan,Technique Leader
40867,Bikash,Suri,Senior Staff
40868,Limsoon,Malabarba,Senior Staff
40869,Flemming,Snedden,Senior Engineer
40871,Akhilish,Dusink,Senior Staff
40872,Qunsheng,Cunliffe,Senior Engineer
40878,Yishay,Syrotiuk,Senior Engineer
40881,Hatem,Acton,Senior Engineer
40883,Chinho,Kushner,Senior Engineer
40891,Jinya,Kaltofen,Senior Staff
40896,Gill,Emiris,Senior Staff
40897,Oguz,Burnard,Engineer
40901,Brendon,Gluchowski,Staff
40904,Fumiko,Willoner,Technique Leader
40907,Jaana,Rando,Senior Engineer
40910,Tamiya,Chimia,Senior Staff
40911,Kirk,Perri,Senior Engineer
40922,Abdelghani,Casperson,Senior Staff
40924,Dharmaraja,Shokrollahi,Senior Staff
40927,Yechiam,Flexer,Senior Engineer
40928,Christ,Randt,Senior Engineer
40932,Kolar,DuBourdieux,Senior Staff
40938,Martins,Nyrup,Engineer
40943,Mohua,Taubman,Engineer
40944,Munehiko,Chleq,Engineer
40946,Fumitake,Mahmud,Engineer
40947,Erez,Maierhofer,Senior Engineer
40950,Isaac,Herber,Senior Staff
40952,Mario,Borovoy,Technique Leader
40955,Navin,Versino,Engineer
40961,Basil,Senzako,Technique Leader
40965,Marsha,Farrow,Technique Leader
40966,Sibyl,Keustermans,Senior Staff
40977,Elvia,Sinicrope,Staff
40979,Rutger,Jansen,Staff
40985,Mong,Qiwen,Senior Engineer
40987,Zeljko,Sidou,Senior Engineer
40989,Fumitake,Foote,Senior Staff
40991,Anneli,Bage,Senior Staff
40994,Gudjon,Lammel,Staff
40995,Ingmar,Salvesen,Senior Staff
40997,Ranan,Nations,Senior Engineer
41001,Kensei,Flowers,Senior Engineer
41002,Irena,Guting,Technique Leader
41011,Geoff,Yurov,Senior Staff
41013,Shirish,Asrin,Senior Engineer
41020,Uma,Chimia,Senior Staff
41027,Uriel,Pelc,Assistant Engineer
41029,Menkae,Bahi,Engineer
41037,Marie,Nivat,Senior Engineer
41038,Sastry,Nittel,Senior Engineer
41039,Subhankar,Bala,Senior Engineer
41040,Bezalel,Katalagarianos,Staff
41043,Doowon,Genther,Senior Engineer
41046,Arvin,Borstler,Senior Engineer
41047,Dhritiman,Rajcani,Senior Engineer
41061,Masaki,Tsunoo,Senior Engineer
41065,Vivian,Luck,Staff
41067,Munehiro,Benzaken,Senior Staff
41074,Leen,Siochi,Senior Staff
41076,Maik,Garigliano,Staff
41077,Amalendu,Walston,Senior Staff
41081,Faiza,Mikschl,Senior Engineer
41086,Spyrose,Boudaillier,Technique Leader
41089,Berthier,Kragelund,Technique Leader
41095,Wuxu,Ecklund,Senior Engineer
41097,Kellyn,Zirintsis,Senior Engineer
41106,Weiyi,Fairtlough,Engineer
41110,Munehiko,Manders,Senior Engineer
41111,Jongsuk,Swist,Senior Staff
41116,Mihalis,Azadmanesh,Technique Leader
41121,Tsuneo,Sankaranarayanan,Engineer
41122,Guenter,Hoppenstand,Senior Staff
41123,Christoper,Cichocki,Senior Staff
41128,Mohamadou,Schwaller,Staff
41140,Tonny,Bail,Senior Staff
41142,Cordelia,Ferretti,Senior Engineer
41143,Teunis,Speel,Senior Staff
41147,Abdelaziz,Chimia,Senior Engineer
41149,Alain,Wiegley,Senior Engineer
41150,Yurii,Monarch,Engineer
41157,Jeanne,Valiente,Engineer
41159,Atreyi,Heering,Senior Engineer
41168,Aran,Jumpertz,Senior Staff
41169,Torsten,Ghazalie,Senior Staff
41173,Maren,Aseltine,Senior Engineer
41174,Xiaobin,Luca,Senior Engineer
41177,Jolita,Anandan,Senior Staff
41179,Masamitsu,Vecchi,Staff
41181,Paddy,Delgrossi,Senior Engineer
41184,Nikolaus,Ranze,Senior Engineer
41187,Jacqueline,Maquelin,Staff
41196,Vasiliy,Fendler,Assistant Engineer
41197,Vesna,Stille,Senior Staff
41198,Janalee,Christianini,Senior Engineer
41200,Huei,Leppanen,Engineer
41201,Kazuhito,Munch,Staff
41205,Charlene,Cusworth,Senior Staff
41206,Clyde,Giarratana,Senior Engineer
41212,Mani,Chelton,Assistant Engineer
41213,Urs,Ponthieu,Senior Staff
41215,Moon,Wursthorn,Senior Engineer
41216,Mario,Lieberherr,Senior Engineer
41217,Limsoon,Trachtenberg,Senior Engineer
41218,Kiyokazu,Miyakawa,Assistant Engineer
41228,Jacopo,Hebert,Senior Engineer
41230,Adly,Schieder,Staff
41232,Yuriy,Millington,Senior Engineer
41234,Paloma,Sidou,Engineer
41239,Malu,Rajaraman,Senior Staff
41240,Sungwon,Steinauer,Senior Engineer
41244,Qunsheng,Valette,Engineer
41247,Kristinn,Zhiwei,Senior Staff
41248,Samphel,Laventhal,Engineer
41250,Kauko,Baezner,Senior Engineer
41251,Arne,Glinert,Staff
41265,Torsten,Poulakidas,Senior Staff
41274,Mari,Giveon,Engineer
41279,Shem,Goldhammer,Staff
41280,Felicidad,Czap,Staff
41283,KayLiang,Tetzlaff,Engineer
41287,Cedric,Brender,Senior Engineer
41290,Godehard,Leonhardt,Senior Engineer
41292,Premsyl,Thombley,Senior Engineer
41293,Honglan,Lorcy,Senior Staff
41298,Elvia,Cesareni,Senior Staff
41299,Sigeru,Range,Staff
41301,Shuichi,Cochrane,Senior Staff
41304,Kristian,Ulupinar,Senior Engineer
41310,Syozo,Waymire,Engineer
41312,Josyula,Munke,Engineer
41313,Gino,Nitto,Senior Engineer
41319,Mototsugu,Unni,Engineer
41326,Dinah,Roohalamini,Senior Staff
41327,Phuoc,Chepyzhov,Senior Engineer
41332,Arfst,Swift,Engineer
41335,Dekang,Jullig,Senior Engineer
41343,Heping,Veccia,Senior Engineer
41350,Olivera,Ratnakar,Assistant Engineer
41351,Deniz,Lagarias,Staff
41363,Ronghao,Siepmann,Senior Staff
41369,Shaunak,Mullainathan,Engineer
41370,Gudjon,Marshall,Senior Engineer
41371,Luise,Decaestecker,Senior Staff
41373,Mona,Veevers,Senior Engineer
41374,JiYoung,Schurmann,Technique Leader
41375,Yechiam,Rosis,Engineer
41377,Eric,Mitzlaff,Staff
41385,Aruna,Laurillard,Staff
41386,Adit,Pepe,Engineer
41389,Manton,Jeansoulin,Technique Leader
41399,Xiaoheng,Broomell,Senior Engineer
41403,Khedija,Wrigley,Staff
41404,Marco,Isaak,Senior Staff
41406,Billur,Zaccaria,Senior Engineer
41410,Kwangho,Munch,Staff
41415,Munir,Antonisse,Senior Engineer
41416,Mahendra,Merey,Senior Engineer
41420,IEEE,Domenig,Senior Staff
41422,Franziska,Ramamoorthy,Senior Engineer
41425,Lalit,Orlowska,Engineer
41427,Ekawit,Kusakabe,Engineer
41428,Shai,Bierbaum,Senior Staff
41432,Basim,Dymetman,Technique Leader
41434,Salvador,Zuberek,Senior Engineer
41437,Christoper,Farrel,Technique Leader
41441,Pasqua,Shigei,Engineer
41445,Ronnie,Baez,Senior Staff
41451,Branimir,Angelopoulos,Senior Engineer
41460,Martial,Rodiger,Senior Engineer
41461,Vasilis,Ravishankar,Senior Engineer
41463,Trygve,McClurg,Senior Staff
41465,Kazuyasu,Llado,Senior Engineer
41466,Quingbo,Guenter,Senior Engineer
41477,Dietrich,Zirintsis,Senior Staff
41485,Jaques,Delgrossi,Senior Staff
41487,Aemilian,Cummings,Senior Staff
41497,Guozhong,Chandrasekhar,Senior Engineer
41498,Susanne,Masamoto,Senior Engineer
41501,Kerryn,Kawashimo,Engineer
41507,Hyuckchul,Ertl,Senior Engineer
41508,Aloys,Straney,Staff
41514,Magy,Iisaku,Senior Engineer
41516,Dannz,Cooman,Senior Staff
41519,Domenick,Garigliano,Senior Engineer
41521,Tzu,Pauthner,Senior Staff
41527,Hisao,Oxman,Senior Engineer
41528,Vatsa,Haddadi,Engineer
41533,Visit,Parhami,Senior Staff
41534,Jackson,Brookman,Technique Leader
41544,Rayond,Simmel,Senior Engineer
41545,Ekawit,Kropf,Staff
41549,Kwangyoen,Legleitner,Senior Engineer
41553,Tokuyasu,Peltason,Senior Engineer
41554,Rajmohan,Halloran,Senior Staff
41558,Mayumi,Iisaku,Senior Staff
41559,Gully,Fontan,Staff
41567,Jinxi,Highland,Senior Staff
41572,Muzhong,Sridhar,Senior Staff
41573,Rosita,Bennet,Senior Staff
41575,JiYoung,Milicia,Staff
41577,Ranga,Vidal,Senior Staff
41578,Martina,Zongker,Engineer
41581,Vitali,Azumi,Staff
41583,Holgard,Thorensen,Technique Leader
41587,Lokesh,Sankaranarayanan,Senior Staff
41588,Ziva,Worfolk,Engineer
41590,Herb,Soloway,Engineer
41593,Susuma,Grabner,Engineer
41603,Yongdong,Hagimont,Engineer
41604,Tadanori,Botman,Staff
41606,Quingbo,Middleton,Senior Engineer
41608,Anneli,Schueller,Senior Engineer
41610,Serge,Staudhammer,Senior Engineer
41612,Mariangiola,Provine,Technique Leader
41628,Josyula,Claffy,Senior Staff
41629,Gio,Chiola,Staff
41632,Holgard,Baumann,Staff
41634,Berni,Siksek,Senior Engineer
41636,Marie,Papastamatiou,Senior Engineer
41638,Toong,Seghrouchni,Senior Staff
41641,Masoud,Bade,Senior Staff
41643,Sampalli,Tempesti,Senior Engineer
41644,Georg,Marakhovsky,Senior Staff
41651,Gianluca,Hainaut,Engineer
41653,Tonny,Iisaku,Senior Staff
41654,Vasilii,McAlpine,Senior Staff
41658,Mart,Hellwagner,Engineer
41660,Manibrata,Schreiter,Senior Staff
41661,Masadi,Hofman,Senior Staff
41662,Hideyuki,Fontan,Senior Staff
41665,Juyoung,Denos,Senior Engineer
41666,Xiaoqiang,Eugenio,Staff
41667,Barna,Facello,Senior Engineer
41671,Leif,Roison,Senior Staff
41673,Armond,Matzel,Senior Engineer
41674,Abdelghani,Yemenis,Senior Engineer
41675,Vivian,Linares,Staff
41677,Eben,Gimarc,Senior Staff
41681,Harngdar,Ishibashi,Senior Engineer
41682,Alselm,Ecklund,Senior Staff
41685,Cristinel,Bauknecht,Staff
41688,Phuoc,Dayana,Senior Engineer
41690,Brigham,Pargaonkar,Senior Engineer
41702,Adit,Petereit,Staff
41703,Fay,Schauser,Engineer
41706,Saniya,Walston,Senior Staff
41709,Maha,Zielinski,Staff
41710,Weiru,Haldar,Senior Staff
41714,Zissis,Munch,Engineer
41716,Irene,Mitsuhashi,Staff
41717,Dines,Rothe,Senior Engineer
41718,Naraig,Miyakawa,Senior Engineer
41724,Faiza,Bage,Senior Staff
41727,Rosella,Paludetto,Senior Staff
41734,Bangqing,Billingsley,Senior Staff
41739,Lene,Guting,Senior Engineer
41740,Avishai,Gniady,Senior Engineer
41743,Aamer,Lunt,Senior Engineer
41746,Zita,Greenaway,Engineer
41751,Hugo,Khasidashvili,Senior Staff
41752,Shimshon,Gils,Engineer
41754,Rosita,Hanabata,Senior Engineer
41756,Sadegh,Rothe,Senior Staff
41757,Ramzi,Krupka,Engineer
41759,Charmane,Lagarias,Senior Staff
41761,Kyoichi,Birdsall,Senior Engineer
41763,Mari,Kakkad,Senior Engineer
41764,Shigehito,Makinen,Senior Engineer
41767,Leszek,Thiran,Engineer
41770,Fun,Denis,Senior Engineer
41772,Leon,Decaestecker,Senior Staff
41778,Atilio,Bahl,Engineer
41783,Fan,Fargier,Technique Leader
41786,Krister,Hmelo,Senior Engineer
41790,Deniz,Cherinka,Staff
41792,Guther,Lowrie,Senior Staff
41793,Golgen,Schmittgen,Staff
41798,Margareta,Akaboshi,Senior Engineer
41807,Chikara,Serot,Staff
41808,Filipp,Varley,Senior Staff
41809,Shen,Puppe,Senior Staff
41814,Leucio,Serov,Senior Engineer
41819,Gennadi,Hmelo,Senior Staff
41820,Honglan,Munke,Senior Engineer
41824,Kendra,Luby,Senior Engineer
41826,Tomoyuki,Rusterholz,Senior Staff
41830,Arra,Usdin,Senior Staff
41835,Elliott,Rosin,Senior Engineer
41836,Akhilish,Passino,Senior Engineer
41837,Volkmar,Hiraishi,Senior Staff
41840,Geoffry,Syrzycki,Staff
41842,Serap,Simmen,Senior Engineer
41845,Kasturi,Klyachko,Senior Engineer
41855,Cathie,Bamford,Senior Staff
41857,Munehiko,Beznosov,Senior Staff
41860,Shai,Munke,Senior Engineer
41863,Dipayan,Herbst,Senior Staff
41864,Kazuhito,Gulla,Senior Staff
41866,Alexius,Stafford,Senior Staff
41867,Tetsurou,Crouzet,Engineer
41869,Dipankar,Cincotta,Senior Engineer
41870,Peer,Azulay,Staff
41871,Stevo,Waeselynck,Technique Leader
41874,Badri,Asmuth,Senior Staff
41878,Gio,Penttonen,Senior Engineer
41883,Berhard,Gajiwala,Assistant Engineer
41885,Val,Validov,Senior Staff
41888,Vitali,Oehlmann,Senior Staff
41889,Basim,Zumaque,Senior Staff
41891,Jiakeng,Winter,Senior Engineer
41894,Zeydy,Mandell,Senior Staff
41902,Zongyan,Zweizig,Senior Engineer
41907,Manibrata,Hartvigsen,Senior Engineer
41908,Alexius,Narahari,Engineer
41909,Toshimitsu,McAlpine,Senior Engineer
41910,Shugo,Willoner,Senior Engineer
41913,Ohad,Chaudhuri,Senior Engineer
41917,Fumitake,Schlumberger,Senior Staff
41918,Zita,Solares,Senior Engineer
41919,Babette,Basart,Staff
41928,Mohit,Ozeri,Engineer
41933,Feiyu,Wallrath,Senior Staff
41934,Lansing,Bratten,Senior Staff
41935,Toshiki,Stenning,Senior Staff
41939,Kwangho,Usery,Senior Staff
41940,Dmitry,Anick,Senior Engineer
41941,Chenyi,Yoshimura,Engineer
41943,Gaetan,Woycyznski,Senior Engineer
41944,Vishwani,Parhami,Senior Engineer
41955,Mack,Whitcomb,Senior Engineer
41956,Rajmohan,Thiria,Senior Staff
41960,Make,Pavlopoulou,Staff
41961,Huican,Kalloufi,Senior Engineer
41962,Hein,Shanbhogue,Engineer
41964,Mantis,Strooper,Staff
41966,Serap,Demeyer,Staff
41968,Vishv,Iisaka,Engineer
41971,Poorav,Zobel,Senior Engineer
41973,Mantis,Massonet,Senior Engineer
41977,Tommaso,Decaestecker,Engineer
41979,Hilary,Bage,Senior Staff
41980,Ewing,Rubsam,Senior Engineer
41981,Moss,Cichocki,Staff
41983,Luise,Wixon,Senior Engineer
41985,Xianlong,Serra,Engineer
41988,Wonhee,Goodrum,Assistant Engineer
41990,Sandeepan,Cappelletti,Engineer
41993,LiMin,Comyn,Senior Engineer
41997,Gopalakrishnan,Petersohn,Senior Engineer
42002,Uzi,Bade,Senior Engineer
42004,Xiping,Maquelin,Senior Staff
42006,Gonzalo,Anger,Senior Staff
42007,Tsz,Pokrovskii,Senior Staff
42015,Przemyslawa,Murtha,Senior Staff
42016,Rajmohan,Rosenbaum,Senior Staff
42019,Mayumi,Roisin,Senior Staff
42020,Nobuyoshi,Matzat,Senior Engineer
42021,Mandell,Norsworthy,Senior Engineer
42022,Ennio,Seghrouchni,Engineer
42024,Dipayan,Serdy,Staff
42026,Goncalo,Impagliazzo,Senior Engineer
42027,Alain,Baik,Technique Leader
42032,Ferdinand,Limongiello,Senior Staff
42033,Reuven,Compeau,Technique Leader
42036,Abdelaziz,Whittlesey,Technique Leader
42038,Ramachenga,Benzmuller,Senior Staff
42042,Serif,Serna,Senior Staff
42045,Eberhardt,Massonet,Senior Staff
42046,Waiman,Millington,Technique Leader
42047,Sahrah,Ambroszkiewicz,Senior Engineer
42053,Demin,Lores,Senior Staff
42055,Paddy,Lorcy,Engineer
42058,Shigeaki,Syang,Staff
42059,Jianhui,Czap,Engineer
42061,Eldridge,Chorvat,Technique Leader
42074,Georgy,Aloisi,Staff
42075,Sergi,Gruenwald,Senior Engineer
42080,Goncalo,Kalorkoti,Senior Staff
42082,Gritta,Compeau,Senior Staff
42083,Kotesh,Schahn,Senior Staff
42088,Zhiguo,Kalsbeek,Engineer
42089,Abdelghani,Perko,Staff
42097,Uma,Kohling,Senior Engineer
42100,Percy,Rosin,Senior Staff
42103,Ravishankar,Felcyn,Senior Engineer
42104,Dante,Plesums,Senior Staff
42106,Khalid,Oskamp,Senior Staff
42107,Tianruo,Dalton,Senior Staff
42112,Hugo,Braccini,Engineer
42116,Candido,Werthner,Senior Engineer
42118,Miyeon,Gischer,Senior Staff
42120,Sorina,Quadeer,Engineer
42121,Tran,Auria,Senior Staff
42125,Subhankar,Besancenot,Staff
42128,Rimli,Ozery,Senior Staff
42131,Udi,Schneeberger,Senior Engineer
42135,Ashish,Huttel,Senior Staff
42139,Tru,Isaak,Technique Leader
42140,Kellyn,Panienski,Senior Engineer
42142,Kinh,Jumpertz,Engineer
42145,Roddy,Socorro,Engineer
42149,Hironoby,Ratzlaff,Senior Staff
42150,Mahendra,Giveon,Senior Staff
42153,Shushma,Ecklund,Staff
42155,Vidar,Bouloucos,Staff
42159,Ipke,Bala,Senior Engineer
42169,Wuxu,Motley,Senior Staff
42171,Willard,Vasanthakumar,Technique Leader
42173,Nishit,Matheson,Senior Engineer
42174,Vishv,Schahn,Engineer
42181,Eldridge,Tiemann,Engineer
42184,Prasadram,Kusalik,Engineer
42185,Renee,Kaminger,Engineer
42188,Ravishankar,Niizuma,Engineer
42191,Remco,Pepe,Engineer
42194,Chikako,Sevcikova,Senior Staff
42196,Rayond,Kemmerer,Senior Engineer
42199,Mats,Aamodt,Senior Staff
42202,Hyuckchul,Ginesta,Senior Engineer
42208,Gao,Guenter,Senior Staff
42209,Kensyu,Leonhardt,Staff
42218,Shai,Eiter,Senior Engineer
42219,Khalil,Rubsam,Staff
42221,Godehard,Fortenbacher,Senior Engineer
42223,Salvador,Vidal,Senior Engineer
42229,Elzbieta,Velasco,Senior Engineer
42233,Holgard,McConalogue,Senior Engineer
42237,Percy,Jenevein,Engineer
42239,Elvis,Servieres,Engineer
42241,Deniz,Hasham,Technique Leader
42242,Charmane,Syang,Senior Engineer
42243,Jaana,Fendler,Senior Engineer
42248,Kayoko,Bottner,Senior Engineer
42249,Dmitri,Maksimenko,Engineer
42252,Hitomi,Peternell,Senior Engineer
42254,Tomofumi,Srimani,Senior Staff
42255,Ziyad,Kalorkoti,Engineer
42256,Saeed,Cheshire,Technique Leader
42260,Sandeepan,Rosin,Senior Engineer
42265,Amabile,Eldridge,Senior Staff
42268,Claude,Danner,Senior Engineer
42269,Foong,Rousseau,Senior Staff
42270,Zijian,Kawashima,Engineer
42271,DAIDA,Halevi,Senior Staff
42272,Gor,Erde,Senior Engineer
42273,Golgen,Pesch,Senior Engineer
42274,Gal,Grospietsch,Assistant Engineer
42276,Emran,Brattka,Senior Engineer
42277,Martina,Codenie,Technique Leader
42286,Yannik,Heering,Senior Engineer
42287,Subhankar,Nishimukai,Senior Staff
42289,Zito,Hinsberger,Senior Engineer
42291,Girolamo,Talmor,Staff
42292,Uri,Foote,Staff
42293,Annemarie,Basawa,Staff
42297,Petter,Lamba,Senior Engineer
42298,Tru,Kalefeld,Technique Leader
42300,Bernice,Tetzlaff,Staff
42301,Ebbe,Baaleh,Senior Engineer
42304,Genta,Deyuan,Assistant Engineer
42305,Tsz,Mikschl,Senior Engineer
42309,Yolla,Stroustrup,Senior Staff
42317,Baruch,Gils,Staff
42318,Yucai,Fasbender,Senior Staff
42320,Tamiya,Kugler,Senior Engineer
42325,Kiyotoshi,Hardjono,Senior Staff
42327,Caolyn,Porenta,Senior Staff
42330,Adil,Tchuente,Engineer
42333,Woody,Hainaut,Staff
42341,Haldun,Cangellaris,Senior Engineer
42352,Tuval,Chaudhuri,Senior Engineer
42355,Ronghao,Peck,Staff
42358,Lech,Narwekar,Senior Staff
42359,Geoffry,Kalafatis,Staff
42360,Arunachalam,Itschner,Senior Engineer
42361,Randi,Walstra,Senior Engineer
42363,Kauko,Swan,Technique Leader
42366,Chriss,Maksimenko,Senior Staff
42368,Sukumar,Ariola,Senior Staff
42371,Pragnesh,Mersereau,Senior Staff
42375,Neven,Bierman,Senior Staff
42377,Gaurav,Kuhnemann,Senior Staff
42378,Kaijung,Stille,Staff
42380,Gou,Dulli,Senior Staff
42387,Ashish,Rouquie,Engineer
42389,Eric,Hinsberger,Technique Leader
42391,Wojceich,Haumacher,Staff
42393,Gill,Randi,Senior Staff
42398,Georgy,Karlin,Senior Staff
42400,Youpyo,Olano,Senior Staff
42402,Gererd,Rosis,Senior Engineer
42403,Fun,Peak,Staff
42405,Mari,Hmelo,Senior Engineer
42410,Marjo,Falster,Engineer
42419,Heekeun,Shobatake,Senior Staff
42422,Marin,Tokunaga,Senior Staff
42424,Adin,Picco,Engineer
42425,Insup,Ulupinar,Senior Staff
42426,Shietung,Chaudhuri,Senior Staff
42429,Ulf,Sichman,Technique Leader
42430,Shounak,Baaz,Staff
42434,Diederik,Lagarias,Senior Staff
42437,Avishai,Halevi,Senior Staff
42444,Seongbin,Kobuchi,Senior Staff
42460,Angel,Vrecion,Senior Engineer
42465,Marlo,Azadmanesh,Engineer
42466,Radhakrishnan,Linares,Senior Staff
42468,Torsten,Willoner,Senior Staff
42469,Sham,Hiltgen,Senior Engineer
42471,Susanna,Molenaar,Senior Engineer
42474,Gurbir,Gunderson,Senior Engineer
42478,Kristin,Biros,Senior Staff
42483,Gou,Larfeldt,Engineer
42484,Udaiprakash,Carrera,Engineer
42488,Angel,Menhardt,Senior Staff
42498,Limsoon,Bojadziev,Senior Engineer
42499,Palash,Yavatkar,Senior Staff
42500,Marit,Rouquie,Senior Staff
42501,Olivera,Conde,Senior Engineer
42504,Krisda,Nastansky,Senior Engineer
42509,Barry,Bolsens,Engineer
42516,Larisa,Berstel,Engineer
42520,Frazer,Wiegley,Senior Engineer
42524,Eric,Lemarechal,Senior Staff
42527,Domenick,Kirkerud,Senior Staff
42534,Maia,Rodham,Engineer
42540,Sakthirel,Baak,Engineer
42541,Ferdinand,Aingworth,Senior Engineer
42544,Kamakshi,Zucker,Senior Staff
42549,Mitchel,Pell,Senior Staff
42553,Felicidad,Slutz,Senior Engineer
42560,Djenana,Heuter,Senior Staff
42566,Aluzio,Sessa,Senior Engineer
42570,Fox,Panwar,Senior Staff
42571,Shahab,Vilarrasa,Senior Staff
42580,Zvonko,Valtorta,Engineer
42583,Joydip,Henseler,Senior Engineer
42587,Youssef,Chartres,Senior Engineer
42590,Basim,Billawala,Senior Engineer
42591,Lakshmi,Eppinger,Senior Engineer
42592,Yaghout,Picel,Senior Engineer
42605,Claudi,Demir,Engineer
42606,Moti,Hartvigsen,Senior Staff
42614,Atreyi,Bail,Senior Staff
42615,Shigehiro,Asser,Engineer
42616,LiMin,Schmiedel,Senior Engineer
42617,Thodoros,Kawashimo,Engineer
42623,Tayeb,Decleir,Engineer
42627,Goa,Bierbaum,Senior Staff
42628,Jolita,Rohrbach,Senior Engineer
42642,Bluma,Broder,Senior Staff
42643,Teruyuki,Ohori,Technique Leader
42650,Neven,Horswill,Senior Staff
42652,Garnik,Nourani,Senior Engineer
42654,Sajjan,Waeselynck,Senior Engineer
42655,Irene,Kaelbling,Senior Engineer
42657,Jiafu,Peir,Senior Staff
42663,Lech,Barreiro,Senior Staff
42666,Niteen,Schlenzig,Staff
42669,Tonny,Bernatsky,Senior Engineer
42672,Zsolt,Murtafg,Engineer
42680,Fabrizio,Swan,Senior Engineer
42681,Radhakrishnan,Molenkamp,Engineer
42684,Behnaam,Dengi,Senior Engineer
42686,Tadanori,Wossner,Staff
42691,Yongdong,Piveteau,Senior Staff
42694,Utpal,Fioravanti,Senior Staff
42698,Lokesh,Perng,Staff
42701,Anwar,Luff,Staff
42707,Fox,Kaltofen,Technique Leader
42708,Hitomi,Petereit,Senior Staff
42709,Niteen,Lowrie,Engineer
42713,Gal,Gyimothy,Senior Engineer
42714,Zhigen,Alpay,Assistant Engineer
42715,Kinh,Thombley,Staff
42716,Fabrizio,Quadeer,Senior Staff
42717,Hidefumi,Srimani,Engineer
42728,Moon,Melton,Engineer
42733,Hitomi,Decleir,Senior Engineer
42746,Manu,Billawala,Senior Engineer
42752,Moty,Lorys,Staff
42753,Alagu,Vickson,Assistant Engineer
42756,Kotesh,Bahk,Senior Engineer
42761,Yagil,Lindenbaum,Engineer
42764,Marit,Preusig,Senior Staff
42765,Filipp,Bresenham,Senior Staff
42768,Gita,Yoshizawa,Staff
42773,Claude,Zirintsis,Senior Engineer
42775,Sergi,Mitina,Senior Staff
42780,Spyrose,Krider,Senior Engineer
42781,Xinyu,Dechter,Senior Staff
42785,Shawna,Cannane,Engineer
42786,Gift,Mullainathan,Engineer
42788,Geoffrey,Ouhyoung,Senior Engineer
42799,Satyanarayana,Haddadi,Engineer
42805,Neven,Ruemmler,Senior Engineer
42809,Shir,Ariola,Senior Engineer
42811,Billie,Khalid,Senior Staff
42812,Bokyung,Wroclawski,Senior Engineer
42814,Arco,Ebeling,Senior Staff
42816,Genki,Erman,Staff
42817,Mohd,Ulupinar,Senior Staff
42818,Radhakrishnan,Jenevein,Technique Leader
42819,Yakichi,Gadepally,Senior Staff
42821,Xumin,Anily,Engineer
42823,Mahendra,Grabner,Senior Staff
42824,Candido,Thiran,Senior Engineer
42827,Trygve,Perz,Staff
42828,Val,Fiutem,Senior Engineer
42830,Tze,Poupard,Senior Engineer
42838,Samphel,Giaccio,Senior Engineer
42839,Remzi,Cannard,Senior Staff
42841,Jungsoon,Ranon,Senior Engineer
42846,Shichao,Garnham,Senior Engineer
42848,Jenwei,Gerteisen,Staff
42850,Demos,Kornyak,Senior Engineer
42852,Shahaf,Genther,Senior Staff
42856,Xiaoqiu,Ranka,Senior Engineer
42857,Sedat,Bojadziev,Engineer
42865,Phule,Basawa,Staff
42866,Niteen,Keustermans,Senior Engineer
42869,Rosli,Antonisse,Senior Engineer
42870,Arch,Whittlesey,Senior Engineer
42872,Larisa,Angot,Technique Leader
42881,Stamatina,Wendorf,Senior Staff
42883,Conal,Rathonyi,Staff
42886,JoAnna,Malabarba,Senior Engineer
42889,Takushi,Fujisawa,Senior Engineer
42890,Zissis,Sadowsky,Technique Leader
42892,Faiza,Suppi,Senior Staff
42894,Arto,Bashian,Senior Engineer
42901,Arch,Bonifati,Senior Engineer
42903,Kazuhito,Syang,Senior Engineer
42906,Sudhanshu,Silva,Senior Staff
42909,Caolyn,Baig,Senior Staff
42912,Jacopo,Gecsei,Senior Staff
42914,Ottavia,Swick,Engineer
42916,Nalini,Stanfel,Senior Staff
42919,Gererd,Swen,Senior Staff
42925,Licheng,Conta,Technique Leader
42926,Cheong,Schieder,Senior Engineer
42927,Zito,Siochi,Senior Staff
42928,Boutros,Magalhaes,Engineer
42929,Sven,Hegner,Engineer
42930,Izaskun,Berztiss,Senior Engineer
42931,Shih,Kroha,Engineer
42933,Zhiwei,Pleszkun,Senior Engineer
42936,Chuanti,Nitsche,Senior Staff
42939,Shigeaki,Ciolek,Technique Leader
42940,Ugo,Porenta,Senior Staff
42942,Mansur,Bolotov,Assistant Engineer
42944,Tzvetan,Litecky,Senior Staff
42947,Venkatesan,Viele,Engineer
42948,Youngkon,Bellone,Technique Leader
42949,Mokhtar,Kawashima,Senior Engineer
42953,Emdad,Erev,Senior Staff
42954,Fun,Rajcani,Engineer
42960,Alejandro,Whittlesey,Senior Engineer
42970,Zijian,Businaro,Senior Staff
42973,Masasuke,Nastansky,Senior Staff
42980,Karoline,Businaro,Staff
42981,Boguslaw,Colorni,Senior Staff
42982,Bedir,Velardi,Senior Engineer
42997,Zhongwei,Egerstedt,Senior Staff
42998,Fei,Boyle,Senior Engineer
43005,Fun,Giarratana,Senior Engineer
43008,Takanari,Emmerich,Engineer
43013,Mechthild,Petersohn,Senior Staff
43014,Vitali,Olivero,Senior Staff
43018,Arvind,Heering,Engineer
43021,Radoslaw,Krider,Senior Engineer
43025,Giri,Rabejac,Senior Engineer
43026,Surveyors,Malabarba,Senior Engineer
43028,Akeel,Bierbaum,Staff
43035,Sven,Picaronny,Senior Staff
43038,Chaoyi,Nooteboom,Senior Staff
43040,Ulises,Nittel,Senior Staff
43042,Qingxiang,Luders,Staff
43043,Phule,Simmen,Senior Staff
43044,Masako,Gustavson,Technique Leader
43045,Howell,Birke,Senior Staff
43053,Sivanarayana,Swick,Staff
43054,Honglan,Fujisaki,Technique Leader
43058,Hauke,Pearson,Engineer
43059,Bezalel,McAffer,Engineer
43061,Koichi,Rindone,Senior Engineer
43065,Chinya,Vitiello,Engineer
43067,Uinam,Champarnaud,Staff
43068,Nikolaos,Halloran,Senior Engineer
43072,Sampalli,Chelton,Senior Engineer
43073,Urs,Andreotta,Senior Engineer
43076,Weicheng,Cooman,Engineer
43078,Radhia,Wuwongse,Senior Staff
43079,Subhankar,Schoegge,Senior Staff
43080,Leucio,Piancastelli,Engineer
43082,Janche,Lunt,Engineer
43083,Candido,Bennis,Senior Staff
43084,Babette,Leijenhorst,Senior Engineer
43089,Pantung,Ferriere,Staff
43091,Nishit,Candan,Senior Staff
43093,Basem,Schapire,Senior Staff
43096,Gal,Kruskal,Senior Staff
43097,Jaques,Vilarrasa,Technique Leader
43104,Khosrow,Munck,Staff
43107,Tooru,Verspoor,Senior Staff
43108,Nevin,Perz,Senior Engineer
43110,Vitali,Perna,Senior Staff
43114,Yurii,Kamble,Senior Engineer
43115,Mohua,Birdsall,Senior Engineer
43124,Kwee,Rijckaert,Senior Staff
43129,Munir,Keohane,Staff
43131,Ramya,Tramer,Staff
43132,Pramod,Zumaque,Engineer
43136,Navin,Litzler,Staff
43143,Wilmer,Chachaty,Senior Engineer
43144,Radhika,Sanella,Staff
43157,Jianhao,Litecky,Senior Engineer
43158,Tiina,Gajiwala,Senior Staff
43160,Wilmer,Poulakidas,Engineer
43161,Ranan,Percebois,Senior Engineer
43166,Gonzalo,Setiz,Senior Staff
43174,Mariusz,Aamodt,Staff
43177,Radhakrishnan,Shihab,Senior Staff
43179,Heekeun,Lienhardt,Senior Engineer
43181,Hugh,Iisaka,Senior Staff
43184,Uri,Delgrande,Senior Engineer
43185,Alselm,Kisuki,Senior Engineer
43186,Avishai,Schahn,Staff
43189,Oscal,Ranft,Senior Engineer
43190,Stepehn,Remmele,Technique Leader
43191,Arlette,Noriega,Staff
43192,Shuji,Breugel,Senior Engineer
43193,Heng,Rothenberg,Engineer
43196,Along,Socorro,Senior Staff
43198,Constantine,Himler,Senior Engineer
43200,Geraldo,Plessier,Senior Staff
43202,Mamdouh,Millington,Engineer
43203,Chuanyi,Androutsos,Engineer
43207,Itzchak,Shihab,Senior Staff
43215,Richara,Garnham,Senior Engineer
43217,DAIDA,Pappas,Senior Staff
43218,Hatim,Staelin,Senior Engineer
43219,Moni,Krichel,Senior Staff
43222,Lenore,Angelopoulos,Senior Staff
43224,Rafail,Kavraki,Senior Engineer
43229,Uzi,Broomell,Staff
43232,Hugo,Riefers,Senior Staff
43241,Adam,Kisuki,Senior Staff
43242,Siddarth,Schwartzburd,Engineer
43249,Bedrich,Vitiello,Senior Staff
43250,Shunichi,Jansen,Staff
43252,Christ,Kowalchuk,Senior Engineer
43254,Guadalupe,Heijenga,Senior Engineer
43257,Bilhanan,Siepmann,Senior Engineer
43261,Erzsebet,Itzigehl,Senior Staff
43273,Charmane,Hiltgen,Senior Engineer
43278,Roselyn,Matzat,Senior Engineer
43281,Peer,Bakhtari,Engineer
43284,Vishu,Buescher,Senior Engineer
43286,Kwangjo,Langford,Technique Leader
43289,Satosi,Biran,Senior Staff
43293,Ayonca,Aumann,Senior Engineer
43296,Shietung,Kropatsch,Senior Staff
43297,Shirish,Kamble,Staff
43300,Francesca,Aseltine,Senior Engineer
43302,Nathalie,Vickson,Engineer
43306,Frederique,Zweizig,Senior Engineer
43307,Mart,Feinberg,Senior Engineer
43308,Hauke,Validov,Senior Engineer
43311,Hongzue,Chinal,Senior Staff
43313,Quingbo,Plavsic,Staff
43315,Arunachalam,Neiman,Staff
43317,Abdulla,Marshall,Engineer
43318,Rasikan,Boyle,Senior Engineer
43323,Masako,Isard,Senior Engineer
43325,Zhonghui,McFarlan,Senior Staff
43330,Nechama,Boguraev,Senior Staff
43333,Pohua,Zedlitz,Senior Staff
43337,Mario,Cooman,Technique Leader
43338,Xuejun,Coullard,Senior Staff
43340,Bojan,Vesel,Engineer
43348,Berry,Gonthier,Senior Engineer
43353,Mang,Arlazarov,Technique Leader
43354,Zhenhua,Lorho,Staff
43355,Taizo,Ermel,Senior Engineer
43367,Conal,Kisuki,Senior Engineer
43370,Udi,Waleschkowski,Senior Staff
43372,Mahendra,Fadgyas,Senior Staff
43373,Wanqing,Serov,Senior Engineer
43376,Bernice,Parhami,Senior Staff
43386,Tomokazu,Dahlbom,Engineer
43387,Fuqing,Syang,Senior Staff
43390,Greger,Weisert,Staff
43391,Hitomi,Lorys,Senior Engineer
43392,Sven,Angot,Engineer
43393,Renee,Fraisse,Senior Staff
43399,Yagil,Schach,Staff
43402,Munenori,Champarnaud,Senior Staff
43403,Giordano,Giarratana,Senior Staff
43404,Yoshimitsu,Maraist,Engineer
43410,Pranas,Masand,Senior Staff
43412,Magdalena,Fabrizio,Staff
43417,Yolla,Hutton,Senior Engineer
43419,Hugh,Rijckaert,Senior Engineer
43420,Ziya,Kolinko,Senior Staff
43421,Juichirou,Perin,Senior Engineer
43422,Shichao,Stranks,Senior Engineer
43423,Menkae,Michaeli,Senior Staff
43428,Elgin,Zallocco,Engineer
43429,Yoshinari,Rathonyi,Staff
43434,Mikhail,Nishimukai,Staff
43438,Sampalli,Zultner,Senior Staff
43439,Moheb,Journel,Senior Staff
43441,Kazuhiro,Akiyama,Senior Staff
43444,Heng,Thorensen,Engineer
43445,Sudhanshu,Calkin,Senior Staff
43447,Lakshmi,Gente,Senior Engineer
43448,Gilbert,Preusig,Senior Engineer
43451,Mooi,Kadhim,Senior Staff
43455,Kshitij,Tischendorf,Technique Leader
43459,Nectarios,Brodal,Staff
43461,Chiranjit,Birrer,Staff
43468,Stepehn,Katzenelson,Staff
43476,Shaw,Wuwongse,Senior Staff
43479,Christoph,Leuchs,Engineer
43481,Emran,Oskamp,Engineer
43482,Jiann,Pauthner,Senior Staff
43487,Kristof,Ducloy,Senior Staff
43489,Arve,Mullainathan,Staff
43491,Barry,Kroha,Senior Engineer
43493,Sukumar,Rabehasaina,Engineer
43498,Pranav,Taubman,Senior Engineer
43499,Mayumi,Georgakopoulos,Senior Engineer
43500,Maria,Bennis,Senior Engineer
43501,Weiwu,Langford,Senior Engineer
43508,Mostafa,Trachtenberg,Engineer
43512,Pranjal,Gopalakrishnan,Senior Engineer
43514,Caolyn,Marshall,Assistant Engineer
43516,Marc,Giaccio,Senior Staff
43520,Shichao,Hainaut,Senior Engineer
43524,Denis,Rassart,Staff
43532,Genta,Zykh,Senior Staff
43540,Vishu,Veeraraghavan,Engineer
43545,Amstein,Melichar,Senior Staff
43546,Uriel,Nitto,Senior Engineer
43552,Florian,Winter,Staff
43556,Hairong,Crabtree,Senior Staff
43573,Jianwen,Nicolson,Senior Staff
43576,Elvis,Wissmann,Senior Staff
43577,Torsten,Birke,Senior Engineer
43580,Saeed,Coors,Staff
43581,Gian,Perng,Engineer
43582,Kankanahalli,Demizu,Technique Leader
43583,Jahangir,Lanphier,Senior Staff
43584,Houman,Pokrovskii,Engineer
43589,Chikara,Thimonier,Senior Engineer
43593,Chuanti,Zaccaria,Senior Staff
43594,Moni,Hoogerwoord,Senior Staff
43601,Zhigen,Jakobus,Senior Staff
43605,Boalin,Rodite,Senior Staff
43609,Jaewon,Matzel,Senior Engineer
43610,Turgut,Cronin,Staff
43611,Rosalyn,Nyanchama,Staff
43612,Mariangiola,Thombley,Senior Engineer
43616,Conor,Montemayor,Staff
43624,Tokuyasu,Pesch,Senior Staff
43627,Jungsoon,Armand,Senior Engineer
43633,Shaibal,Kowalchuk,Senior Engineer
43642,Gill,Pavlopoulou,Senior Engineer
43648,Sigeru,Wixon,Senior Staff
43649,Idoia,Petersohn,Senior Staff
43651,Sukumar,Fontet,Staff
43652,Irena,Kuszyk,Engineer
43658,Hatem,Lieberherr,Engineer
43659,Aron,Pouyioutas,Senior Staff
43660,Bouchung,Rahimi,Senior Engineer
43664,Remmert,Maliniak,Staff
43668,Tadahiko,Tchuente,Staff
43675,Weiwu,DasSarma,Senior Engineer
43678,Shawna,Bernick,Senior Staff
43684,Tommaso,Ducloy,Engineer
43689,Almudena,Bugrara,Senior Staff
43691,Kazuhira,Baalen,Senior Engineer
43693,Khoa,Lorcy,Staff
43695,Miyeon,Luby,Staff
43703,Hongzhu,Menyhert,Senior Staff
43708,Zhongwei,Streng,Senior Engineer
43709,Mohua,Munck,Staff
43710,Christfried,Merey,Senior Staff
43716,Odysseas,Felder,Senior Staff
43720,Adel,McConalogue,Senior Staff
43724,Valdiodio,Encarnacion,Engineer
43727,Mats,Kilgore,Senior Engineer
43732,Dietrich,Coorg,Senior Staff
43737,Debatosh,Beerel,Senior Engineer
43742,Yonghoan,Bahl,Engineer
43744,Saeed,Paludetto,Staff
43745,Temple,Thambidurai,Senior Staff
43748,Parke,Quadeer,Senior Staff
43756,Minghong,Himler,Senior Staff
43757,Anyuan,Bratten,Senior Staff
43762,Fatemeh,Markovitch,Senior Staff
43772,Rosalyn,Hemaspaandra,Engineer
43776,Xuedong,Feldhoffer,Senior Staff
43779,Christophe,Segond,Senior Engineer
43780,Susanne,Honglei,Staff
43781,Kazuhiko,Pauthner,Engineer
43783,Houman,Hmelo,Engineer
43786,Hideyuki,Polajnar,Staff
43789,Youngkon,Serot,Engineer
43791,Bluma,Lupu,Engineer
43797,Kerhong,Greibach,Engineer
43805,Sanjoy,Hasham,Senior Engineer
43806,Chenye,Fontan,Senior Staff
43807,Mabry,Biros,Engineer
43809,Adin,Thiran,Senior Staff
43814,Minghong,Hutter,Staff
43815,Conrado,Asmuth,Senior Staff
43818,Shounak,Schade,Senior Staff
43820,Keung,Botman,Staff
43838,Shietung,Baig,Staff
43843,Qingxiang,Detkin,Staff
43845,Naftali,Krohn,Engineer
43847,Marsal,Eppinger,Senior Staff
43854,Kwee,Lally,Senior Staff
43861,Susanna,Thimonier,Senior Engineer
43862,Reinhold,Eppinger,Senior Staff
43866,Billur,Norsworthy,Senior Staff
43868,Alagu,Valiente,Senior Staff
43876,Georg,Dehkordi,Senior Engineer
43877,Koichi,Hooghiemstra,Technique Leader
43878,Karoline,Furedi,Senior Engineer
43883,Zhigen,Aseltine,Senior Staff
43887,Kwan,Giveon,Senior Staff
43898,Zdislav,Hempstead,Senior Staff
43900,Monique,Thombley,Senior Staff
43901,Menkae,Tasistro,Engineer
43907,Zhonghua,Otillio,Staff
43909,Huican,Alblas,Senior Staff
43912,Heeju,Wilharm,Staff
43914,Elvia,Reghbati,Assistant Engineer
43916,Tse,Schwartzburd,Senior Engineer
43917,Heng,Conti,Engineer
43921,Valter,Pettis,Engineer
43926,Danil,Kaminger,Engineer
43932,Zhensheng,Seiwald,Senior Engineer
43935,Shunichi,Mandelberg,Engineer
43939,Rafael,Reutenauer,Engineer
43941,Khatoun,Zambonelli,Senior Staff
43942,Bedir,Rassart,Senior Engineer
43944,Denis,Dulli,Technique Leader
43945,Guozhong,Thisen,Senior Engineer
43946,Kankanahalli,Swist,Senior Staff
43948,Kwangyoen,Kroha,Senior Staff
43950,Goo,Budinsky,Engineer
43956,Tesuro,Kaminger,Engineer
43963,Sanjeeva,Covnot,Senior Engineer
43964,Neelam,Greibach,Engineer
43965,Syozo,Hasham,Senior Staff
43966,Serif,Miculan,Senior Engineer
43969,Sajjad,Benzmuller,Technique Leader
43981,Margo,Liesche,Senior Engineer
43982,Cathie,Middleton,Senior Engineer
43983,Goa,Capobianchi,Senior Engineer
43986,Ghassan,Haumacher,Technique Leader
43989,Kristof,Gladwell,Senior Engineer
43990,Subhash,Hinsberger,Senior Engineer
43994,Fusako,Burnard,Senior Staff
43996,Hiroyasu,Bodoff,Senior Engineer
43997,Bezalel,Rahimi,Senior Engineer
43998,Poornachandra,Heping,Senior Engineer
44000,Aamod,Veccia,Senior Staff
44002,Beshir,Murthy,Engineer
44003,Siddarth,Heemskerk,Senior Staff
44009,Sudharsan,Quadeer,Engineer
44011,Panayotis,Karner,Senior Engineer
44015,Yuguang,Limongiello,Staff
44018,Navin,Lambe,Senior Engineer
44021,Taegyun,Lyonns,Senior Engineer
44022,Chiranjit,Dayang,Senior Engineer
44024,Nidapan,Peac,Staff
44025,Dines,Thebaut,Senior Staff
44029,Karlis,Heping,Senior Staff
44039,Tadahiro,Jayawardene,Senior Engineer
44042,Susuma,Ladret,Senior Staff
44043,Dmitri,Lakshmanan,Senior Engineer
44044,Phule,Rosch,Engineer
44053,Felicidad,Cochrane,Staff
44055,Dipankar,Ouhyoung,Senior Staff
44056,Florian,McFarlin,Senior Engineer
44057,Fox,Leaver,Senior Engineer
44059,Kotesh,Sadowsky,Senior Engineer
44060,Luigi,Brattka,Senior Engineer
44062,Yurij,Hertweck,Senior Staff
44063,Yuichiro,Stellhorn,Senior Engineer
44070,Luerbio,Onuegbe,Senior Staff
44071,Khedija,Schnelling,Senior Engineer
44076,Vincent,Murthy,Senior Staff
44080,Kazunori,Gerlach,Senior Staff
44086,Kinh,Demizu,Senior Staff
44087,Claudi,Glinert,Senior Engineer
44088,Uwe,Ohori,Senior Staff
44096,Ingmar,Schoegge,Senior Engineer
44097,Shim,Luga,Senior Engineer
44099,Shridhar,Gruenwald,Senior Staff
44100,Guozhong,Bresenham,Senior Engineer
44104,Idoia,Sridhar,Senior Staff
44108,Susanna,Schieder,Staff
44110,Duri,Kalloufi,Senior Staff
44111,Sugwoo,Streit,Senior Staff
44115,Rafael,Morris,Staff
44117,Trygve,Bernardinello,Senior Staff
44120,Mang,Mayerwieser,Engineer
44121,Kerhong,Schwartzburd,Staff
44125,Douadi,Conia,Senior Staff
44129,Nectarios,Kamber,Engineer
44130,Zongyan,Winter,Senior Engineer
44135,JoAnna,Neimat,Senior Staff
44140,Hirochika,Mahnke,Assistant Engineer
44148,Fun,Marchesini,Senior Staff
44154,Yefim,Aloia,Senior Staff
44161,Miyeon,Daescu,Engineer
44164,Becky,McClure,Engineer
44165,Greger,Heuser,Senior Staff
44166,Kenroku,Felcyn,Staff
44168,Stella,Tiemann,Engineer
44178,Jackson,Schmezko,Senior Staff
44181,Shigeo,Bakhtari,Senior Staff
44184,Maya,Birnbaum,Senior Engineer
44186,Kendra,Vesel,Staff
44189,Shaibal,Mitzlaff,Engineer
44192,Noritoshi,Terekhov,Senior Staff
44193,Fatemeh,Billingsley,Senior Engineer
44195,Hatem,Boyle,Senior Engineer
44197,Geraldo,Krichel,Senior Staff
44199,Jagoda,Vickson,Senior Staff
44215,Mary,Hiroyama,Senior Staff
44216,Jacqueline,Condotta,Senior Staff
44219,Tze,Lunt,Senior Engineer
44221,Hideyuki,Picel,Senior Engineer
44223,Zissis,Bakhtari,Senior Engineer
44224,Shietung,Selenyi,Senior Engineer
44227,Kwangjo,Juneja,Senior Engineer
44229,Bojan,Luft,Senior Engineer
44230,Pranay,Angel,Engineer
44234,Kenroku,Pardalos,Engineer
44235,Khun,Servi,Engineer
44236,Chikako,Vieth,Senior Staff
44238,Atreye,Yeung,Senior Engineer
44239,Sachin,Berstel,Staff
44240,Deniz,Famili,Senior Engineer
44249,Ymte,Thisen,Senior Engineer
44251,Martine,Haldar,Senior Engineer
44253,Kristin,Merli,Senior Engineer
44254,Zine,Kropp,Staff
44256,Doohun,Krzyzanowski,Senior Engineer
44261,Shaowei,Gluchowski,Staff
44262,Sanjit,Petereit,Senior Staff
44274,Udi,Lichtner,Senior Engineer
44278,Ekawit,Simmen,Technique Leader
44283,Ult,Peris,Senior Engineer
44285,Keiichiro,Chimia,Assistant Engineer
44287,Constantijn,Krohm,Senior Staff
44288,Ingemar,Baja,Senior Staff
44289,Jaideep,Vasanthakumar,Engineer
44292,Alexius,Georg,Senior Engineer
44293,Sachem,Vakili,Senior Staff
44301,Fatemeh,Nivat,Senior Engineer
44302,Nishit,Zolotykh,Staff
44304,Kirk,Piancastelli,Senior Staff
44306,Jianhui,Morris,Engineer
44308,JiYoung,Xiaoshan,Senior Engineer
44309,Gino,Rajala,Engineer
44315,Toshiki,Manderick,Staff
44318,Youngkon,Baranowski,Senior Engineer
44324,Takanari,Lienhardt,Senior Engineer
44326,Dmitri,Verspoor,Senior Staff
44334,Lidong,Baezner,Engineer
44339,Aiman,Gonthier,Senior Staff
44341,Yolla,Swist,Engineer
44342,Maha,Kaminger,Senior Engineer
44347,Denny,Nitsch,Senior Staff
44348,Mabhin,Soloway,Technique Leader
44352,Doohun,Cooke,Engineer
44354,Basant,Garnier,Senior Engineer
44358,Tzvetan,Munck,Staff
44360,Huican,Georgatos,Senior Engineer
44365,Mooi,Solovay,Senior Staff
44366,Alois,Chinal,Senior Staff
44375,Emran,Isard,Senior Engineer
44380,Valery,Crooks,Staff
44381,Weiye,Rodier,Engineer
44382,Gonzalo,Schapire,Senior Staff
44388,Mandell,Lubachevsky,Senior Engineer
44390,Ebru,Chorvat,Senior Engineer
44392,Bedir,Shigei,Senior Engineer
44393,Turgut,Douceur,Senior Engineer
44394,Eran,Thombley,Technique Leader
44395,Mario,Eastman,Senior Engineer
44397,Moon,Mitsuhashi,Senior Engineer
44400,Goncalo,Paludetto,Senior Staff
44404,Augustine,Peroz,Senior Engineer
44406,Maia,Danecki,Senior Engineer
44407,Tsuneo,Zweizig,Senior Engineer
44411,Mana,Hoppenstand,Engineer
44414,Angus,Aseltine,Engineer
44416,Fatemeh,Sabnani,Staff
44425,Yinghua,Businaro,Senior Staff
44429,Nathalie,Parfitt,Staff
44430,Chenyi,Walston,Senior Engineer
44431,Adamantios,Gide,Senior Engineer
44435,Odinaldo,Spelt,Senior Staff
44439,Chandrasekaran,Fiebach,Technique Leader
44442,Atilio,Gente,Senior Staff
44443,Elvis,Brookner,Technique Leader
44445,Sreenivas,Heinisuo,Senior Engineer
44449,Moon,Hegner,Senior Engineer
44454,Toshimo,Besancenot,Senior Staff
44459,Aluzio,Panienski,Senior Staff
44462,Sanjai,Rando,Senior Staff
44465,Brigham,Teitelbaum,Senior Staff
44467,Zhanqiu,Ramsak,Senior Engineer
44472,Mingdong,Snyers,Senior Engineer
44476,Krisda,Papadias,Senior Staff
44480,Sadegh,Honglei,Staff
44484,Pasqua,Gelosh,Senior Staff
44485,Jaideep,Thebaut,Staff
44490,Nalini,Lorcy,Senior Engineer
44492,Teunis,Krohm,Senior Engineer
44503,Xinan,Francisci,Staff
44507,Toong,Ananiadou,Senior Engineer
44515,LiMin,Demke,Senior Engineer
44519,Aamod,Pavlopoulou,Assistant Engineer
44520,Baruch,Engberts,Senior Engineer
44521,Berry,Reinhart,Senior Staff
44525,Christophe,Fetvedt,Senior Staff
44531,Serenella,Lueh,Senior Staff
44533,Karsten,Huxford,Senior Engineer
44534,Bodh,Rouquie,Technique Leader
44539,Kwangjo,Buchter,Senior Staff
44541,Mingdong,Baak,Senior Staff
44542,Theron,Cooke,Senior Engineer
44545,Tadanori,Maksimenko,Senior Engineer
44548,Maia,Munawer,Senior Engineer
44558,Zhiguo,Wielonsky,Senior Engineer
44560,Gudjon,Morrow,Senior Staff
44561,Shay,Perin,Engineer
44566,Yuqun,Bolotov,Engineer
44568,Peer,Daescu,Staff
44569,Dannz,Boyle,Senior Engineer
44570,Phuoc,Menhoudj,Engineer
44571,Tooru,Pashtan,Engineer
44575,Toney,Pocchiola,Senior Engineer
44586,Gro,Haddadi,Technique Leader
44589,Iara,Lanzelotte,Senior Engineer
44590,Tomokazu,Willoner,Senior Engineer
44591,Karlis,Laventhal,Senior Engineer
44599,Odysseas,Kohling,Senior Staff
44607,Sachem,Valtorta,Senior Staff
44608,Sudhanshu,Herber,Senior Engineer
44609,Zhongwei,Feinberg,Engineer
44610,Aamod,Cronan,Senior Engineer
44614,Salvador,Cherinka,Technique Leader
44616,Abdelkader,Pettis,Senior Staff
44618,Shen,Rothenberg,Staff
44620,Mona,Bale,Senior Engineer
44621,Vatsa,Bael,Senior Staff
44622,Maris,Zykh,Engineer
44623,Abdelwaheb,Schaap,Staff
44630,Tsutomu,Huhdanpaa,Engineer
44633,Thanasis,Azumi,Engineer
44638,Geraldo,Remmele,Staff
44639,Odysseas,Anick,Engineer
44644,Shigenori,Mitchem,Senior Engineer
44656,Cheong,Ducloy,Senior Engineer
44658,Jianhua,Bresenham,Engineer
44661,Ghassan,Perfilyeva,Senior Staff
44664,Zhaofang,Luke,Senior Staff
44667,Gregory,Trachtenberg,Senior Staff
44671,Val,Vitiello,Senior Engineer
44682,Souichi,Boissier,Senior Staff
44683,Makato,Marrevee,Engineer
44691,Munir,Montresor,Senior Staff
44692,Arie,Luders,Senior Staff
44695,Sadok,Baek,Senior Staff
44701,Bokyung,Perez,Staff
44703,Panayotis,Rousseau,Engineer
44707,Kousuke,Langford,Senior Staff
44708,Jayson,Krychniak,Engineer
44713,Lihong,Harbusch,Engineer
44716,Georgy,Haddadi,Senior Engineer
44717,Debatosh,Delaune,Senior Engineer
44721,Dinah,Zielinski,Senior Engineer
44728,Kwee,Muhlberg,Senior Engineer
44730,Haldun,Keirsey,Senior Staff
44733,Behnaam,Chleq,Engineer
44734,Shay,Vandervoorde,Engineer
44735,Weiye,Gurbaxani,Staff
44737,Vishu,Juneja,Senior Engineer
44739,Rasiah,Vecchi,Engineer
44740,Georg,Uhrik,Senior Engineer
44741,Zita,Danner,Senior Staff
44750,Bernice,Coors,Senior Staff
44752,Gor,Haldar,Senior Engineer
44760,Takahiro,Karner,Senior Staff
44764,Ayonca,Ghemri,Staff
44771,Leandro,Wilharm,Engineer
44773,Mario,Stenning,Senior Staff
44774,Yinlin,Lunn,Senior Staff
44784,Mohammed,Koblick,Senior Engineer
44785,Phule,Kriebel,Senior Staff
44790,Kaijung,Merlo,Senior Staff
44794,Masako,Kavraki,Technique Leader
44801,Paddy,Benzmuller,Senior Staff
44803,Oddvar,Mamelak,Staff
44806,Vishu,Schwabacher,Senior Engineer
44809,Nagui,Gill,Senior Engineer
44810,Zhenhua,Bazelow,Staff
44819,Chiranjit,Terekhov,Senior Staff
44821,Martien,Covnot,Senior Engineer
44825,Gil,Streng,Senior Engineer
44827,Akeno,Lindqvist,Staff
44828,Aria,Hiltgen,Senior Engineer
44829,IEEE,Biros,Senior Engineer
44833,Yuping,Gilg,Senior Engineer
44837,Youssef,Staelin,Senior Staff
44839,Xudong,Greibach,Senior Engineer
44842,Khalid,Munke,Senior Staff
44843,Shin,Ermel,Senior Staff
44844,Gino,Pesch,Senior Staff
44854,Shahar,Ratzlaff,Senior Staff
44855,Seshu,Baek,Engineer
44856,Amabile,Seuren,Senior Staff
44861,Hideo,Munos,Senior Engineer
44862,Rafols,Herath,Senior Staff
44865,Tianruo,Harnett,Staff
44869,JoAnne,Serov,Senior Staff
44870,Xiong,Orlowski,Senior Staff
44873,Eberhardt,Raczkowsky,Senior Staff
44874,Janche,Cools,Senior Staff
44875,Goh,Reinhart,Senior Staff
44877,Debatosh,Fordan,Senior Staff
44882,Sibyl,Hutton,Engineer
44883,Kagan,Cichocki,Senior Engineer
44886,Poornachandra,Kuszyk,Senior Engineer
44889,Heejo,Baby,Senior Engineer
44891,Cheong,Zaumen,Senior Engineer
44894,Yonghong,Lindqvist,Engineer
44898,Bouchung,Adachi,Senior Engineer
44902,Pohua,Heering,Engineer
44904,Josyula,Crelier,Technique Leader
44908,Kamakshi,Pehl,Senior Engineer
44911,Leandro,Nitta,Staff
44913,Vishu,Cappelli,Senior Engineer
44914,Subhash,Fortenbacher,Senior Engineer
44915,Genta,Mateescu,Senior Engineer
44924,Divier,Azevdeo,Senior Staff
44935,Younwoo,Hiltgen,Assistant Engineer
44937,Shugo,Hiltgen,Senior Engineer
44938,Valdiodio,Potthoff,Senior Staff
44939,Zissis,Michaels,Senior Engineer
44941,Giao,Rosen,Senior Engineer
44943,Lalit,Hmelo,Senior Engineer
44952,Zeydy,Munoz,Senior Engineer
44954,Adhemar,Nitta,Senior Engineer
44955,Aram,Kawashima,Engineer
44957,Zsolt,Matzat,Senior Engineer
44963,Amabile,Gimbel,Senior Engineer
44965,Tetsurou,Suppi,Senior Engineer
44966,Foong,Beetstra,Senior Engineer
44973,Yakkov,Frezza,Technique Leader
44975,Shih,Shihab,Senior Engineer
44977,Hiroyasu,Miara,Technique Leader
44979,Isamu,Pero,Senior Staff
44984,Ult,Lichtman,Senior Engineer
44988,Oldrich,Kleiser,Engineer
44990,Uzi,Lindenbaum,Senior Staff
44992,Kendra,Perna,Technique Leader
44994,Godehard,Cappelletti,Engineer
44996,Dzung,Pouyioutas,Engineer
44998,Vishv,Kaiser,Engineer
44999,Chiradeep,Assaf,Staff
45000,Ayakannu,Asrin,Senior Engineer
45002,Leif,Klyachko,Senior Engineer
45005,Tamiya,Blokdijk,Staff
45006,Vishv,Liedekerke,Senior Engineer
45014,Souichi,Orsini,Senior Staff
45015,Marek,Muhlberg,Assistant Engineer
45021,Ravishankar,Candan,Senior Staff
45023,Snehasis,Haddadi,Technique Leader
45036,Dmitri,Heijenga,Staff
45041,Garnet,Swab,Senior Staff
45042,Marek,Heinisuo,Technique Leader
45044,Sachin,Zaccaria,Senior Staff
45046,Mahmut,Soicher,Senior Engineer
45047,Mizuhito,Covnot,Engineer
45053,Ymte,Zongker,Technique Leader
45054,Aloys,Pauthner,Senior Staff
45055,Xiaobin,Radhakrishnan,Senior Engineer
45057,Marsha,Lenart,Senior Staff
45058,Shuzo,Mahmud,Senior Engineer
45060,Weijing,Gimbel,Technique Leader
45062,Aemilian,Hammerschmidt,Senior Staff
45064,Rutger,Baar,Staff
45066,Seongbin,Gadepally,Senior Engineer
45069,Lenore,Valette,Senior Engineer
45070,Ennio,Frolund,Senior Engineer
45083,Narain,Belinskaya,Senior Staff
45085,Toshimi,Sidou,Engineer
45087,Aksel,Zallocco,Senior Engineer
45089,Francesca,Kirkerud,Senior Engineer
45092,Francesca,Chandrasekhar,Staff
45096,Yolla,Luce,Staff
45099,Tua,Chiola,Staff
45100,Kristof,Frezza,Senior Engineer
45104,Huei,Denny,Assistant Engineer
45112,Kwangho,Nilsson,Senior Staff
45113,Pantung,Stanfel,Engineer
45121,Menkae,Christianini,Senior Engineer
45123,Lakshmi,Jullig,Engineer
45127,Shushma,Marzano,Senior Engineer
45128,Hideyuki,Nittel,Senior Engineer
45130,Bezalel,Puppe,Senior Staff
45134,Jingling,Miara,Staff
45138,Miomir,Karcich,Senior Staff
45142,Perla,Rehfuss,Senior Engineer
45145,Almudena,Zumaque,Senior Staff
45149,Weiye,Salinas,Senior Engineer
45163,Peer,Flowers,Engineer
45164,Yakkov,Sidou,Staff
45166,Licheng,Lorho,Senior Staff
45170,Irena,Rissanen,Senior Staff
45172,Saeko,Radhakrishnan,Senior Engineer
45173,Jinpo,Thiran,Senior Engineer
45174,Ravishankar,Pollacia,Technique Leader
45176,Demin,Collette,Engineer
45177,Alassane,Iacovou,Engineer
45179,Nahum,Linnainmaa,Senior Staff
45183,Cristinel,Gyorkos,Assistant Engineer
45184,Rosalyn,Velasco,Staff
45186,Mong,Vernadat,Senior Staff
45189,Brewster,Impagliazzo,Engineer
45190,Koichi,Fiebach,Staff
45193,Reinhard,Lubachevsky,Senior Staff
45195,Patricio,Ciolek,Senior Engineer
45196,Kwok,Simmel,Senior Engineer
45197,Tianruo,Harnett,Staff
45200,Teunis,Chvatal,Technique Leader
45204,Alexius,Candan,Senior Engineer
45208,Gita,Andreotta,Engineer
45209,Yinghua,Cardazo,Senior Staff
45210,Arie,Schlegelmilch,Senior Staff
45216,Gou,Ballarin,Senior Engineer
45217,Marsal,Pena,Senior Staff
45221,Yolla,Herber,Engineer
45228,Utpal,Unni,Senior Engineer
45230,Tesuro,Coors,Senior Engineer
45232,Chaosheng,Senzako,Technique Leader
45239,Uinam,Mundy,Staff
45244,Joydip,Lueh,Senior Staff
45245,Margo,Ishibashi,Senior Staff
45247,Fabrizio,Kornatzky,Senior Staff
45249,Zeljko,Jansch,Senior Staff
45251,Billur,Brandsma,Senior Staff
45253,Zhaofang,Barriga,Senior Engineer
45254,Bernardo,Dalphin,Senior Engineer
45256,Berry,Puppo,Senior Staff
45261,George,Larfeldt,Senior Staff
45263,Geoff,Larfeldt,Senior Engineer
45268,Makato,Ertl,Senior Staff
45269,Arve,Avouris,Senior Staff
45275,Arun,Swan,Technique Leader
45277,Jessie,Middleton,Senior Staff
45279,Toshimo,Auria,Assistant Engineer
45281,Yonghoan,Chelton,Senior Engineer
45284,Tesuro,Swift,Senior Staff
45288,Gift,Savasere,Engineer
45290,Thanasis,Varman,Senior Engineer
45293,Duke,Lakshmanan,Technique Leader
45297,Zhiwei,Sadowski,Senior Staff
45298,Shay,Valtorta,Senior Staff
45305,Gretta,Morrow,Senior Staff
45306,Pranjal,Rajaraman,Senior Engineer
45307,Krassimir,Comyn,Senior Staff
45309,Tran,Kugler,Engineer
45310,Rimli,Passino,Engineer
45311,Zengping,Talmor,Senior Staff
45313,DAIDA,Schusler,Senior Staff
45314,Zhigen,Motley,Senior Staff
45317,Werner,Shobatake,Senior Engineer
45318,Franziska,Dalton,Senior Engineer
45321,Radhia,Hopewell,Senior Staff
45327,Khedija,Karner,Staff
45331,Keung,Peot,Senior Engineer
45333,Leszek,Waeselynck,Senior Engineer
45335,Jinxi,Rijsenbrij,Staff
45336,Nadjib,Holburn,Senior Engineer
45337,Boriana,Jansen,Assistant Engineer
45340,Kitty,Baik,Staff
45342,Fatemeh,Sluis,Engineer
45344,Shigeo,Servieres,Senior Engineer
45349,Younwoo,Kohling,Engineer
45352,Yuichiro,Zallocco,Engineer
45361,Frederique,Brookman,Senior Staff
45363,Kenroku,Hainaut,Senior Engineer
45364,Pantung,Picht,Technique Leader
45366,Ranan,Gargeya,Senior Staff
45367,Terresa,Ermel,Senior Staff
45376,Mabo,Toyoshima,Senior Staff
45377,Temple,Flasterstein,Senior Staff
45379,Khalid,DeMori,Staff
45380,Arunachalam,Michaels,Senior Staff
45382,Yoshimitsu,Stassinopoulos,Senior Engineer
45390,Sedat,Alameldin,Senior Staff
45396,Tsz,Steenbeek,Engineer
45397,Jahangir,Speckmann,Senior Engineer
45399,Masato,Farris,Senior Engineer
45400,Jiakeng,Woycyznski,Senior Engineer
45402,Kwok,Liesche,Staff
45416,Avishai,Percebois,Senior Staff
45419,Yechiam,Plesums,Staff
45421,George,Gips,Senior Engineer
45426,Toney,Plump,Engineer
45428,Neelam,Wroclawski,Senior Engineer
45429,Ferdinand,Tempesti,Senior Engineer
45430,Sigeru,Pezzoli,Technique Leader
45432,Richard,Barreiro,Senior Staff
45436,Gila,Limongiello,Senior Staff
45439,Elrique,Ossenbruggen,Senior Staff
45443,Billur,Murtagh,Engineer
45455,Leandro,Fujisawa,Staff
45460,Mang,Rande,Technique Leader
45462,Toshimori,Zwicker,Engineer
45465,Yaghout,Cronan,Senior Staff
45466,Guiseppe,Tomescu,Staff
45467,Huican,Bahk,Senior Engineer
45468,Padma,Pell,Senior Engineer
45470,Aron,Birta,Senior Staff
45473,Mihalis,Ulupinar,Senior Staff
45478,Chikara,Braccini,Engineer
45479,Ferdinand,Krupka,Senior Engineer
45488,Shigehiro,Shackel,Senior Staff
45493,Oscar,Itzigehl,Senior Staff
45495,Mechthild,Mellouli,Assistant Engineer
45496,Wojceich,Dolinsky,Senior Engineer
45499,Tsvetan,Piveteau,Staff
45506,Dung,Leivant,Staff
45507,Xiong,Lamparter,Senior Engineer
45510,Nahum,Orsini,Senior Engineer
45512,Matk,Czaja,Senior Staff
45514,Jessie,Alpin,Staff
45517,Xinglin,Bratsberg,Senior Staff
45519,Alain,Rothe,Senior Staff
45520,Moriyoshi,Birch,Senior Engineer
45522,Pradeep,Bardell,Engineer
45526,Masami,Gelosh,Senior Engineer
45527,Edwin,Serot,Senior Staff
45534,Perla,Jullig,Staff
45536,KayLiang,Quadeer,Engineer
45537,Ottavia,Wissmann,Senior Engineer
45541,Christoper,Chinal,Staff
45543,Sanjay,Pena,Senior Engineer
45544,Candido,Coombs,Staff
45545,Along,Bruckman,Engineer
45546,Gopalakrishnan,Lanphier,Senior Staff
45550,Shaowen,McFarlin,Senior Engineer
45551,Alejandra,Boissier,Engineer
45552,Aloys,Albarhamtoshy,Senior Staff
45557,Girolamo,Legleitner,Engineer
45558,Denny,Gulik,Senior Staff
45561,Navid,Lodder,Senior Engineer
45566,Lena,Marsiglia,Senior Staff
45568,Satoru,Levasseur,Staff
45570,Shuho,Schwartzburd,Senior Engineer
45577,Takahiro,Christ,Staff
45585,Janalee,Decaestecker,Staff
45591,Vitali,Knightly,Engineer
45593,Xiaocheng,Litzler,Senior Engineer
45594,Michaela,Heusch,Senior Staff
45599,Ronnie,Harnett,Senior Engineer
45600,Marla,Kenevan,Senior Engineer
45601,Rafael,Spell,Engineer
45602,Shigeo,Docker,Senior Engineer
45607,Hinrich,Beznosov,Senior Staff
45612,King,Monkewich,Senior Engineer
45613,Basant,Madeira,Senior Staff
45618,Huiqun,Kandlur,Senior Engineer
45619,Khaled,Takkinen,Senior Engineer
45621,Basim,Malinowski,Technique Leader
45622,Xianlong,Boguraev,Senior Staff
45626,Marjo,Olivero,Senior Engineer
45629,Guoxiang,Nanard,Staff
45630,Renny,Clouatre,Staff
45634,Barry,Ghemri,Senior Engineer
45636,Khue,Heinisuo,Senior Engineer
45637,Palash,Encarnacion,Senior Engineer
45638,Bokyung,Morrow,Senior Staff
45639,Yuichiro,Brendel,Staff
45641,Chriss,Huxford,Assistant Engineer
45643,Kirk,Schurmann,Senior Engineer
45645,Hausi,Desikan,Staff
45649,Dinkar,Peltason,Senior Staff
45651,Shigehiro,Lodder,Engineer
45652,Pranjal,Giveon,Engineer
45655,Radhakrishnan,Beausoleil,Assistant Engineer
45657,Jianhao,Hedayat,Engineer
45658,Maja,Ebeling,Senior Staff
45665,Peternela,Tsunoo,Engineer
45669,Janalee,Boudaillier,Senior Engineer
45671,Hideo,Basawa,Senior Engineer
45675,Visit,Verhoeff,Senior Engineer
45685,Anwar,Huhdanpaa,Senior Staff
45687,Gay,Garrabrants,Engineer
45690,Adit,Openshaw,Senior Staff
45695,Danco,Kowalchuk,Senior Engineer
45698,Sanjoy,Melichar,Senior Staff
45699,Jayesh,Showalter,Senior Staff
45702,Peer,Showalter,Senior Staff
45709,Oddvar,Schnelling,Senior Staff
45716,Navin,Quaggetto,Engineer
45719,Larisa,Diderrich,Senior Engineer
45722,Behnaam,Munke,Assistant Engineer
45727,Christophe,Wissmann,Senior Staff
45731,Naraig,Bouloucos,Senior Engineer
45732,Moheb,Gruenwald,Senior Staff
45734,Niclas,Caine,Senior Staff
45736,Remco,Morrow,Technique Leader
45743,Adas,Baaleh,Senior Staff
45744,Zhensheng,Bahi,Senior Staff
45748,Cheong,Irland,Senior Staff
45758,Felicidad,Krychniak,Senior Engineer
45759,Raimond,Liesche,Technique Leader
45766,Elrique,Tanemo,Staff
45768,Limsoon,Hemaspaandra,Staff
45773,Aamod,Baak,Senior Engineer
45775,Ortrud,Tsukune,Senior Staff
45778,Zhongwei,Stasinski,Senior Engineer
45780,Christ,Horswill,Senior Engineer
45786,Emdad,Pouyioutas,Staff
45788,Shiv,Mitsuhashi,Senior Engineer
45789,Jaihie,Makinen,Staff
45797,Chikara,Khalid,Senior Engineer
45798,Gad,Plotkin,Senior Staff
45803,Padma,Lanzelotte,Staff
45805,Brewster,Falster,Assistant Engineer
45808,Yongdong,Eiron,Senior Engineer
45809,Wilmer,Arlazarov,Senior Staff
45814,Zhenbing,Malabarba,Senior Staff
45820,Kish,Nivat,Staff
45821,Garnik,Dredge,Senior Engineer
45827,Ortrun,Schonegge,Technique Leader
45828,Panayotis,Litzkow,Senior Engineer
45836,Aram,Laventhal,Senior Engineer
45837,Chrisa,Biron,Staff
45844,Patricia,Fetvedt,Senior Staff
45851,Xiaoqiu,Ranum,Senior Staff
45853,Heping,Waterhouse,Engineer
45854,Zsolt,Kriebel,Senior Staff
45859,Christfried,Matheson,Engineer
45863,Lech,Ellozy,Engineer
45865,Toshimi,Bach,Senior Staff
45867,Hailing,Denna,Senior Engineer
45875,Sandeepan,Lorch,Engineer
45880,Masaru,Basawa,Senior Engineer
45883,JoAnna,Maccarone,Senior Staff
45886,Ioana,Ginesta,Senior Staff
45891,Rutger,Magliocco,Senior Engineer
45892,Srinidhi,Rahimi,Engineer
45895,Sajjad,Vural,Senior Staff
45898,Kristinn,Ghandeharizadeh,Staff
45903,Arra,Chenney,Senior Engineer
45904,Arunas,DasSarma,Senior Engineer
45908,Masasuke,Heyers,Senior Engineer
45915,Paddy,Gluchowski,Senior Staff
45919,Aemilian,Denti,Senior Staff
45923,Masato,Xiaoshan,Senior Staff
45924,Vidar,Hettesheimer,Senior Engineer
45925,Hitomi,Yetim,Engineer
45936,Narain,Rodier,Technique Leader
45942,Hidde,Papadias,Senior Engineer
45950,Yefim,Gornas,Senior Staff
45951,Duke,Garnick,Technique Leader
45952,Perry,Landherr,Senior Engineer
45955,Luise,Lampe,Engineer
45962,Remco,Kalorkoti,Senior Engineer
45965,Radoslaw,Fendler,Staff
45971,Chuanti,Welham,Senior Engineer
45972,Rafael,Bednarek,Senior Engineer
45973,Mokhtar,Bernatsky,Senior Staff
45974,Byong,Masand,Senior Engineer
45976,Tianruo,Trystram,Senior Staff
45977,Ulf,Wiegley,Senior Staff
45979,Uno,Colorni,Senior Engineer
45985,Amstein,Lichtner,Senior Engineer
45987,Gila,Olivero,Senior Staff
45989,Hiroyasu,Asrin,Staff
45998,Inderjeet,Rodiger,Staff
46004,Toshimori,Schlegelmilch,Engineer
46012,Tadahiko,Comte,Technique Leader
46025,Yurii,Demir,Engineer
46026,Leon,Schrooten,Senior Engineer
46028,Sakthirel,Emmerich,Senior Staff
46036,Berni,Worfolk,Senior Engineer
46037,Mohit,Preusig,Senior Engineer
46040,Piyawadee,Aseltine,Engineer
46042,Youssef,Vrecion,Senior Staff
46044,Van,Strooper,Senior Engineer
46049,Lubomir,Verhaegen,Staff
46054,Udi,Bultermann,Engineer
46055,Charlene,Fabrizio,Senior Engineer
46059,Susumu,DuCasse,Staff
46066,Ennio,Conde,Senior Engineer
46068,Laurentiu,Weisert,Senior Staff
46070,Marsha,Gecsel,Senior Engineer
46075,Lucien,Cunliffe,Senior Engineer
46076,Sergi,Lipner,Senior Staff
46079,Genevieve,Varman,Senior Engineer
46083,Charmane,Speek,Engineer
46086,Kwan,Casperson,Senior Engineer
46087,Kousuke,Erdi,Senior Staff
46089,Giordano,Emden,Senior Staff
46090,Iara,Whittlesey,Senior Engineer
46091,Indrajit,Rohrbach,Senior Engineer
46095,Shrikanth,Huttel,Senior Engineer
46097,Jiafu,Kitai,Staff
46103,Yuguang,Hainaut,Technique Leader
46104,Yoshinari,Kavvadias,Senior Staff
46106,Zhonghui,Peng,Technique Leader
46108,Masasuke,Roison,Engineer
46109,Kiyotoshi,Kragelund,Senior Staff
46110,Gully,Plump,Senior Engineer
46118,Aloke,Motley,Senior Engineer
46119,Gregory,Vidya,Senior Engineer
46124,Shunichi,Barinka,Senior Staff
46132,Josyula,Beeson,Senior Staff
46135,Ramzi,Brobst,Engineer
46141,Sven,Nollmann,Senior Engineer
46145,Sushant,Wroclawski,Senior Staff
46147,Zita,Katzenelson,Senior Engineer
46149,Doohun,Plessier,Senior Staff
46152,Terresa,Caine,Engineer
46159,Barun,Grabner,Senior Staff
46164,Arumugam,Wynblatt,Senior Engineer
46167,Sukumar,Shiratori,Senior Staff
46172,Filipe,Seiwald,Senior Engineer
46173,Tzvetan,Herath,Senior Staff
46175,Zissis,Rosca,Engineer
46176,Hatsukazu,Murrill,Senior Engineer
46179,Houman,Marciano,Senior Staff
46189,Yongdong,Reistad,Senior Staff
46191,Hilari,Pocchiola,Engineer
46192,Bernd,Anger,Senior Staff
46203,Ferdinand,Dymetman,Senior Engineer
46211,DeForest,Kushner,Senior Engineer
46215,Junsik,Vesna,Senior Engineer
46216,Hidekazu,Ramalingam,Senior Engineer
46221,Weidon,Kobuchi,Assistant Engineer
46224,Gad,Vidal,Staff
46232,Abdelkader,Kolinko,Staff
46236,Thodoros,Edelhoff,Senior Engineer
46241,Keiichiro,Neimat,Senior Engineer
46243,Jamaludin,Feldmann,Senior Staff
46247,Sachem,Bach,Staff
46248,Leif,dAstous,Senior Engineer
46250,Yefim,Decleir,Senior Staff
46254,Trygve,Rehfuss,Senior Engineer
46255,Xiaopeng,Falby,Senior Engineer
46258,Nechama,Przulj,Staff
46260,Tze,Karlin,Technique Leader
46261,Owen,Uehara,Staff
46263,Filipe,Jakobus,Senior Staff
46266,Kiam,Carrera,Technique Leader
46268,Along,Kugler,Senior Engineer
46272,Mong,Shiratori,Senior Engineer
46273,Gennadi,Halevi,Senior Staff
46281,Rosine,Berztiss,Technique Leader
46282,Eben,Babu,Senior Staff
46293,Perry,Auria,Senior Engineer
46294,Kwun,Linnainmaa,Staff
46295,TRUE,Lammel,Senior Engineer
46298,Gererd,Fujisaki,Assistant Engineer
46299,Constantine,Hmelo,Senior Engineer
46302,Susanta,Pezzoli,Senior Staff
46304,Felicidad,Sinitsyn,Technique Leader
46305,Yakichi,Lamba,Senior Engineer
46306,Richard,Parascandalo,Technique Leader
46316,Padma,Karnin,Senior Staff
46317,Susanta,Rebaine,Senior Staff
46318,Susumu,Vieth,Senior Engineer
46321,Weicheng,Yamaashi,Staff
46322,Harngdar,Farrag,Staff
46323,Masako,Tzvieli,Staff
46324,Rosita,Reghbati,Senior Staff
46326,Harjit,Paludetto,Senior Staff
46327,Shiv,Bernick,Senior Engineer
46331,Mokhtar,Birch,Staff
46335,Shuji,Ananiadou,Senior Engineer
46339,Stepehn,Linares,Senior Staff
46340,Sangeeta,Iacovou,Senior Staff
46345,Ortrun,Kolvik,Senior Engineer
46347,Nadjib,Standera,Senior Engineer
46352,Unal,Zambonelli,Senior Staff
46353,Teruyuki,Falby,Engineer
46356,Sham,Przulj,Senior Staff
46359,Renee,Demos,Staff
46363,Masaki,Mahnke,Senior Engineer
46367,Aloys,Nicolson,Senior Staff
46374,Aris,Nyanchama,Senior Staff
46381,Mohamadou,Hasenauer,Senior Engineer
46388,Valery,Pluym,Staff
46392,Emdad,Zykh,Senior Staff
46395,Katsuo,Stasinski,Engineer
46402,Koichi,Conta,Engineer
46407,Hideyuki,Braunmuhl,Staff
46414,Ferdinand,Schahn,Senior Engineer
46417,Susumu,Werthner,Senior Staff
46423,Cordelia,Lienhardt,Engineer
46425,Martina,Leivant,Senior Engineer
46439,Ibibia,Junet,Senior Staff
46440,Pranav,Rosay,Engineer
46451,Hongzhu,Gyimothy,Senior Engineer
46452,Filipp,Christianini,Senior Engineer
46454,Naraig,Vanwelkenhuysen,Senior Staff
46456,Bartek,Beerel,Senior Engineer
46457,Alenka,Keohane,Technique Leader
46463,Owen,Lamba,Senior Staff
46466,Eberhardt,Cusworth,Senior Engineer
46469,Ekawit,Rusmann,Staff
46470,Adhemar,Rassart,Technique Leader
46471,Zeydy,Miake,Senior Engineer
46480,Basem,Ertl,Senior Engineer
46484,Neelam,Rabehasaina,Senior Staff
46488,Zhanqiu,Byoun,Senior Staff
46500,Mong,Keirsey,Engineer
46506,Marie,Babu,Senior Engineer
46510,Nahum,Armand,Assistant Engineer
46516,Vasilis,Zambonelli,Engineer
46519,Valdiodio,Chachaty,Engineer
46530,Kwangsub,Verhoeff,Senior Staff
46532,Siamak,Ruther,Senior Staff
46533,Lunjin,Edelhoff,Senior Staff
46535,Surveyors,Erman,Engineer
46537,Shahab,Litzkow,Engineer
46542,Tetsurou,Zolotykh,Engineer
46548,Uno,Schlenzig,Senior Engineer
46554,Ramzi,DuCasse,Senior Staff
46556,Hirochika,Peac,Staff
46560,Tamiya,Bain,Staff
46561,Sivanarayana,Potthoff,Senior Staff
46562,Tiina,Panangaden,Senior Engineer
46563,Marlo,Veldwijk,Senior Engineer
46567,Khatoun,Kirkerud,Staff
46574,Yuping,Sinitsyn,Senior Staff
46576,Kasidit,Lorys,Staff
46580,Sachar,Coors,Engineer
46585,Kazuhisa,Bressoud,Engineer
46587,Macha,Baaleh,Senior Staff
46598,Paloma,Rodite,Senior Staff
46603,Tesuya,Miara,Staff
46604,Shahab,Pfau,Staff
46608,Sreenivas,Janetzko,Engineer
46609,Oddvar,Chinal,Technique Leader
46611,Katsuo,Leuchs,Senior Engineer
46613,Sanjiv,Lores,Senior Engineer
46619,Taizo,Docker,Senior Staff
46621,Karsten,Taneja,Technique Leader
46622,Filipp,Krzyzanowski,Assistant Engineer
46623,Kshitij,Pashtan,Senior Engineer
46627,Piyush,Leonhardt,Staff
46630,Shao,Coorg,Senior Engineer
46635,Saeed,Frezza,Senior Engineer
46636,Chaoyi,Munawer,Senior Engineer
46642,Masadi,Kusakabe,Senior Staff
46646,Subir,Cesareni,Engineer
46655,Masako,Schnelling,Senior Engineer
46662,Uwe,Ernst,Senior Staff
46664,Toshimori,Benveniste,Senior Staff
46666,Mabhin,Avouris,Senior Staff
46670,Marie,Unno,Staff
46671,Munir,Codenie,Senior Staff
46672,Heekeun,Rehfuss,Senior Staff
46675,Kensyu,Smailagic,Engineer
46678,Arto,Munch,Staff
46679,Bouchung,Flowers,Senior Staff
46680,Phuoc,Fairtlough,Senior Staff
46683,Ger,Wynblatt,Staff
46685,Valter,Takanami,Senior Engineer
46686,Bilhanan,Heping,Staff
46704,Wojceich,Maginnis,Senior Engineer
46709,Samphel,Thambidurai,Senior Engineer
46710,Patricia,Chartres,Senior Engineer
46713,Ger,Montresor,Senior Staff
46714,Goa,Cronin,Technique Leader
46717,Roded,Yeung,Senior Engineer
46721,Mang,Narlikar,Senior Engineer
46727,LiMin,Dratva,Staff
46730,Lakshmi,Flexer,Senior Engineer
46732,Jaber,Yemenis,Senior Staff
46735,Elvis,Armand,Senior Engineer
46739,Goncalo,Douceur,Senior Engineer
46740,Denis,Kisuki,Senior Staff
46749,Gaetan,Lamparter,Senior Engineer
46753,Bangqing,Miake,Senior Engineer
46754,Theron,Rosis,Senior Staff
46755,Jenwei,Frezza,Senior Staff
46757,Supot,Delgrange,Senior Engineer
46762,Akeno,Munch,Engineer
46763,Mototsugu,Pusterhofer,Senior Engineer
46768,Shimshon,Narahari,Senior Staff
46771,Guther,Desikan,Technique Leader
46773,Vojin,Parveen,Senior Engineer
46777,Shigehito,Anger,Staff
46781,Zejun,Percebois,Senior Engineer
46784,Urs,Heystek,Senior Engineer
46798,Caolyn,Hettesheimer,Senior Engineer
46805,Dmitry,Suppi,Staff
46814,Sergi,Kushnir,Engineer
46817,Reuven,Talmon,Staff
46821,Gian,Diderrich,Senior Staff
46824,Almudena,Kropp,Staff
46838,Yakichi,Marzano,Senior Staff
46847,Mats,Guardalben,Senior Staff
46852,Gen,Chimia,Senior Staff
46853,Aiichiro,Walston,Senior Staff
46858,Lubomir,Gente,Senior Staff
46864,Ferdinand,Sooriamurthi,Senior Staff
46866,Sangeeta,Garnham,Senior Staff
46881,Sadun,Ranai,Senior Engineer
46882,Ebbe,Swist,Senior Staff
46884,Marla,Aamodt,Senior Staff
46887,Zeydy,Viele,Staff
46900,Parke,Peot,Senior Staff
46901,Krisda,Orlowska,Engineer
46903,Chinya,Lemarechal,Technique Leader
46910,Marsja,Maccarone,Senior Staff
46915,Heping,Conte,Engineer
46916,Chiranjit,Yetim,Technique Leader
46926,Barry,Paciorek,Staff
46927,Khaled,Matheson,Senior Staff
46934,Gaetan,Bail,Senior Engineer
46937,Leif,Ulupinar,Senior Engineer
46940,Zhilian,Comyn,Engineer
46949,Garnik,Rande,Engineer
46953,Lucien,Luga,Senior Staff
46959,Dulce,Haldar,Senior Engineer
46960,Adas,Ranze,Senior Engineer
46961,Zhenbing,Kushner,Senior Staff
46963,Val,Cesareni,Senior Staff
46964,Tiina,McClure,Senior Engineer
46965,Odoardo,Cummings,Engineer
46967,Fumiya,Nourani,Senior Engineer
46968,Jahangir,Legleitner,Senior Staff
46970,Dietrich,Oehlmann,Technique Leader
46972,Srinidhi,Rahimi,Staff
46974,Shigehiro,Melski,Senior Engineer
46975,Basil,Cherinka,Staff
46984,Pascal,Kandlur,Senior Engineer
46991,Poornachandra,Majewski,Assistant Engineer
46993,Brigham,Swab,Technique Leader
46997,Adil,Giaccio,Engineer
47005,Eric,Selvestrel,Senior Staff
47008,Radhika,Narlikar,Senior Engineer
47010,Goh,Nannarelli,Senior Staff
47013,Kerhong,Straney,Engineer
47017,Hatsukazu,Demos,Senior Staff
47021,Mang,Paludetto,Senior Staff
47022,Mostafa,Terlouw,Staff
47024,Mayuko,Bade,Staff
47026,King,Syang,Staff
47028,Chanjung,Swick,Senior Engineer
47033,Tiina,Gien,Senior Engineer
47034,Mario,Krupka,Senior Staff
47038,Nathan,Krohn,Senior Engineer
47039,Tru,Caine,Senior Engineer
47042,Bernd,Wissmann,Senior Staff
47044,Jongsuk,Ushiama,Senior Engineer
47045,Chikako,Koshino,Senior Engineer
47047,Shugo,Nourani,Engineer
47050,Aimee,Nyrup,Staff
47051,Ebbe,Srimani,Senior Staff
47056,Parto,Marciano,Senior Staff
47057,Weidon,Scallan,Senior Staff
47059,DAIDA,Hoppenstand,Senior Engineer
47061,Kinh,Servi,Senior Staff
47064,Pramod,Miyakawa,Senior Staff
47070,Frederique,McDermid,Staff
47079,Uta,Sudbeck,Senior Engineer
47081,Tzu,Prochazka,Engineer
47084,Toshimori,Fortenbacher,Senior Staff
47088,Oddvar,Melski,Senior Staff
47094,Leni,Shimshoni,Senior Engineer
47100,Thanasis,Luff,Engineer
47103,Mamdouh,Lueh,Senior Staff
47107,Thanasis,Pews,Senior Staff
47114,Iara,Haraldson,Senior Engineer
47115,Richara,Rijsenbrij,Senior Staff
47116,Oscar,Rosar,Senior Staff
47117,Munehiko,Zhiwei,Senior Engineer
47120,Takahiro,Casperson,Senior Engineer
47127,Jenwei,Curless,Senior Engineer
47130,Sandeepan,Benveniste,Staff
47133,Syozo,Boyle,Senior Engineer
47136,Bokyung,Garnham,Senior Staff
47137,Valter,Marchegay,Senior Staff
47138,Vesna,Coorg,Staff
47142,Deborah,Eldridge,Senior Staff
47144,Lalit,Yurek,Engineer
47145,Tommaso,Plavsic,Senior Engineer
47146,Masato,Ramaiah,Senior Engineer
47148,Makato,Baezner,Senior Engineer
47149,Demin,Eiron,Senior Engineer
47166,Chiranjit,Bade,Senior Staff
47168,Nahum,Pell,Senior Engineer
47169,Cheong,Nourani,Staff
47173,Lakshmi,Velasco,Senior Staff
47174,Bilhanan,Vecchio,Senior Staff
47175,Aral,Comte,Engineer
47177,Harjit,Thimonier,Staff
47178,Rimon,Srimani,Senior Engineer
47185,Premsyl,Homond,Engineer
47187,Niranjan,Compeau,Senior Engineer
47193,Mikhail,Baranowski,Engineer
47200,Hiroyasu,Wolniewicz,Staff
47203,Samphel,Fasbender,Staff
47205,Valeri,Whittlesey,Technique Leader
47206,Adin,Eterovic,Senior Staff
47207,Val,Soloway,Staff
47212,Subbu,Tanemo,Senior Staff
47215,Zhenbing,Swen,Senior Engineer
47218,Claudi,Selvestrel,Staff
47224,Kankanahalli,Honiden,Senior Engineer
47225,Zhiwei,Klerer,Senior Staff
47226,Limsoon,Lammel,Assistant Engineer
47227,Jiafu,Gulla,Senior Engineer
47228,Shuichi,Crooks,Staff
47236,Masako,Polupanov,Staff
47238,Munehiko,Heuter,Engineer
47239,Zissis,Schaad,Senior Engineer
47242,Bodo,Broomell,Senior Engineer
47245,Hatim,Ouhyoung,Senior Engineer
47246,Teruyuki,Broder,Senior Engineer
47249,Jayson,Swen,Senior Staff
47251,Hideo,Uehara,Engineer
47255,IEEE,Nastansky,Senior Staff
47258,Kellie,Bain,Senior Staff
47259,Yakichi,Tramer,Engineer
47265,Chikako,Birke,Senior Staff
47280,Maria,Rissanen,Engineer
47281,Vugranam,Keustermans,Senior Staff
47282,Mihalis,Herath,Senior Engineer
47286,Yinlin,Kamble,Senior Staff
47287,Charmane,Reinhart,Engineer
47288,Nishit,Ratnaker,Senior Staff
47293,Unal,Beidas,Senior Engineer
47294,Mihalis,Zallocco,Staff
47299,Dmitri,Wixon,Senior Engineer
47300,Halsur,Asmuth,Senior Staff
47306,Florian,Pelc,Engineer
47311,Saeko,Baik,Senior Staff
47321,Leucio,Carrera,Senior Engineer
47324,Alair,Nergos,Senior Engineer
47325,Jaewoo,Beeson,Senior Staff
47330,Jenwei,Esposito,Senior Staff
47332,Yahiko,Marzano,Engineer
47338,Vishu,Ouhyoung,Engineer
47340,Jaber,Pokrovskii,Senior Engineer
47342,Shichao,Stiles,Senior Staff
47347,Ayakannu,Limongiello,Staff
47352,Manohar,Stavenow,Senior Engineer
47353,Kendra,Welham,Staff
47354,Uinam,Prochazka,Technique Leader
47355,Valdiodio,Grospietsch,Staff
47358,Tommaso,Lieberherr,Senior Engineer
47361,Leif,Jakobus,Senior Engineer
47364,Anneli,Ritzmann,Staff
47374,Yonghong,Kaiserswerth,Senior Staff
47376,Mats,Rouquie,Technique Leader
47377,Aimee,Danecki,Staff
47379,Rance,Tchuente,Senior Staff
47383,Amabile,Melichar,Senior Staff
47391,Jeanna,Vecchi,Staff
47397,Ymte,Wuwongse,Engineer
47401,Arco,Thisen,Technique Leader
47403,Mohit,Menhoudj,Staff
47407,Paraskevi,Siksek,Senior Engineer
47409,Kazuhira,Buchter,Senior Engineer
47414,Youjian,Ratnakar,Senior Engineer
47422,Djelloul,Luff,Senior Staff
47423,Vasiliy,Thorensen,Senior Engineer
47428,Patricia,Zockler,Engineer
47434,Bouchung,Sanella,Senior Engineer
47436,Aria,Biran,Senior Engineer
47438,Dayanand,Mandell,Staff
47439,Inderjeet,Langford,Senior Staff
47440,Martijn,Panwar,Staff
47445,Masami,Kropp,Senior Engineer
47446,Werner,Matzke,Senior Engineer
47447,Matk,Kuszyk,Staff
47448,Falguni,Gewali,Technique Leader
47451,Tse,Klassen,Staff
47456,Tristan,Katzenelson,Senior Staff
47457,Isaac,Conta,Senior Staff
47458,Jianhao,Baez,Senior Staff
47462,Beshir,Sooriamurthi,Senior Staff
47464,Kamran,Chachaty,Engineer
47466,Mayuri,Biron,Senior Engineer
47468,Yakichi,Conia,Staff
47469,Ugo,Sluis,Senior Engineer
47470,Toong,Deville,Senior Staff
47471,Shuji,Holburn,Technique Leader
47480,Shahid,Oaver,Technique Leader
47488,Sumant,Delgrange,Engineer
47491,Gal,Haumacher,Engineer
47497,Uzi,Biran,Engineer
47500,Sachem,Leonhardt,Technique Leader
47501,Morrie,Schreiter,Engineer
47505,Tiina,Hockney,Senior Staff
47516,Ronnie,Assaf,Senior Staff
47518,Yoshimitsu,Schicker,Staff
47523,Marin,Cooke,Staff
47531,Sverrir,Kropatsch,Engineer
47532,Achilleas,Birge,Technique Leader
47537,Limsoon,Hinsberger,Staff
47546,Phuoc,Fairtlough,Senior Staff
47548,Isaac,Fortenbacher,Technique Leader
47553,Falguni,Zallocco,Engineer
47554,Kinh,Dechter,Engineer
47557,Vishwani,Leslie,Engineer
47567,Marc,Pouyioutas,Senior Staff
47568,Jaewoo,Lagarias,Senior Engineer
47575,Shalesh,Osgood,Senior Staff
47581,Jagoda,Copas,Senior Staff
47586,Goncalo,Rothe,Senior Engineer
47587,Shimshon,Lalonde,Engineer
47592,Toshimi,Usdin,Senior Engineer
47593,Christfried,Awdeh,Senior Staff
47597,Yurii,Muntz,Senior Staff
47604,Mostafa,Flowers,Senior Engineer
47606,Howell,Versino,Senior Engineer
47607,Roded,Kilgour,Engineer
47609,Nikolaos,Massonet,Senior Engineer
47611,Eldridge,Fandrianto,Senior Engineer
47616,Shichao,Kulisch,Staff
47617,Jolita,Schwartzbauer,Engineer
47622,Zijian,Chandrasekhar,Senior Engineer
47625,Chinhyun,Chappelet,Senior Engineer
47626,Wilmer,Bouloucos,Senior Engineer
47627,Alejandra,Harbusch,Senior Staff
47630,Tooru,Walstra,Senior Engineer
47631,Piyush,Peyn,Senior Staff
47634,Richard,Gihr,Senior Staff
47635,Sasan,Sommen,Staff
47637,Sariel,Schlegelmilch,Senior Staff
47640,Persi,Barreiro,Engineer
47644,Rajmohan,Zlotek,Senior Staff
47650,Giri,Lindqvist,Staff
47651,Shigeu,Haraldson,Senior Engineer
47655,Edwin,Munos,Staff
47657,Ayonca,Vigier,Staff
47661,Godehard,Pocchiola,Senior Engineer
47665,Ger,Hennings,Senior Staff
47669,Yuqun,Broomell,Senior Engineer
47670,Marek,Unni,Engineer
47671,Sumant,Rosaz,Technique Leader
47683,Jenwei,Lund,Staff
47688,Ashish,Pettis,Assistant Engineer
47690,Khue,Mayerwieser,Senior Staff
47692,Xuejia,Farrag,Senior Engineer
47698,Changho,Gammage,Staff
47706,Khun,Kobara,Technique Leader
47710,Hsiangchu,Rebaine,Assistant Engineer
47713,Dante,Ghazalie,Staff
47715,Lalit,Jervis,Senior Engineer
47716,Bojan,Cesareni,Senior Engineer
47720,Renny,Eugenio,Senior Staff
47723,Jianhui,Picco,Engineer
47726,Huei,Bahr,Senior Staff
47729,Xiaoqiang,Keustermans,Staff
47735,Atilio,Krichel,Senior Staff
47736,Emran,Heping,Engineer
47737,Kensei,Speek,Senior Engineer
47739,Moon,Piveteau,Engineer
47740,Tamiya,Linares,Staff
47746,Elzbieta,Budinsky,Senior Staff
47757,Katsuyuki,Mansanne,Senior Engineer
47759,Hatsukazu,Yetto,Senior Staff
47763,Yagil,Basart,Staff
47764,Nadjib,Demri,Senior Staff
47765,Mayumi,Sevcikova,Senior Staff
47766,Gunilla,Simmel,Senior Staff
47770,Conrado,Sridhar,Senior Staff
47772,Eishiro,Falco,Senior Staff
47774,Venkatesan,Bael,Senior Engineer
47775,Florian,Kobuchi,Senior Staff
47776,Richard,Bojadziev,Senior Staff
47777,Arunachalam,Zaumen,Senior Engineer
47778,Lucien,Benzaken,Staff
47779,Bedrich,Cooman,Senior Engineer
47785,Eldridge,Blokdijk,Senior Engineer
47790,Uma,Bisiani,Technique Leader
47791,Leucio,Frijda,Senior Staff
47793,Olivera,Broomell,Senior Engineer
47794,Jordanka,Zastre,Engineer
47796,Jungsoon,Bottner,Staff
47797,Khoa,Levasseur,Senior Staff
47798,Mohammad,Zhang,Engineer
47804,Tadahiko,Erie,Senior Staff
47809,Shigehito,Maccarone,Senior Engineer
47812,Jeane,Basart,Senior Engineer
47813,Shigeichiro,Penz,Senior Engineer
47814,Boguslaw,Polajnar,Senior Staff
47816,Raimond,Serre,Technique Leader
47818,Yakkov,Setiz,Engineer
47821,Raimond,Mitina,Senior Engineer
47822,Roddy,Standera,Engineer
47824,Rance,Swen,Senior Engineer
47825,Yakichi,Chelton,Senior Staff
47829,Nahid,Vanwelkenhuysen,Senior Engineer
47830,Eben,Erni,Senior Engineer
47832,Chriss,Zaccaria,Senior Engineer
47840,Sugwoo,Syrotiuk,Senior Staff
47841,Aria,Benveniste,Staff
47846,Hongzue,Bazzichi,Senior Engineer
47847,Renny,Rusmann,Senior Staff
47849,Gao,Munke,Assistant Engineer
47852,Anyuan,Basart,Senior Engineer
47859,Elzbieta,Peres,Senior Staff
47862,Yefim,Kroll,Engineer
47866,Khaled,Gimarc,Staff
47868,Chinho,Vesel,Staff
47872,Toshimo,Attimonelli,Senior Staff
47873,Divier,Kropf,Senior Staff
47876,Shigeaki,Orlowska,Senior Staff
47878,Rasiah,Underwood,Staff
47882,Zsolt,Solovay,Senior Staff
47894,Jaideep,Horswill,Senior Engineer
47899,Arra,Baig,Staff
47905,Subhada,Vieth,Engineer
47906,Uma,Pulkowski,Staff
47912,Shounak,Ebeling,Senior Engineer
47920,Zissis,Camurati,Senior Engineer
47925,Angel,Kamble,Senior Staff
47928,Zhensheng,Zweizig,Senior Engineer
47929,Vitaly,Sifakis,Engineer
47930,Apostol,Coors,Senior Engineer
47932,King,Ruther,Senior Staff
47943,Martins,Puppo,Senior Staff
47947,DAIDA,Keirsey,Senior Engineer
47948,Kwan,Vernadat,Engineer
47952,Fumitaka,Motley,Staff
47955,Bernd,Remmele,Senior Engineer
47958,Jaques,Tibblin,Senior Engineer
47960,Denis,Roccetti,Engineer
47964,Ramachenga,Range,Senior Staff
47965,Kotesh,Remmers,Senior Staff
47969,Tuval,Rosis,Senior Staff
47970,Hinrich,Joslin,Senior Staff
47980,Christoper,Bael,Senior Staff
47981,Barna,Peng,Engineer
47988,Mohan,Frezza,Senior Staff
47994,Zhanqiu,Zobel,Senior Engineer
47996,Hirochika,Itschner,Senior Staff
47997,Babette,Botman,Senior Engineer
47998,Rance,Karner,Senior Staff
47999,Weidon,Leslie,Engineer
48008,Goncalo,Gulak,Senior Staff
48009,Golgen,Alblas,Senior Staff
48019,Guenter,Avouris,Engineer
48020,Nobuyoshi,Strandh,Senior Engineer
48023,Xinyu,Kaminger,Senior Staff
48026,Yannik,Silva,Senior Engineer
48027,Snehasis,Servieres,Senior Staff
48028,Steve,Bach,Senior Engineer
48031,Bezalel,Klassen,Senior Engineer
48034,Odinaldo,Cronau,Senior Engineer
48039,Lakshmi,Fortenbacher,Senior Staff
48043,Visit,Murtafg,Senior Engineer
48044,Zhonghui,Luga,Senior Staff
48050,Tianruo,Chandrasekhar,Senior Engineer
48058,Duke,Peltason,Senior Engineer
48063,Rafael,Ouhyoung,Senior Staff
48066,Mats,Passafiume,Senior Engineer
48068,Werner,Georgakopoulos,Engineer
48069,Hongzue,Kandlur,Senior Staff
48071,Rafail,Dulay,Senior Staff
48072,Tomoyuki,Chappelet,Senior Staff
48073,Jamaludin,Uhrig,Technique Leader
48077,Adly,Engberts,Senior Staff
48080,Florina,Coorg,Senior Engineer
48081,Werner,Speel,Senior Staff
48092,Shuichi,Furudate,Senior Staff
48098,Miyeon,Rettelbach,Senior Staff
48099,Miomir,Chvatal,Senior Staff
48108,Shaowei,Cairo,Engineer
48110,Jessie,Baar,Senior Staff
48116,Jianhao,Suomi,Senior Engineer
48117,Yolla,Heemskerk,Senior Staff
48120,Collette,Strooper,Staff
48121,Youpyo,Hutter,Technique Leader
48122,Hatsukazu,Isaac,Senior Engineer
48123,Zhaofang,Eterovic,Senior Engineer
48127,Barna,Thisen,Senior Engineer
48129,Froduald,Standera,Senior Engineer
48131,Arne,Bharadwaj,Senior Staff
48138,Richard,Merli,Staff
48139,Perry,Bultermann,Senior Staff
48142,Juichirou,Peac,Staff
48144,Oscar,Rubsam,Senior Staff
48149,Sivanarayana,Nergos,Senior Staff
48150,Anyuan,Sundgren,Engineer
48154,Baocai,Baba,Senior Staff
48157,Fumitaka,Ligten,Senior Engineer
48161,Khalid,Gustavson,Senior Engineer
48165,Chuanti,Budinsky,Senior Staff
48167,Sreekrishna,Junot,Staff
48171,Odinaldo,Ashish,Senior Engineer
48173,Ziya,Cooley,Senior Staff
48176,Hauke,Templeman,Staff
48177,Xudong,Chinal,Senior Engineer
48179,Shahab,Lichtner,Senior Engineer
48181,Jongsuk,Montemayor,Senior Staff
48183,Gil,Minakawa,Staff
48185,Adel,Pusterhofer,Technique Leader
48191,Rajmohan,Luders,Staff
48192,Eldridge,Soicher,Senior Engineer
48201,Leen,Valtorta,Senior Engineer
48202,Changho,Herbst,Senior Engineer
48204,Boaz,Tramer,Senior Staff
48205,Xiahua,Ernst,Engineer
48206,Yuriy,Azumi,Senior Staff
48215,Bartek,Msuda,Staff
48221,Willard,Gist,Senior Engineer
48222,Shaowei,Wolniewicz,Senior Staff
48223,Sailaja,Bain,Senior Engineer
48228,Fusako,Tagansky,Senior Engineer
48232,Herb,Skogmar,Senior Engineer
48233,Ugo,Simmel,Staff
48235,Otmar,Herbst,Staff
48238,Mototsugu,Ladret,Senior Staff
48240,Mooi,Lamba,Senior Engineer
48243,Juyoung,Riesenhuber,Senior Engineer
48250,Collette,Bouloucos,Engineer
48251,Ohad,DiGiano,Senior Engineer
48253,Babette,Muniz,Senior Staff
48254,Chenyi,Gomatam,Senior Engineer
48261,Bodh,Hopewell,Senior Staff
48262,Tiina,Usdin,Senior Staff
48266,Margareta,Cooman,Engineer
48267,Serenella,Validov,Senior Engineer
48268,Kazuhisa,Hutton,Senior Staff
48270,Guadalupe,Lorys,Senior Staff
48272,Yucai,Tanemo,Engineer
48276,Val,Chinen,Senior Engineer
48277,Rosella,Ramras,Senior Engineer
48285,Siamak,McAlpine,Technique Leader
48286,Roded,Ranum,Staff
48314,Mang,Chiodo,Senior Engineer
48318,Stella,Piveteau,Engineer
48320,Mitsuyuki,Salvesen,Engineer
48323,Jacopo,Swist,Senior Staff
48325,Anneke,Rajaraman,Senior Staff
48327,Udaiprakash,Fandrianto,Engineer
48331,Jiafu,Masaki,Senior Staff
48332,Hailing,Kleiser,Senior Engineer
48337,Martine,Fontet,Senior Engineer
48340,Luisa,Pezzoli,Senior Engineer
48343,Sungwon,Lung,Technique Leader
48351,Jeane,Stassinopoulos,Engineer
48362,Zvonko,Jording,Senior Engineer
48363,Thodoros,Azumi,Senior Staff
48366,Lucien,Moffat,Technique Leader
48367,Jacqueline,Ranai,Senior Staff
48368,Xuejia,Suessmith,Senior Staff
48370,Khatoun,Pellegrinelli,Engineer
48371,Valery,Krupka,Senior Staff
48374,Aruna,Sewelson,Senior Staff
48375,Jaques,Aloia,Senior Engineer
48376,Sreenivas,Wixon,Senior Engineer
48377,Ziya,Porenta,Senior Staff
48379,Yuichiro,Boudaillier,Engineer
48381,Rajmohan,Kampfer,Senior Staff
48383,Tooru,Brattka,Senior Engineer
48386,Christ,Pesch,Senior Engineer
48387,Conor,Krybus,Senior Engineer
48388,Fun,Zedlitz,Senior Staff
48393,Kristina,Flasterstein,Engineer
48396,Shounak,Jansen,Senior Staff
48400,Seongbae,Dayana,Staff
48401,Maris,Emmart,Staff
48403,Hongzue,Krider,Senior Staff
48405,Mona,Gustavson,Senior Engineer
48406,Mohua,Scallan,Senior Staff
48407,Theirry,Gischer,Senior Engineer
48408,Tzu,Madeira,Senior Staff
48412,Aimee,Melski,Senior Staff
48413,Sandeepan,Huhdanpaa,Senior Staff
48420,Hatem,Gurbaxani,Senior Engineer
48423,Szabolcs,Famili,Senior Engineer
48425,Junsik,Bierman,Senior Engineer
48426,Amstein,Conte,Senior Staff
48436,Yakkov,Lanteri,Staff
48439,Fatemeh,Ressouche,Senior Engineer
48443,Jaroslava,Nyanchama,Senior Staff
48444,Jeanne,Heuter,Engineer
48446,Parke,Kossowski,Senior Staff
48448,Ibibia,Makrucki,Staff
48452,Shih,Schahn,Senior Engineer
48465,Shuji,Renear,Senior Staff
48469,Woody,Laventhal,Senior Engineer
48472,Younwoo,Ratnaker,Technique Leader
48475,Nahid,Theuretzbacher,Senior Engineer
48484,Xiaocheng,Bouloucos,Staff
48488,Mong,Feldmann,Senior Engineer
48499,Yechiam,Renear,Senior Engineer
48500,Yonghong,Perry,Technique Leader
48502,Woody,Crouzet,Engineer
48503,Pranas,Gammage,Engineer
48504,Marco,Thiran,Senior Staff
48507,Oscal,Luiz,Senior Staff
48511,Nikolaos,Fontan,Senior Engineer
48514,Dinah,Sadowsky,Technique Leader
48519,Honglan,Schahn,Senior Engineer
48521,Yurij,Tzvieli,Senior Engineer
48524,Danae,Wursthorn,Engineer
48525,Heeju,Eastman,Senior Engineer
48528,Erzsebet,Billawala,Senior Staff
48533,Mohammed,Uhrig,Senior Engineer
48534,Mountaz,Bultermann,Senior Staff
48535,Uli,Erdi,Senior Engineer
48537,Kwun,Erman,Senior Engineer
48539,Xiaoheng,Iisaku,Senior Staff
48542,Kazuhide,Zeilberger,Assistant Engineer
48546,Yongmin,Koblick,Staff
48557,Halsur,Picht,Senior Staff
48562,Tokuyasu,Cmelik,Senior Staff
48563,Alejandro,Candan,Senior Staff
48564,Naftali,Larfeldt,Engineer
48567,Akeno,Lubachevsky,Staff
48568,Subir,Remmele,Senior Staff
48574,Kien,Stasinski,Senior Staff
48576,Perla,Granlund,Senior Engineer
48577,Peternela,Piazza,Senior Staff
48578,Ymte,Luiz,Senior Engineer
48591,Kamran,Rahier,Senior Engineer
48594,Atilio,Matzel,Senior Engineer
48598,Janalee,Felcyn,Engineer
48602,Seongbae,Matheson,Senior Engineer
48604,Martins,Potthoff,Senior Engineer
48609,Richard,Castellani,Senior Staff
48619,Sajjad,Speek,Senior Engineer
48620,Xiaopeng,Varley,Senior Staff
48621,Mircea,Reghbati,Senior Staff
48626,Jianwen,Munro,Senior Engineer
48629,Shigeichiro,Gopalakrishnan,Senior Staff
48630,Pramod,Yurek,Senior Staff
48632,Mingsen,Butterworth,Senior Engineer
48636,Muneo,Radhakrishnan,Staff
48637,Shiv,Jording,Senior Staff
48641,Toney,Murtagh,Senior Staff
48645,Hisao,Pezzoli,Senior Staff
48646,Owen,Luby,Senior Staff
48648,Billur,Munck,Senior Engineer
48649,Menkae,Kakkad,Technique Leader
48651,Vitaly,McClurg,Senior Staff
48657,Uma,Impagliazzo,Senior Engineer
48658,Ravishankar,Lally,Engineer
48659,Rosalyn,Lortz,Engineer
48669,Junichi,Speer,Senior Engineer
48671,Leon,Mansanne,Senior Engineer
48672,Mantis,Servi,Senior Staff
48673,Margareta,Rosiles,Engineer
48675,Cheong,Kossowski,Senior Staff
48676,Teruyuki,Zallocco,Senior Staff
48677,Eran,Kushnir,Staff
48682,Karoline,Sessa,Staff
48683,Peer,Garnham,Senior Staff
48685,Lidong,Kusakabe,Technique Leader
48688,Inderjeet,Byoun,Staff
48693,Quingbo,Erev,Senior Staff
48694,Cedric,Buchter,Senior Staff
48696,Irena,Giarratana,Senior Staff
48698,Rildo,Snedden,Senior Engineer
48700,Dharmaraja,Herath,Technique Leader
48701,Adly,Msuda,Senior Staff
48703,Toshiko,Zykh,Staff
48710,Odysseas,Cromarty,Senior Engineer
48711,Khosrow,Schmittgen,Senior Engineer
48719,Abdelwaheb,Zumaque,Senior Engineer
48722,Soenke,Peris,Staff
48726,Amstein,Isaac,Assistant Engineer
48727,Bluma,Kalloufi,Engineer
48729,Kristine,Dulli,Engineer
48731,Aleksandar,Lienhardt,Senior Staff
48734,Akemi,Lammel,Senior Staff
48735,Lijie,Serna,Senior Engineer
48736,Feixiong,Cunliffe,Senior Engineer
48741,Marke,Maccarone,Senior Engineer
48742,Genta,Hammerschmidt,Staff
48745,Martijn,Sommer,Staff
48746,Masali,Passafiume,Senior Staff
48751,Takanari,Luit,Senior Staff
48755,Weidon,Rissland,Senior Engineer
48757,Stella,Gecseg,Senior Staff
48765,Akhilish,Rodham,Senior Engineer
48766,Martien,Ernst,Senior Staff
48772,Sanjai,Hoogerwoord,Engineer
48775,Ranga,Pillow,Senior Staff
48780,Uwe,Assaf,Senior Engineer
48785,Zhenhua,Pappas,Technique Leader
48787,Adin,Busillo,Senior Engineer
48791,Kinh,Covnot,Senior Engineer
48793,Gio,Koblick,Senior Engineer
48797,Nahum,Remmers,Engineer
48799,Frederique,Giarratana,Senior Engineer
48803,Yuuichi,Bhattacharjee,Senior Engineer
48804,Yonghong,Barbanera,Staff
48808,Kayoko,Erdmenger,Senior Engineer
48809,Masami,Farrow,Engineer
48811,Subhada,Zlotek,Engineer
48813,Sanjeeva,Schiper,Engineer
48816,Moty,Stanger,Senior Staff
48818,Monique,Welham,Staff
48824,Mohammed,Geffroy,Senior Engineer
48831,Leen,Brodie,Senior Staff
48832,Kitty,Clouatre,Technique Leader
48834,Felicidad,Ferriere,Senior Staff
48836,Barry,Katiyar,Senior Staff
48838,Gay,Meszaros,Senior Staff
48839,Masasuke,Gladwell,Senior Engineer
48840,Gay,Alpay,Engineer
48841,Krisda,Busillo,Engineer
48847,Pramod,Hoogerwoord,Senior Engineer
48850,Jianwen,Ramaiah,Engineer
48854,Shirish,Tramer,Senior Staff
48860,Otmar,Polajnar,Senior Engineer
48862,Kersti,Farrag,Senior Staff
48863,Odinaldo,Linnainmaa,Senior Staff
48871,Jongsuk,Bahi,Senior Staff
48877,Pasqua,Matzke,Staff
48878,Vishv,Cincotta,Senior Engineer
48881,Jianwen,Ghalwash,Senior Engineer
48883,Vitali,Servi,Senior Staff
48886,Henk,Klerer,Technique Leader
48893,Zdislav,Szilard,Staff
48902,Tamiya,Ramamoorthy,Senior Engineer
48905,Vishwani,Schoegge,Staff
48909,Ghassan,Albarhamtoshy,Senior Staff
48910,Zhongwei,DuBourdieux,Senior Engineer
48915,Qiwen,Gerteisen,Senior Staff
48917,Rosalyn,Vernadat,Senior Engineer
48926,Kazuhiko,Schrift,Staff
48928,Shai,Atchley,Senior Staff
48929,Chrisa,Puoti,Staff
48935,Doohun,Bugaenko,Engineer
48941,Piyush,Impagliazzo,Senior Staff
48946,Marsja,Shobatake,Senior Staff
48948,Boaz,Armand,Engineer
48950,Chenyi,Ozeri,Staff
48951,Pranav,Doering,Senior Staff
48952,Chenxi,Peris,Senior Engineer
48955,Masasuke,Onuegbe,Senior Staff
48958,Adamantios,Smeets,Technique Leader
48970,Kazuhito,Collette,Senior Staff
48971,Turgut,Luan,Engineer
48974,Uzi,Petersohn,Senior Engineer
48977,Christoper,Nollmann,Engineer
48980,Zhongwei,Bamford,Senior Staff
48981,Kenroku,Sidje,Engineer
48982,Bojan,Chelton,Senior Engineer
48984,Ebru,Cronan,Senior Staff
48985,Divine,Ozeki,Senior Engineer
48988,Claudi,Famili,Senior Engineer
48995,Parviz,Gist,Technique Leader
48996,Navin,Gelosh,Technique Leader
48999,Boriana,Neimat,Senior Engineer
49002,Indrajit,Verspoor,Senior Engineer
49003,Odoardo,Laventhal,Senior Staff
49007,Hiroyasu,Aamodt,Senior Staff
49008,Remco,Katiyar,Staff
49014,Ebru,Bernatsky,Senior Staff
49015,Sachin,Munro,Senior Engineer
49016,Dhritiman,Staylopatis,Engineer
49019,Rosita,Perry,Engineer
49028,Peer,Zweizig,Senior Engineer
49029,Angel,DiGiano,Staff
49030,Monique,Thombley,Senior Engineer
49034,Jasminko,Suwa,Assistant Engineer
49035,IEEE,Fendler,Engineer
49036,Duke,Blokdijk,Staff
49041,Jixiang,Sifakis,Senior Engineer
49043,Georg,Demizu,Senior Engineer
49047,Dannz,Pargaonkar,Technique Leader
49052,Kerhong,Decleir,Senior Engineer
49053,Gila,Plumb,Senior Engineer
49056,Gao,Detkin,Senior Engineer
49062,Hailing,Zumaque,Senior Engineer
49069,Kasturi,Facello,Engineer
49073,Luise,Kavvadias,Senior Engineer
49075,Ravishankar,Orlowska,Senior Engineer
49076,Urs,Bahr,Engineer
49077,Kasturi,Siprelle,Senior Staff
49086,Kish,Macedo,Senior Engineer
49087,Yifei,Cools,Senior Engineer
49091,Mabry,Papadias,Senior Engineer
49096,Christoper,Picel,Senior Staff
49099,Conrado,Fendler,Senior Staff
49105,Otmar,Biros,Engineer
49106,Krassimir,Lorin,Engineer
49115,Xinan,Engelmann,Senior Staff
49116,Bader,Merle,Senior Engineer
49122,Toong,Yetto,Senior Engineer
49124,Remmert,Clemencon,Senior Staff
49126,Vugranam,Erbe,Senior Staff
49128,Sarita,Kuzuoka,Senior Staff
49130,Pohua,Bage,Senior Engineer
49133,Shridhar,Vigier,Staff
49138,Zhonghua,Nourani,Senior Engineer
49149,Salvador,Schusler,Staff
49150,Brendon,Botman,Senior Engineer
49153,Godehard,Zolotykh,Senior Engineer
49157,Lucien,Shumilov,Senior Staff
49167,Marl,Farris,Senior Staff
49168,Shietung,Tasistro,Engineer
49174,Giri,Pollock,Senior Staff
49176,Jixiang,Kaiser,Senior Engineer
49181,Jacopo,Collavizza,Senior Staff
49182,Mingzeng,Petereit,Senior Engineer
49183,Howell,Ranka,Engineer
49190,Indrajit,Stifter,Senior Staff
49194,Nigel,Plesums,Staff
49199,Boriana,Ullian,Senior Engineer
49202,Zhaofang,Chiola,Senior Staff
49204,Dmitry,Ariola,Senior Engineer
49210,Xiaopeng,Grabner,Engineer
49211,Satosi,Perko,Staff
49212,Bodo,Hertweck,Senior Engineer
49213,Otilia,Snedden,Senior Engineer
49221,Toshimitsu,Nyrup,Senior Engineer
49224,Shrikanth,Swist,Senior Staff
49226,Lech,Carrere,Senior Engineer
49227,Anestis,Clouatre,Senior Staff
49235,Heather,Shiratori,Senior Engineer
49236,Feiyu,Grandbois,Senior Engineer
49242,Hongzue,Erman,Engineer
49244,Alexius,Trelles,Senior Staff
49248,Aamer,Danecki,Senior Engineer
49249,Jeong,Bugaenko,Senior Staff
49251,Barry,Shimshoni,Senior Engineer
49253,Nidapan,Flasterstein,Engineer
49261,Yuuichi,Kalafatis,Senior Staff
49262,Willard,Fairtlough,Senior Staff
49264,Hsiangchu,Landherr,Senior Engineer
49266,Valeri,Portugali,Engineer
49269,Steve,Seuren,Staff
49275,Xiping,Kroha,Senior Staff
49278,Ortrud,Nitsche,Senior Engineer
49279,Jovan,Docker,Senior Staff
49280,Tse,Oxman,Senior Engineer
49287,Fumitaka,Zweizig,Senior Engineer
49291,Leucio,Stasinski,Senior Engineer
49292,Nitsan,Munck,Engineer
49294,Mads,Peltason,Senior Staff
49298,Mohit,Babb,Engineer
49299,Gou,Erva,Engineer
49300,Xumin,Winter,Technique Leader
49301,Kien,Schnabel,Senior Engineer
49306,Tuval,Iwayama,Senior Engineer
49308,Babette,Speek,Technique Leader
49310,Yechiam,Assaf,Senior Staff
49314,Marjo,Mamelak,Staff
49315,Debaprosad,Gihr,Senior Staff
49317,Nitsan,Waymire,Senior Engineer
49320,Zhigen,Ratnakar,Senior Engineer
49322,Otmar,Shigei,Senior Engineer
49324,Leandro,Unni,Senior Staff
49330,Rosine,Jeansoulin,Staff
49335,Gunilla,Breugel,Senior Staff
49337,Moti,Beausoleil,Engineer
49339,Odoardo,Crabtree,Senior Staff
49340,Rosella,Egerstedt,Senior Engineer
49342,Xumin,Mungall,Senior Staff
49343,Moni,Rosch,Senior Staff
49346,Jacopo,Nyanchama,Assistant Engineer
49348,Dinkar,Sullins,Senior Engineer
49350,Marl,Schach,Assistant Engineer
49351,Pranas,Babb,Senior Staff
49353,Kristin,Lorys,Senior Engineer
49354,Divine,Heinisuo,Senior Staff
49355,Rayond,Schahn,Engineer
49361,Jianwen,Kornatzky,Senior Staff
49365,Richara,Bottner,Senior Engineer
49368,Vishu,Erev,Senior Staff
49379,Mahmut,Masand,Senior Staff
49382,Bikash,Kalefeld,Senior Staff
49383,Ipke,Krone,Senior Engineer
49385,Vesna,Egerstedt,Senior Engineer
49387,Ioana,Michaeli,Senior Staff
49390,Sreekrishna,Kakkad,Assistant Engineer
49391,Ziva,Lorin,Senior Engineer
49392,Nadjib,Chenoweth,Senior Engineer
49394,Jouni,Buescher,Senior Engineer
49396,Cathie,Magliocco,Senior Engineer
49399,Ranan,Gargeya,Staff
49404,Along,Heering,Engineer
49412,Steen,Litzkow,Senior Staff
49413,Rance,Heinisuo,Staff
49414,Danae,Steinauer,Senior Staff
49422,Lillian,Wolniewicz,Staff
49423,Aleksandar,Stiles,Engineer
49424,Shaz,Peres,Senior Staff
49428,Sashi,Schueller,Staff
49430,Nathan,Erez,Senior Engineer
49432,Zongyan,Diderrich,Senior Engineer
49433,Shounak,Varman,Engineer
49434,Adin,Koblitz,Senior Engineer
49436,Chanjung,Nitsche,Senior Engineer
49437,Ramalingam,Anguita,Senior Staff
49438,IEEE,Krichel,Technique Leader
49445,Yechezkel,Schapiro,Staff
49449,Tsutomu,Sifakis,Senior Engineer
49457,Vidya,Speek,Senior Staff
49461,Oscar,Sudkamp,Senior Engineer
49462,Insup,DasSarma,Senior Staff
49465,Chenyi,Schusler,Senior Staff
49467,Neelam,Clouatre,Senior Engineer
49479,Uno,Kalorkoti,Staff
49480,Zeljko,Portugali,Senior Staff
49484,Moni,Ginesta,Staff
49490,Macha,Ravishankar,Technique Leader
49492,Adam,Sanella,Senior Staff
49496,Jaewoo,Butner,Senior Staff
49500,Sadun,Mitchem,Senior Staff
49501,Yonghong,Schmezko,Senior Engineer
49509,Roselyn,Samarati,Engineer
49510,Krister,Biros,Senior Engineer
49513,Vishv,McFarlin,Senior Staff
49515,Feipei,Schmiedel,Senior Staff
49521,Conor,Sidje,Senior Engineer
49524,Saniya,Brender,Staff
49526,Ger,Gips,Senior Engineer
49527,Nigel,Coors,Senior Engineer
49530,Chuanyi,Soloway,Senior Engineer
49532,Bodh,Ghazalie,Senior Staff
49534,Nidapan,Simkin,Senior Staff
49537,Minghong,Dulli,Senior Engineer
49538,Kish,Reistad,Engineer
49541,Shahar,Baby,Staff
49545,Sadun,Snyers,Technique Leader
49550,Qiwen,McConalogue,Staff
49551,Dipankar,Ponthieu,Engineer
49555,Danae,Docker,Senior Engineer
49556,Divine,Hofman,Senior Engineer
49558,Marko,Rusterholz,Engineer
49560,Adam,McDermid,Senior Staff
49562,Huican,Cherinka,Senior Engineer
49565,Radhika,Spell,Senior Engineer
49566,Theirry,Compeau,Senior Engineer
49570,Berry,Henseler,Senior Staff
49572,Achilleas,Sommen,Engineer
49574,Pradeep,Montresor,Engineer
49583,Gretta,Dusink,Senior Engineer
49586,Wonhee,DeMori,Technique Leader
49587,Yonghoan,Strehl,Senior Staff
49588,Caolyn,Hennings,Senior Staff
49594,Morris,Eiron,Senior Engineer
49597,Sanjoy,Yeung,Assistant Engineer
49599,Pradeep,Gente,Senior Staff
49601,Lene,Peek,Engineer
49610,Jixiang,Beeson,Staff
49617,Mahmut,Domenig,Senior Staff
49619,Fumiyo,Cools,Senior Engineer
49622,Bingning,Dalphin,Senior Engineer
49624,Falguni,Mitsuhashi,Engineer
49625,Shem,Greibach,Senior Staff
49637,Bartek,Redmiles,Assistant Engineer
49642,Dulce,Trogemann,Engineer
49644,Navid,Glowinski,Senior Engineer
49646,Fuqing,Sessa,Senior Engineer
49656,Tetsurou,Hutton,Staff
49659,Fatemeh,Sudbeck,Senior Staff
49660,Oscar,Chinin,Senior Staff
49667,Sakthirel,Pashtan,Senior Staff
49668,Xuedong,Braunschweig,Staff
49674,Yinlin,Haumacher,Senior Engineer
49675,Uri,Tchuente,Senior Staff
49678,Guoxiang,Mansanne,Senior Staff
49679,Alassane,Perz,Technique Leader
49680,Marin,Isaak,Senior Staff
49682,Toshimori,Murtha,Senior Staff
49685,Qiwen,Rosay,Senior Staff
49687,Hirochika,Katiyar,Staff
49696,Sandeepan,Bondorf,Senior Staff
49697,Jovan,Zongker,Senior Staff
49699,Lidong,Dulli,Senior Engineer
49707,Tetsushi,Rindone,Engineer
49708,Nagui,Jansch,Engineer
49709,Indrajit,Roisin,Senior Staff
49710,Goetz,Herber,Engineer
49714,Kirk,Garrabrants,Staff
49715,Shunichi,Lieblein,Technique Leader
49723,Aloys,Lammel,Engineer
49732,Kellyn,Famili,Engineer
49733,Neelam,Magliocco,Senior Staff
49735,Sachio,Rodham,Staff
49743,Shaleah,Azuma,Engineer
49745,Vitali,Improta,Senior Staff
49747,Rosalyn,Lienhardt,Senior Engineer
49753,Barton,Domenig,Senior Engineer
49754,Kish,Crelier,Senior Staff
49756,Vugranam,Validov,Senior Engineer
49758,Radoslaw,Callaway,Senior Engineer
49762,Heeju,Uchoa,Senior Staff
49766,Anestis,Staylopatis,Staff
49768,Fusako,Nishimukai,Staff
49769,Zengping,Polupanov,Staff
49772,Navin,Cools,Senior Engineer
49774,Shigeaki,Zyda,Technique Leader
49775,Shigeichiro,Peha,Senior Engineer
49778,Janalee,Fasbender,Engineer
49786,Martijn,Bugaenko,Engineer
49787,Mingzeng,Guting,Engineer
49788,Xumin,Kaiserswerth,Senior Engineer
49792,Oddvar,Luon,Technique Leader
49795,Marsha,Vitiello,Senior Staff
49796,Edwin,Rouquie,Engineer
49798,Uzi,Potthoff,Senior Staff
49806,Barun,Camarinopoulos,Senior Staff
49807,Weijing,Openshaw,Senior Staff
49811,Toshiki,Kavanagh,Senior Staff
49813,Sigeru,Solares,Senior Engineer
49814,Randi,Chappelet,Staff
49815,Demos,Pulkowski,Staff
49817,Gor,Taneja,Senior Engineer
49820,Christoph,Besancenot,Senior Staff
49824,Shigenori,Benaini,Engineer
49825,Zeljko,Matheson,Senior Engineer
49826,Chanjung,Milicia,Engineer
49827,Kazuhide,Barinka,Senior Engineer
49828,Jianwen,Gerteisen,Engineer
49829,Behnaam,Ghandeharizadeh,Senior Staff
49835,Josyula,Imataki,Engineer
49842,Gaurav,Akiyama,Staff
49848,Miomir,Geffroy,Senior Staff
49850,Pantung,Vitiello,Senior Staff
49857,Palash,Bratten,Senior Engineer
49860,Pintsang,Rosin,Senior Engineer
49861,Rosalyn,Zykh,Senior Staff
49862,Debatosh,Tzvieli,Staff
49869,Sampalli,Etalle,Senior Staff
49880,Shin,Muntz,Engineer
49881,Dzung,Jenevein,Staff
49889,Tremaine,Schach,Senior Staff
49893,Mahendra,Verhaegen,Senior Engineer
49894,Wilmer,Barvinok,Staff
49900,Ramzi,Schonegge,Senior Staff
49902,Hairong,Hiroyama,Senior Engineer
49906,Xiaoqiu,Vieth,Senior Staff
49907,Arra,Servi,Staff
49909,Kensei,Lichtner,Technique Leader
49912,Demos,Swiss,Senior Staff
49915,Rafols,Savasere,Senior Staff
49918,Akeel,Maksimenko,Senior Engineer
49919,Mori,Brodie,Engineer
49920,Dekang,Babu,Senior Staff
49922,Heon,Shimshoni,Senior Engineer
49924,Hinrich,Swan,Senior Staff
49930,Girolamo,Conte,Senior Staff
49934,Marsja,Ramalingam,Senior Engineer
49937,Shawna,Thibadeau,Senior Engineer
49940,Anyuan,Wallrath,Senior Engineer
49942,Eric,Hartvigsen,Senior Staff
49944,Ortrud,Swick,Senior Staff
49951,Gennady,Cherinka,Senior Engineer
49954,Taizo,Scharstein,Senior Engineer
49963,Kazuhide,Baezner,Senior Engineer
49967,Sanjiv,Xiaoshan,Senior Engineer
49971,Oddvar,Mandelberg,Senior Engineer
49975,Geoff,Sudkamp,Senior Staff
49979,Weidon,Murillo,Senior Engineer
49981,Mads,Hofstetter,Senior Staff
49983,Danil,Lorch,Senior Staff
49989,Debaprosad,Lyonns,Senior Engineer
49992,Marsha,Dayana,Technique Leader
49994,Dhritiman,Ramamoorthy,Engineer
50002,Dannz,Gecsel,Senior Staff
50006,Charmane,Yeung,Senior Engineer
50012,Danel,Lammel,Senior Engineer
50016,Weicheng,Serna,Senior Staff
50019,Aloke,Neiman,Senior Engineer
50022,Gor,Sanella,Senior Engineer
50027,Hilari,Camarinopoulos,Senior Engineer
50031,Barun,Thimonier,Senior Staff
50034,Jixiang,Muhling,Senior Engineer
50037,Yannik,Seiwald,Senior Staff
50039,Gopalakrishnan,Swiler,Staff
50041,Tze,Denny,Senior Engineer
50046,Jiakeng,Lyonns,Staff
50048,Indrajit,Lindqvist,Senior Staff
50051,Masamitsu,Scharstein,Engineer
50062,Dines,Karcich,Engineer
50068,Shahar,Rodite,Senior Engineer
50069,Yechezkel,Highland,Senior Engineer
50071,Khue,Baalen,Technique Leader
50072,Vincent,Schnabel,Senior Staff
50075,Shaz,Muntz,Senior Staff
50080,Mary,Argence,Senior Staff
50083,Patricio,Waymire,Staff
50091,Shai,Bamford,Engineer
50093,Irene,Improta,Senior Engineer
50099,Saniya,Smailagic,Senior Staff
50102,Adib,Boudaillier,Engineer
50103,Randy,Verspoor,Staff
50104,Mansur,Redmiles,Engineer
50111,Angel,Rosin,Senior Staff
50115,Chanjung,Peron,Engineer
50125,Surveyors,Krybus,Staff
50126,Terresa,Brendel,Senior Staff
50130,Martina,Pashtan,Senior Engineer
50135,Clyde,Hebert,Senior Staff
50139,Genki,Mullainathan,Senior Staff
50145,Angel,Peyn,Senior Engineer
50147,Sashi,Denna,Senior Staff
50148,Dayanand,Karcich,Engineer
50149,Ibibia,Marletta,Senior Engineer
50150,Xiong,Murtafg,Staff
50152,Tru,Baek,Senior Engineer
50157,Kristof,Underwood,Senior Staff
50161,Tonia,Penz,Senior Engineer
50162,Tianruo,Iivonen,Senior Staff
50163,Arlette,Ruther,Senior Staff
50165,Ronnie,Bultermann,Senior Engineer
50168,Feipei,Erdmenger,Engineer
50182,Unal,Kossowski,Senior Staff
50190,Remko,Schusler,Staff
50191,Ult,Taubenfeld,Engineer
50198,Prasadram,Fortenbacher,Senior Engineer
50199,Yishai,Schreiter,Senior Engineer
50203,Larisa,Papsdorf,Senior Staff
50204,Mayuko,Beutelspacher,Staff
50207,Feiyu,Huxford,Senior Staff
50218,Boguslaw,Baer,Senior Staff
50220,Xiaoqiu,Kusalik,Technique Leader
50223,Candido,Marrakchi,Senior Engineer
50224,Jahangir,Lakshmanan,Senior Staff
50229,Hairong,Sadowsky,Staff
50234,Abdelkader,Felder,Senior Engineer
50236,Zhenbing,Cangellaris,Senior Engineer
50241,Gor,Melichar,Senior Engineer
50245,Urs,Pfau,Senior Engineer
50246,Masako,Gils,Senior Engineer
50251,Anoosh,Markovitch,Senior Staff
50255,Perla,Koyama,Senior Staff
50257,Shigeichiro,Pezzoli,Senior Staff
50259,Etsuo,Giaccio,Engineer
50260,Qiwen,Shigei,Staff
50262,Jacqueline,Jumpertz,Senior Engineer
50268,Danil,Borovoy,Senior Staff
50269,Harjit,Lichtman,Senior Engineer
50273,Hisao,Maierhofer,Senior Engineer
50274,Horward,Boudaillier,Senior Staff
50275,Cordelia,Ohori,Engineer
50281,Guttorm,Furudate,Engineer
50285,Utz,Bernardeschi,Senior Staff
50287,Ortrun,Mapelli,Senior Engineer
50291,Fumiko,Yurek,Staff
50294,Arto,Cronan,Senior Staff
50298,Zorica,Vuskovic,Senior Engineer
50302,Golgen,Simmel,Senior Engineer
50303,Naraig,Couchot,Engineer
50306,Masaru,Templeman,Staff
50307,Horward,Dusink,Engineer
50308,Manu,Egerstedt,Senior Staff
50309,Mostafa,Rodite,Senior Engineer
50310,Limsoon,Matzat,Senior Engineer
50318,Remco,Beerel,Senior Staff
50320,Guenter,Pietrzykowski,Senior Staff
50322,Perla,Larfeldt,Senior Engineer
50324,Geraldo,Taubenfeld,Engineer
50326,Masami,Kobara,Engineer
50336,Odoardo,Acton,Engineer
50338,Xiping,Koshino,Staff
50344,Xiping,Qiwen,Engineer
50348,Genevieve,Binkley,Senior Engineer
50351,Shahaf,Fordan,Senior Staff
50356,Guoxiang,Knightly,Senior Staff
50358,Ung,Thorensen,Technique Leader
50361,Sven,Chenoweth,Senior Staff
50362,Felicidad,Terekhov,Senior Staff
50363,Kien,Krogh,Engineer
50366,Gunilla,Asser,Staff
50367,Tsuneo,Assaf,Senior Staff
50369,Shmuel,Gils,Senior Staff
50375,Tiina,Kampfer,Staff
50377,Charlene,Lipner,Senior Engineer
50380,Gino,Schusler,Engineer
50382,Shao,Brendel,Senior Staff
50389,Zengping,Anido,Staff
50391,Amalendu,Lovengreen,Senior Staff
50393,Lunjin,Marzano,Senior Engineer
50395,Bedir,Garigliano,Engineer
50397,Akemi,Chenoweth,Senior Staff
50411,Marie,Horswill,Senior Staff
50413,Raimond,Nollmann,Senior Engineer
50414,Alois,Belinskaya,Senior Staff
50419,Vishu,Biran,Engineer
50427,Shaunak,Rindone,Senior Staff
50428,Hein,Klassen,Engineer
50431,Inderjeet,Winter,Engineer
50437,Maha,Beilner,Senior Engineer
50439,Satoru,Michaels,Staff
50441,Mahmut,Braunschweig,Senior Staff
50444,Odysseas,Terwilliger,Senior Staff
50446,Eberhardt,Denti,Senior Engineer
50447,Augustine,Alblas,Technique Leader
50448,Odoardo,Plessier,Senior Staff
50449,Jagoda,Alvarado,Senior Engineer
50452,Shuzo,McDermid,Engineer
50455,Munir,Anguita,Senior Staff
50456,Alain,Eastman,Senior Staff
50457,Zengping,Schueller,Senior Staff
50462,Shigeichiro,Aloisi,Senior Engineer
50469,Berhard,Hinsberger,Senior Staff
50471,Chikara,Hoppenstand,Senior Engineer
50474,Martins,Trystram,Senior Engineer
50475,Paris,Hennebert,Senior Engineer
50477,Hitomi,Benantar,Senior Engineer
50478,Leni,Benzmuller,Senior Staff
50479,Mitsuyuki,Ramsey,Senior Staff
50489,Gladys,Huttel,Engineer
50490,Boriana,Besselaar,Staff
50491,Garnik,Shokrollahi,Staff
50494,Thodoros,Warwick,Senior Staff
50498,Slavian,Boguraev,Assistant Engineer
50503,Elvia,Kading,Senior Staff
50505,Kellyn,Peak,Senior Staff
50509,Berto,Kroha,Senior Engineer
50512,Yolla,Shimshoni,Senior Engineer
50513,Gritta,Antonisse,Senior Engineer
50514,Anneli,Gecseg,Senior Staff
50516,Zine,Vural,Senior Engineer
50517,Weidon,Snedden,Senior Staff
50520,Petter,Isaak,Staff
50522,Hongzhu,Babu,Senior Staff
50526,Susumu,Varman,Staff
50535,Alejandra,Schieder,Staff
50536,Kiyomitsu,Morrow,Engineer
50537,Kristin,Lores,Senior Staff
50541,Zhiwei,Lienhardt,Senior Staff
50542,Neven,Siksek,Senior Staff
50543,Yahiko,Setlzner,Engineer
50547,Mayumi,Baalen,Senior Staff
50549,Hiroyasu,Vural,Senior Engineer
50553,Erzsebet,Zschoche,Senior Engineer
50555,Becky,Range,Senior Engineer
50556,Kwangho,Kuzuoka,Engineer
50558,Arup,Suomi,Engineer
50562,Danil,Litzler,Engineer
50567,Patricio,Uehara,Engineer
50575,Berhard,Marzano,Technique Leader
50576,Debatosh,Muchinsky,Senior Staff
50577,Manu,Thiran,Senior Staff
50578,Satosi,Merle,Senior Engineer
50579,Subhrajyoti,Schmezko,Engineer
50580,Shay,Giaccio,Senior Engineer
50582,Dines,DeMori,Staff
50583,Gor,Baer,Senior Engineer
50584,Yongqiao,Jenevein,Engineer
50585,Dhritiman,Setlzner,Senior Staff
50588,Ghassan,Swan,Staff
50590,Leucio,Calkin,Senior Engineer
50591,Rimli,Wixon,Staff
50594,Mohit,Gulik,Engineer
50597,Koichi,Perfilyeva,Engineer
50605,Jaihie,Crooks,Senior Staff
50607,Brendon,Felcyn,Staff
50610,Kazuhira,Nyanchama,Senior Staff
50612,Gal,Ohori,Engineer
50613,Hidde,Baig,Senior Engineer
50619,Miomir,Lakshmanan,Senior Staff
50626,Zhonghua,Bugaenko,Senior Engineer
50630,Sachem,Baar,Engineer
50636,Kristine,Isaak,Senior Staff
50639,Fumiko,Kruskal,Technique Leader
50649,Chenxi,Rijsenbrij,Senior Staff
50654,Sreekrishna,Rodier,Staff
50655,Sasan,Parfitt,Staff
50658,Tuval,Hashii,Engineer
50659,Yuriy,Setia,Senior Engineer
50663,Zhiguo,Hiyoshi,Senior Engineer
50664,Kaijung,Pocchiola,Senior Staff
50666,Doowon,Beznosov,Senior Engineer
50667,JoAnna,Thombley,Engineer
50671,Iara,Orlowska,Staff
50672,Shen,Greenaway,Senior Engineer
50675,Vishv,Papsdorf,Senior Staff
50677,Fei,Perfilyeva,Staff
50678,Udaiprakash,Chepyzhov,Senior Staff
50680,Vasilii,Lienhardt,Senior Staff
50684,Arco,Conti,Assistant Engineer
50689,Jaroslava,Biros,Senior Engineer
50693,Flemming,Suomi,Senior Engineer
50694,Sadun,Middleton,Senior Staff
50699,Tadahiro,Jenevein,Senior Engineer
50704,Kiyokazu,Giaccio,Assistant Engineer
50707,Uno,Coney,Senior Engineer
50717,Gaurav,Wiegley,Engineer
50718,Chikako,Ghandeharizadeh,Senior Staff
50719,Kenroku,Siochi,Senior Engineer
50720,Zengping,Denis,Engineer
50721,Chaosheng,Hempstead,Engineer
50722,Toshimori,Foong,Senior Engineer
50725,Bernt,Kleiser,Senior Engineer
50732,Woody,Greibach,Senior Staff
50733,Hironoby,Nivat,Engineer
50736,Ulf,Douceur,Technique Leader
50739,Kiyomitsu,Guenter,Senior Engineer
50747,Armond,Pettis,Senior Staff
50750,Kristen,DasSarma,Engineer
50751,Xuedong,Docker,Technique Leader
50752,Zongyan,Bondorf,Senior Engineer
50758,Mara,Isard,Senior Staff
50760,Armond,Kaelbling,Staff
50772,Jianhui,Claffy,Senior Staff
50775,Shai,Aamodt,Senior Engineer
50780,Sashi,Kusalik,Senior Engineer
50781,Christ,Marletta,Engineer
50782,Basem,Demos,Senior Engineer
50790,Hugo,Serdy,Senior Engineer
50793,Moss,Undy,Assistant Engineer
50794,Hironobu,Lung,Senior Engineer
50803,Rosalyn,Luce,Senior Engineer
50805,Xumin,Lenart,Senior Staff
50807,Muneo,Conde,Senior Staff
50809,Jahangir,Iivonen,Staff
50810,Hidekazu,Heemskerk,Senior Staff
50813,Xiaopeng,Varley,Senior Staff
50814,Aamer,Daescu,Senior Engineer
50816,Rosalie,Edelhoff,Senior Staff
50824,Dipayan,Hoogerwoord,Engineer
50828,Fumiyo,Henders,Senior Engineer
50830,Ottavia,Borstler,Senior Engineer
50833,Basem,Mahmud,Engineer
50838,Adil,Skogmar,Senior Staff
50840,Salvador,Silva,Engineer
50843,Uno,Aumann,Senior Engineer
50844,Kousuke,Pocchiola,Staff
50847,Souichi,Erdmenger,Senior Staff
50848,Chuanti,Parveen,Staff
50849,Gina,Gewali,Senior Staff
50856,Hironoby,Melter,Senior Engineer
50857,Houman,Schmiedel,Senior Staff
50858,Jinya,Georg,Senior Staff
50871,Tooru,Hooghiemstra,Senior Staff
50872,Mark,Hanabata,Senior Staff
50878,Anneke,Ratnaker,Senior Engineer
50880,Baocai,Petereit,Engineer
50881,Ravishankar,Itzfeldt,Senior Engineer
50883,Kiyotoshi,Gyorkos,Senior Staff
50891,Guenter,Suermann,Senior Staff
50893,Tayeb,Garrabrants,Senior Staff
50895,Stein,Bolsens,Senior Staff
50898,Stein,Varley,Engineer
50899,Pintsang,Gadepally,Senior Staff
50901,Brendon,Homond,Staff
50904,Anwar,Seuren,Senior Engineer
50906,Djenana,Ibel,Senior Staff
50908,Eben,Cronin,Assistant Engineer
50916,Yuping,Kossowski,Engineer
50919,Gilbert,Cools,Staff
50924,Bernt,Rouquie,Senior Staff
50927,Stamatina,Teitelbaum,Senior Staff
50931,Panayotis,Facello,Technique Leader
50933,Kazuhiro,Speer,Senior Staff
50940,Filipe,Kragelund,Staff
50945,Matk,Kropf,Senior Engineer
50950,Jolita,Rande,Senior Engineer
50952,Abdulah,Rathonyi,Senior Staff
50953,Adhemar,Fiebach,Senior Engineer
50954,Yishay,Nations,Engineer
50957,Ipke,Ullian,Senior Engineer
50959,Hiroyasu,Barriga,Staff
50967,Shuho,Hashii,Senior Staff
50969,Hiroyasu,Murtagh,Staff
50973,Udi,Krohm,Senior Staff
50974,Yoshimitsu,Narahara,Senior Staff
50983,Hironobu,Grandbois,Senior Staff
50985,Mototsugu,Krichel,Senior Engineer
50986,Hiroyasu,Rosti,Engineer
50995,Ugo,Bala,Senior Staff
50997,Arco,Karunanithi,Engineer
50998,Yunming,Qiwen,Engineer
51005,Christfried,Gyimothy,Engineer
51018,Youpyo,Erman,Engineer
51024,Abdelghani,Leaver,Senior Engineer
51026,Zijian,Ulupinar,Senior Engineer
51035,Gina,Standera,Staff
51039,Dekang,Penz,Senior Staff
51041,Palash,Walstra,Senior Staff
51043,Insup,Fairtlough,Senior Engineer
51056,Kitty,Spell,Engineer
51058,Dannz,Braunschweig,Staff
51059,Ramya,Weiland,Engineer
51062,Werner,Narlikar,Senior Staff
51064,Sven,Usdin,Senior Staff
51072,Weiyi,Cmelik,Engineer
51074,Baoqiu,Kruskal,Senior Staff
51076,Sudhanshu,Raney,Staff
51078,Maia,Leuchs,Senior Engineer
51081,Masadi,Blokdijk,Senior Staff
51082,Patricio,Kobara,Senior Engineer
51086,Mohit,Rosch,Engineer
51087,Moti,Mandell,Senior Staff
51088,Adin,Rathonyi,Senior Staff
51092,Mountaz,Underwood,Senior Engineer
51094,Constantino,Pettit,Senior Engineer
51095,Lene,Versino,Senior Staff
51107,Yucai,Pettis,Senior Engineer
51112,Kendra,Garigliano,Senior Staff
51113,Evgueni,Camurati,Engineer
51117,Phillip,Rajala,Engineer
51120,Demin,Akazan,Senior Staff
51121,Debaprosad,Bierbaum,Senior Staff
51126,Gully,Zirintsis,Staff
51132,Hironoby,Levergood,Senior Staff
51147,Alois,Gelosh,Senior Engineer
51148,Lucian,Lubachevsky,Senior Staff
51149,Gilbert,Rajcani,Senior Engineer
51150,Mona,Ferriere,Senior Staff
51156,Vatsa,Peron,Engineer
51163,Bilhanan,Strehl,Senior Staff
51165,Kazuyasu,Anily,Senior Staff
51166,Xiaobin,Ginesta,Senior Engineer
51169,Duro,Peral,Technique Leader
51175,Mark,Lorho,Senior Staff
51176,Lillian,Gulik,Engineer
51177,Hironoby,Birsak,Engineer
51189,Tommaso,Pusterhofer,Senior Staff
51190,Sivanarayana,Zedlitz,Senior Engineer
51194,Freyja,Schach,Senior Engineer
51198,Kazuyasu,Menhardt,Senior Engineer
51201,Byong,Suomi,Senior Staff
51203,Xinyu,Ashish,Engineer
51208,Arvin,Walstra,Senior Staff
51215,Yurij,Boguraev,Senior Engineer
51218,Shir,Frijda,Staff
51219,Niclas,Ernst,Senior Engineer
51220,Giri,Marchesini,Senior Engineer
51224,Shem,Wolniewicz,Engineer
51225,Hironoby,Jullig,Senior Staff
51232,Sanjoy,Leslie,Staff
51234,Berna,Axelband,Senior Engineer
51240,Muzhong,Mitsuhashi,Engineer
51250,Leah,Alpay,Senior Staff
51258,Heon,Kandlur,Engineer
51263,Arnould,Pearson,Senior Staff
51264,Seongbin,Gomatam,Engineer
51269,Sangeeta,Schmittgen,Senior Engineer
51270,Muzhong,Kriebel,Senior Engineer
51273,Kerhong,Syang,Senior Engineer
51274,Jeanna,Schauser,Engineer
51279,Krisda,Cochrane,Engineer
51285,Zhiwei,Itschner,Engineer
51286,Steen,Bratten,Senior Engineer
51287,Subir,Sigstam,Staff
51288,Zorica,Simmen,Technique Leader
51294,Tetsushi,Pell,Senior Staff
51299,Demos,McClure,Senior Engineer
51300,Sanjeeva,Vesel,Staff
51301,Kiyomitsu,Crabtree,Engineer
51306,Alois,Chaudhuri,Senior Staff
51307,Xiping,Parascandalo,Senior Staff
51309,Shuzo,Lund,Senior Staff
51311,Guadalupe,Fujisaki,Senior Staff
51313,Alois,Francisci,Senior Staff
51323,Yannis,Stanger,Staff
51331,Jackson,Pusterhofer,Senior Staff
51333,Shichao,Whittlesey,Senior Staff
51336,Rosli,Pepe,Staff
51343,Xiaobin,McFarlin,Senior Staff
51344,Gritta,Rajala,Engineer
51346,Radhakrishnan,Glowinski,Senior Engineer
51347,Hiroyasu,Randi,Senior Staff
51351,Pasqua,Perko,Senior Staff
51352,Berna,Reistad,Staff
51363,Georgy,Sundgren,Senior Engineer
51381,Sadok,Huhdanpaa,Senior Staff
51387,Armond,Coombs,Senior Engineer
51394,Arunas,Brandsma,Senior Engineer
51396,Erez,Bashian,Staff
51400,KayLiang,Luca,Senior Staff
51402,Vasiliy,Kuhnemann,Senior Engineer
51404,Lalit,Desikan,Senior Engineer
51405,Supot,Murthy,Senior Engineer
51408,Teiji,Pezzoli,Senior Engineer
51412,Atreye,Shumilov,Senior Engineer
51413,Changho,Willoner,Senior Staff
51414,Mohammed,Improta,Senior Staff
51417,Troy,Serov,Technique Leader
51418,Frazer,Brender,Senior Staff
51420,Satyanarayana,Copas,Staff
51427,Aria,Thebaut,Senior Staff
51429,Yannis,Saoudi,Staff
51431,Debaprosad,Merro,Senior Staff
51436,Fumiyo,Beidas,Senior Engineer
51438,Alagu,Bernatsky,Senior Engineer
51439,Vasilii,Boguraev,Senior Staff
51443,Shichao,Thiran,Senior Engineer
51446,Byong,Uehara,Technique Leader
51453,Steve,Fraisse,Technique Leader
51455,Jinpo,Schnabel,Senior Engineer
51456,Pranjal,Androutsos,Senior Staff
51467,Serif,Sury,Engineer
51468,Wojceich,Rossi,Senior Staff
51471,Moss,Piazza,Senior Staff
51476,TRUE,Gerlach,Senior Staff
51478,Khaled,Markovitch,Senior Engineer
51480,Lidong,Asmuth,Senior Staff
51481,Satoru,Wilfing,Senior Staff
51485,Hsiangchu,Beutelspacher,Technique Leader
51486,Jianwen,Sigstam,Senior Engineer
51487,Masadi,Cools,Senior Staff
51493,Lene,Birsak,Senior Engineer
51494,Adas,Pargas,Staff
51496,Tsz,Perly,Senior Staff
51501,Mikhail,Range,Senior Engineer
51503,Dietrich,Famili,Senior Engineer
51504,Becky,Etalle,Senior Engineer
51507,Khalid,Gubsky,Staff
51517,Ingmar,Streit,Technique Leader
51520,Goh,Bierman,Senior Staff
51521,Chinhyun,Gustavson,Senior Staff
51522,Tran,Gils,Staff
51526,Debaprosad,Rassart,Staff
51529,Alejandro,Kossowski,Senior Staff
51541,Zito,Boudaillier,Engineer
51542,Froduald,Marciano,Senior Staff
51548,Freyja,Rahimi,Senior Engineer
51559,Christ,Cannane,Senior Engineer
51561,Marsha,Docker,Senior Engineer
51563,Arup,Alpay,Staff
51566,Goncalo,Kroft,Technique Leader
51568,Adam,Merkl,Technique Leader
51571,Yuichiro,Jervis,Senior Engineer
51573,Marl,Merlo,Staff
51574,Manohar,Rouquie,Senior Engineer
51575,Aamer,Lupu,Senior Engineer
51578,Cathie,Heydon,Senior Engineer
51580,Oscar,Syang,Senior Engineer
51587,Koichi,Schaaf,Staff
51589,Kwun,Cannata,Senior Staff
51590,Ung,Sudbeck,Staff
51593,Masasuke,Pardalos,Technique Leader
51595,Steve,Kitai,Technique Leader
51596,Kazunori,Zyda,Staff
51597,Shuky,Mungall,Senior Staff
51599,Menkae,Klerer,Engineer
51600,Lihong,Duclos,Senior Staff
51602,Edwin,Antonakopoulos,Senior Staff
51603,Souichi,Crabtree,Senior Staff
51606,Toney,Ventosa,Senior Staff
51611,Takushi,Encarnacion,Senior Engineer
51612,Heon,Jahnichen,Senior Staff
51616,Rafail,Rassart,Senior Staff
51618,Poorav,Beerel,Senior Engineer
51619,Kensei,Birke,Senior Engineer
51620,Wayne,Suri,Senior Engineer
51622,Deniz,Casperson,Senior Engineer
51623,Anoosh,Luke,Engineer
51628,Denis,Angelopoulos,Senior Engineer
51637,Halsur,Jenevein,Senior Staff
51639,Abdelaziz,Czap,Senior Staff
51640,Remco,Munro,Senior Staff
51643,Sham,Erie,Senior Staff
51645,Berto,Stassinopoulos,Senior Engineer
51646,Maren,Hellwagner,Senior Engineer
51647,Elvis,Schaad,Technique Leader
51651,Valdiodio,Kaiserswerth,Senior Staff
51658,Akhilish,Piazza,Senior Engineer
51662,Shir,Varman,Senior Engineer
51667,Ghassan,Bael,Technique Leader
51668,Luise,Pardalos,Senior Engineer
51669,Tesuya,Kalefeld,Senior Staff
51673,Tomofumi,Michaeli,Senior Staff
51675,Denis,Ermel,Staff
51681,Ulises,Petereit,Senior Staff
51686,Luigi,Rosay,Senior Staff
51688,Jovan,Comte,Engineer
51690,Xiping,Norsworthy,Staff
51691,Fumiya,Lagarias,Technique Leader
51694,Mohamadou,Taubman,Engineer
51702,Masasuke,Billawala,Senior Staff
51703,Inderjeet,Peroz,Engineer
51716,Dannz,Takkinen,Senior Staff
51717,Xuejun,Aseltine,Senior Engineer
51724,Xiong,Kolvik,Senior Engineer
51730,Ortrun,Neiman,Engineer
51734,Fox,Jayawardene,Engineer
51735,Shem,Barinka,Staff
51736,Shigehiro,Valiente,Senior Engineer
51738,Guenter,Norsworthy,Senior Engineer
51740,Jianhao,Erbe,Senior Engineer
51742,Nishit,Gulak,Senior Staff
51743,Kazunori,Escriba,Senior Engineer
51744,Alagu,Mitzlaff,Engineer
51753,Kristin,Gischer,Engineer
51759,Sarita,Sherertz,Staff
51760,Nikolaus,Vidal,Senior Engineer
51764,Sajjad,Katzenelson,Senior Staff
51768,Taegyun,Anger,Engineer
51772,Tristan,Hofmeyr,Technique Leader
51781,Mandell,Murtagh,Senior Engineer
51782,Steve,Paciorek,Engineer
51788,Uzi,Chleq,Senior Engineer
51791,Marjo,Kroft,Senior Staff
51792,Aral,Merkl,Senior Staff
51798,Oddvar,Perin,Senior Staff
51801,Hyuckchul,Kopetz,Senior Engineer
51806,Fumitake,Tasistro,Staff
51808,Bedrich,Farris,Engineer
51812,Marit,Yoshizawa,Senior Engineer
51816,Berhard,Taneja,Assistant Engineer
51818,Boriana,Weedman,Senior Staff
51821,Koldo,Redmiles,Engineer
51825,Xudong,Cools,Staff
51826,Georgy,Boguraev,Technique Leader
51836,Bilhanan,Yamaashi,Senior Staff
51838,Akemi,Woycyznski,Senior Staff
51840,Leucio,Gimbel,Senior Staff
51844,Werner,Osgood,Senior Engineer
51855,Syozo,Schapire,Staff
51861,Uri,Biron,Senior Staff
51862,Gonzalo,Ozeki,Staff
51863,Idoia,Bennis,Senior Engineer
51865,Douadi,Llado,Senior Staff
51867,Shahaf,Jansch,Senior Engineer
51874,Nikolaus,Highland,Engineer
51877,Golgen,Picaronny,Senior Engineer
51878,Goh,Braunmuhl,Senior Engineer
51890,Margo,Thiria,Senior Engineer
51893,Gretta,Bellmore,Senior Staff
51896,Theron,Gornas,Senior Engineer
51898,Mandell,Luca,Senior Engineer
51902,Zhiwei,Ranai,Assistant Engineer
51906,Yucel,Zaccaria,Senior Engineer
51909,Baocai,Honglei,Senior Staff
51910,Rosli,Chenoweth,Senior Staff
51914,Manton,Selenyi,Senior Engineer
51916,Jingling,Yetim,Senior Engineer
51919,Mizuhito,Duclos,Senior Engineer
51928,Charmane,Khalid,Staff
51933,Yuqun,Kandlur,Senior Staff
51939,Prodip,Fasbender,Senior Engineer
51940,Xiping,Kawashima,Senior Engineer
51943,Gal,Arlazarov,Senior Engineer
51945,Chrisa,Danner,Engineer
51946,Rasikan,Serre,Technique Leader
51949,Pranav,Rosti,Senior Engineer
51953,Sasan,Yeung,Staff
51956,Mostafa,Kopetz,Senior Staff
51958,Hatim,Munawer,Staff
51961,Ramalingam,Schade,Senior Staff
51969,Barna,Bharadwaj,Senior Engineer
51971,Luigi,Fairtlough,Senior Staff
51973,Caolyn,Baranowski,Engineer
51977,Uma,Honiden,Senior Engineer
51980,Feixiong,Kabayashi,Senior Engineer
51981,Susanna,Krychniak,Senior Engineer
51988,Huican,Percebois,Technique Leader
51989,Hugo,Frijda,Senior Engineer
51990,Flemming,Schaft,Senior Staff
51994,Shigehito,Pluym,Staff
51995,Zhongwei,Roccetti,Senior Staff
52001,Irene,Varman,Senior Engineer
52002,Parviz,Stamatiou,Senior Engineer
52005,Fumino,Randt,Senior Engineer
52008,Sachio,Noriega,Senior Staff
52009,Narain,Chinal,Senior Engineer
52010,Adel,Varley,Senior Engineer
52015,Zeljko,Raoux,Technique Leader
52019,Panayotis,Akiyama,Senior Engineer
52021,Neelam,Mapelli,Senior Staff
52028,Premal,Pell,Senior Staff
52030,Lorien,Gronowski,Engineer
52045,Arno,Onuegbe,Engineer
52054,Margo,Rubsam,Engineer
52057,Jayson,Brlek,Senior Engineer
52058,Jessie,Rassart,Senior Staff
52059,Martina,Kuzuoka,Senior Staff
52063,Ferdinand,Lunt,Senior Engineer
52066,Xiong,Bojadziev,Senior Staff
52068,Kellyn,Piveteau,Staff
52069,Conrado,Krohm,Senior Engineer
52071,Xianlong,Milicic,Senior Staff
52073,Ohad,Wossner,Engineer
52080,Geoff,Bultermann,Senior Staff
52085,Shaowei,Taneja,Senior Engineer
52086,JoAnna,Picco,Engineer
52089,Gina,Rebaine,Staff
52090,Brewster,Barinka,Engineer
52091,Jongsuk,Masamoto,Staff
52092,Fai,Ozeri,Senior Staff
52094,Kensei,Pluym,Senior Staff
52095,Hein,Dayang,Senior Staff
52098,Martine,Delaune,Senior Engineer
52101,Arch,Spell,Engineer
52103,Koichi,Famili,Staff
52108,Anestis,Reinhart,Senior Engineer
52112,Nathalie,Erbe,Engineer
52113,Feixiong,Hiroyama,Senior Staff
52117,Neven,Lipner,Engineer
52120,Clyde,Koblick,Senior Engineer
52123,Nalini,Nitto,Engineer
52130,Kwangho,Besselaar,Engineer
52131,Tonny,Collette,Senior Engineer
52133,Weiru,Kalefeld,Technique Leader
52135,Gonzalo,Schiettecatte,Senior Staff
52137,Jeanne,Rodite,Senior Engineer
52142,Armond,Speckmann,Senior Staff
52144,Gad,Hoogerwoord,Senior Engineer
52149,Greger,Broomell,Technique Leader
52154,Tse,Asmuth,Staff
52156,Oldrich,Ruther,Senior Engineer
52167,Bernd,Copas,Technique Leader
52172,Chuanyi,Fairtlough,Senior Staff
52173,Masato,Papadias,Engineer
52174,Roddy,Swen,Staff
52175,Oldrich,Cronan,Senior Engineer
52178,Junsik,Rusmann,Senior Staff
52183,Mostafa,Molenaar,Senior Staff
52185,Zvonko,Luders,Senior Engineer
52194,Holgard,Kandlur,Senior Engineer
52195,Florian,Cools,Senior Engineer
52196,Francesca,Choobineh,Engineer
52198,Emran,Puppe,Senior Staff
52200,Yoshimitsu,Pearson,Senior Staff
52207,Alenka,Sifakis,Senior Engineer
52211,Murthy,Colorni,Senior Staff
52216,Mang,Albarhamtoshy,Staff
52217,Spyrose,Henseler,Staff
52219,Radhia,Plessier,Senior Staff
52226,Palash,Demian,Technique Leader
52227,Abdelwaheb,Sgarro,Senior Engineer
52228,Heng,Meszaros,Senior Staff
52229,Abdulah,Vanwelkenhuysen,Senior Staff
52230,Leah,Stavenow,Senior Staff
52241,Irene,Porenta,Engineer
52244,Niranjan,Backhouse,Senior Staff
52248,Masaki,Peek,Engineer
52252,Moty,Bade,Senior Staff
52255,Masamitsu,Michaels,Senior Engineer
52256,Uwe,Viele,Senior Staff
52257,Anneke,Fiutem,Senior Engineer
52261,Shahar,Suermann,Senior Staff
52268,Shuichi,Fandrianto,Senior Engineer
52271,Nikolaus,Schaft,Senior Staff
52286,Mong,Lorho,Staff
52291,Kshitij,Erva,Staff
52292,Aruna,Waterhouse,Technique Leader
52295,Girolamo,Serov,Senior Engineer
52297,Tetsushi,Choobineh,Staff
52299,Shin,Baranowski,Senior Engineer
52307,Michaela,Suri,Senior Engineer
52310,Yongmin,Flexer,Senior Staff
52311,Mong,Nitta,Senior Engineer
52313,Kaijung,Setia,Senior Engineer
52314,Hsiangchu,Nittel,Engineer
52315,Hilari,Ozery,Senior Staff
52324,Tonia,Kawashimo,Staff
52334,Suzette,Cronin,Staff
52336,Bezalel,Pouyioutas,Senior Staff
52342,Niranjan,Karcich,Senior Staff
52343,Zhaofang,Escriba,Senior Engineer
52345,Jordanka,Zaiane,Engineer
52348,Junsik,Radwan,Senior Staff
52351,Toney,Keustermans,Senior Staff
52355,Arto,Merkl,Senior Engineer
52356,Kazuhira,Swist,Senior Staff
52364,Indrajit,Munoz,Senior Engineer
52368,Tonia,Pelz,Senior Staff
52369,Manohar,Sewelson,Senior Staff
52370,Yuichiro,Walston,Senior Engineer
52372,Aral,Murtagh,Senior Engineer
52373,Mircea,McClurg,Senior Staff
52376,Angel,Gulik,Senior Engineer
52377,Kasidit,Verhaegen,Senior Staff
52381,Berry,Anick,Senior Staff
52384,Naraig,Bellmore,Staff
52390,Leszek,Pauthner,Senior Staff
52391,Horward,Varker,Engineer
52396,Ulf,Paludetto,Senior Staff
52397,Huai,Swen,Senior Staff
52411,Elvis,Alpin,Senior Engineer
52412,Gen,Thombley,Senior Staff
52413,Qiwen,Brobst,Senior Engineer
52415,Miyeon,Marrevee,Engineer
52417,Eran,Rahimi,Senior Engineer
52420,Badri,Pramanik,Senior Staff
52430,Goh,Georg,Staff
52431,Moto,Salinas,Senior Staff
52436,Marsja,Yetto,Staff
52448,Naftaly,Driscoll,Senior Staff
52449,Hirochika,Preusig,Senior Engineer
52450,Pantung,Himler,Staff
52454,Marco,Peyn,Engineer
52456,Kiyokazu,Lorie,Engineer
52457,Larisa,Shobatake,Senior Engineer
52458,Prasadram,Swist,Technique Leader
52460,Shuzo,Rando,Senior Staff
52462,Raimond,Fargier,Senior Engineer
52465,Gift,Ramsay,Senior Engineer
52467,Naftali,Neiman,Senior Engineer
52470,Eishiro,Snyers,Senior Engineer
52471,Arunachalam,Perelgut,Staff
52472,Fumiyo,Shiratori,Senior Engineer
52475,Augustine,Khamsi,Engineer
52480,Mart,Schwartzbauer,Senior Staff
52483,Kazuhira,Boyle,Senior Engineer
52485,Harngdar,Peng,Senior Staff
52487,Candido,Shackel,Staff
52490,Yechezkel,Ibel,Senior Staff
52498,Shooichi,Chvatal,Engineer
52499,Keiichiro,Rassart,Senior Staff
52507,Golgen,Yurov,Senior Engineer
52509,Florina,Salvesen,Staff
52511,Zhanqiu,Luca,Staff
52518,Lobel,Landherr,Senior Engineer
52520,Tianruo,Lovengreen,Senior Staff
52523,Susanta,Picci,Engineer
52524,Giordano,Solovay,Senior Engineer
52526,Basem,Leppanen,Engineer
52527,Parto,Ponthieu,Senior Engineer
52529,Lorien,Erez,Senior Staff
52530,Sumali,Siochi,Senior Engineer
52531,Khosrow,Basart,Senior Staff
52538,Garnet,Thebaut,Staff
52539,Shigeu,Huttel,Senior Staff
52540,Shahab,Morrin,Senior Staff
52541,Heather,Panangaden,Senior Staff
52547,Yuchang,Cromarty,Assistant Engineer
52548,Mario,Ritzmann,Senior Engineer
52556,Naftaly,Barriga,Engineer
52557,Aruna,Kalsbeek,Senior Engineer
52560,Kristin,Reeken,Senior Engineer
52564,Shuky,Chenoweth,Senior Engineer
52566,Kristine,Botman,Engineer
52567,Charlene,Matzen,Staff
52579,Hironoby,Auria,Senior Staff
52582,Alagu,Rajaraman,Staff
52584,Szabolcs,Osgood,Senior Engineer
52589,Poornachandra,Quittner,Senior Engineer
52591,Angus,Pettey,Senior Engineer
52593,Shridhar,Lichtman,Senior Staff
52597,Nechama,Boreale,Staff
52598,Lobel,Marciano,Senior Staff
52602,Giao,Coors,Senior Engineer
52603,Parto,Riexinger,Senior Staff
52607,Zsolt,Krohn,Senior Staff
52608,Margo,Zolotykh,Technique Leader
52610,Akhilish,Tsukuda,Senior Engineer
52611,Supot,Gente,Senior Staff
52612,Sachin,Stenning,Senior Staff
52628,Ranga,Leuchs,Engineer
52629,Adil,Comellas,Senior Staff
52633,Diederik,Hasham,Technique Leader
52634,Torsten,Bonifati,Staff
52637,Raimond,Wursthorn,Engineer
52642,Haldun,Fujisawa,Engineer
52644,Geoffrey,Picci,Senior Staff
52646,Chaitali,Bergere,Assistant Engineer
52652,Willard,Luders,Senior Engineer
52653,Reuven,Bahl,Technique Leader
52666,Duri,Holburn,Senior Staff
52667,Pranav,McConalogue,Engineer
52668,Moty,Negoita,Senior Staff
52671,Gay,Sommer,Senior Staff
52674,Khoa,Rullman,Senior Engineer
52676,Baruch,Melton,Senior Engineer
52682,Valdiodio,Crooks,Senior Staff
52690,Yannik,Weisert,Senior Engineer
52695,Sahrah,Borstler,Senior Engineer
52698,Magdalena,Mersereau,Senior Engineer
52700,Shin,Ranze,Senior Engineer
52702,Jeanna,Angelopoulos,Senior Engineer
52703,Gian,Sidje,Senior Staff
52709,Ashish,Krogh,Senior Engineer
52712,Boaz,Giveon,Senior Engineer
52713,Lansing,Conia,Technique Leader
52714,Weijing,Swift,Senior Engineer
52715,Shridhar,Morton,Senior Staff
52717,Tremaine,Schiper,Staff
52726,Samphel,Tagansky,Engineer
52727,Steve,Facello,Senior Staff
52733,Supot,Atrawala,Engineer
52746,Ingmar,Neimat,Senior Engineer
52748,Mansur,Peck,Staff
52752,Barna,Rajcani,Senior Staff
52755,Shakhar,Rodier,Senior Engineer
52757,Kayoko,Gimarc,Senior Staff
52758,Nahid,Shanbhogue,Senior Engineer
52761,Toshimori,Delgrossi,Senior Engineer
52769,Shahar,Lowrie,Engineer
52773,Shounak,Rissland,Senior Staff
52784,Jaideep,Snedden,Senior Staff
52788,Marin,Karunanithi,Senior Engineer
52791,Khatoun,Aamodt,Senior Staff
52798,Tokuyasu,Peyn,Senior Staff
52799,Kazunori,Schlegelmilch,Senior Engineer
52803,Gianluca,Erman,Senior Staff
52808,Jiakeng,Setia,Senior Engineer
52809,Tesuro,Kalorkoti,Staff
52812,Jaber,Fujisawa,Senior Staff
52813,Goo,Bojadziev,Senior Staff
52814,Magy,Keirsey,Senior Staff
52815,Djenana,Makrucki,Senior Engineer
52823,Mahendra,Shobatake,Engineer
52827,Kasidit,Deverell,Staff
52828,Serenella,Merey,Senior Staff
52830,Kitty,Peron,Senior Staff
52836,Hinrich,Babu,Senior Staff
52842,Ohad,Murtafg,Senior Staff
52846,DeForest,Parfitt,Senior Engineer
52847,Dmitri,Schiettecatte,Staff
52849,Yucai,Farrar,Senior Staff
52851,Gita,Billawala,Senior Staff
52856,Kazuhide,Speel,Senior Staff
52857,Van,Rabehasaina,Senior Staff
52864,Doowon,Tramer,Engineer
52867,Yishay,Lindenbaum,Staff
52868,Aluzio,Keohane,Engineer
52869,Gou,Godskesen,Senior Staff
52873,Gritta,DuCasse,Senior Engineer
52879,Premsyl,Ecklund,Staff
52883,Ramzi,Khamsi,Staff
52886,Tamiya,Fioravanti,Senior Engineer
52897,Arnd,Isaac,Senior Engineer
52902,Tayeb,Chinen,Assistant Engineer
52905,Kirk,Felcyn,Staff
52909,Katsuyuki,Pelz,Senior Engineer
52912,Maren,Baezner,Senior Staff
52916,Paris,Schusler,Senior Staff
52932,Carrsten,Lorin,Senior Engineer
52933,Gurbir,Uludag,Senior Staff
52934,Arumugam,Mawatari,Senior Engineer
52937,Zito,Rouquie,Staff
52943,Jeane,Luga,Engineer
52944,Gunilla,Yavatkar,Senior Engineer
52947,Berry,Turnbull,Senior Engineer
52951,Hauke,Solares,Senior Staff
52952,Shaw,Solovay,Staff
52958,Mizuhito,Kaminger,Senior Engineer
52961,Arun,Niizuma,Senior Engineer
52962,Hein,Cappelli,Senior Staff
52964,Dmitri,Grandbois,Senior Engineer
52965,Itzchak,Steinauer,Senior Engineer
52969,Shigehiro,Thiran,Staff
52976,Alejandra,Binding,Engineer
52977,Cedric,Knightly,Senior Engineer
52980,Peternela,Walstra,Senior Engineer
52981,Howell,Hutton,Senior Engineer
52986,Ugo,Beznosov,Senior Staff
52993,Naftaly,Ritcey,Assistant Engineer
52995,Sajjan,Krohm,Staff
52996,Eishiro,Kossowski,Senior Engineer
53004,Hideo,Pelc,Senior Staff
53006,Irena,Felder,Staff
53012,Yongdong,Muchinsky,Senior Staff
53014,Xiaoqiu,Lamma,Senior Staff
53016,Huan,Rohrbach,Senior Engineer
53022,Nirmal,Benner,Senior Staff
53024,Luisa,Denti,Technique Leader
53027,Make,Lienhardt,Senior Staff
53028,Shigeaki,Rebaine,Staff
53030,Aram,Farrag,Staff
53035,Mariusz,Koshiba,Staff
53037,George,Clemencon,Engineer
53038,Dannz,Genin,Senior Engineer
53048,Elrique,Kropatsch,Senior Staff
53056,Yongmin,Rullman,Senior Staff
53057,Moss,Reeken,Staff
53059,Sachin,Impagliazzo,Senior Staff
53064,Mingsen,Heusch,Senior Staff
53066,Khosrow,Pulkowski,Senior Staff
53074,Kristen,Gerlach,Senior Staff
53079,Nirmal,Maierhofer,Senior Engineer
53080,Yunming,Lamma,Senior Engineer
53082,Shaz,Benzaken,Staff
53083,Jinya,Schaap,Senior Staff
53090,Kazuhisa,Furedi,Senior Staff
53092,Tetsushi,England,Senior Staff
53098,Ugo,Peot,Senior Engineer
53100,Ibibia,Syang,Senior Engineer
53103,Nechama,Molenkamp,Senior Staff
53106,Shugo,Casperson,Senior Staff
53119,Kazunori,Kolvik,Senior Staff
53123,Shan,Botman,Technique Leader
53130,Anestis,Poupard,Senior Engineer
53131,Hatim,Simmen,Senior Engineer
53134,Shahid,Fasbender,Senior Staff
53135,Christophe,Holburn,Senior Staff
53137,Aleksandar,Haraldson,Senior Engineer
53138,Parke,Schaaf,Senior Engineer
53140,Xiong,Swick,Senior Staff
53145,Tsutomu,Reistad,Senior Staff
53146,Guenter,Rosay,Senior Engineer
53150,Kiyotoshi,Kakkad,Senior Engineer
53153,Basant,Terekhov,Senior Staff
53154,Chaosheng,Akazan,Senior Engineer
53156,Hatsukazu,Munawer,Staff
53157,Weiye,Birge,Senior Engineer
53159,Jaewon,Cherinka,Senior Engineer
53160,Susumu,Rossi,Senior Staff
53162,Marke,Bamford,Senior Engineer
53164,Moni,Bottner,Technique Leader
53165,Woody,Feldmann,Senior Staff
53170,Danil,Lammel,Engineer
53171,Uta,Werthner,Senior Engineer
53174,Prodip,Krichel,Senior Staff
53175,Shan,Manders,Senior Staff
53177,Vugranam,Sichman,Senior Engineer
53178,Franziska,Melichar,Senior Engineer
53186,Martien,Penn,Senior Engineer
53188,Dung,Heinisuo,Senior Staff
53189,JoAnna,Schreiter,Engineer
53192,Menkae,Savasere,Senior Engineer
53194,Lorien,Unno,Senior Engineer
53199,Otilia,Syang,Senior Engineer
53201,Kien,Lagarias,Technique Leader
53203,Nectarios,Benner,Senior Staff
53204,Nirmal,Bernatsky,Senior Staff
53214,Duro,Michaeli,Senior Engineer
53217,Shem,Heystek,Senior Engineer
53220,Sushant,Benzmuller,Staff
53221,Arnd,Ulupinar,Senior Engineer
53224,Rasiah,Mullainathan,Technique Leader
53229,Youssef,Linnainmaa,Senior Engineer
53231,Alexius,Hooghiemstra,Staff
53232,Vitaly,Boyle,Senior Engineer
53236,Rimon,Iivonen,Technique Leader
53243,Maren,Schach,Senior Staff
53247,Rayond,Undy,Senior Staff
53249,Ziya,Binkley,Technique Leader
53251,Georgi,Rattan,Technique Leader
53257,Rosalie,Baalen,Staff
53259,Francoise,Zirintsis,Senior Staff
53271,Karoline,Peot,Technique Leader
53273,Moon,Fraisse,Senior Engineer
53274,Shaowei,Benzaken,Engineer
53275,Lokesh,Rullman,Engineer
53276,Masami,Pokrovskii,Senior Engineer
53277,Roded,Coney,Senior Staff
53280,Odysseas,Zambonelli,Senior Engineer
53282,Shawna,Ulupinar,Senior Staff
53284,Tetsurou,Belinskaya,Technique Leader
53298,Shay,Oskamp,Senior Engineer
53302,LiMin,Tsukune,Assistant Engineer
53304,Florina,Casperson,Senior Engineer
53308,Ranan,Desikan,Senior Engineer
53316,Shuky,Emmart,Senior Staff
53318,Mohua,Hooghiemstra,Senior Staff
53323,Jaewoo,Bazelow,Senior Engineer
53324,Vincent,Speckmann,Senior Engineer
53326,Huan,Conia,Staff
53328,Terresa,Swan,Senior Engineer
53334,Xinan,Papadias,Engineer
53343,Atreyi,Vitiello,Engineer
53353,Srinidhi,Sudkamp,Senior Engineer
53358,Pasqua,Peac,Senior Engineer
53363,Gopalakrishnan,Kushner,Senior Staff
53367,Samphel,Parveen,Senior Staff
53375,Nalini,Luca,Senior Engineer
53376,Yakkov,Bergere,Senior Staff
53380,Tianruo,Pollacia,Senior Engineer
53386,Dietrich,Gulik,Staff
53391,Fayez,Stroustrup,Senior Staff
53392,Pradeep,Unni,Engineer
53393,Huan,Shihab,Engineer
53398,Brigham,Munch,Senior Staff
53401,Saeko,Lunt,Senior Engineer
53403,Valery,Thiran,Senior Engineer
53412,Dipayan,Rassart,Senior Staff
53414,Arie,Kranzdorf,Senior Engineer
53415,Mariangiola,Nitta,Senior Engineer
53418,Hiroyasu,Alencar,Senior Staff
53422,Emdad,Emmart,Senior Engineer
53424,Saeed,Garrabrants,Senior Engineer
53426,Masadi,Azadmanesh,Staff
53430,Marke,Schneeberger,Technique Leader
53436,Filipe,Mitsuhashi,Senior Engineer
53438,Parviz,Openshaw,Senior Engineer
53442,Nathalie,Riefers,Senior Engineer
53451,Juichirou,Nannarelli,Senior Staff
53455,Sariel,Deville,Engineer
53456,Girolamo,DuBourdieux,Engineer
53457,Rildo,Kisuki,Senior Engineer
53459,Salvador,Berstel,Senior Staff
53463,Kazuhide,Wissmann,Senior Engineer
53464,Odoardo,Andreotta,Senior Staff
53465,Candido,Pepe,Senior Engineer
53466,Zdislav,Socorro,Senior Staff
53467,Roddy,Serna,Senior Staff
53468,Yifei,Muhlberg,Senior Engineer
53475,Malu,Selenyi,Senior Staff
53478,Ortrun,Rande,Senior Staff
53482,Susuma,Veldwijk,Senior Engineer
53485,Kamran,Asser,Engineer
53489,Marko,Cherinka,Senior Engineer
53491,Irene,Waymire,Staff
53494,King,Peyn,Technique Leader
53495,Xianlong,Werthner,Senior Staff
53497,Theirry,Pettey,Staff
53500,Koichi,Narlikar,Senior Staff
53506,Jacopo,Vidal,Senior Engineer
53508,Mari,Pettey,Senior Engineer
53509,Radoslaw,Osgood,Senior Engineer
53522,Danel,Krupka,Senior Engineer
53526,Shigeo,Aloia,Assistant Engineer
53530,Gully,Pintelas,Assistant Engineer
53532,Shimshon,Asmuth,Senior Staff
53534,Sanjit,Decleir,Senior Engineer
53538,Hirochika,Paciorek,Senior Staff
53539,Sangeeta,Mansanne,Technique Leader
53540,Khaled,Zockler,Engineer
53546,Dietrich,Rodier,Senior Engineer
53559,Margo,Pelz,Engineer
53560,Bernice,Senzako,Senior Engineer
53561,Lijie,Leslie,Technique Leader
53566,Heeju,Kruskal,Engineer
53573,Patricio,Middleton,Assistant Engineer
53576,Rajmohan,Callaway,Engineer
53579,Tuval,Gladwell,Staff
53583,Ziyad,Kaiserswerth,Technique Leader
53589,Kitty,Spell,Senior Engineer
53591,Cathie,Gimbel,Engineer
53592,Bluma,Passafiume,Senior Engineer
53601,Avishai,Felder,Senior Engineer
53607,Moheb,Lorch,Senior Staff
53612,Hironobu,Benzaken,Engineer
53622,Masako,Murthy,Staff
53623,Jeong,Esteva,Senior Staff
53627,Kinh,Conte,Senior Engineer
53629,Bernd,Azulay,Senior Staff
53632,Badri,Butner,Senior Engineer
53633,Masadi,Heinisuo,Senior Staff
53638,Gao,Trystram,Staff
53640,Toshimi,Coorg,Senior Staff
53641,Vesna,Remmele,Senior Staff
53642,Navin,Erdi,Senior Staff
53651,Nathalie,Melichar,Senior Staff
53652,Tsz,Bottner,Senior Staff
53655,Baziley,Pena,Senior Engineer
53659,Feipei,Sommer,Staff
53660,Anyuan,Stellhorn,Senior Staff
53661,Kaijung,Wixon,Senior Staff
53663,Mamdouh,Segond,Senior Staff
53665,Lenore,Azadmanesh,Senior Engineer
53672,Arlette,Pintelas,Senior Engineer
53674,Mong,Babu,Senior Staff
53676,Zhongwei,Morrow,Staff
53679,Aleksandar,Litzkow,Senior Staff
53684,Gou,Greenaway,Senior Staff
53685,Kristina,Lagarias,Senior Engineer
53689,Pramod,Flanders,Engineer
53694,Jeanne,Riefers,Senior Staff
53696,Ewing,Clouatre,Engineer
53702,Gunilla,Deville,Engineer
53709,Kazuhisa,Zaumen,Senior Engineer
53712,Hidde,Bauknecht,Senior Engineer
53719,Hidekazu,Mandell,Senior Engineer
53725,Neven,Azulay,Staff
53726,Breannda,Rossi,Assistant Engineer
53728,Chikara,Remmers,Staff
53734,Masamitsu,Seiwald,Engineer
53736,Ziyad,Yeung,Senior Engineer
53747,Yechezkel,Shimshoni,Senior Engineer
53751,Teruyuki,Jayawardene,Senior Staff
53759,Jeong,Antonisse,Senior Staff
53760,Mong,Mateescu,Senior Engineer
53763,Xinglin,Gischer,Staff
53765,Rutger,Eldridge,Senior Staff
53768,Bojan,Sabnani,Senior Engineer
53771,Shaowei,Bouloucos,Engineer
53775,Maya,Peternell,Senior Engineer
53777,Petter,Oberman,Senior Engineer
53779,Kellie,Zielinski,Senior Engineer
53781,JiYoung,Brandsma,Staff
53783,Renee,Schwaller,Senior Staff
53785,Shalesh,Suri,Senior Engineer
53789,Jianhao,Coullard,Engineer
53792,Aris,Lampe,Engineer
53794,Owen,Denna,Senior Staff
53795,Tadanori,Asmuth,Staff
53797,Hatem,Perfilyeva,Senior Staff
53805,Lansing,Gimarc,Staff
53822,Mats,McFarlin,Senior Staff
53824,Narain,Highland,Staff
53827,Shan,Baek,Engineer
53831,Shaw,Nations,Senior Engineer
53833,Subhrajyoti,Baaz,Senior Staff
53834,Poornachandra,Antonisse,Senior Staff
53835,Francesca,Sherertz,Senior Staff
53853,Mario,Seghrouchni,Staff
53855,Ranga,Ramamoorthy,Senior Engineer
53856,Tzu,Reinhart,Engineer
53857,Nirmal,Itzfeldt,Engineer
53858,Abdelwaheb,Greibach,Senior Staff
53860,Nahid,Masamoto,Senior Staff
53862,Manohar,Siprelle,Staff
53868,Jixiang,Angelov,Senior Staff
53871,Xudong,Hebert,Senior Staff
53883,Shaleah,Shackell,Assistant Engineer
53886,Yonghong,Hofmeyr,Senior Engineer
53896,Chinya,Trogemann,Senior Staff
53903,Xiaoheng,Flowers,Senior Staff
53913,Boalin,Waleschkowski,Senior Engineer
53915,Tomofumi,Famili,Staff
53919,Xudong,Schusler,Staff
53922,Freyja,Gire,Senior Staff
53926,Guoxiang,Argence,Senior Engineer
53928,Sahrah,Schreiter,Senior Engineer
53930,Weiwu,Showalter,Senior Staff
53933,Yolla,Cangellaris,Senior Engineer
53938,Adib,Garrabrants,Staff
53942,Xiaoheng,Carrere,Senior Staff
53943,Yannis,Hagimont,Engineer
53944,Dzung,Bhattacharjee,Engineer
53947,Shooichi,Henseler,Senior Engineer
53953,Shigehiro,Chepyzhov,Staff
53954,Dipankar,Foong,Senior Engineer
53955,Sven,Soloway,Engineer
53958,Marla,Olano,Staff
53961,Shawna,Camarinopoulos,Engineer
53967,Makato,Osgood,Staff
53973,Menkae,Rabejac,Engineer
53974,Nahla,Reghbati,Senior Engineer
53977,Alper,Unno,Senior Staff
53978,Danai,Veccia,Senior Engineer
53980,Renee,Haumacher,Engineer
53984,Yongqiao,Gist,Senior Engineer
53985,Haldon,Veeraraghavan,Staff
53992,Yannik,Chiodo,Staff
53993,Hailing,Danlos,Engineer
53994,Maris,Moffat,Engineer
54002,Sudharsan,Boudaillier,Engineer
54003,Sajjad,Falco,Senior Engineer
54007,Sadok,Janocha,Engineer
54008,Bowen,VanScheik,Senior Staff
54020,Constantijn,Hammerschmidt,Senior Engineer
54021,Supot,Bennet,Senior Staff
54023,Alois,Trelles,Senior Engineer
54025,Ewing,Knightly,Engineer
54029,Mona,Smailagic,Senior Staff
54033,Nagui,Ranka,Senior Engineer
54037,Hironobu,Grabner,Senior Staff
54039,Basil,Crouzet,Staff
54041,Douadi,Berendt,Senior Staff
54042,Leandro,Fiutem,Senior Engineer
54044,Yuuichi,Muhling,Senior Staff
54047,Zeydy,Pulkowski,Senior Engineer
54049,Christoper,Debuse,Senior Engineer
54055,Mitsuyuki,Famili,Senior Staff
54058,Muneo,Rohrbach,Staff
54063,Bedrich,Perna,Engineer
54067,Rajmohan,Ambroszkiewicz,Engineer
54071,Hitofumi,Segond,Senior Staff
54076,Neven,Randi,Staff
54077,Sanjoy,McClure,Staff
54082,Hilary,Coombs,Staff
54085,Dharmaraja,Marchesini,Senior Staff
54087,Tooru,Bolotov,Senior Engineer
54089,Sandeepan,Barriga,Technique Leader
54090,Jolita,Ozeki,Senior Staff
54091,Peternela,Menhardt,Staff
54094,Shin,Slutz,Assistant Engineer
54096,Georg,Reeken,Technique Leader
54101,Samphel,Kumaresan,Senior Engineer
54102,Vesna,Ciolek,Senior Engineer
54105,Hidefumi,Peck,Staff
54109,Margo,Penz,Staff
54110,Subir,Rotem,Staff
54112,Shridhar,Bolotov,Senior Engineer
54114,Jouni,Conde,Engineer
54116,Shakhar,Takanami,Engineer
54118,Lena,Muntz,Engineer
54120,Gritta,Farrar,Staff
54123,Kien,Bahk,Senior Staff
54131,Rayond,Murrill,Senior Staff
54134,Venkatesan,Nilsson,Senior Staff
54136,Jongsuk,Uludag,Staff
54138,Jacopo,Rindone,Technique Leader
54139,Tomoyuki,Budinsky,Senior Engineer
54140,Tzu,Farrel,Engineer
54143,Toshimo,Matzke,Engineer
54148,Alain,Apsitis,Senior Staff
54149,Arumugam,Pietracaprina,Staff
54150,Elrique,Angelov,Engineer
54158,Mantis,McConalogue,Senior Engineer
54163,Yuichiro,Nitsch,Senior Staff
54164,Sahrah,Penz,Senior Staff
54166,Bedir,Puppe,Senior Staff
54170,Chenye,Delgrossi,Staff
54182,Debaprosad,Verhaegen,Senior Engineer
54183,Khalid,Farrel,Senior Engineer
54191,Dipankar,Glowinski,Senior Staff
54194,Lijie,Trystram,Senior Engineer
54201,Shigeu,Stranks,Technique Leader
54206,Marsja,Auyong,Senior Engineer
54207,Radhika,Bhattacharjee,Technique Leader
54216,Lech,Driscoll,Technique Leader
54223,Kensei,Muhling,Senior Engineer
54226,Chinya,Michaeli,Senior Engineer
54231,Arnould,Greenaway,Senior Engineer
54232,Bingning,Stamatiou,Engineer
54236,Yonghong,Godskesen,Engineer
54237,Shigehito,Undy,Senior Staff
54244,Yongmao,Serot,Senior Staff
54245,Margo,Verhaegen,Engineer
54246,Candida,Kohling,Senior Engineer
54247,Tomoyuki,Lupu,Senior Engineer
54250,Mary,Kalafatis,Staff
54254,Jianwen,Ramsey,Engineer
54256,Abdulah,Perfilyeva,Senior Engineer
54257,Satoru,Molenaar,Senior Engineer
54266,Huan,Wiegley,Senior Engineer
54270,Saeed,Jarecki,Senior Engineer
54274,Mizuhito,Vakili,Technique Leader
54281,Jaewoo,Tsunoo,Technique Leader
54286,Kaijung,Erbe,Senior Staff
54287,Spyrose,Cannard,Senior Engineer
54292,Parke,Gide,Engineer
54298,Taizo,Orsini,Engineer
54302,Bangqing,Egerstedt,Engineer
54305,Shaowen,Birke,Technique Leader
54307,Yuqun,Bondorf,Senior Engineer
54308,Richara,Ravishankar,Staff
54309,Mohamadou,Bressoud,Senior Engineer
54311,Inderjeet,Chappelet,Engineer
54321,Hidde,Peroz,Senior Engineer
54323,Shem,Rajcani,Senior Staff
54324,Tsutomu,Hutter,Senior Staff
54325,Tadahiro,Walstra,Senior Engineer
54327,Susuma,Rosin,Senior Staff
54328,Akeel,Bruckman,Engineer
54329,Foong,Jeong,Senior Engineer
54331,Zhensheng,Schwartzbauer,Staff
54336,Lenore,Usdin,Engineer
54337,Toney,Potthoff,Engineer
54340,Yinghua,Rosenbaum,Senior Staff
54343,Hatem,Junot,Senior Engineer
54347,Ewing,Motley,Senior Engineer
54352,Hilary,Daescu,Senior Engineer
54357,Qunsheng,Roisin,Senior Engineer
54359,Charmane,Melski,Senior Staff
54362,Beshir,Sichman,Senior Engineer
54366,Mohamadou,Terekhov,Senior Engineer
54371,Sivanarayana,Esposito,Engineer
54372,Khalid,Peral,Senior Engineer
54373,Xuedong,Pocchiola,Engineer
54375,Rafail,Hofstetter,Senior Engineer
54383,Sanjay,Makrucki,Senior Engineer
54385,Marsja,Swiss,Senior Engineer
54388,Khue,Mitchem,Staff
54389,Bingning,Linares,Senior Engineer
54391,Khosrow,Chaudhuri,Senior Staff
54397,Fen,Langford,Senior Staff
54398,Otilia,Panienski,Senior Staff
54400,Muneo,Reistad,Staff
54405,Tsz,Kisuki,Senior Staff
54406,Hirochika,Stavenow,Senior Staff
54407,Adhemar,Attimonelli,Senior Staff
54408,Frazer,Birjandi,Senior Engineer
54409,Piyush,Roccetti,Engineer
54410,Domenick,Rosis,Senior Engineer
54415,Shem,Parascandalo,Senior Staff
54416,Roddy,Sabnani,Senior Staff
54420,Youngkon,Rajcani,Staff
54424,Wayne,Halevi,Senior Engineer
54425,Goncalo,Jarecki,Senior Staff
54429,Tsuneo,Kopetz,Senior Engineer
54430,Kaijung,Pezzoli,Senior Staff
54436,Kasidit,Vesel,Staff
54437,Marjo,Anger,Senior Staff
54441,Miyeon,Uhrig,Staff
54442,Nadjib,Isaak,Senior Engineer
54443,Gro,Grabner,Senior Staff
54448,Shietung,Pettit,Senior Engineer
54450,Jaana,Ranon,Senior Engineer
54452,Jacqueline,Bratten,Senior Staff
54463,Masamitsu,Langford,Senior Staff
54465,Torsten,Bresenham,Senior Staff
54467,Basant,Giaccio,Senior Staff
54469,Pramod,Pashtan,Engineer
54470,Piyush,Bhattacharjee,Assistant Engineer
54471,Kotesh,Schiettecatte,Senior Engineer
54473,Aiman,Benaini,Senior Staff
54474,Ult,Schreiter,Technique Leader
54476,Felicidad,Ferretti,Senior Engineer
54480,Danel,Nilsson,Engineer
54484,Elvis,Heuser,Engineer
54489,Shahar,Oaver,Senior Staff
54494,Weiru,Picht,Senior Staff
54495,Elliott,Kaltofen,Senior Staff
54496,Fun,Lovengreen,Staff
54500,Jiafu,Shackell,Senior Engineer
54503,Conor,Yurov,Senior Engineer
54505,Huiqun,Lundstrom,Engineer
54506,Nathan,Gire,Staff
54512,Piyush,Dengi,Senior Engineer
54513,Conal,Nishimukai,Senior Engineer
54515,Hitomi,Sooriamurthi,Engineer
54517,Jongsuk,Liesche,Engineer
54520,Elzbieta,Georgakopoulos,Senior Engineer
54524,Charlene,Baaleh,Technique Leader
54527,Leszek,Lorch,Senior Engineer
54528,Tomoyuki,Narwekar,Senior Engineer
54529,Lubomir,Nitsch,Staff
54532,Xiadong,Peng,Senior Engineer
54533,Goetz,Bach,Senior Engineer
54536,Ennio,Hanratty,Senior Engineer
54542,Lech,Unno,Engineer
54543,Jacqueline,Bridgland,Senior Engineer
54547,Mart,Picco,Staff
54548,Gadiel,Crouzet,Senior Engineer
54550,Rajmohan,Marciano,Senior Staff
54551,Sudharsan,Gargeya,Senior Engineer
54552,Takahiro,Flowers,Senior Engineer
54556,Temple,Masada,Senior Engineer
54560,JiYoung,Peck,Senior Engineer
54561,Dipayan,Clemencon,Senior Staff
54563,Shunichi,Menyhert,Engineer
54566,Debaprosad,Kropf,Senior Engineer
54571,Arie,Peha,Engineer
54572,Niclas,Smailagic,Staff
54574,Stabislas,Czaja,Senior Staff
54581,Masanao,Stassinopoulos,Senior Engineer
54582,Zissis,Rusterholz,Senior Staff
54584,Fusako,Plotkin,Engineer
54585,Khatoun,Ranft,Senior Staff
54593,Vishu,Demri,Engineer
54595,Jixiang,Bultermann,Senior Staff
54598,Weiyi,Werthner,Engineer
54606,Jacqueline,Schwartzburd,Senior Engineer
54607,Berthier,Swist,Senior Staff
54610,Martina,Seuren,Staff
54611,Susanne,Auyong,Senior Staff
54614,Nobuyoshi,Antonakopoulos,Senior Engineer
54617,Tsvetan,Babb,Senior Engineer
54618,Zhiguo,Reeken,Senior Engineer
54621,Sven,Murrill,Senior Engineer
54625,Kazuhito,Showalter,Senior Engineer
54635,Jayesh,Lampe,Engineer
54636,JiYoung,DasSarma,Technique Leader
54638,Valter,Shimshoni,Engineer
54646,Aria,Hertweck,Staff
54648,Denny,Setiz,Senior Engineer
54651,Arnd,Rando,Senior Staff
54654,Kiam,Basagni,Engineer
54655,Lenore,Kossowski,Senior Staff
54662,Tsz,Picht,Senior Engineer
54663,Vincent,Bahi,Senior Staff
54669,Xinan,Henseler,Staff
54670,Duke,Speek,Senior Staff
54674,Fumino,Kaiserswerth,Senior Staff
54676,Hugo,Atrawala,Staff
54677,Chirstian,Schaaf,Senior Engineer
54679,Sailaja,Cyne,Engineer
54680,Akeno,Chenoweth,Senior Staff
54685,Marek,Georgatos,Senior Engineer
54687,Eran,Fabrizio,Engineer
54690,Abdelghani,Rijsenbrij,Senior Engineer
54700,Marjo,Marchesini,Senior Engineer
54703,Zhenhua,Swen,Senior Staff
54704,Kellyn,Rebaine,Senior Engineer
54706,Kotesh,Rosaz,Engineer
54707,Odysseas,Itzigehl,Senior Engineer
54710,Nikolaos,Poujol,Staff
54716,Mart,Rodiger,Senior Staff
54719,Elrique,Luon,Assistant Engineer
54724,Jinxi,Leaver,Staff
54728,Xudong,Polupanov,Engineer
54729,Along,Krohn,Engineer
54746,Ramzi,Liesche,Senior Staff
54758,Kwun,Butner,Senior Staff
54765,Denny,Kuhnemann,Senior Engineer
54767,Richara,Peac,Senior Engineer
54770,Charlene,Demizu,Senior Engineer
54772,Khedija,Krohn,Senior Engineer
54773,Avishai,Cichocki,Senior Engineer
54775,Chinya,Emden,Senior Staff
54777,Niteen,Oxenboll,Senior Staff
54783,Abdelghani,Nannarelli,Senior Engineer
54788,Prasadram,Tokunaga,Senior Staff
54789,Munehiro,Boyle,Senior Engineer
54790,Xiaoqiang,Kampfer,Assistant Engineer
54796,Khun,Birch,Engineer
54799,Somnath,Oehlmann,Senior Staff
54808,Cristinel,Luby,Staff
54809,Mitsuyuki,Iacovou,Engineer
54815,Subhankar,Irland,Senior Staff
54816,Remzi,Cunliffe,Senior Staff
54818,Boguslaw,Mawatari,Senior Staff
54819,Branimir,Deverell,Senior Staff
54821,Dulce,Chinen,Engineer
54824,Shuho,Basawa,Senior Engineer
54826,Adhemar,Mamelak,Staff
54827,Shirish,Vidya,Staff
54830,Tadahiro,Trystram,Senior Engineer
54834,Willard,Cyre,Senior Staff
54837,Jordanka,Melton,Senior Staff
54840,Vishwani,Fandrianto,Senior Engineer
54847,Khaled,Arlazarov,Senior Engineer
54850,Masami,Ozery,Engineer
54853,Van,Heemskerk,Senior Engineer
54855,Gian,Gulla,Senior Engineer
54858,Chinho,Sundgren,Senior Engineer
54863,Fumitaka,Adachi,Staff
54865,Vidya,Riexinger,Senior Engineer
54868,Ult,Highland,Senior Engineer
54870,Tooru,Zeidenstein,Senior Engineer
54880,Sanjay,Baezner,Staff
54884,Lillian,Greenaway,Staff
54888,Manohar,Danley,Senior Engineer
54889,Lalit,Heinisuo,Engineer
54892,Sandeepan,Goldhammer,Senior Engineer
54896,Apostol,Mersereau,Senior Staff
54897,Hyuckchul,Katiyar,Senior Staff
54910,Randi,Masaki,Engineer
54914,Gill,Bojadziev,Senior Staff
54918,Volkmar,Malinowski,Senior Engineer
54923,Masoud,Perz,Senior Engineer
54924,Mayumi,Krupka,Senior Staff
54928,Kristine,Monarch,Senior Staff
54929,Gilbert,Tramer,Senior Staff
54931,Sugwoo,Monarch,Engineer
54932,Kamakshi,Munoz,Senior Staff
54933,Ashish,Dayana,Senior Staff
54934,Zhensheng,Jording,Senior Staff
54939,Poorav,Penz,Senior Staff
54942,Akeel,Kusakari,Senior Staff
54943,Jongsuk,Kroft,Staff
54950,Yuriy,Anick,Senior Engineer
54954,Kyoichi,Krohn,Staff
54957,Jiafu,Greenaway,Technique Leader
54961,Nechama,Spelt,Senior Engineer
54963,Toshiko,Bellmore,Engineer
54965,Berry,Piazza,Technique Leader
54966,Jouni,Hempstead,Senior Engineer
54967,Bokyung,Soicher,Engineer
54968,Rafael,Bondorf,Senior Engineer
54972,Leon,Underwood,Engineer
54977,Barun,Slutz,Senior Engineer
54981,Giao,Pettis,Senior Staff
54984,Danil,Perng,Senior Engineer
54989,Masato,Range,Senior Staff
54993,Tristan,Hatcliff,Senior Engineer
54994,Chaosheng,Birta,Senior Staff
54995,Nidapan,Gide,Senior Staff
54996,Arno,Azumi,Senior Staff
55000,Tetsurou,Werthner,Senior Staff
55001,Rosita,Kading,Engineer
55003,Jaber,Lanteri,Senior Staff
55005,Nikolaus,Aumann,Senior Engineer
55008,Zvonko,Gire,Senior Engineer
55011,Takushi,Staudhammer,Staff
55024,Jaber,Srimani,Technique Leader
55036,Tomokazu,Feldmann,Technique Leader
55037,Paris,Hofman,Senior Staff
55043,Noritoshi,Walston,Senior Engineer
55046,Heping,Kleiser,Senior Staff
55048,Pasqua,Percebois,Senior Staff
55049,Chenyi,Arlazarov,Senior Staff
55050,Xuedong,Henders,Senior Engineer
55052,Navin,Perz,Technique Leader
55054,Maja,Akazan,Engineer
55055,Weijing,Coors,Senior Engineer
55059,Sakthirel,Conte,Senior Engineer
55062,Haldun,Pokrovskii,Senior Engineer
55064,Ziyad,Wroclawski,Senior Staff
55068,Kyoichi,Wielonsky,Assistant Engineer
55069,Ewing,Schreiter,Senior Staff
55070,Charmane,Woycyznski,Assistant Engineer
55073,Yahiko,Swiler,Senior Engineer
55074,Arnould,Waeselynck,Engineer
55076,Herbert,Majewski,Engineer
55078,Janche,Gecseg,Engineer
55080,Jinxi,Ariola,Technique Leader
55081,Sadok,Sanella,Senior Engineer
55084,Hyuncheol,Erev,Senior Staff
55085,Dekang,Dratva,Staff
55089,JoAnna,Boreale,Senior Staff
55090,Teruyuki,Schueller,Senior Engineer
55093,Magdalena,Kalafatis,Senior Engineer
55094,Nadjib,Gulik,Senior Engineer
55095,Sahrah,Pramanik,Senior Engineer
55112,Kazunori,Emmerich,Engineer
55115,Sajjad,Rusmann,Senior Engineer
55117,Khosrow,Merlo,Senior Engineer
55123,Randy,Thummel,Senior Staff
55127,Volkmar,Kugler,Senior Engineer
55129,Monique,Morris,Senior Staff
55131,Saeed,Eugenio,Senior Engineer
55132,Richara,Alblas,Senior Staff
55139,Nigel,Sommer,Engineer
55149,Mabry,Kaiserswerth,Engineer
55151,Guther,Rosca,Senior Engineer
55154,Brigham,Schiettecatte,Senior Engineer
55162,Yuriy,Taneja,Engineer
55169,Divine,Kuszyk,Senior Engineer
55180,Ung,Falco,Senior Engineer
55184,Badri,Ramsak,Staff
55187,Margareta,Kambil,Senior Staff
55188,Ute,Nyanchama,Senior Engineer
55192,Weijing,Templeman,Senior Engineer
55194,Yechiam,Cyne,Senior Engineer
55199,Marco,Gadepally,Senior Engineer
55204,Yuqun,Pagter,Senior Staff
55205,Phuoc,Peltason,Senior Staff
55207,Yefim,Ranon,Senior Engineer
55210,Wonhee,Thombley,Senior Engineer
55217,Poorav,Pews,Senior Staff
55223,Sariel,Schieder,Staff
55226,Marsal,Gecsel,Senior Engineer
55227,Guozhong,Bach,Senior Staff
55228,Keiichiro,Millington,Senior Staff
55230,Howell,Gonthier,Engineer
55235,Toong,Gide,Engineer
55237,Phule,Taubenfeld,Senior Engineer
55238,Elvia,Maquelin,Senior Staff
55239,Akeno,Mullainathan,Senior Engineer
55240,Weiru,Zwicker,Senior Engineer
55242,Vitaly,Henseler,Staff
55261,Arfst,Siprelle,Senior Engineer
55265,Luisa,Waleschkowski,Senior Engineer
55269,Gunilla,Veevers,Senior Engineer
55272,Mohua,Isaac,Senior Engineer
55273,Chiranjit,Zockler,Senior Staff
55276,Masali,Cools,Senior Engineer
55277,Teunis,Azumi,Senior Engineer
55281,Mohammad,Ellozy,Senior Engineer
55282,Vidya,Erbe,Senior Engineer
55285,Bikash,Siegrist,Senior Engineer
55289,Leah,Erdmenger,Senior Staff
55291,Emdad,Perfilyeva,Engineer
55294,Patricia,Spieker,Senior Staff
55298,Hisao,Ghandeharizadeh,Staff
55306,Kotesh,Vuskovic,Senior Staff
55311,Masadi,Llado,Technique Leader
55319,Kwangho,Setlzner,Staff
55320,Wayne,Waschkowski,Senior Engineer
55323,Hausi,Staelin,Senior Staff
55328,Temple,Boudaillier,Senior Staff
55329,Heekeun,Slobodova,Senior Staff
55338,Chinhyun,Pesch,Senior Staff
55344,Tetsushi,Rijckaert,Engineer
55345,Wojceich,Vendrig,Senior Staff
55346,Hausi,Schrooten,Senior Engineer
55352,Thanasis,Peyn,Staff
55353,Takahito,Viele,Senior Staff
55363,Venkatesan,Comellas,Senior Staff
55367,Patricio,Rosch,Engineer
55368,Rosine,Heinisuo,Staff
55371,Weiru,Perry,Senior Engineer
55373,Otilia,Iwayama,Senior Engineer
55375,Houman,Caine,Senior Staff
55377,Kensei,Yamaashi,Senior Staff
55379,Anneke,Thambidurai,Technique Leader
55382,Ziya,Shihab,Engineer
55386,Bilhanan,Giarratana,Staff
55390,Gio,Rosis,Senior Staff
55403,Fox,Rikino,Staff
55404,Mara,Spell,Senior Staff
55405,Gao,Merey,Senior Engineer
55407,Gopalakrishnan,Birta,Technique Leader
55408,Remzi,Reistad,Senior Engineer
55409,Sverrir,Borstler,Senior Staff
55414,Divine,Talmon,Senior Engineer
55416,Jouko,Coors,Engineer
55417,Subbu,Eiron,Senior Staff
55419,Shuji,Trachtenberg,Technique Leader
55422,Mahendra,Kranzdorf,Senior Engineer
55428,Moto,Lammel,Senior Engineer
55429,Miyeon,Bamford,Senior Engineer
55435,Xiaocheng,Suri,Senior Staff
55438,Rajmohan,Lindenbaum,Senior Engineer
55440,Ramzi,Shinomoto,Senior Engineer
55441,Sasan,Wursthorn,Staff
55444,Martins,Gyorkos,Senior Staff
55446,Tesuya,Eldridge,Senior Engineer
55450,Vishv,Furudate,Senior Engineer
55456,Valeri,Kadhim,Senior Staff
55459,Hongzue,Zeidenstein,Senior Engineer
55466,Danae,Mitsuhashi,Senior Engineer
55471,Pranjal,Krupka,Engineer
55472,Gudjon,Birta,Senior Staff
55476,Kokou,Halevi,Engineer
55479,Serap,Erva,Senior Engineer
55481,Gina,Joslin,Senior Engineer
55483,Subir,Jiafu,Staff
55496,Iara,Braunmuhl,Engineer
55498,Filipe,Heusch,Senior Engineer
55499,Kamakshi,Diderrich,Senior Engineer
55504,Jouni,Radwan,Engineer
55505,Kristen,Fabrizio,Technique Leader
55506,Zhensheng,Kusakabe,Technique Leader
55510,Mabhin,Chaudhury,Engineer
55511,Bernt,Marshall,Senior Staff
55514,Masoud,Chleq,Senior Staff
55521,Sanjai,Brender,Senior Staff
55528,Indrajit,Swiler,Senior Staff
55541,Srinidhi,Georgakopoulos,Engineer
55542,Candido,Gaughan,Senior Engineer
55546,Filipe,Narwekar,Senior Engineer
55552,Ohad,Schicker,Assistant Engineer
55556,Fusako,Kaiserswerth,Senior Staff
55563,Nathan,Ranka,Staff
55565,Kyoichi,Cannata,Engineer
55567,Kamran,Krone,Senior Engineer
55568,Arne,Peris,Staff
55569,Martien,Alpay,Technique Leader
55571,Arie,Pusterhofer,Staff
55575,Martine,Piveteau,Senior Engineer
55589,Murthy,Naudin,Staff
55590,Anoosh,Shumilov,Senior Engineer
55592,Alexius,Karcich,Senior Staff
55593,Fumitaka,Leijenhorst,Senior Staff
55602,Adam,Olivero,Engineer
55605,Yagil,Chenney,Senior Staff
55610,Moty,Feldhoffer,Senior Staff
55622,Peer,Ranta,Senior Engineer
55624,Torsten,Shrader,Senior Staff
55632,Byong,Ravishankar,Assistant Engineer
55637,Szabolcs,Erde,Senior Engineer
55639,Gaetan,Bridgland,Senior Engineer
55641,Arra,Moehrke,Senior Engineer
55646,Jiakeng,Schmittgen,Senior Staff
55653,Aral,Bernardinello,Senior Staff
55655,Pranav,Tzvieli,Senior Engineer
55656,Toshimo,Molenaar,Senior Staff
55665,Mantis,Maginnis,Senior Engineer
55669,Shounak,Saoudi,Senior Engineer
55674,Fumiko,Biron,Senior Engineer
55675,Rimli,Molenkamp,Senior Staff
55679,Guozhong,Dehkordi,Senior Engineer
55681,Hatsukazu,Azuma,Senior Engineer
55682,Moto,Hanabata,Senior Engineer
55684,Mokhtar,Cappelli,Senior Engineer
55686,Ipke,Shinomoto,Senior Engineer
55695,Kiam,Karlin,Senior Staff
55696,Mohamadou,Giaccio,Senior Engineer
55699,Aluzio,Liesche,Senior Engineer
55701,JoAnne,Dulin,Senior Staff
55702,Gianluca,Kopetz,Senior Staff
55703,Percy,Masamoto,Senior Engineer
55704,Conor,Matzov,Engineer
55706,Paloma,Horswill,Engineer
55707,Vugranam,Stiles,Senior Engineer
55711,Uzi,Mamelak,Senior Engineer
55713,Arie,Serdy,Senior Engineer
55714,Sanjay,Speek,Engineer
55715,Heon,Silva,Senior Engineer
55718,Jeane,McAffer,Senior Staff
55720,Guther,Kamber,Senior Engineer
55722,Muzhong,Condotta,Technique Leader
55726,Vitali,Krohm,Senior Staff
55727,Dmitri,Hiyoshi,Senior Staff
55728,Zito,Remmers,Senior Staff
55729,Carrsten,Vesna,Senior Engineer
55731,Kousuke,Birch,Senior Staff
55738,Mitsuyuki,Backhouse,Engineer
55749,Heeju,Horswill,Engineer
55751,Lubomir,Penn,Engineer
55756,Alair,Warwick,Senior Staff
55762,Pascal,Rajcani,Technique Leader
55765,Kotesh,Noriega,Senior Engineer
55768,Shahid,Chandrasekhar,Senior Staff
55769,Geoffrey,Coombs,Senior Staff
55774,Pramod,Pettey,Staff
55777,Prodip,Chorvat,Senior Engineer
55781,Ymte,Lalonde,Senior Staff
55782,Weiye,Pietracaprina,Engineer
55783,Adam,McFarlin,Technique Leader
55784,Lijia,Luby,Senior Staff
55791,Ult,Mansanne,Technique Leader
55793,Tadahiro,Perry,Staff
55798,Pasqua,Knightly,Senior Staff
55804,Shuichi,Swiss,Senior Engineer
55806,Adin,Grospietsch,Staff
55807,Brendon,Holburn,Assistant Engineer
55809,Sergi,Ertl,Senior Engineer
55812,Kiyotoshi,Milicia,Engineer
55815,Shahaf,Georgakopoulos,Engineer
55825,Lech,Fairtlough,Staff
55832,Chikako,Sidje,Engineer
55835,Nechama,Waymire,Staff
55839,Rosalyn,Birch,Senior Staff
55843,Hailing,Leivant,Senior Staff
55848,Anneli,Ozeri,Senior Staff
55851,Guadalupe,Velardi,Senior Engineer
55861,Alois,Delgrande,Assistant Engineer
55864,Eldridge,Hutter,Senior Staff
55866,Ult,Puoti,Senior Engineer
55867,Piyawadee,Guerreiro,Senior Staff
55872,Basant,Quittner,Senior Engineer
55876,Jacopo,Hennebert,Senior Staff
55879,Feixiong,Uludag,Staff
55884,Maia,Hmelo,Senior Engineer
55894,Atreye,Schaft,Senior Engineer
55897,Jiafu,Karnin,Senior Engineer
55907,Ghassan,Herbst,Senior Staff
55908,Xinglin,Ghalwash,Senior Staff
55911,Randi,Noriega,Senior Staff
55914,Lobel,Thibadeau,Senior Engineer
55919,Chiranjit,Nergos,Senior Engineer
55929,Moni,Marakhovsky,Senior Staff
55932,Bedrich,Angot,Engineer
55933,Kristin,Kirkerud,Senior Staff
55935,Theirry,Skafidas,Senior Engineer
55936,Mona,Michaeli,Staff
55939,Macha,Landherr,Engineer
55945,Becky,Biros,Assistant Engineer
55946,Shan,Wossner,Senior Engineer
55947,Narain,Asmuth,Engineer
55948,Serap,Krzyzanowski,Senior Engineer
55949,Felicidad,Gini,Staff
55956,Barun,Rebaine,Engineer
55957,Itzchak,Merlo,Staff
55961,Alassane,Validov,Senior Engineer
55964,Aleksander,Auyong,Staff
55967,Hongzhu,Pena,Senior Engineer
55969,Udaiprakash,Gerteisen,Senior Staff
55971,Karoline,Gustavson,Assistant Engineer
55976,Hidekazu,Heystek,Senior Staff
55977,Aram,Wynblatt,Staff
55979,Guangming,VanScheik,Engineer
55982,Marco,Conde,Senior Staff
55985,Ung,Aamodt,Engineer
55996,Stamatina,Bellmore,Staff
56000,Mara,Fujisawa,Senior Engineer
56003,Paraskevi,Ranta,Senior Engineer
56010,Noritoshi,Nyanchama,Senior Engineer
56011,Odinaldo,Gils,Staff
56020,Alagu,Byoun,Senior Engineer
56021,Kshitij,Morris,Senior Engineer
56023,Kiyomitsu,Denti,Staff
56026,Martine,Farris,Senior Engineer
56029,Masami,Acton,Senior Staff
56034,Hinrich,Jayawardene,Engineer
56035,Avishai,Kaiser,Senior Staff
56038,Herbert,Murthy,Senior Staff
56039,Greger,Nicolson,Senior Staff
56049,Felicidad,Waymire,Senior Staff
56050,Jaroslava,Uhrik,Staff
56052,Sudhanshu,Markovitch,Senior Staff
56057,Zhaofang,Dusink,Staff
56058,Christoper,Schapire,Senior Staff
56064,Basem,Rijsenbrij,Senior Staff
56065,Mabhin,Nollmann,Staff
56069,Isamu,Gimbel,Senior Staff
56071,Augustine,Orsini,Senior Engineer
56075,Shih,Denis,Senior Engineer
56081,Charlene,Ravishankar,Senior Staff
56086,Yuuichi,Cooman,Staff
56087,Fumitaka,Zykh,Senior Engineer
56090,Teunis,Serot,Senior Engineer
56093,Utz,Braccini,Senior Staff
56098,Bernd,Tsunoo,Technique Leader
56103,Lidong,Waleschkowski,Engineer
56106,Saeko,Chiola,Senior Staff
56110,Jouni,Reeken,Senior Engineer
56114,Masadi,Krone,Senior Engineer
56115,Breannda,Peltason,Senior Staff
56118,Atreye,Thiran,Senior Engineer
56125,Heon,Thombley,Engineer
56126,Salvador,Koyama,Engineer
56127,Subbu,Sidje,Senior Staff
56135,Heping,Bade,Staff
56136,Ramya,Buchter,Senior Staff
56142,Shuho,Rothe,Senior Staff
56143,Sakthirel,Bondorf,Senior Staff
56146,Gilbert,Glowinski,Technique Leader
56156,Honglan,Frijda,Senior Staff
56157,Sajjad,Cannane,Senior Staff
56159,Zengping,Shumilov,Assistant Engineer
56163,Huiqun,Thisen,Senior Engineer
56167,Djenana,Tibblin,Senior Staff
56168,Kazuyasu,Fontet,Engineer
56169,Jeanne,Zlotek,Senior Engineer
56173,Barun,Erde,Staff
56176,Eldridge,Siksek,Senior Staff
56177,Yucel,Colorni,Senior Engineer
56180,Chenxi,Luff,Staff
56183,Takahiro,Aamodt,Staff
56186,Shigeu,Ecklund,Senior Engineer
56187,Youpyo,Lienhardt,Senior Engineer
56188,Mabhin,Eppinger,Senior Staff
56195,Pascal,Hashii,Senior Engineer
56198,Duro,Brattka,Senior Engineer
56200,Marsja,Demian,Senior Staff
56203,Divier,Baranowski,Staff
56208,Masoud,Segond,Senior Staff
56215,Xiaopeng,Brattka,Staff
56217,Gao,Zizka,Senior Staff
56218,Yuguang,Douceur,Senior Staff
56219,Tonny,Michaeli,Engineer
56225,Miquel,Rusmann,Senior Engineer
56227,Shen,Makrucki,Senior Staff
56229,Pascal,Marakhovsky,Assistant Engineer
56235,Subir,Vanwelkenhuysen,Senior Engineer
56239,Sariel,Zultner,Senior Engineer
56242,Rayond,Koshiba,Senior Staff
56243,Maha,Oxman,Senior Staff
56247,Shooichi,Denny,Engineer
56254,Yechezkel,Lunt,Senior Staff
56255,Matt,Albarhamtoshy,Assistant Engineer
56260,Kayoko,Farrar,Engineer
56261,Marjo,Herath,Senior Engineer
56262,Dharmaraja,Androutsos,Senior Staff
56264,Denis,Vecchio,Engineer
56267,Taisook,Serre,Senior Engineer
56270,Gian,Reinhard,Senior Engineer
56271,Huai,Plavsic,Technique Leader
56272,Tremaine,Furudate,Engineer
56279,Xiaopeng,Ramsay,Senior Staff
56281,Sanjoy,Brizzi,Senior Staff
56284,Margo,Molenkamp,Staff
56288,Kannan,Walston,Senior Engineer
56292,Maik,Barbanera,Senior Staff
56296,Lobel,Suessmith,Senior Engineer
56298,Gro,Peir,Senior Engineer
56300,Serge,Zobel,Senior Engineer
56303,Duri,Vendrig,Staff
56304,Luerbio,Bardell,Engineer
56306,Mack,Lindqvist,Senior Engineer
56312,Jaber,Baek,Senior Engineer
56314,Bowen,Morrey,Senior Staff
56319,Yishai,Broder,Staff
56325,Subir,Gniady,Senior Engineer
56326,Mantis,Juneja,Engineer
56327,Holgard,Karunanithi,Senior Engineer
56328,Surveyors,Rullman,Senior Engineer
56329,Zhenhua,Naumovich,Senior Engineer
56333,Jiann,Gini,Engineer
56334,Sadok,Clouatre,Senior Staff
56336,Fai,Sgarro,Senior Staff
56339,Arunas,Gill,Senior Staff
56346,Zhiguo,Bennet,Technique Leader
56348,Limsoon,Alameldin,Technique Leader
56350,Boguslaw,Ariola,Senior Staff
56364,Zdislav,Bakhtari,Senior Staff
56366,Aleksander,Szmurlo,Engineer
56368,Doowon,Angel,Senior Engineer
56369,Kristin,Lindenbaum,Engineer
56376,Prasadram,Sommer,Engineer
56377,Mountaz,Taubenfeld,Senior Staff
56378,Shichao,Lowrie,Senior Engineer
56380,Shuzo,Atchley,Senior Engineer
56382,Valery,Bardell,Staff
56386,Martijn,Anily,Staff
56389,Ronghao,Ghandeharizadeh,Senior Engineer
56393,Ute,Kolvik,Senior Staff
56400,Froduald,Munke,Senior Engineer
56403,Alagu,Honglei,Staff
56404,Tadahiko,Coney,Senior Staff
56406,Sachem,Schusler,Staff
56410,Jordanka,Iisaku,Senior Engineer
56412,Dinkar,Luga,Staff
56417,Xudong,Impagliazzo,Staff
56420,Limsoon,Hiltgen,Technique Leader
56423,Eckart,Huhdanpaa,Technique Leader
56424,Premsyl,Antonisse,Senior Staff
56426,Shigeu,Brlek,Engineer
56430,Tesuya,Klassen,Senior Staff
56436,Weiyi,Gornas,Engineer
56437,Prodip,Feldmann,Engineer
56439,Sangeeta,Henders,Senior Engineer
56445,Chikara,Liesche,Senior Engineer
56448,Kayoko,Covnot,Senior Engineer
56450,Atreye,Beidas,Senior Engineer
56451,Yuchang,Massonet,Senior Engineer
56455,Khaled,Juneja,Senior Staff
56463,Maja,Staudhammer,Technique Leader
56465,Kensei,Worfolk,Staff
56468,Zsolt,Haldar,Senior Engineer
56471,Takahira,Sinitsyn,Engineer
56476,Danae,Chiola,Senior Engineer
56486,Steen,Lindqvist,Staff
56487,Kwun,Hoogerwoord,Senior Engineer
56488,Tze,Cherinka,Senior Staff
56489,Jiakeng,Passafiume,Senior Staff
56492,Neven,Boreale,Senior Staff
56494,Oscar,Picco,Staff
56495,Lokesh,Genther,Assistant Engineer
56502,Dipayan,Ulupinar,Senior Engineer
56503,Tsvetan,Zwicker,Engineer
56506,Martijn,Claffy,Technique Leader
56507,Sasan,Luff,Senior Engineer
56510,Radhakrishnan,Brattka,Senior Engineer
56514,Dzung,Vieri,Engineer
56519,Magdalena,Taubenfeld,Senior Engineer
56520,Muzhong,Neiman,Staff
56524,Brewster,Salverda,Engineer
56525,Xuedong,Millington,Engineer
56527,Weiwu,Gonthier,Senior Staff
56528,Uinam,Heijenga,Senior Engineer
56529,Xinglin,Baaz,Senior Staff
56531,Quingbo,Renear,Senior Engineer
56533,Neven,Barinka,Senior Staff
56534,Chuanyi,Swen,Senior Staff
56539,Arup,Engelmann,Senior Engineer
56542,Radhakrishnan,Einsfeld,Senior Staff
56543,Chrisa,Hanabata,Technique Leader
56545,Arunas,Oehlmann,Assistant Engineer
56547,Mori,Stentiford,Senior Engineer
56550,Jianhui,Mukaidono,Staff
56551,Rimon,Gini,Senior Staff
56558,Satyanarayana,Ghazalie,Senior Staff
56559,Carrsten,Mondadori,Senior Engineer
56562,Fuqing,Hennings,Senior Staff
56563,Elliott,Billingsley,Senior Engineer
56565,Odinaldo,Hiltgen,Senior Engineer
56567,Prasadram,Cmelik,Senior Staff
56575,Berry,Simkin,Engineer
56577,Shigeu,Laurillard,Engineer
56578,Tristan,Sadowsky,Engineer
56581,Zhenbing,Cappello,Senior Staff
56583,Mayuko,McClurg,Senior Engineer
56588,Denny,Karcich,Staff
56589,Martial,Goldhammer,Senior Staff
56593,Herb,Muntz,Senior Engineer
56597,Tzvetan,Huhdanpaa,Senior Staff
56600,Ymte,Meriste,Engineer
56601,Feixiong,Mattern,Senior Engineer
56602,Mack,Ananiadou,Senior Staff
56605,Arun,Gist,Senior Engineer
56608,Denny,Trachtenberg,Senior Staff
56611,Lalit,Zhang,Senior Engineer
56619,Turgut,Rubsam,Senior Staff
56620,Fumiyo,Solares,Engineer
56621,Shahab,Knightly,Senior Engineer
56626,Sanjeeva,Rande,Senior Engineer
56628,Mark,Esposito,Technique Leader
56633,Percy,Varker,Staff
56634,Haldun,Demke,Senior Engineer
56637,Kwangho,Birnbaum,Senior Staff
56638,Ortrud,Bach,Technique Leader
56639,Ortrud,Kabayashi,Engineer
56643,Jayson,Ghazalie,Senior Staff
56645,Fun,Sluis,Technique Leader
56648,Mantis,Ranka,Senior Staff
56654,Moie,Badr,Engineer
56655,Martijn,Klassen,Senior Staff
56657,Kristian,Cichocki,Senior Staff
56658,Shimshon,Turnbull,Assistant Engineer
56659,Takahiro,Lanteri,Assistant Engineer
56660,Frazer,Veeraraghavan,Staff
56661,Navid,Kornatzky,Senior Staff
56662,Rosita,Kirkerud,Senior Staff
56663,Eben,Takanami,Senior Engineer
56666,Fumiyo,Pavlopoulou,Senior Staff
56667,Surveyors,Berstel,Senior Engineer
56670,Georg,Falck,Senior Staff
56673,Bokyung,Bahi,Senior Staff
56678,Murthy,McAffer,Senior Staff
56679,Mabry,Hmelo,Staff
56680,Remmert,Brender,Senior Staff
56684,Qiwen,Yoshizawa,Senior Engineer
56689,Eric,Heydon,Engineer
56692,Theirry,Serre,Senior Engineer
56693,Vesna,Halloran,Senior Staff
56694,Aram,Godskesen,Technique Leader
56698,Zsolt,Worfolk,Senior Staff
56701,KayLiang,Kobuchi,Senior Staff
56702,Jinpo,Plessier,Engineer
56706,Zita,Rodier,Senior Staff
56708,Petter,Varker,Technique Leader
56709,Yahiko,Uchoa,Engineer
56715,Rasiah,Gurbaxani,Senior Engineer
56719,Pranav,Bondorf,Staff
56726,Chuanti,Schmiedel,Senior Staff
56728,Lillian,Marakhovsky,Senior Staff
56732,Uma,Sudkamp,Senior Staff
56733,Qiwen,Siepmann,Senior Staff
56737,Arnould,Gils,Engineer
56740,Sashi,Vuskovic,Senior Engineer
56744,Yongqiao,Schwaller,Senior Engineer
56745,Shai,Pulkowski,Technique Leader
56753,Foong,Madeira,Staff
56756,Yunming,Mattern,Technique Leader
56758,Sungwon,Schlumberger,Technique Leader
56759,Fen,Gyimothy,Staff
56762,Maia,Serra,Staff
56763,Mahendra,Cangellaris,Senior Staff
56766,Elzbieta,Petereit,Engineer
56767,Mark,Trelles,Senior Staff
56770,Takushi,Taubman,Engineer
56772,Baocai,Luef,Engineer
56775,Sudhanshu,Attimonelli,Senior Staff
56778,Yucai,Plumb,Staff
56784,Cheong,Ohori,Engineer
56785,Nagui,Halevi,Engineer
56788,Doowon,Weedon,Engineer
56790,Mayuko,Walston,Technique Leader
56799,Gita,Sooriamurthi,Staff
56803,Nevio,McAffer,Senior Engineer
56804,Arra,Heinisuo,Senior Engineer
56805,Lech,Stifter,Engineer
56808,Yuriy,Anick,Senior Staff
56809,Dinkar,Ranon,Senior Engineer
56811,Petter,Vakili,Engineer
56818,Venkatesan,Imataki,Engineer
56824,Carrsten,Srimani,Engineer
56826,Marsha,Ghandeharizadeh,Engineer
56831,Zvonko,Baaz,Senior Engineer
56832,Jacopo,Falster,Engineer
56834,Aloke,Bressoud,Staff
56837,Xiadong,Emiris,Senior Engineer
56839,Zeydy,Morrow,Senior Engineer
56844,Kiyotoshi,Malabarba,Engineer
56852,Stafford,Khamsi,Senior Engineer
56853,Monique,Bennis,Engineer
56859,Conor,Jansen,Senior Staff
56861,Premal,Bondorf,Technique Leader
56862,Ymte,Thimonier,Senior Staff
56865,Bilhanan,Decleir,Assistant Engineer
56867,Jaques,Luiz,Senior Staff
56868,Kensyu,Babb,Senior Engineer
56873,Jaber,Delgrande,Technique Leader
56874,Karsten,Laventhal,Senior Staff
56878,Changho,Domenig,Senior Staff
56879,Arne,Junet,Senior Staff
56880,Parto,Vendrig,Senior Staff
56883,Honglan,Busillo,Senior Staff
56887,Fabrizio,Itschner,Senior Staff
56890,Zvonko,Rajaraman,Senior Staff
56892,Zhiguo,Asmuth,Senior Engineer
56893,Jixiang,Bhattacharjee,Senior Engineer
56894,Sajjan,Clouatre,Engineer
56899,Shiv,Steinauer,Senior Staff
56901,Sverrir,Fordan,Senior Engineer
56903,Giordano,Schusler,Staff
56905,Insup,Genin,Senior Staff
56907,Xianlong,Guenter,Senior Engineer
56909,Steve,Denny,Senior Staff
56912,Felicidad,Polupanov,Engineer
56922,Shaowei,Vakili,Assistant Engineer
56923,Djelloul,Zuberek,Senior Staff
56925,Sverrir,Kilgore,Senior Staff
56927,Karlis,Kroft,Staff
56929,Duro,Lung,Senior Staff
56934,Dekang,Kaltofen,Assistant Engineer
56936,Bernice,Wendorf,Senior Engineer
56938,Thodoros,Flowers,Senior Staff
56942,Morrie,Reistad,Staff
56943,Kendra,Mapelli,Senior Staff
56945,Fay,Nanard,Technique Leader
56950,Saeed,Edelhoff,Staff
56952,Itzchak,Leppanen,Senior Engineer
56954,Reuven,Peir,Senior Staff
56955,Lucian,Gihr,Engineer
56956,Dante,Showalter,Senior Staff
56961,Guoxiang,Peyn,Staff
56965,Akeel,Piancastelli,Staff
56968,Divier,Garigliano,Senior Staff
56970,Heping,Shrader,Senior Staff
56972,Shigeo,Schlumberger,Engineer
56975,Samphel,Sudkamp,Technique Leader
56978,IEEE,Preusig,Engineer
56981,Marsja,Tischendorf,Senior Staff
56982,Doohun,Bodoff,Staff
56984,Guiseppe,Erni,Senior Engineer
56985,Pranav,Bolotov,Senior Staff
56990,Dinkar,Hanratty,Senior Engineer
56991,Keung,Laurillard,Senior Staff
57000,Toshiko,Lortz,Senior Staff
57001,Kazunori,Erde,Staff
57004,Guther,Peris,Engineer
57006,Dung,Middleton,Senior Engineer
57013,Faiza,Rodier,Staff
57022,Michaela,Keustermans,Senior Engineer
57025,Toshimori,Zaumen,Senior Staff
57026,Tuval,Gyimothy,Technique Leader
57027,Niranjan,Conta,Staff
57031,Miomir,Peot,Engineer
57038,Maia,Kaminger,Senior Staff
57040,Arup,Lagarias,Senior Staff
57043,Jaber,Falco,Senior Engineer
57045,Luise,Picci,Senior Staff
57048,Sanjay,Suomi,Senior Staff
57049,Eberhardt,Pettit,Senior Engineer
57051,Xinyu,Angot,Engineer
57055,Divine,Kitai,Senior Staff
57064,Arco,Serov,Senior Engineer
57068,Mari,Rabehasaina,Senior Engineer
57071,Wilmer,Stenning,Senior Engineer
57075,Alexius,Duclos,Senior Staff
57078,Itzchak,Polupanov,Senior Engineer
57079,Shay,Rassart,Senior Engineer
57080,Odinaldo,Sooriamurthi,Engineer
57087,Niranjan,Giarratana,Senior Engineer
57095,Kellyn,Verhoeff,Senior Engineer
57096,Zijian,Ranai,Engineer
57106,Shridhar,Chiodo,Senior Engineer
57107,Shigenori,Serre,Senior Staff
57110,Gou,Stellhorn,Senior Staff
57111,Armond,Suermann,Senior Engineer
57112,Leandro,Dolinsky,Engineer
57115,Nirmal,Zobel,Engineer
57117,Nahid,Radhakrishnan,Senior Engineer
57118,Xinan,Champarnaud,Engineer
57119,Aleksandar,Bondorf,Senior Staff
57123,Fatemeh,Zedlitz,Engineer
57124,Kwangyoen,Benzmuller,Senior Staff
57135,Christ,Dolinsky,Staff
57139,Arco,Merel,Staff
57144,Arunachalam,Salinas,Senior Engineer
57150,Jayesh,Leivant,Technique Leader
57153,Rosine,Azumi,Senior Staff
57155,Lene,Brattka,Staff
57156,Jinpo,Demir,Staff
57157,Susuma,Byoun,Engineer
57164,Manu,Gecsel,Staff
57169,Kiam,Schiper,Senior Staff
57171,Subhankar,Ligten,Staff
57172,Eric,Hofman,Engineer
57176,Pranav,Stenning,Senior Engineer
57177,Souichi,Papsdorf,Senior Staff
57178,Oldrich,Rousseau,Senior Staff
57179,Danai,Alencar,Engineer
57180,Hein,Byoun,Senior Engineer
57184,Takushi,Cooke,Senior Engineer
57188,Taiji,Juneja,Senior Staff
57190,Youpyo,Uhrik,Senior Staff
57194,Eishiro,Frolund,Engineer
57198,Yucel,Noriega,Senior Engineer
57202,Subhrajyoti,Maksimenko,Technique Leader
57205,Mohd,Verspoor,Engineer
57208,Xiaoqiu,Greibach,Staff
57210,Odinaldo,Veccia,Senior Staff
57211,Uta,Undy,Senior Engineer
57217,Freyja,Sommer,Engineer
57218,Masamitsu,Ranum,Senior Engineer
57223,Danel,Copas,Engineer
57228,Jaideep,Brickell,Senior Engineer
57229,Haldon,Usery,Staff
57230,Vincent,Bennis,Senior Staff
57233,Hein,Murillo,Assistant Engineer
57234,Junsik,Veldwijk,Senior Staff
57242,Tetsushi,Lowrie,Senior Staff
57243,Shushma,Matteis,Senior Engineer
57246,Uinam,Bamford,Senior Staff
57248,Xiaocheng,Frolund,Senior Engineer
57255,Hyuckchul,Rodiger,Senior Staff
57256,Tomoyuki,Kalafatis,Staff
57261,Xinan,Usdin,Senior Engineer
57262,Steve,Yavatkar,Senior Staff
57267,Tze,Montresor,Senior Staff
57269,Tesuro,Berztiss,Senior Staff
57272,Neelam,Siprelle,Senior Engineer
57273,Gal,Baaleh,Senior Staff
57278,Narain,Ghandeharizadeh,Staff
57279,Rafail,Swab,Staff
57291,Richard,Rosin,Engineer
57294,Sariel,Engelmann,Staff
57295,Armond,Carrera,Technique Leader
57297,Tamiya,Benaini,Senior Staff
57300,Alejandro,Uhrig,Staff
57303,Kiyotoshi,Oskamp,Senior Staff
57307,Vojin,Vilarrasa,Senior Engineer
57308,Gritta,Parfitt,Senior Engineer
57311,Alenka,Maliniak,Senior Engineer
57312,Muzhong,Preusig,Engineer
57314,Ymte,Zyda,Senior Engineer
57316,Kousuke,Journel,Senior Staff
57319,Goa,Mayerwieser,Staff
57324,Abdelghani,Gajiwala,Engineer
57325,Hidde,Akiyama,Senior Staff
57328,Gopalakrishnan,Silva,Engineer
57329,Raimond,Collavizza,Senior Engineer
57331,Visit,Passino,Senior Engineer
57335,Francoise,Casperson,Senior Staff
57337,Vasiliy,Rabehasaina,Senior Engineer
57338,Mostafa,Rouquie,Senior Staff
57340,Gro,Constantine,Senior Engineer
57341,Shmuel,Frolund,Senior Engineer
57342,Arnd,Krychniak,Technique Leader
57345,Golgen,Merkl,Staff
57347,Seongbin,Gladwell,Engineer
57349,Debaprosad,Bondorf,Senior Engineer
57350,Aluzio,Georgakopoulos,Senior Engineer
57355,Shahar,Condotta,Engineer
57358,Valter,Serre,Staff
57367,Zissis,Fabrizio,Senior Engineer
57373,Mabry,Zhiwei,Senior Staff
57377,Adel,Slobodova,Engineer
57379,Pranay,Pollacia,Senior Staff
57380,Bodh,Verhoeff,Senior Engineer
57384,Chirstian,Birch,Engineer
57390,Isamu,Perl,Engineer
57392,Yechezkel,Detkin,Senior Staff
57395,Jiakeng,McFarlin,Staff
57397,Xiaocheng,Hmelo,Senior Staff
57398,Premal,Puppo,Senior Staff
57417,Gino,Aseltine,Senior Engineer
57421,Girolamo,Liesche,Senior Engineer
57426,Yannik,Lorch,Technique Leader
57427,Adit,Kalefeld,Engineer
57429,Krister,Zhang,Senior Engineer
57433,Amalendu,Besancenot,Technique Leader
57435,Kristin,Molenaar,Engineer
57437,Zhenhua,Eterovic,Engineer
57442,Arvin,Klassen,Senior Engineer
57450,Shridhar,Lagarias,Senior Staff
57457,Iara,Haumacher,Senior Engineer
57460,Tua,Sadowsky,Staff
57463,Tetsushi,Ranon,Senior Staff
57464,Weidon,Benveniste,Senior Engineer
57468,Collette,Roccetti,Senior Engineer
57472,Stepehn,Willoner,Technique Leader
57474,Gilbert,Katalagarianos,Senior Staff
57475,Parviz,Takanami,Senior Staff
57476,Badri,Staudhammer,Senior Staff
57477,Kellyn,Rijsenbrij,Assistant Engineer
57485,Georgy,Ligten,Senior Staff
57487,Yefim,Majewski,Senior Staff
57488,Junichi,Shimshoni,Senior Engineer
57489,Jaihie,Benaini,Senior Engineer
57492,Parto,Miyakawa,Senior Staff
57496,Lene,Pileggi,Senior Staff
57503,Yefim,Spinelli,Technique Leader
57508,Muneo,Rousseau,Senior Staff
57511,Weidon,Crabtree,Senior Staff
57513,Zorica,Merli,Senior Engineer
57520,Serif,Bach,Senior Staff
57521,Janalee,Baak,Staff
57524,Masamitsu,Chartres,Senior Staff
57525,Herbert,Dechter,Senior Staff
57526,Hatim,Denis,Senior Staff
57527,Conal,Garigliano,Senior Staff
57531,Tonia,Tomescu,Senior Engineer
57532,Yannis,Cochrane,Senior Engineer
57533,Kagan,Heuser,Engineer
57535,Dante,Petereit,Engineer
57537,Yannis,Hoogerwoord,Senior Staff
57540,Shounak,Armand,Engineer
57544,Gererd,Lammel,Senior Engineer
57546,Lena,Schoegge,Senior Staff
57547,Jaber,Stafford,Technique Leader
57548,Unal,Gihr,Engineer
57561,Mototsugu,Munos,Senior Staff
57565,Kasidit,Ranai,Staff
57566,Masami,Barinka,Engineer
57568,Toshimori,Gornas,Senior Engineer
57573,Ger,Emmerich,Staff
57575,Kellie,Schurmann,Engineer
57577,Piyush,Holburn,Senior Staff
57578,Moheb,Fioravanti,Technique Leader
57580,Mrinalini,Krupka,Senior Engineer
57581,Uta,Riesenhuber,Engineer
57587,Tianruo,Radwan,Engineer
57592,Heng,Wendorf,Assistant Engineer
57595,Heeju,Wielonsky,Senior Engineer
57596,Shigehito,Schahn,Senior Staff
57598,Lokesh,Heinisuo,Senior Staff
57601,Kazuyasu,Brobst,Senior Staff
57603,Arunas,Frezza,Senior Engineer
57606,Houman,Demizu,Engineer
57609,Greger,Casperson,Technique Leader
57610,Khaled,Vecchi,Staff
57612,Raimond,Rousseau,Senior Staff
57616,Akeno,Bergere,Staff
57618,Subhada,Schneeberger,Assistant Engineer
57620,Along,Kragelund,Technique Leader
57622,Jianhua,Koshino,Engineer
57628,Shigehiro,Gornas,Senior Staff
57629,Gretta,Vendrig,Senior Staff
57632,Martial,Imataki,Staff
57640,Aluzio,Stiles,Engineer
57649,Gino,Kropp,Engineer
57651,Ohad,Oxman,Senior Staff
57655,Remzi,Gulik,Technique Leader
57658,Maja,Bahk,Senior Staff
57659,Odinaldo,Levergood,Engineer
57660,Mayuri,Lally,Engineer
57664,Gladys,England,Senior Engineer
57665,Eldridge,Whittlesey,Senior Staff
57669,Jianhui,Homond,Engineer
57670,Poornachandra,Perz,Senior Engineer
57672,Stevo,Peltason,Engineer
57676,Alper,Noriega,Senior Staff
57680,Tse,Herath,Senior Engineer
57686,Valdiodio,Peek,Senior Staff
57688,Mariangiola,Hofting,Senior Staff
57689,Shuzo,Rosch,Senior Staff
57691,Bogdan,Seiwald,Staff
57695,Zhiguo,Kusakari,Staff
57696,Arne,Monarch,Engineer
57699,Yakichi,Talmor,Senior Engineer
57706,Kolar,Quaggetto,Senior Staff
57708,Nahla,Pardalos,Senior Engineer
57709,Geoff,Chleq,Engineer
57711,Bezalel,Farrow,Senior Staff
57713,Theron,Bolotov,Senior Engineer
57715,Shaibal,Chinen,Senior Staff
57716,Kristinn,Schmiedel,Senior Engineer
57718,Ayonca,Daescu,Technique Leader
57720,Subhankar,Hasham,Technique Leader
57721,Aral,Weedman,Senior Staff
57722,Florina,Candan,Staff
57724,Mark,Cools,Senior Staff
57725,Patricio,Millington,Staff
57727,Yannis,Vesel,Assistant Engineer
57733,Ramalingam,Cooke,Staff
57734,Sailaja,Peek,Staff
57740,Georgi,Osgood,Senior Engineer
57741,Dinah,Bouloucos,Senior Engineer
57744,Kiyotoshi,Pesch,Senior Engineer
57747,Fun,Lubachevsky,Senior Engineer
57749,Luisa,Conte,Senior Staff
57751,Dulce,Maksimenko,Technique Leader
57752,IEEE,Schusler,Staff
57753,Cordelia,Georgatos,Senior Engineer
57754,Maria,Krone,Staff
57755,Breannda,Munoz,Staff
57756,Kwok,Ghalwash,Senior Staff
57764,Yinghua,Gente,Engineer
57768,Izaskun,Talmor,Senior Staff
57769,Youpyo,Vickson,Senior Staff
57773,Gaurav,McClure,Technique Leader
57780,Martial,Androutsos,Senior Staff
57795,Magy,Tetzlaff,Senior Staff
57807,Xiadong,Ferriere,Engineer
57815,JiYoung,Munawer,Senior Staff
57819,Wilmer,Hellwagner,Staff
57821,Alejandra,Bolotov,Senior Staff
57822,Sachem,Camurati,Staff
57826,Alair,Litecky,Engineer
57827,Abdelkader,Vasanthakumar,Staff
57829,Taisook,Tokunaga,Staff
57834,Hideyuki,Demeyer,Senior Engineer
57837,Aria,Murtafg,Senior Engineer
57840,Panayotis,Jullig,Staff
57841,Jordanka,Baek,Staff
57847,Moon,Kornatzky,Senior Staff
57850,Ayakannu,Kawashima,Staff
57851,Horward,Nitta,Senior Engineer
57852,Sivanarayana,Sadowsky,Senior Staff
57856,Arunachalam,Bahi,Senior Staff
57861,Akhilish,Munoz,Senior Staff
57862,Reuven,Nyanchama,Senior Staff
57865,Kazuhiro,Demian,Senior Engineer
57869,Martine,Perl,Senior Engineer
57870,Yurii,Georgatos,Senior Engineer
57877,Brigham,Delgrande,Senior Engineer
57880,Mandell,Brodie,Staff
57882,Marsal,Bressoud,Senior Staff
57883,Uma,Danlos,Senior Engineer
57886,Fuqing,Kawashimo,Senior Staff
57891,Oscar,Schapiro,Senior Engineer
57893,Khalid,Tasistro,Senior Engineer
57897,Kwok,Kranzdorf,Engineer
57898,Atilio,Pearson,Senior Engineer
57901,Koichi,VanScheik,Technique Leader
57903,Chriss,Munck,Senior Staff
57908,Holgard,Monarch,Senior Staff
57910,Krassimir,Bale,Senior Engineer
57912,Mohan,Gilg,Staff
57915,Aral,Kermarrec,Senior Staff
57918,Adib,Caine,Senior Engineer
57919,Eckart,Fiutem,Senior Staff
57924,Zhensheng,Matzat,Senior Engineer
57926,Duangkaew,Shihab,Engineer
57929,Gro,Debuse,Senior Engineer
57930,Hideyuki,Veeraraghavan,Senior Staff
57933,Yishay,Aamodt,Staff
57938,Makato,Huhdanpaa,Engineer
57939,Yechezkel,Majewski,Senior Staff
57942,Licheng,Lindenbaum,Senior Engineer
57945,Tsvetan,Merlo,Senior Engineer
57949,Oldrich,Pezzoli,Staff
57950,Hidde,Bergere,Engineer
57958,Akhilish,Setiz,Senior Engineer
57959,Tooru,Cyre,Senior Staff
57963,Bogdan,Streit,Senior Engineer
57965,Manton,Bolsens,Senior Staff
57968,Froduald,Perng,Engineer
57971,Ziya,Eiron,Senior Engineer
57972,Gian,Malinowski,Senior Staff
57979,Jahangir,Noriega,Senior Engineer
57980,Shay,Matheson,Senior Engineer
57983,Ranga,Iisaku,Senior Staff
57985,Mokhtar,Bamford,Senior Staff
57986,George,Bodoff,Engineer
57988,Sahrah,Isaak,Senior Staff
57990,Haldun,Buescher,Senior Engineer
57996,Zhonghua,Xiaoshan,Staff
58000,Nahid,Glowinski,Senior Engineer
58002,Mayuko,Vakili,Senior Engineer
58006,Ipke,Binding,Senior Staff
58007,Nitsan,Zlotek,Senior Engineer
58009,Herbert,England,Engineer
58010,Gennady,Broder,Senior Staff
58012,Tadahiro,DasSarma,Senior Staff
58018,Sarita,Schieder,Technique Leader
58022,Franziska,Marsiglia,Senior Engineer
58024,Naftaly,Berztiss,Senior Engineer
58026,Marko,Klerer,Senior Staff
58027,Yakkov,Luef,Senior Engineer
58029,Satoru,Giveon,Engineer
58033,Maren,Etalle,Senior Staff
58034,Rasiah,Rahimi,Staff
58035,Jenwei,Speckmann,Senior Engineer
58044,Deniz,Khalil,Senior Staff
58045,Sajjad,Ellozy,Staff
58050,Demin,Saoudi,Senior Staff
58052,Kankanahalli,Melski,Technique Leader
58053,Zissis,Karunanithi,Senior Staff
58054,Christophe,Radwan,Senior Engineer
58055,Radoslaw,Plotkin,Engineer
58059,Behnaam,Zwicker,Senior Engineer
58062,Qingxiang,Chartres,Senior Engineer
58063,Dannz,Masand,Senior Staff
58067,Noritoshi,Walstra,Engineer
58073,Jianwen,Vecchio,Senior Staff
58077,Tse,Weedon,Senior Staff
58080,Hideyuki,Birta,Senior Staff
58082,Mohammad,Talmor,Technique Leader
58087,Narain,Szilard,Senior Staff
58094,Danil,Katiyar,Engineer
58096,Rosine,Usdin,Staff
58099,Yunming,Fortenbacher,Staff
58100,Weiyi,Worfolk,Senior Engineer
58102,Aiichiro,Erni,Technique Leader
58105,Adit,Luck,Senior Engineer
58107,Shichao,Schapiro,Senior Engineer
58109,Terresa,Ramsak,Assistant Engineer
58111,Naftaly,Trystram,Engineer
58115,Manu,Peir,Senior Engineer
58118,Hidekazu,Butner,Senior Staff
58119,Mads,Glinert,Senior Staff
58121,Yuqun,Bugaenko,Senior Staff
58123,Zhaofang,Isard,Senior Staff
58125,Xiaoshan,Cesareni,Senior Engineer
58127,Arno,Pietracaprina,Engineer
58129,Chuanyi,Schnabel,Senior Staff
58132,Zdislav,Kawashimo,Senior Staff
58136,Lidong,Tsunoo,Engineer
58139,Otmar,Kakkar,Senior Engineer
58145,Kristinn,Bazelow,Senior Engineer
58149,Jaihie,Kemmerer,Engineer
58151,Masanao,Smeets,Senior Engineer
58161,Akhilish,Karner,Senior Engineer
58168,Aksel,Servieres,Engineer
58174,Zita,Rissanen,Engineer
58177,Vidar,Basagni,Senior Staff
58178,Bernt,Lamparter,Engineer
58181,Gunilla,Irland,Engineer
58182,Gennady,Kroft,Senior Engineer
58184,Yonghong,Mandelberg,Staff
58187,Muneo,Rosiles,Engineer
58197,Sahrah,Suri,Senior Engineer
58199,Yechiam,Karnin,Staff
58200,Berni,Ozeki,Senior Engineer
58201,Willard,Bashian,Senior Engineer
58206,Shaibal,Lorie,Senior Engineer
58213,Toshimitsu,Wolniewicz,Senior Engineer
58220,Uta,Vandervoorde,Assistant Engineer
58222,Sarita,Takanami,Technique Leader
58226,Ayonca,Gill,Staff
58227,Armond,Bierbaum,Assistant Engineer
58231,Marjo,Pauthner,Senior Staff
58238,Bartek,Farris,Senior Staff
58249,Wojceich,Siprelle,Staff
58253,Sachio,Chartres,Senior Engineer
58254,Premal,Ranft,Engineer
58260,Kiyomitsu,Noriega,Senior Engineer
58265,Guozhong,Wilharm,Senior Staff
58266,Stabislas,Desikan,Staff
58270,Jeanna,Ginneken,Senior Engineer
58275,Marsha,Shokrollahi,Staff
58280,Manohar,Peris,Senior Engineer
58286,Yechiam,Poujol,Senior Staff
58292,Patricio,Codenie,Staff
58297,Jungsoon,Brattka,Staff
58300,Frazer,Picco,Senior Staff
58301,Gift,Lindqvist,Senior Staff
58304,Mabo,Grospietsch,Senior Engineer
58306,Rosalyn,Danecki,Senior Engineer
58308,Valter,Maliniak,Senior Engineer
58312,Fumiya,Terwilliger,Senior Staff
58317,Eric,Kenevan,Engineer
58318,Supot,Chinal,Senior Staff
58319,Magy,Yemenis,Senior Staff
58320,Satosi,Madeira,Senior Engineer
58321,Djelloul,Hopewell,Staff
58325,Kokou,Riexinger,Senior Engineer
58327,Zhiwei,Tischendorf,Staff
58329,Paddy,Schiper,Engineer
58332,Dines,Bierbaum,Senior Engineer
58334,Wojceich,Heydon,Staff
58335,Chenye,Brodie,Senior Staff
58336,Lucian,Jeong,Engineer
58337,Tooru,Baek,Staff
58342,Serenella,Muniz,Senior Staff
58343,Moto,Vidal,Senior Staff
58346,Ibibia,Lambe,Senior Staff
58349,Morris,Ouhyoung,Staff
58351,Chenye,Cannard,Senior Staff
58352,Soenke,Hatcliff,Senior Engineer
58353,Shen,Brizzi,Staff
58357,Djenana,Vecchi,Senior Engineer
58358,Gurbir,Denos,Senior Staff
58362,Raimond,Randi,Staff
58363,Jaideep,Caine,Senior Staff
58364,Dmitry,Wuwongse,Staff
58366,Akeel,Schnabel,Senior Engineer
58368,Danai,Jenevein,Senior Staff
58369,Jiann,Schiper,Senior Staff
58371,Vugranam,Msuda,Senior Staff
58372,Jingling,Kawashima,Senior Engineer
58376,Marsja,Diderrich,Staff
58377,Goo,Panienski,Senior Staff
58378,Bilhanan,Gruenwald,Engineer
58381,JoAnna,Gustavson,Senior Staff
58383,Somnath,Tomescu,Senior Engineer
58387,Shaz,Thebaut,Senior Engineer
58388,Aemilian,Parveen,Senior Engineer
58391,Ayonca,Gyimothy,Senior Staff
58392,Youpyo,VanScheik,Engineer
58395,Hisao,Apsitis,Technique Leader
58396,Kenton,Billawala,Senior Staff
58401,Jiang,Garrabrants,Staff
58408,Weiyi,Puppo,Senior Staff
58409,Mara,Fordan,Senior Engineer
58410,Samphel,Bennis,Senior Staff
58412,Mabry,Sidje,Staff
58414,Shih,Schrift,Senior Staff
58416,Zeydy,Plavsic,Senior Staff
58417,Garnet,Bouloucos,Senior Staff
58418,Dmitry,Masamoto,Staff
58423,Wuxu,Badr,Staff
58425,Foong,Calkin,Engineer
58426,Seongbae,Cools,Staff
58427,Guozhong,Frezza,Senior Staff
58430,Olivera,Tetzlaff,Engineer
58434,Aluzio,Melton,Engineer
58435,Ottavia,Jonsson,Staff
58437,Maya,Rusterholz,Senior Staff
58443,Stein,Heping,Senior Staff
58446,Xiaoqiang,Reghbati,Senior Staff
58455,Miomir,Vidya,Senior Engineer
58457,Yuping,Delaune,Technique Leader
58458,Turgut,Koshiba,Senior Staff
58460,Mart,Wixon,Senior Staff
58462,Ronnie,Paciorek,Senior Staff
58464,Mara,Maliniak,Senior Engineer
58468,Lucian,Limongiello,Senior Staff
58475,Angel,Chaudhury,Senior Engineer
58483,Zine,Plotkin,Technique Leader
58485,Genki,Raney,Senior Staff
58490,Toshiko,Navazio,Senior Staff
58499,Marjo,Pileggi,Senior Engineer
58500,Gad,Gargeya,Engineer
58503,Vitali,Limongiello,Engineer
58508,Vasilis,Ravishankar,Engineer
58509,Anneli,Laurillard,Senior Staff
58510,Dzung,Falco,Senior Engineer
58511,Udaiprakash,Setlzner,Engineer
58515,Radhia,Hertweck,Senior Staff
58516,Xianlong,Knightly,Senior Staff
58517,Zita,Stentiford,Staff
58518,Along,Perfilyeva,Senior Engineer
58523,Prasadram,Bazelow,Senior Engineer
58524,Jaideep,Sidhu,Senior Engineer
58527,Feixiong,Daescu,Assistant Engineer
58533,Fumino,Crelier,Technique Leader
58534,Beshir,Jayawardene,Staff
58535,Susanna,Gruenwald,Senior Engineer
58536,Tetsurou,Ullian,Senior Engineer
58541,Anneli,Pouyioutas,Staff
58542,Zhenbing,Heystek,Assistant Engineer
58543,Gully,Beausoleil,Senior Engineer
58545,Kaijung,Ranta,Senior Engineer
58554,Feipei,Tzvieli,Staff
58559,Moti,Lamparter,Engineer
58562,Demos,Hoogerwoord,Staff
58567,Eric,Scallan,Senior Staff
58569,Moriyoshi,Emiris,Senior Staff
58570,Suebskul,Blokdijk,Senior Staff
58571,Charlene,Navazio,Senior Engineer
58575,Pasqua,Pfau,Senior Engineer
58576,Xianlong,Fraisse,Senior Engineer
58580,Zhiguo,Lienhardt,Senior Engineer
58586,Guozhong,Zockler,Staff
58587,Zijian,Detkin,Senior Engineer
58590,Jayson,Roisin,Senior Staff
58593,Hatsukazu,Petersohn,Senior Engineer
58594,Arne,Schusler,Senior Engineer
58602,Gen,Bahl,Technique Leader
58606,Jiakeng,Zaumen,Senior Engineer
58608,Jenwei,Khalid,Senior Staff
58609,Behnaam,Mawatari,Staff
58612,Divine,Junet,Engineer
58620,Toshimori,Rosenbaum,Senior Staff
58626,Moss,Reghbati,Senior Staff
58632,Kwangjo,Penn,Engineer
58634,Snehasis,Copas,Engineer
58635,Giordano,Rabejac,Senior Engineer
58636,Sandeepan,Chinal,Senior Staff
58637,Mohamadou,Peck,Senior Engineer
58639,Gregory,Emiris,Staff
58640,Noritoshi,Karcich,Senior Engineer
58644,Atilio,Ermel,Senior Staff
58646,Froduald,Goodrum,Senior Engineer
58653,Gretta,Hedayat,Senior Staff
58657,Pasqua,Kaltofen,Senior Engineer
58659,Claude,Rosin,Senior Staff
58663,Owen,Coorg,Senior Staff
58665,Mabhin,Marquardt,Senior Staff
58666,Guangming,Schmezko,Senior Staff
58667,Feipei,Pagter,Senior Engineer
58670,Parto,Maccarone,Senior Engineer
58672,Hatsukazu,Pavlopoulou,Engineer
58677,Bowen,Madeira,Senior Engineer
58678,Vivian,Zwicker,Senior Engineer
58682,Siamak,Flasterstein,Senior Staff
58684,Frederique,Denny,Engineer
58685,Yuping,Puppe,Senior Staff
58689,Zengping,Ushiama,Senior Staff
58690,Salvador,DuCasse,Engineer
58691,Narain,England,Senior Staff
58694,Kasidit,Kragelund,Senior Staff
58696,Zsolt,Ruemmler,Senior Staff
58702,Tayeb,Kornatzky,Staff
58709,Mang,Szmurlo,Senior Staff
58710,Jessie,Lindenbaum,Senior Staff
58713,Terresa,Kenevan,Senior Staff
58719,Eishiro,Levergood,Senior Engineer
58727,Junichi,Rullman,Senior Engineer
58728,Boguslaw,Parfitt,Senior Engineer
58735,Krassimir,Mayerwieser,Engineer
58736,Cheong,Denny,Senior Engineer
58743,Hitofumi,Stentiford,Senior Staff
58749,Sachem,Junet,Engineer
58753,Vitaly,Luders,Staff
58755,Indrajit,Zedlitz,Senior Staff
58757,Aria,Dechter,Senior Staff
58767,Rildo,Barreiro,Senior Staff
58773,Geoffry,Yavatkar,Engineer
58779,Junichi,Eppinger,Engineer
58780,Adin,Katzenelson,Senior Staff
58781,Matt,Gischer,Engineer
58787,Kristina,Erie,Engineer
58788,Shmuel,Anger,Senior Engineer
58789,Hercules,Cochrane,Senior Engineer
58790,Peternela,Zockler,Senior Staff
58795,Magdalena,Tsukuda,Senior Staff
58797,Xiaoheng,Breugel,Senior Staff
58801,Deniz,Rosch,Senior Engineer
58806,Shakhar,Naumovich,Senior Staff
58807,Murthy,Koshino,Senior Staff
58809,Domenick,Riesenhuber,Staff
58812,Fumiyo,Keohane,Senior Engineer
58814,Gurbir,Loncour,Senior Staff
58817,Xiaobin,Slutz,Engineer
58818,Tsvetan,Sidje,Senior Staff
58823,Feiyu,Pleszkun,Senior Staff
58824,Claudi,Baalen,Senior Engineer
58825,JoAnna,Swist,Senior Staff
58826,Emdad,Peral,Senior Engineer
58830,Uzi,Cunliffe,Senior Engineer
58832,Dinah,Szilard,Senior Staff
58835,Van,Vigier,Senior Engineer
58836,Constantino,Rahimi,Senior Engineer
58837,Bowen,Waleschkowski,Senior Engineer
58838,Vasiliy,Jarecki,Engineer
58841,Toshiko,Heuter,Senior Engineer
58847,Jeanne,Mikschl,Senior Staff
58848,Cathie,Cichocki,Senior Engineer
58849,Takanari,Herath,Senior Staff
58855,Lidong,Assaf,Staff
58859,Holgard,Thombley,Senior Staff
58860,Xudong,Lindenbaum,Technique Leader
58862,Alagu,Cannata,Senior Engineer
58864,Tonia,Plumb,Senior Engineer
58867,Yuchang,Piveteau,Senior Engineer
58869,Nahid,Eugenio,Senior Engineer
58876,Zhenbing,Chinen,Staff
58879,Cathie,Ushiama,Senior Engineer
58891,Make,Munawer,Senior Staff
58892,Masami,Cyne,Senior Staff
58895,Eishiro,Spinelli,Staff
58897,Kirk,Suermann,Senior Staff
58901,Sreenivas,Potthoff,Engineer
58904,Moti,Validov,Senior Staff
58909,Halsur,Serov,Staff
58913,Shahaf,Slaats,Technique Leader
58914,Aemilian,Passino,Engineer
58920,Youjian,Munke,Senior Engineer
58932,Horward,Seuren,Senior Staff
58933,Fusako,Demir,Engineer
58934,Bouchung,Hardjono,Senior Engineer
58943,Alejandra,Luks,Senior Staff
58949,Sanjai,Billingsley,Engineer
58950,Remzi,Bernardeschi,Senior Engineer
58957,Feiyu,Luft,Senior Staff
58959,Younwoo,Gecseg,Senior Staff
58966,Jolita,Tasistro,Senior Engineer
58970,Yongmin,Waterhouse,Senior Engineer
58973,Marke,Decleir,Senior Engineer
58974,Wonhee,Ravishankar,Senior Staff
58981,Kazuhiko,Kushner,Senior Staff
58988,Mototsugu,Lores,Engineer
58991,Annemarie,Schaap,Staff
58995,Claudi,Pehl,Engineer
58996,Sven,Dengi,Senior Engineer
59000,Yuriy,Barvinok,Senior Staff
59002,Alselm,Maraist,Senior Engineer
59005,Juyoung,Conde,Staff
59007,Patricio,Hiltgen,Senior Engineer
59011,Jouni,Flowers,Senior Engineer
59016,Terresa,Kornyak,Senior Engineer
59017,Akhilish,Pews,Senior Engineer
59018,Marsal,Liesche,Senior Staff
59020,Kazunori,Reeker,Senior Engineer
59023,Hatsukazu,Pashtan,Staff
59024,Fumiyo,Benaini,Staff
59025,Oddvar,Demir,Engineer
59029,Krassimir,Cmelik,Senior Staff
59032,Uinam,Pusterhofer,Senior Engineer
59043,Berry,Preusig,Staff
59047,Jiong,Botman,Senior Engineer
59060,Pohua,Jakobus,Senior Staff
59061,Shalesh,Lyonns,Senior Staff
59064,Muneo,Egerstedt,Staff
59065,Gou,Nitta,Technique Leader
59066,Abdulla,Mitina,Staff
59068,Weiyi,Erva,Engineer
59072,Sadok,Sigstam,Senior Engineer
59073,Roded,Zockler,Senior Staff
59078,Licheng,Larfeldt,Senior Engineer
59087,Shakhar,Erdmenger,Senior Staff
59089,Ramya,Zirintsis,Senior Engineer
59090,Yuguang,Frezza,Senior Staff
59093,Sanjoy,Impagliazzo,Staff
59094,Adin,McDermid,Senior Engineer
59096,Alexius,Leivant,Staff
59099,Howell,Shimshoni,Engineer
59107,Anneke,Constantine,Senior Engineer
59109,Tesuya,Morrey,Senior Engineer
59113,Lillian,Debuse,Senior Staff
59114,Xumin,Vieri,Staff
59118,Margo,Back,Staff
59121,Quingbo,Trumbly,Senior Staff
59123,Margareta,Magalhaes,Senior Staff
59125,Hyuckchul,Menhardt,Senior Engineer
59128,Jianwen,Lorho,Senior Engineer
59130,Mingsen,Baja,Engineer
59134,Atreyi,Salvesen,Engineer
59140,Bikash,Anido,Senior Engineer
59142,Murthy,Haraldson,Senior Engineer
59143,Taegyun,Demir,Senior Staff
59145,Tzu,Birch,Senior Engineer
59146,Mahendra,Kalloufi,Staff
59152,Yuguang,Sinicrope,Technique Leader
59155,Larisa,Crooks,Engineer
59161,Martijn,Goodrum,Senior Staff
59164,Hideo,Schaad,Engineer
59166,Charlene,Bernardinello,Senior Engineer
59175,Pradeep,Chinin,Senior Engineer
59176,Teiji,Suessmith,Senior Staff
59183,Kotesh,Cronau,Senior Engineer
59186,Anoosh,Bazzichi,Senior Staff
59189,Petter,Sgarro,Senior Engineer
59192,Luisa,Schusler,Engineer
59197,Wilmer,Granlund,Engineer
59199,Ennio,Ashish,Senior Staff
59203,Youngkon,Bernini,Technique Leader
59206,Shan,Wroclawski,Senior Engineer
59207,Toshimo,Zeidenstein,Staff
59210,Florian,Carrera,Technique Leader
59211,Lenore,Businaro,Engineer
59212,Koldo,Jeong,Senior Staff
59215,Doohun,Schwaller,Engineer
59219,Shounak,Peroz,Technique Leader
59224,Bartek,Rusterholz,Engineer
59227,Adly,Ruemmler,Senior Engineer
59228,Hatem,Jeong,Senior Engineer
59230,Oscar,Krichel,Senior Staff
59236,Siamak,Yurek,Senior Engineer
59237,Gen,Lundstrom,Staff
59238,Moni,Braunschweig,Staff
59242,Fun,Peak,Senior Staff
59245,Nahla,Greibach,Senior Staff
59248,Zhanqiu,Krzyzanowski,Engineer
59250,Toong,Arlazarov,Technique Leader
59251,Bilhanan,Liesche,Staff
59256,Tsvetan,Emiris,Senior Engineer
59260,Yongmin,Hennings,Senior Engineer
59268,Berry,Besancenot,Staff
59269,Chriss,Ebeling,Staff
59276,Heon,Bahk,Assistant Engineer
59277,Menkae,Mikschl,Senior Engineer
59279,Genevieve,Jeong,Staff
59283,Stevo,Bisiani,Senior Engineer
59289,Yucel,Sridhar,Staff
59294,Shietung,Mitchem,Engineer
59295,Subbu,Ducloy,Senior Staff
59299,Toney,Isaak,Assistant Engineer
59309,Dannz,Sury,Senior Staff
59311,Renee,Shiratori,Engineer
59312,Divier,Verhoeff,Senior Staff
59313,Jacqueline,Bisiani,Senior Engineer
59315,Tadanori,Schahn,Senior Staff
59317,Shirish,Taneja,Senior Staff
59319,Sarita,Gils,Staff
59322,Beshir,Cools,Senior Engineer
59323,Hein,Marciano,Senior Engineer
59331,Izaskun,Broder,Engineer
59333,Fay,Ratnaker,Senior Staff
59342,Babette,Colorni,Senior Staff
59344,Basant,Portugali,Staff
59346,Armond,Monkewich,Senior Staff
59348,Jackson,Heemskerk,Engineer
59349,Martijn,Bail,Senior Engineer
59351,Yannik,Ghemri,Engineer
59355,Shigeaki,Kinley,Senior Staff
59356,Lorien,Belinskaya,Engineer
59358,Arvind,Passino,Technique Leader
59360,Jianhua,Benveniste,Senior Engineer
59368,Younwoo,Baar,Senior Engineer
59374,Zhaofang,Bardell,Senior Staff
59379,Zsolt,Rajala,Engineer
59380,Zvonko,Berendt,Senior Staff
59382,Gal,Ducloy,Staff
59390,Patricio,Greibach,Staff
59391,Qunsheng,Plessier,Senior Engineer
59393,Rajmohan,Zaccaria,Senior Staff
59395,Richard,Karunanithi,Engineer
59396,Pranjal,Stanger,Engineer
59397,Elrique,Chachaty,Engineer
59400,Chinya,Giaccio,Senior Staff
59403,Spyrose,Fabrizio,Senior Engineer
59404,Marek,Mondadori,Staff
59409,Mechthild,Reeken,Senior Engineer
59413,Huei,Albarhamtoshy,Senior Staff
59414,Yuping,Kolvik,Senior Staff
59415,Francesca,Puoti,Engineer
59417,Anestis,Cappelletti,Senior Engineer
59432,Pascal,Farrar,Technique Leader
59433,Barna,Koshiba,Staff
59434,Saddek,Smailagic,Senior Staff
59435,Serge,Baig,Senior Engineer
59450,Goncalo,Highland,Senior Engineer
59456,Kazuhiko,Shumilov,Technique Leader
59462,Lech,Bale,Staff
59463,Wuxu,Nergos,Senior Engineer
59464,Selwyn,Koyama,Senior Staff
59465,Lillian,Luiz,Senior Staff
59466,Gila,Kornatzky,Senior Staff
59468,Kendra,Narlikar,Senior Staff
59470,Ziyad,Ghelli,Senior Staff
59471,Katsuo,Hiyoshi,Senior Staff
59475,Palash,Dahlbom,Senior Engineer
59480,Giordano,Esteva,Staff
59485,Ravishankar,Birrer,Senior Staff
59488,Saeko,Montresor,Senior Engineer
59490,Vasilis,Anido,Senior Engineer
59494,Ayakannu,Demos,Engineer
59496,Valery,Hebden,Senior Engineer
59499,Lijie,Furedi,Senior Staff
59505,Franziska,Pagter,Engineer
59507,Falguni,Bala,Senior Staff
59509,Vishwani,Schueller,Senior Engineer
59510,Shuichi,Bouloucos,Senior Staff
59513,Xiaoheng,Rosaz,Senior Engineer
59514,Palash,Camarinopoulos,Senior Staff
59520,Babette,Montresor,Technique Leader
59521,Kwok,Ponthieu,Senior Engineer
59530,Zhonghui,Ranon,Senior Staff
59537,Yefim,Pargaonkar,Senior Engineer
59538,Constantijn,Stiles,Senior Engineer
59539,Kwun,Slutz,Senior Staff
59540,Bader,Whitcomb,Staff
59543,Behnaam,Molenaar,Senior Staff
59544,Subhada,Cangellaris,Senior Engineer
59553,Aruna,Hockney,Senior Staff
59555,Augustine,Peot,Staff
59560,Shuho,Roisin,Senior Staff
59565,Angus,Taubenfeld,Staff
59566,Vugranam,Krybus,Engineer
59567,Richard,Huttel,Senior Staff
59569,Kazuyasu,Heyers,Engineer
59577,Adel,Swiler,Staff
59578,Pramod,Schade,Senior Staff
59581,Mani,Swab,Senior Engineer
59582,Chirstian,Montemayor,Staff
59586,Vidar,Luiz,Senior Staff
59593,Xiaoqiu,Steenbeek,Senior Staff
59602,Toshimo,Stamatiou,Senior Engineer
59605,Boguslaw,Rattan,Senior Staff
59606,Ashish,Rodier,Staff
59611,Wanqing,Fraisse,Senior Staff
59612,Francoise,Aumann,Staff
59613,Shaunak,Biros,Senior Engineer
59622,Caolyn,Thimonier,Senior Staff
59627,Tianruo,Rabejac,Senior Staff
59631,Krisda,Byoun,Senior Engineer
59638,Ohad,Azumi,Staff
59639,Taizo,Clouatre,Senior Engineer
59641,Zhiwei,Guerreiro,Engineer
59645,Yinlin,Soloway,Engineer
59648,Alair,Veevers,Staff
59649,Henk,Kavanagh,Senior Staff
59650,Shirish,Servi,Senior Staff
59659,Leandro,Munke,Senior Staff
59665,Mamdouh,Soloway,Senior Engineer
59676,Zhiwei,Kolvik,Senior Staff
59684,Qingxiang,Ranst,Senior Engineer
59685,Yongdong,Schurmann,Technique Leader
59688,Woody,Scharstein,Senior Engineer
59692,Remzi,Kabayashi,Senior Staff
59699,Mahmut,Benveniste,Senior Staff
59700,Arno,Leijenhorst,Senior Staff
59703,Woody,Pouyioutas,Senior Engineer
59704,Toong,Makrucki,Senior Engineer
59707,Bezalel,Tyugu,Senior Staff
59708,Khalil,Riexinger,Staff
59709,Syozo,Ratzlaff,Senior Engineer
59710,Gennadi,Marchesini,Senior Staff
59717,Anneke,Viele,Technique Leader
59723,Josyula,Gluchowski,Staff
59724,Jenwei,Stentiford,Staff
59734,Adas,Ulupinar,Senior Engineer
59743,Zhenhua,Bakhtari,Senior Engineer
59748,Diederik,Mundy,Engineer
59751,Alois,Gerlach,Technique Leader
59756,Rimon,Colorni,Staff
59763,Arunachalam,Schapire,Senior Engineer
59764,Jeane,Wroclawski,Senior Engineer
59766,Ziyad,Nitsch,Senior Staff
59767,Kazuhisa,Pell,Senior Staff
59770,Hatsukazu,Katalagarianos,Staff
59772,Goetz,Pollacia,Senior Engineer
59783,Volkmar,Raczkowsky,Senior Staff
59790,Vishv,Heering,Senior Engineer
59793,Jayson,Tibblin,Senior Staff
59797,Muzhong,Baba,Engineer
59799,Ekawit,Jording,Engineer
59801,Mototsugu,Rotem,Engineer
59804,Xuejia,Siepmann,Technique Leader
59805,Arco,Yoshimura,Staff
59807,Geraldo,Templeman,Senior Staff
59809,Christfried,Anily,Assistant Engineer
59824,Xiaoshan,Marwedel,Assistant Engineer
59825,Anneli,Constantine,Senior Engineer
59826,Martien,Frolund,Senior Staff
59832,Brewster,Biran,Staff
59836,Stella,Stifter,Senior Engineer
59837,Tonny,Shackell,Staff
59841,Pranav,Deverell,Senior Engineer
59852,Divier,Goldhammer,Senior Staff
59854,Dekang,Cherinka,Technique Leader
59859,Shunichi,Henseler,Senior Engineer
59860,Jiang,Parfitt,Senior Staff
59864,Garnik,Wynblatt,Senior Staff
59867,Insup,Uchoa,Engineer
59878,Hitofumi,Gist,Senior Engineer
59879,Amstein,Gronowski,Senior Engineer
59883,Sanjiv,Serov,Senior Engineer
59884,Fan,Przulj,Senior Staff
59885,Radhika,Danlos,Staff
59891,Guttorm,Linnainmaa,Senior Engineer
59898,Gao,Iwayama,Senior Engineer
59899,Toong,Schueller,Engineer
59904,Subhada,Skafidas,Senior Engineer
59906,Joydip,Binding,Engineer
59911,Remco,Bauknecht,Senior Staff
59916,Anneli,Smeets,Senior Engineer
59917,Aris,Majewski,Senior Staff
59919,Koichi,Aloia,Senior Staff
59920,Gurbir,Hoogerwoord,Senior Engineer
59922,Volkmar,Rothenberg,Engineer
59927,Sedat,Salverda,Senior Staff
59931,Suzette,Sewelson,Staff
59935,Khoa,Marletta,Senior Engineer
59936,Mani,Dehkordi,Senior Engineer
59937,Oddvar,Cardazo,Engineer
59939,Xinyu,Chimia,Engineer
59941,Lobel,Barvinok,Staff
59945,Leen,Kakkad,Senior Engineer
59946,Berhard,Hartvigsen,Senior Staff
59947,Muzhong,Zolotykh,Senior Engineer
59960,Rance,Daescu,Senior Engineer
59961,Hausi,Poulakidas,Senior Staff
59964,Yinghua,Baez,Senior Engineer
59971,Stein,Broder,Senior Staff
59972,Padma,Schlegelmilch,Senior Engineer
59974,Sajjad,Merle,Engineer
59978,Mayumi,Usdin,Senior Staff
59981,Rosita,Merle,Staff
59984,Kwangjo,Angiulli,Senior Staff
59986,Gererd,Yoshimura,Senior Engineer
59989,Tianruo,Jenevein,Senior Staff
59992,Huei,Bael,Senior Engineer
59994,Adin,Nyrup,Senior Engineer
59995,Hein,Zizka,Senior Engineer
59999,Piyush,Spataro,Senior Staff
60003,Rayond,Murtafg,Senior Staff
60013,Breannda,Schauser,Senior Engineer
60015,Geoffrey,Badr,Senior Staff
60018,DeForest,Mahmud,Staff
60021,Chanjung,Auyong,Technique Leader
60022,Koichi,Dolinsky,Technique Leader
60023,Collette,Flasterstein,Engineer
60024,Sakthirel,Ramsak,Senior Staff
60027,Guenter,Diderrich,Senior Engineer
60028,Kazuhiko,Lieblein,Technique Leader
60032,Takanari,Stasinski,Staff
60034,Xinyu,Schahn,Engineer
60039,Renny,Cappelli,Senior Staff
60041,Maren,Serna,Senior Engineer
60058,Qingxiang,Gulak,Engineer
60060,Anyuan,Ramamoorthy,Staff
60062,Arlette,Doering,Staff
60064,Maren,Binkley,Engineer
60068,Giap,Plavsic,Engineer
60071,Sariel,Matheson,Senior Engineer
60072,Dekang,Luke,Senior Staff
60083,Bojan,Cunliffe,Senior Staff
60084,Christoph,Wilfing,Staff
60088,Bernt,Cardazo,Technique Leader
60089,Feiyu,Garnham,Senior Engineer
60097,Gonzalo,Ratnakar,Engineer
60102,Susumu,Pehl,Senior Engineer
60103,Hinrich,Markovitch,Senior Staff
60107,Tsvetan,Ushiama,Senior Staff
60113,Ulises,Fadgyas,Technique Leader
60115,Nathalie,Murillo,Senior Staff
60118,Izaskun,Strehl,Senior Engineer
60123,Kwangjo,Thibadeau,Senior Staff
60124,Kagan,Sichman,Senior Staff
60131,Tesuro,Pusterhofer,Senior Staff
60132,Lein,Middleton,Senior Staff
60133,Valeri,Shobatake,Senior Staff
60135,Theron,Tokunaga,Staff
60136,Maja,Serra,Senior Engineer
60137,Stafford,Conti,Technique Leader
60139,Jahangir,Lortz,Senior Staff
60144,Premsyl,Thiria,Senior Staff
60146,Dines,Clouatre,Engineer
60147,Boaz,Herbst,Technique Leader
60152,Uma,Bashian,Senior Staff
60156,Nirmal,Lanteri,Engineer
60158,Shim,Hofman,Senior Engineer
60161,Insup,Covnot,Senior Staff
60162,Tesuya,Heemskerk,Senior Staff
60170,Lene,Yetim,Engineer
60171,Manibrata,Karunanithi,Senior Engineer
60172,Kiyokazu,Perl,Senior Staff
60174,Tze,Kragelund,Senior Engineer
60175,Hatsukazu,Sankaranarayanan,Senior Engineer
60185,Weiyi,Gruenwald,Senior Engineer
60189,Vivian,Berendt,Senior Staff
60193,Sanjai,Gronowski,Technique Leader
60197,Harjit,Comellas,Senior Staff
60199,Khalid,Conia,Technique Leader
60201,Gregory,Aingworth,Staff
60204,Giri,Macedo,Senior Engineer
60207,Koldo,Mahmud,Engineer
60216,Elrique,Lichtner,Staff
60217,Limsoon,Doering,Senior Staff
60229,Oscal,Takkinen,Senior Staff
60232,Genevieve,Cappelletti,Technique Leader
60233,Elvis,Ladret,Senior Staff
60239,Khosrow,Simmel,Staff
60240,Morrie,Chleq,Senior Staff
60242,Mohd,Champarnaud,Staff
60243,Jaewoo,Rattan,Staff
60246,Honesty,Fraisse,Senior Staff
60247,Hauke,Soloway,Engineer
60248,Guther,Szmurlo,Senior Engineer
60253,Hinrich,Szilard,Staff
60255,Danae,Siochi,Senior Staff
60256,Subir,Fiutem,Engineer
60257,Martine,Sethi,Engineer
60258,Goa,Merks,Senior Engineer
60259,Chrisa,dAstous,Senior Staff
60260,Valdiodio,Czap,Senior Staff
60263,Barun,Perng,Senior Engineer
60267,Adel,Stavenow,Senior Staff
60268,Fan,Haddadi,Senior Engineer
60270,Souichi,Angiulli,Senior Staff
60271,Ranga,Comellas,Senior Engineer
60276,Frederique,Moffat,Senior Engineer
60285,Nitsan,Coorg,Senior Engineer
60291,Perla,Talmor,Senior Staff
60293,Gor,Setia,Senior Staff
60299,Shaibal,Przulj,Senior Engineer
60303,Billur,Solares,Senior Staff
60305,Ferdinand,Alpin,Senior Engineer
60314,Dharmaraja,Vasanthakumar,Senior Staff
60317,Munehiko,Schlenzig,Staff
60324,Jasminko,Rassart,Engineer
60326,Gudjon,Antonakopoulos,Senior Staff
60330,Amstein,Kamber,Senior Staff
60338,Girolamo,Fraisse,Senior Staff
60339,Bernd,Sooriamurthi,Technique Leader
60340,Hyuckchul,Marakhovsky,Senior Staff
60343,Munenori,Leppanen,Senior Staff
60345,Fusako,Przulj,Engineer
60346,Katsuo,Leslie,Engineer
60349,Sasan,Peris,Senior Engineer
60354,Shakhar,Plesums,Assistant Engineer
60363,Parke,Diderrich,Senior Engineer
60366,Perry,Benzaken,Senior Staff
60371,Theron,Huxford,Senior Staff
60372,Uno,Rando,Engineer
60374,Hongzue,Peron,Senior Engineer
60376,Uriel,Foong,Staff
60377,Radhakrishnan,Vidal,Senior Staff
60383,Kristof,Molberg,Technique Leader
60391,Sigeru,Erde,Senior Staff
60393,Fan,Rajcani,Staff
60400,Shimshon,Lammel,Staff
60404,Hailing,Arlazarov,Senior Engineer
60405,Kellie,Waterhouse,Staff
60408,Baziley,Gadepally,Senior Staff
60409,Falguni,Swiler,Senior Engineer
60411,Alois,Hardjono,Senior Engineer
60412,Dharmaraja,Ranst,Senior Engineer
60414,Xuejia,Vitiello,Senior Staff
60418,Noritoshi,Gajiwala,Senior Staff
60425,Alagu,Leivant,Senior Staff
60426,Sven,Quaggetto,Senior Engineer
60429,Cristinel,Naumovich,Senior Engineer
60432,Xiaoqiang,Range,Engineer
60436,Munehiko,Vesna,Senior Staff
60439,Weiru,Basawa,Senior Engineer
60440,Tiina,Ratnakar,Senior Engineer
60442,Kwangsub,Hellwagner,Senior Engineer
60453,Larisa,Gammage,Senior Staff
60463,Sanjiv,Dredge,Senior Engineer
60464,Shigeu,Menhardt,Staff
60465,Nalini,Gischer,Senior Staff
60469,Angel,Kampfer,Senior Staff
60471,Masaki,Camarinopoulos,Engineer
60475,Wanqing,Renear,Engineer
60477,Djelloul,Dulay,Senior Engineer
60478,Kwangyoen,Fargier,Engineer
60479,Stein,Byoun,Senior Staff
60482,Theron,Berstel,Senior Engineer
60483,Kotesh,Penn,Senior Engineer
60488,Yakkov,Staylopatis,Senior Engineer
60490,Teiji,Steenbeek,Technique Leader
60494,Hatim,Baak,Engineer
60496,Sachio,Remmers,Senior Staff
60501,Ranga,Badr,Senior Engineer
60505,Yinghua,Birnbaum,Senior Staff
60510,Divine,Nitsche,Staff
60512,Ziyad,Marwedel,Staff
60513,Yannik,Noriega,Staff
60514,Ayakannu,Vecchio,Senior Engineer
60518,Ziya,Biran,Senior Staff
60520,Arvin,Gihr,Engineer
60521,Henk,Uhrik,Senior Staff
60522,Becky,Polupanov,Senior Engineer
60524,Kshitij,Khalil,Senior Staff
60525,Barna,Munoz,Senior Staff
60526,Syozo,Pillow,Senior Staff
60529,Faiza,Liesche,Senior Engineer
60530,Lenore,Roccetti,Senior Staff
60533,Chirstian,Morrin,Staff
60544,Navin,Peres,Senior Engineer
60547,Theron,Anick,Senior Engineer
60551,Caolyn,Irland,Senior Engineer
60560,Indrajit,Trumbly,Engineer
60572,Stevo,Pokrovskii,Assistant Engineer
60577,Holgard,Baba,Staff
60579,Toney,Menyhert,Staff
60594,Szabolcs,Nitto,Staff
60597,Ute,Schlumberger,Senior Engineer
60598,Izaskun,Sadowski,Senior Staff
60607,Ravishankar,Gladwell,Engineer
60611,Feixiong,Baba,Senior Staff
60620,Dhritiman,Lukaszewicz,Senior Engineer
60627,Jingling,Harbusch,Senior Engineer
60634,Teiji,Pulkowski,Senior Engineer
60638,Makato,Alencar,Engineer
60641,Zita,Msuda,Senior Staff
60642,Marek,Junet,Senior Engineer
60648,Shigeaki,Janetzko,Senior Engineer
60649,Van,Potthoff,Senior Staff
60650,Ugo,Lorie,Senior Staff
60653,Wonhee,Bamford,Technique Leader
60655,Geoffrey,Conde,Staff
60660,Remko,Socorro,Senior Engineer
60664,Serenella,Panwar,Senior Staff
60669,Gaetan,Antonakopoulos,Senior Engineer
60671,Dharmaraja,Brandsma,Senior Engineer
60673,Fay,Benantar,Senior Staff
60677,Stella,Worfolk,Engineer
60681,Lillian,Ebeling,Senior Staff
60682,Arunas,Sherertz,Staff
60683,Guttorm,Androutsos,Staff
60686,Baocai,Pocchiola,Senior Engineer
60688,Elzbieta,Kowalchuk,Engineer
60689,Heeju,Kropp,Senior Staff
60692,Zvonko,Alameldin,Engineer
60693,Hercules,Heering,Technique Leader
60695,Masanao,Papadias,Senior Staff
60697,Gritta,Cannata,Senior Staff
60698,Kiyokazu,Plessier,Staff
60700,Willard,Warwick,Senior Engineer
60705,Ekawit,Lorie,Senior Engineer
60711,Mabry,Ramaiah,Senior Engineer
60713,Constantine,Birta,Senior Engineer
60717,Carrsten,Sadowsky,Senior Staff
60718,Yifei,Swiler,Senior Staff
60722,Serenella,Kuszyk,Senior Engineer
60724,Hyuckchul,Gyimothy,Engineer
60732,Masami,Hoogerwoord,Senior Engineer
60735,Ult,Yoshizawa,Senior Engineer
60736,Hidde,Azuma,Staff
60737,Hatim,Ghazalie,Senior Engineer
60740,Ung,Shackel,Engineer
60742,Kristen,Juneja,Senior Engineer
60743,Patricio,Suppi,Engineer
60749,Zhenbing,Winter,Senior Engineer
60751,Steve,Kalloufi,Senior Engineer
60752,Herbert,Rosenbaum,Staff
60753,Kazuyasu,Krybus,Staff
60755,Ebbe,Merli,Senior Engineer
60759,Bokyung,Gulak,Engineer
60763,Augustine,Mondadori,Senior Staff
60764,Taizo,Stamatiou,Senior Engineer
60767,Gianluca,Munos,Senior Staff
60768,Hisao,Feinberg,Senior Engineer
60769,Heping,Litzler,Senior Staff
60770,Oksana,Sinitsyn,Staff
60773,Saniya,Yetto,Engineer
60780,Gal,Heyers,Staff
60781,Kasturi,Montresor,Staff
60782,Janalee,Foote,Senior Engineer
60786,Mostafa,Undy,Engineer
60789,Maya,Luck,Senior Engineer
60790,Somnath,Fioravanti,Staff
60791,Suzette,Taubenfeld,Senior Staff
60794,Sashi,Zlotek,Senior Staff
60795,Mart,Huttel,Senior Staff
60805,Bowen,Lanteri,Engineer
60807,Parke,Angel,Senior Engineer
60808,Dayanand,Auyong,Senior Engineer
60815,DAIDA,Oxman,Staff
60817,Kousuke,Schaad,Senior Staff
60822,Wanqing,Veccia,Senior Staff
60823,Kazuhiro,Parfitt,Senior Staff
60825,Berna,Nitto,Senior Staff
60828,Luerbio,Bugaenko,Senior Staff
60831,Rildo,Peltason,Senior Engineer
60834,Tzu,Tasistro,Senior Staff
60838,Insup,Serra,Senior Engineer
60840,Jiang,Peternell,Staff
60841,Masaru,Snedden,Technique Leader
60842,Adam,Menhoudj,Staff
60848,Shaowei,Blokdijk,Senior Engineer
60852,Keung,Schneeberger,Senior Staff
60856,Kish,Kuszyk,Senior Engineer
60858,Elgin,Foote,Engineer
60860,Fuqing,Munch,Senior Staff
60861,Masali,Marchesini,Engineer
60864,Mokhtar,Linnainmaa,Senior Staff
60865,Yuqun,Birge,Senior Engineer
60866,Valter,Lorcy,Assistant Engineer
60867,Tomoyuki,Kornyak,Staff
60871,Mitchel,Matzel,Senior Staff
60877,Giri,Redmiles,Engineer
60881,Ugo,Nourani,Senior Staff
60884,Stafford,Matheson,Engineer
60885,Slavian,Akaboshi,Senior Engineer
60887,Miquel,Guerreiro,Staff
60889,Charlene,Heemskerk,Senior Engineer
60890,Fun,Schnabel,Engineer
60891,Mingzeng,DeMori,Senior Engineer
60894,Lein,Fendler,Senior Engineer
60896,Pintsang,Perly,Senior Staff
60898,Parto,Falby,Staff
60902,Dekang,Lung,Engineer
60903,Moriyoshi,Verhaegen,Engineer
60904,Tomokazu,Gelosh,Staff
60906,Moto,Skogmar,Assistant Engineer
60912,Masasuke,Monarch,Senior Engineer
60914,Mansur,Srimani,Senior Staff
60915,George,Perko,Staff
60920,Mara,Sundgren,Senior Engineer
60923,Sugwoo,Keustermans,Senior Staff
60926,Kellie,Nourani,Senior Staff
60929,Qunsheng,Ambroszkiewicz,Engineer
60930,Larisa,Swiss,Senior Engineer
60933,Miyeon,Snyers,Assistant Engineer
60935,Shigehito,Fetvedt,Engineer
60941,Shaunak,Riesenhuber,Engineer
60944,Renee,Pepe,Senior Staff
60946,Gilbert,Lundstrom,Engineer
60948,Sham,Plesums,Staff
60960,Chikara,Flowers,Senior Engineer
60963,Honglan,Siegrist,Engineer
60965,Conrado,Loncour,Senior Staff
60972,Flemming,Litzkow,Senior Engineer
60977,Sumant,Dalton,Engineer
60979,Dekang,Garnier,Senior Staff
60981,Yuchang,Kalorkoti,Senior Engineer
60987,Dzung,Kitai,Senior Engineer
60988,Monique,Sichman,Engineer
60991,Ung,Murthy,Senior Staff
60996,Doowon,Beerel,Senior Engineer
60998,Neelam,Norsworthy,Senior Staff
61000,Hideyuki,Chenoweth,Engineer
61006,Garnik,Schonegge,Senior Engineer
61009,Subhash,Theuretzbacher,Staff
61015,Fun,Atrawala,Staff
61018,Marco,Zallocco,Staff
61021,Shahab,Baar,Senior Engineer
61025,Sailaja,Kuszyk,Senior Staff
61026,Zita,Assaf,Senior Staff
61033,Stevo,Barreiro,Senior Staff
61034,Zita,Juneja,Senior Staff
61035,Masamitsu,Kroon,Technique Leader
61038,Suzette,Sifakis,Senior Engineer
61039,Leah,Lovengreen,Engineer
61043,Michaela,Conti,Technique Leader
61044,Jordanka,Angiulli,Staff
61045,Bedir,Poujol,Senior Staff
61048,Khosrow,Vesna,Staff
61052,Shaowen,Flowers,Staff
61057,Barun,Stille,Senior Staff
61062,Parke,Champarnaud,Senior Engineer
61063,Garnik,Luiz,Staff
61064,Adamantios,Navazio,Staff
61069,Barun,Merey,Senior Engineer
61071,Filipp,Tanemo,Senior Engineer
61076,Marc,Mamelak,Technique Leader
61078,Jessie,Greibach,Senior Engineer
61080,Sham,Roisin,Senior Staff
61086,Sahrah,Gischer,Senior Engineer
61087,Tuval,Hainaut,Senior Engineer
61089,Udi,Frolund,Technique Leader
61092,Billie,Weedman,Senior Engineer
61093,Kokou,Rettelbach,Technique Leader
61098,Masaki,Takkinen,Assistant Engineer
61101,Remko,Staylopatis,Staff
61103,Kish,Bellone,Senior Staff
61107,Guther,Bail,Senior Engineer
61108,Gadiel,Gihr,Senior Engineer
61109,Mihalis,Ranon,Senior Staff
61110,Lihong,Ghemri,Senior Engineer
61113,Sashi,Ratzlaff,Engineer
61114,Irena,Bardell,Staff
61117,Tsutomu,Henders,Senior Engineer
61118,King,Erol,Senior Engineer
61119,Anyuan,Koshiba,Senior Engineer
61124,Nechama,Waymire,Senior Staff
61126,Tze,Kinley,Senior Engineer
61129,Rildo,Bain,Staff
61137,Neven,Panangaden,Staff
61139,Zsolt,Emiris,Senior Engineer
61144,Yifei,Wolniewicz,Senior Engineer
61146,Gererd,Lamparter,Technique Leader
61149,Aemilian,Stranks,Senior Staff
61150,Mabo,Servieres,Senior Staff
61153,Magy,Cappelli,Senior Engineer
61157,Shim,McConalogue,Senior Staff
61159,Sahrah,Babb,Senior Engineer
61165,Collette,Asser,Senior Staff
61166,Kwok,Pelz,Staff
61170,Gianluca,Tyugu,Engineer
61171,Taiji,Stafford,Senior Engineer
61177,Somnath,Bednarek,Senior Engineer
61178,Hideo,Fritzsche,Engineer
61179,Berni,Kaltofen,Staff
61180,Nathalie,Sullins,Senior Engineer
61181,Fumitaka,Itschner,Technique Leader
61188,Lubomir,Kavraki,Senior Staff
61189,Aleksandar,Soloway,Engineer
61190,Aria,Impagliazzo,Assistant Engineer
61192,Feiyu,Kamble,Senior Engineer
61194,Charmane,Taneja,Senior Staff
61197,Roselyn,Cannard,Senior Engineer
61203,Demin,Beznosov,Engineer
61207,Mohua,Fraisse,Senior Engineer
61208,Miomir,Hooghiemstra,Senior Engineer
61210,Itzchak,Rehfuss,Senior Staff
61211,Lakshmi,Muntz,Senior Engineer
61213,Jaihie,Kobuchi,Senior Staff
61214,JoAnne,Peac,Staff
61219,Chuanyi,Aamodt,Senior Staff
61220,Arvind,Mahnke,Senior Engineer
61221,Cullen,Farrag,Senior Engineer
61235,Uri,Tasistro,Assistant Engineer
61236,Martien,Chvatal,Staff
61238,Kagan,Schach,Senior Staff
61241,Jolita,Flexer,Staff
61244,Xiaoqiang,Peternell,Staff
61256,Duro,Schaar,Engineer
61257,Nevin,Furedi,Engineer
61258,Bernice,Stemann,Staff
61259,Shao,Puoti,Senior Staff
61261,Ziya,Pocchiola,Senior Staff
61264,Shuzo,Sethi,Senior Staff
61265,Anyuan,Peron,Senior Staff
61267,Mingzeng,Tischendorf,Staff
61273,Manohar,Hainaut,Senior Staff
61274,Mark,Antonisse,Senior Engineer
61281,Moti,Breugel,Engineer
61287,Miyeon,Marrakchi,Senior Staff
61288,Nevio,Hasenauer,Staff
61289,Shaz,DiGiano,Senior Staff
61292,Badri,Boguraev,Senior Engineer
61294,Uli,Schwabacher,Staff
61295,Mang,Menhardt,Senior Staff
61297,Xumin,Ranst,Senior Staff
61301,Nahla,Ghandeharizadeh,Staff
61306,Gro,Peot,Senior Engineer
61313,Rafael,Oskamp,Engineer
61315,Kwun,Kalloufi,Senior Staff
61322,Dayanand,Mawatari,Senior Engineer
61327,Nigel,McAffer,Staff
61332,Wayne,Gide,Senior Staff
61337,Zhonghua,Muhling,Senior Engineer
61338,Gal,Peir,Senior Staff
61340,Lubomir,Waeselynck,Senior Staff
61341,Roded,Reinhart,Senior Engineer
61347,Aram,Gerteisen,Senior Engineer
61350,Hairong,Haumacher,Assistant Engineer
61353,Hausi,Conde,Senior Engineer
61356,Chinya,DuCasse,Staff
61362,Ayonca,Pietracaprina,Senior Engineer
61364,Gianluca,Casperson,Senior Engineer
61366,Gino,Lamparter,Engineer
61370,Shahar,Candan,Senior Staff
61371,Akeno,Yetto,Senior Staff
61374,Taegyun,Christ,Senior Engineer
61376,Guttorm,Skrikant,Senior Engineer
61382,Kristof,Ranft,Assistant Engineer
61383,Candida,Jiang,Senior Staff
61389,Kristine,Trachtenberg,Senior Staff
61399,Unal,Chinen,Senior Staff
61402,Gita,Byoun,Senior Staff
61410,Matt,Sinitsyn,Senior Staff
61413,Berto,Trelles,Senior Engineer
61415,Aamer,Schwartzbauer,Staff
61420,Sanjoy,Cunliffe,Senior Engineer
61423,Kwok,Felder,Staff
61424,Muzhong,Cronan,Engineer
61427,Claude,Argence,Senior Engineer
61428,Oldrich,Feinberg,Staff
61434,Rajmohan,Riesenhuber,Technique Leader
61435,Cathie,Claffy,Senior Staff
61436,Chandrasekaran,Onuegbe,Assistant Engineer
61440,Susanne,Potthoff,Staff
61441,Yongqiao,Jayawardene,Senior Staff
61444,Geoff,Kaiserswerth,Senior Engineer
61453,Hyuncheol,Vanwelkenhuysen,Senior Engineer
61460,Sanjoy,Rodham,Senior Staff
61465,Sumant,Huttel,Senior Staff
61472,Olivera,Levergood,Senior Engineer
61478,Hauke,Feinberg,Senior Engineer
61486,Weiye,Bierman,Senior Staff
61489,Guozhong,Spieker,Senior Engineer
61490,Shigehiro,Dayana,Senior Staff
61495,Xinan,Improta,Engineer
61499,Arunachalam,Krohm,Engineer
61510,Harngdar,Petereit,Senior Engineer
61511,Maha,Heping,Senior Staff
61515,Mats,Curless,Staff
61522,Shin,Nitta,Senior Staff
61528,King,Serot,Staff
61536,Juichirou,Merks,Senior Engineer
61537,Arto,Zuberek,Senior Staff
61539,Morris,Ghandeharizadeh,Senior Staff
61543,Gilbert,Itzigehl,Senior Engineer
61546,Lalit,Azevdeo,Staff
61547,Marl,Ponthieu,Senior Engineer
61549,Shimshon,Montresor,Staff
61552,Constantine,Gladwell,Senior Staff
61554,Tianruo,Steenbeek,Technique Leader
61560,Selwyn,Miake,Staff
61568,Uno,Birta,Senior Engineer
61569,Bezalel,Slaats,Senior Staff
61571,Huei,Unni,Senior Engineer
61578,Temple,Taubenfeld,Assistant Engineer
61579,Fumiko,Bierbaum,Technique Leader
61588,Doohun,Byoun,Staff
61589,Chuanti,Demke,Senior Engineer
61593,Masaru,Cochrane,Senior Engineer
61597,Adel,dAstous,Senior Staff
61598,Yuguang,Hettesheimer,Staff
61600,Kazuhisa,Schicker,Engineer
61601,Behnaam,Imataki,Staff
61602,Ziva,Milicic,Senior Engineer
61604,Demin,Chleq,Senior Staff
61607,Shai,Vanwelkenhuysen,Senior Staff
61611,Shrikanth,Lunt,Senior Engineer
61623,Xiaoqiu,Luce,Senior Engineer
61624,Doowon,Luef,Senior Engineer
61625,Shugo,Rajcani,Senior Engineer
61626,Mohit,Dulay,Senior Staff
61627,Uma,Beausoleil,Technique Leader
61630,Gurbir,Koprowski,Staff
61632,Roselyn,Melton,Senior Engineer
61634,Shigehito,Panwar,Senior Staff
61638,Yishai,Sullins,Engineer
61641,Toshiki,Rousseau,Senior Staff
61644,Toney,Ladret,Senior Staff
61646,Tze,Ghemri,Engineer
61647,Vidar,McClurg,Senior Staff
61648,Amalendu,Kemmerer,Staff
61650,Vitaly,Linnainmaa,Senior Engineer
61654,Maris,Clouatre,Staff
61660,Lene,Montresor,Senior Engineer
61662,Weiru,Serot,Senior Staff
61663,Teruyuki,Atrawala,Assistant Engineer
61666,Tesuro,Vasanthakumar,Senior Engineer
61667,Domenico,Hasenauer,Senior Staff
61673,Krassimir,Krybus,Senior Staff
61675,Takahiro,Schwartzburd,Senior Engineer
61676,Valdiodio,Argence,Senior Engineer
61687,Ravishankar,Maraist,Senior Staff
61700,Hirochika,Shobatake,Senior Engineer
61704,Nobuyoshi,Kading,Senior Engineer
61706,Stevo,Butner,Senior Engineer
61709,Holgard,Schaft,Senior Staff
61711,Volkmar,Claffy,Senior Engineer
61712,Patricia,Kropatsch,Staff
61716,Siddarth,Erbe,Staff
61718,Yakichi,Poujol,Senior Engineer
61722,Oddvar,Wendorf,Senior Engineer
61731,Fun,Tramer,Staff
61732,Moie,Gini,Senior Engineer
61734,Wayne,Ginesta,Senior Engineer
61736,Remco,Hoogerwoord,Engineer
61737,Christoph,Cangellaris,Senior Staff
61738,Martien,Zhiwei,Technique Leader
61743,Nadjib,Nanard,Senior Staff
61749,Uma,Benner,Engineer
61751,IEEE,Garrabrants,Senior Staff
61752,Masami,Yoshimura,Senior Engineer
61753,Pantung,Levergood,Senior Engineer
61755,Trygve,Eppinger,Senior Staff
61759,Nevio,Farrar,Senior Staff
61761,Aamer,Feinberg,Senior Staff
61763,Dharmaraja,Fandrianto,Engineer
61767,Niteen,Luke,Engineer
61768,Tuval,Crooks,Staff
61769,Tremaine,Segond,Staff
61776,Stafford,dAstous,Senior Staff
61778,Mansur,Beerel,Engineer
61780,Zhilian,Billingsley,Senior Engineer
61782,Guadalupe,Piancastelli,Senior Engineer
61783,Youngkon,Melter,Staff
61785,Caolyn,Carrera,Engineer
61786,Lucien,Byoun,Senior Engineer
61788,Frederique,Matzke,Senior Staff
61789,Ramachenga,Straney,Senior Staff
61790,Visit,Lindenbaum,Technique Leader
61793,Masoud,Pramanik,Engineer
61798,Vitali,Krider,Senior Engineer
61805,Faiza,Gurbaxani,Senior Staff
61807,Marsha,Hennings,Staff
61814,Breannda,Panangaden,Senior Engineer
61815,Tesuro,Itzfeldt,Senior Staff
61817,Shir,Selenyi,Senior Engineer
61818,Mori,Peris,Engineer
61823,Moti,Flasterstein,Senior Staff
61824,Parto,Sichman,Engineer
61825,Mayuri,Harnett,Senior Engineer
61827,Tsuneo,Guerreiro,Senior Staff
61828,Etsuo,Hofstetter,Senior Engineer
61834,Shahar,Parascandalo,Senior Engineer
61835,Nevio,Zweizig,Staff
61837,Yonghoan,Perez,Senior Engineer
61839,Moon,Zaumen,Senior Staff
61840,Kish,Pietracaprina,Engineer
61842,Kyoichi,Kriebel,Senior Staff
61843,Guenter,Millington,Staff
61846,Danil,Varley,Senior Engineer
61856,Toney,Luby,Senior Engineer
61859,Xiping,Schwaller,Senior Staff
61861,Heekeun,Einsfeld,Engineer
61862,Tremaine,Dulay,Staff
61864,Hironoby,Kamber,Senior Staff
61867,Tesuya,Gils,Senior Staff
61869,Manu,Hemaspaandra,Senior Engineer
61871,Nidapan,Falco,Senior Staff
61879,Saniya,Steinauer,Senior Engineer
61880,Roded,Krichel,Senior Staff
61883,Moto,Fetvedt,Senior Staff
61885,Moheb,Luca,Staff
61887,Sarita,Decleir,Senior Staff
61892,Kwangho,Gecseg,Senior Engineer
61897,Jasminko,Kilgour,Senior Engineer
61906,Dzung,Brendel,Senior Engineer
61910,Gay,Bahk,Senior Engineer
61914,Terresa,Muntz,Senior Engineer
61915,Yongmin,Conta,Senior Staff
61917,Izaskun,Grospietsch,Staff
61920,Ghassan,Albarhamtoshy,Senior Staff
61921,Berna,Stanfel,Technique Leader
61922,Tommaso,Tzvieli,Staff
61924,Maris,Pietracaprina,Staff
61925,Peternela,Rosis,Senior Staff
61935,Garnik,Anily,Engineer
61936,Uinam,Rando,Engineer
61937,Fox,Baranowski,Staff
61941,Mohammed,Joslin,Senior Engineer
61942,Chanjung,Deverell,Senior Staff
61943,Gennadi,Tasistro,Senior Engineer
61944,Bedir,Ananiadou,Senior Engineer
61946,Khalil,Beeson,Staff
61947,Toney,Vandervoorde,Senior Staff
61956,Heng,Serdy,Staff
61961,Moni,Plesums,Staff
61962,Steve,Vecchi,Senior Staff
61964,Atilio,Douceur,Staff
61970,Christfried,Azumi,Engineer
61976,Minghong,Pashtan,Staff
61977,Larisa,Pillow,Senior Staff
61981,Mayuko,Rijckaert,Staff
61989,Yaghout,Vesna,Senior Staff
61992,Bilhanan,Kitsuregawa,Senior Engineer
61995,Kerryn,Stellhorn,Senior Staff
61996,Weiru,Soloway,Engineer
61997,Maja,Yurek,Senior Engineer
61998,Ute,Lunn,Senior Staff
62004,Mostafa,Waeselynck,Senior Engineer
62008,Sadun,Swan,Senior Staff
62012,Yifei,Jahnichen,Senior Engineer
62018,Juyoung,Toyoshima,Staff
62022,Atilio,Turnbull,Staff
62025,Chirstian,Spinelli,Senior Engineer
62026,Shugo,Zuberek,Senior Engineer
62029,Samphel,Tiemann,Staff
62042,Reinhard,Danley,Senior Engineer
62064,Odinaldo,Yetim,Staff
62069,Sugwoo,Felder,Senior Engineer
62070,Gilbert,Tischendorf,Senior Engineer
62072,Dipankar,Cichocki,Staff
62076,Teiji,Lindenbaum,Engineer
62079,Irena,Garrabrants,Engineer
62080,Toshimo,Birjandi,Senior Staff
62082,Somnath,Puppe,Senior Engineer
62083,King,Rissland,Senior Engineer
62085,Francoise,Smeets,Senior Engineer
62088,Youssef,Besselaar,Senior Staff
62092,Mari,Peris,Senior Engineer
62094,Tomoyuki,Stemann,Senior Engineer
62095,Katsuyuki,Erva,Engineer
62097,Krassimir,Klyachko,Senior Engineer
62098,Breannda,Sommer,Senior Staff
62102,Aleksandar,Waterhouse,Engineer
62103,Pranas,Reinhart,Senior Staff
62105,Subhash,Roisin,Engineer
62107,Sakthirel,Walstra,Senior Staff
62112,Pragnesh,Servieres,Senior Engineer
62121,Lokesh,Brickell,Engineer
62126,Cheong,Baja,Senior Staff
62127,Shuho,Cooke,Senior Staff
62128,Dinah,Reinhart,Engineer
62129,Hongzue,Schmittgen,Senior Engineer
62137,Rosalyn,Baalen,Senior Staff
62138,Dipayan,Rohrbach,Senior Staff
62139,Xiong,Plotkin,Engineer
62146,Tremaine,Rodite,Senior Staff
62151,Shuichi,Marakhovsky,Engineer
62155,Akemi,Basawa,Assistant Engineer
62157,Georg,Luan,Senior Staff
62158,Suzette,Gide,Staff
62162,Berthier,Ranst,Senior Engineer
62164,Mariusz,Cusworth,Senior Engineer
62174,Teunis,Denna,Senior Staff
62182,Nirmal,Luiz,Staff
62190,Mana,Riexinger,Senior Staff
62195,Baruch,Riexinger,Senior Engineer
62205,Vitaly,Brlek,Senior Staff
62208,Sachio,Grandbois,Senior Engineer
62214,Amabile,Strehl,Senior Staff
62215,Adly,Koshino,Senior Engineer
62221,Hyuncheol,Ghemri,Staff
62226,Renee,Kroll,Senior Engineer
62235,Hidefumi,Lorie,Senior Staff
62236,Aiman,Georg,Senior Engineer
62237,Otilia,Bain,Senior Staff
62242,Subhada,Hinsberger,Engineer
62243,Juichirou,Fargier,Senior Engineer
62246,Kwangyoen,Rassart,Senior Engineer
62248,Amstein,Matteis,Staff
62249,Karlis,Couchot,Staff
62250,Shuky,Bernatsky,Technique Leader
62251,Rayond,Vingron,Senior Engineer
62252,Mohd,Waymire,Senior Engineer
62258,Xudong,Narahari,Senior Staff
62261,Parto,Syang,Senior Engineer
62268,Ebru,Gulla,Senior Engineer
62271,Moon,Baby,Senior Staff
62273,Xudong,Schmiedel,Technique Leader
62281,Kellyn,Naudin,Senior Staff
62285,Chinho,Plessier,Engineer
62286,Akeno,Keohane,Engineer
62291,Berthier,Erva,Staff
62292,Jixiang,Gewali,Senior Engineer
62294,Jeanne,Bratsberg,Senior Staff
62298,Quingbo,Yetto,Senior Staff
62299,Navid,Anido,Senior Engineer
62304,Kersti,Rusmann,Senior Engineer
62306,Kwee,Hempstead,Senior Engineer
62313,Stamatina,Ecklund,Senior Staff
62320,Hironoby,Billawala,Senior Staff
62321,Kristine,Kroha,Senior Staff
62322,Zine,Taubenfeld,Engineer
62323,Sajjad,Bardell,Senior Staff
62325,Nitsan,Cummings,Senior Engineer
62329,Rosli,Ossenbruggen,Assistant Engineer
62331,Arumugam,Rosar,Assistant Engineer
62332,Khatoun,Birsak,Engineer
62333,Gal,Garrabrants,Staff
62336,Kazunori,Vieth,Senior Engineer
62343,Kazuhide,Ciolek,Senior Engineer
62344,Billie,Ventosa,Senior Staff
62347,Doowon,Katiyar,Staff
62349,Manibrata,Hofstetter,Senior Staff
62350,Xiaocheng,Erde,Senior Staff
62351,Yuchang,Osgood,Senior Staff
62355,Vugranam,Compeau,Senior Engineer
62357,Huei,Legleitner,Senior Engineer
62360,Ranga,Sinitsyn,Senior Engineer
62374,Ortrud,Oppitz,Senior Engineer
62380,Xiaoshan,Ventosa,Engineer
62381,Fay,Pfau,Engineer
62382,Padma,Edelhoff,Senior Engineer
62383,Khatoun,Rodier,Technique Leader
62387,Toney,Frolund,Engineer
62394,Yinghua,Lowrie,Senior Staff
62395,Constantine,Camurati,Senior Engineer
62400,Toney,Berstel,Engineer
62407,Stella,Oxenboll,Senior Engineer
62409,Zhonghui,Peng,Senior Staff
62412,Khosrow,Hennebert,Senior Engineer
62413,Elvia,Peak,Senior Engineer
62418,Paris,Mapelli,Assistant Engineer
62421,Persi,Brodie,Senior Staff
62423,Jacopo,Denis,Staff
62427,Bedrich,Kamber,Senior Engineer
62428,Guadalupe,Lortz,Senior Engineer
62429,Zijian,Krone,Staff
62433,IEEE,McFarlin,Engineer
62437,Manohar,Takkinen,Senior Engineer
62443,Conrado,Pluym,Senior Engineer
62444,Ingmar,Morrey,Engineer
62447,Nitsan,Wiegley,Engineer
62449,Jixiang,Angelov,Senior Staff
62454,Arnould,Syang,Staff
62459,Francoise,Shobatake,Senior Engineer
62461,Berry,Sooriamurthi,Senior Staff
62463,Inderjeet,Bael,Engineer
62468,Mostafa,Cullers,Technique Leader
62469,Hironobu,Munch,Senior Staff
62472,Renee,Buescher,Staff
62476,Yahiko,Cooke,Senior Staff
62478,Kousuke,Markovitch,Senior Engineer
62480,Bedrich,Stemann,Senior Engineer
62481,Gererd,Norsworthy,Senior Engineer
62483,Gino,Kaiserswerth,Senior Engineer
62486,Jordanka,Erdmenger,Senior Staff
62489,Fox,Erol,Senior Staff
62492,Gor,Gornas,Senior Staff
62493,Mana,Binding,Staff
62496,Kien,Hempstead,Senior Engineer
62497,Yifei,Sinitsyn,Senior Engineer
62498,Prodip,Norsworthy,Senior Staff
62499,Siamak,Lodder,Staff
62503,Brewster,Plump,Staff
62507,Otmar,Mullainathan,Senior Engineer
62513,Gil,Bojadziev,Senior Engineer
62514,Zengping,Dratva,Technique Leader
62515,Youssef,Peroz,Staff
62525,Moie,Zambonelli,Staff
62529,Piyush,Miyakawa,Senior Engineer
62542,Isamu,Rettelbach,Engineer
62544,Kazuhira,Serdy,Senior Staff
62545,Chiranjit,Pleszkun,Engineer
62551,Aiman,Zhiwei,Senior Engineer
62552,Arun,Rabehasaina,Staff
62556,Yechiam,Magliocco,Technique Leader
62558,Mountaz,Niizuma,Senior Engineer
62559,Tiina,Ferriere,Senior Staff
62566,Giap,Lipner,Senior Staff
62569,Kankanahalli,Sadowsky,Engineer
62572,Serif,Fordan,Engineer
62573,Martial,Serot,Staff
62586,Nobuyoshi,Biros,Senior Engineer
62591,Limsoon,Baja,Staff
62595,Shietung,Akazan,Staff
62603,Maha,Choobineh,Senior Staff
62612,Guangming,Kawashimo,Senior Staff
62613,Aron,Blokdijk,Technique Leader
62629,Shigeaki,Ratnaker,Senior Staff
62630,Subir,Hammerschmidt,Senior Staff
62632,Piyawadee,Chiola,Engineer
62633,Zijian,Gulla,Senior Staff
62637,Danae,Assaf,Senior Staff
62638,Kayoko,Erde,Senior Engineer
62640,Toshimi,Smailagic,Senior Staff
62641,Pranav,Terekhov,Senior Staff
62642,Oddvar,Kushner,Senior Engineer
62650,Marjo,Asmuth,Senior Staff
62656,Isamu,Imataki,Assistant Engineer
62658,Steen,Hutter,Engineer
62662,Sadegh,Gips,Senior Engineer
62664,Valeri,Ozeki,Senior Engineer
62666,Atreyi,Portugali,Staff
62669,Harjit,Alameldin,Senior Engineer
62670,Masato,Lundstrom,Engineer
62679,Yechezkel,Vidal,Senior Engineer
62689,Mohua,McConalogue,Senior Staff
62691,Mabo,Compeau,Senior Staff
62693,Parviz,Cappelletti,Senior Engineer
62694,Mang,Delaune,Senior Engineer
62695,Guangming,Jenevein,Senior Staff
62696,Paloma,Callaway,Senior Staff
62700,Geoff,Zambonelli,Senior Engineer
62704,Jiafu,Koyama,Staff
62708,Uriel,Ritcey,Senior Engineer
62714,Limsoon,Silva,Senior Engineer
62715,Feipei,Furedi,Engineer
62720,Alper,Garrabrants,Engineer
62723,Mitchel,Penttonen,Engineer
62725,Sham,Lores,Staff
62727,Aleksander,Greenaway,Engineer
62730,Ramzi,Vieth,Engineer
62733,Kshitij,Kusakari,Senior Staff
62734,Ayonca,Schaar,Senior Engineer
62735,Mooi,Portugali,Staff
62738,Kristen,Poupard,Engineer
62743,Shin,Veeraraghavan,Senior Engineer
62744,Rimon,Speer,Staff
62745,Ramalingam,Ramaiah,Staff
62748,Gonzalo,Ozeki,Assistant Engineer
62749,Yannis,Hmelo,Engineer
62750,Achilleas,Lemarechal,Senior Staff
62751,Indrajit,Gustavson,Staff
62754,Aloke,Uehara,Staff
62755,Nectarios,Magalhaes,Senior Engineer
62758,Xiong,Kornatzky,Senior Engineer
62774,Jeanna,Schlenzig,Senior Staff
62779,Otilia,Besselaar,Senior Staff
62781,Marek,Pietrzykowski,Senior Engineer
62784,Chandrasekaran,Lunn,Senior Engineer
62793,Beshir,Klerer,Senior Engineer
62794,Basil,Brender,Senior Engineer
62795,Munenori,Bazzichi,Engineer
62799,Gretta,Murtagh,Senior Staff
62804,Emran,Bahr,Engineer
62806,Aloys,Baalen,Senior Staff
62807,Gao,Billingsley,Senior Staff
62811,Gadiel,Pettey,Senior Engineer
62812,Chaosheng,Zyda,Senior Engineer
62818,Shaw,Picel,Senior Engineer
62821,Tomokazu,Munke,Senior Engineer
62822,Guozhong,Bamford,Staff
62825,Munehiko,Milicic,Engineer
62827,Sedat,Pietrzykowski,Senior Staff
62830,Fayez,Kuszyk,Assistant Engineer
62836,Alagu,Ozeri,Senior Engineer
62840,Manu,Luff,Staff
62841,Xiaoheng,Cesareni,Senior Staff
62846,Menkae,Walston,Senior Engineer
62847,Candido,Rijsenbrij,Technique Leader
62857,Maia,Cummings,Senior Staff
62858,Ebru,Tempesti,Senior Engineer
62859,Bernt,Wolniewicz,Senior Engineer
62860,Mamdouh,Shigei,Senior Engineer
62864,Guozhong,Felcyn,Staff
62866,Gennadi,Riefers,Senior Engineer
62869,Syozo,Schieder,Senior Staff
62870,Remzi,Verhoeff,Staff
62884,Mohammed,Streit,Technique Leader
62888,Froduald,Barinka,Senior Staff
62892,Gadiel,Muniz,Senior Staff
62898,Marko,Gide,Engineer
62900,Gio,Alencar,Senior Staff
62904,Yuuichi,Bail,Staff
62906,Alselm,McFarlin,Senior Staff
62909,Lenore,Rissland,Senior Staff
62913,Heekeun,Roisin,Senior Staff
62915,Kish,Karcich,Senior Staff
62918,Marie,Pouyioutas,Senior Staff
62919,Shen,Farrow,Senior Staff
62920,Gudjon,Wilharm,Technique Leader
62921,Dmitry,Varley,Staff
62924,Georg,Streit,Staff
62925,Bedir,Kobara,Senior Engineer
62926,Lillian,Schoegge,Senior Engineer
62930,Fumiyo,Flanders,Senior Engineer
62932,Kiam,Speel,Technique Leader
62935,Leni,Schiettecatte,Senior Staff
62938,Seshu,Junot,Staff
62941,Uta,Impagliazzo,Senior Engineer
62942,Giri,Swiler,Senior Engineer
62947,Rosli,Pillow,Staff
62955,Yuguang,Murrill,Senior Staff
62957,King,Plotkin,Senior Engineer
62958,Tomofumi,Magliocco,Assistant Engineer
62964,Duro,Schach,Senior Engineer
62969,Honglan,Tchuente,Engineer
62970,Georgy,Speek,Senior Engineer
62971,Yurij,Vakili,Engineer
62973,Premal,Salinas,Senior Engineer
62978,JiYoung,Emden,Staff
62982,Yannik,Penz,Senior Staff
62985,Juichirou,Lipner,Senior Staff
62986,Krassimir,Pietrzykowski,Engineer
62992,Shimshon,Bakhtari,Senior Engineer
63005,Barna,Ranum,Staff
63007,Xumin,Swift,Engineer
63017,Moni,Picel,Senior Engineer
63019,Fayez,Basawa,Senior Engineer
63021,Kamakshi,Yurov,Senior Engineer
63023,Xiahua,Wendorf,Senior Engineer
63029,Yannis,Bergere,Senior Staff
63038,Abdelaziz,Hasham,Senior Staff
63039,Christophe,Boreale,Technique Leader
63040,Yakkov,Blokdijk,Assistant Engineer
63046,Vasilii,Lorcy,Engineer
63051,Arif,Pena,Staff
63063,Richara,Krupka,Senior Engineer
63072,Bogdan,Siegrist,Senior Engineer
63074,Elliott,Peternell,Staff
63076,Goetz,Veccia,Engineer
63077,Hyuncheol,Escriba,Senior Engineer
63079,Nakhoon,Warwick,Senior Staff
63086,Ibibia,Bratsberg,Senior Staff
63087,Kazuhito,Ballarin,Senior Engineer
63088,Aleksander,Chepyzhov,Senior Staff
63091,Indrajit,Garrabrants,Senior Engineer
63099,Barna,Oskamp,Engineer
63100,Youjian,Zultner,Senior Engineer
63102,Honglan,Ravishankar,Staff
63103,Dipankar,Rissland,Engineer
63104,Shounak,Pleszkun,Staff
63107,Yurii,Crelier,Senior Engineer
63112,Joydip,Swan,Senior Engineer
63114,Danny,Cheshire,Senior Staff
63116,DeForest,Crooks,Senior Engineer
63128,Zhensheng,Gulak,Senior Staff
63133,Toshimi,Falco,Senior Engineer
63136,Hitofumi,Thibadeau,Staff
63143,Thodoros,Gips,Senior Engineer
63145,Vivian,Alblas,Engineer
63151,Salvador,Takanami,Technique Leader
63152,Jixiang,Alameldin,Senior Engineer
63153,Saniya,Mandell,Engineer
63157,Xianlong,Stille,Senior Engineer
63163,Shuichi,Dalton,Senior Engineer
63164,Jianwen,Mayerwieser,Staff
63165,Vishwani,Khasidashvili,Senior Engineer
63166,Sanjai,Baak,Senior Staff
63169,Wojceich,Sanella,Assistant Engineer
63173,Huan,Siochi,Senior Staff
63178,Yefim,Fioravanti,Senior Engineer
63181,Dayanand,Kamber,Senior Engineer
63185,Munehiro,Alpin,Senior Engineer
63186,Moon,Cusworth,Staff
63188,Dinkar,Uhrik,Senior Engineer
63189,Arnd,Muniz,Senior Engineer
63191,Vincent,Angel,Senior Staff
63193,Guozhong,Pintelas,Staff
63194,Ipke,Schicker,Senior Staff
63199,Moni,Erev,Staff
63200,Mohua,Koshiba,Engineer
63207,Billur,Steenbeek,Senior Staff
63209,Yakkov,Eiron,Senior Staff
63211,Katsuyuki,Whitcomb,Engineer
63212,Baocai,Marsiglia,Senior Engineer
63220,Subir,Swiler,Senior Engineer
63221,Feiyu,Zockler,Senior Engineer
63225,Sumali,Honiden,Senior Engineer
63230,Mart,Vecchio,Senior Engineer
63232,Vidya,Reghbati,Staff
63234,Tsutomu,Pagter,Senior Engineer
63236,Shan,Barinka,Senior Staff
63238,Atreye,Piazza,Staff
63244,Chrisa,Grabner,Senior Staff
63246,Zdislav,Waymire,Senior Engineer
63248,Haldon,Zeilberger,Engineer
63249,Marl,Journel,Staff
63255,Aloys,Shackel,Senior Staff
63257,Elvis,Trogemann,Senior Staff
63269,Luerbio,Benzmuller,Senior Engineer
63271,Danny,Haumacher,Senior Engineer
63280,Khalid,Chvatal,Engineer
63285,Xiaoshan,Adachi,Technique Leader
63286,Chuanti,Rajcani,Senior Staff
63287,Harjit,Chinal,Senior Staff
63288,Stella,Zolotykh,Senior Staff
63290,DAIDA,Dymetman,Senior Staff
63291,Subhrajyoti,Budinsky,Senior Staff
63295,Giao,Angiulli,Staff
63298,Premal,Marakhovsky,Senior Staff
63304,Reinhold,Lakshmanan,Senior Staff
63305,Perry,Waymire,Senior Engineer
63307,Sugwoo,Herber,Senior Staff
63311,Constantine,Hatcliff,Senior Engineer
63315,Fumiko,Veccia,Senior Staff
63316,Jeanna,Segond,Senior Staff
63321,Marsha,Monkewich,Engineer
63324,Pintsang,Leuchs,Senior Engineer
63326,Filipp,Perin,Senior Engineer
63329,Mart,Schaaf,Senior Staff
63331,Changho,Fadgyas,Engineer
63333,Xiping,Bojadziev,Senior Engineer
63339,Bilhanan,Masaki,Engineer
63340,Surveyors,Foong,Engineer
63341,Akeno,Peck,Senior Staff
63343,Mark,Ananiadou,Senior Engineer
63345,Richara,Whitcomb,Senior Staff
63346,Anneke,DuBourdieux,Senior Staff
63349,Anestis,Comte,Senior Engineer
63354,Hironoby,Swiler,Senior Staff
63356,Tua,Denos,Senior Staff
63361,Gro,Uehara,Senior Engineer
63363,Terresa,Brattka,Senior Engineer
63367,Hatim,Bondorf,Senior Engineer
63368,Temple,Vesel,Technique Leader
63370,Susanne,Vesel,Senior Engineer
63374,Goncalo,Kornatzky,Engineer
63376,Kiyotoshi,Peir,Senior Staff
63388,Jagoda,Asser,Technique Leader
63390,Rance,Moffat,Staff
63391,Josyula,Hertweck,Engineer
63399,Yonghoan,Azumi,Senior Engineer
63408,Conal,Champarnaud,Senior Staff
63411,Henk,Knightly,Staff
63412,Domenick,Thisen,Technique Leader
63421,Rance,Xiaoshan,Engineer
63422,Mahendra,Gulak,Senior Engineer
63427,Takahito,Nooteboom,Senior Staff
63431,Fumitaka,Gimbel,Senior Engineer
63436,Sudhanshu,Delaune,Staff
63437,Boalin,Lowrie,Staff
63438,Gilbert,Herbst,Senior Staff
63442,Satyanarayana,Reghbati,Senior Engineer
63443,Yoshinari,Krider,Senior Staff
63449,Ronnie,Glinert,Senior Staff
63456,Youngkon,Cromarty,Staff
63462,Wojceich,Back,Senior Staff
63463,Sedat,Hoppenstand,Engineer
63464,Mona,Krogh,Senior Staff
63466,Geraldo,Ratnaker,Staff
63470,Steen,Angot,Senior Staff
63471,Filipp,Bael,Senior Engineer
63476,Yonghong,Deyuan,Senior Engineer
63481,Jaques,Shinomoto,Engineer
63482,Elzbieta,Apsitis,Engineer
63487,Adib,Badr,Senior Engineer
63488,Zongyan,Furudate,Senior Engineer
63495,Mabry,Kleiser,Senior Engineer
63497,Anneli,Griswold,Senior Staff
63501,Laurentiu,Cesareni,Engineer
63502,Wanqing,Gerlach,Staff
63503,Weiye,Tzvieli,Senior Staff
63505,Bouchung,Chaudhuri,Technique Leader
63507,Valeri,Alblas,Engineer
63508,Radhia,Scharstein,Senior Engineer
63510,Uwe,Reghbati,Senior Staff
63516,Toshimitsu,Steinauer,Senior Staff
63519,Hidefumi,Setia,Engineer
63520,Duro,Kermarrec,Engineer
63525,Ult,Ginneken,Senior Engineer
63529,Palash,Uchoa,Senior Engineer
63535,Supot,Hofmeyr,Senior Staff
63542,Michaela,Hanratty,Senior Engineer
63543,Odysseas,Hainaut,Senior Staff
63545,Sachin,Swick,Senior Staff
63559,Shooichi,Marakhovsky,Senior Staff
63560,Shridhar,Candan,Senior Engineer
63562,Dannz,Heiserman,Technique Leader
63564,Subbu,Poulakidas,Senior Staff
63568,Toshimitsu,Bondorf,Senior Engineer
63570,Randy,Sudkamp,Senior Engineer
63574,Insup,Leslie,Senior Engineer
63576,Cheong,Awdeh,Senior Staff
63586,Prodip,Tibblin,Staff
63588,Pintsang,Curless,Senior Staff
63589,Nidapan,Beerel,Senior Staff
63590,Eben,Zuberek,Staff
63592,Fusako,Rohrbach,Engineer
63593,Rosita,Rosaz,Staff
63594,Niranjan,Luiz,Senior Staff
63596,Gou,Meszaros,Staff
63600,Gudjon,Birsak,Senior Staff
63604,Sachar,Vecchio,Senior Engineer
63609,Martins,Lyonns,Senior Staff
63610,Gudjon,Rosiles,Senior Engineer
63611,Lorien,Lorcy,Staff
63612,Berto,Foote,Senior Engineer
63614,Berna,Willoner,Senior Staff
63615,Barry,Rehfuss,Senior Staff
63620,Mikhail,Knightly,Senior Staff
63621,Uriel,Ertl,Staff
63622,Larisa,Munawer,Senior Engineer
63627,Cheong,Jonsson,Engineer
63630,Nishit,Oehlmann,Senior Engineer
63638,Adib,Chepyzhov,Senior Staff
63646,Candido,Siepmann,Assistant Engineer
63657,Chanjung,Xiaoshan,Staff
63658,Mircea,Bach,Senior Engineer
63665,Saeed,Demir,Staff
63667,Kerhong,Litzler,Senior Staff
63669,Mohan,Baaleh,Engineer
63672,Fei,Munos,Engineer
63675,Kazuhira,Heijenga,Senior Engineer
63676,Eishiro,Siprelle,Senior Staff
63679,Amalendu,Beidas,Technique Leader
63681,Ferdinand,Zucker,Engineer
63684,Gennadi,Carrere,Staff
63687,Ayonca,Stassinopoulos,Senior Engineer
63688,Jouni,Spieker,Senior Staff
63693,Martien,Zultner,Senior Engineer
63694,Jinpo,Champarnaud,Senior Engineer
63696,Morris,Provine,Senior Engineer
63697,Mario,Whittlesey,Engineer
63698,Khosrow,Heystek,Assistant Engineer
63703,Amalendu,Morton,Senior Engineer
63707,Naftaly,Segond,Engineer
63728,Haldon,Steenbeek,Senior Engineer
63737,Baoqiu,Narahara,Engineer
63738,Yunming,Ohori,Senior Engineer
63740,Doohun,Lenart,Staff
63743,Shugo,Muntz,Senior Staff
63744,Shaw,Mitchem,Assistant Engineer
63745,Eldridge,Serna,Senior Staff
63751,Steve,Chenoweth,Senior Engineer
63757,Idoia,Danlos,Senior Engineer
63760,Kwangsub,Stellhorn,Staff
63766,Jayson,Talmor,Senior Engineer
63769,Kamran,Krogh,Senior Staff
63770,Jagoda,Morrin,Senior Engineer
63775,Itzchak,Farrel,Senior Engineer
63777,Duri,Braunschweig,Senior Staff
63778,Gio,Sudkamp,Engineer
63779,Sugwoo,Emiris,Staff
63787,Rosita,Kaelbling,Engineer
63789,Urs,Sgarro,Staff
63793,Jessie,Salverda,Senior Staff
63795,Duangkaew,Lagarias,Technique Leader
63796,Kitty,Brookman,Senior Staff
63801,Valdiodio,Roccetti,Senior Engineer
63804,Tadanori,Douceur,Technique Leader
63812,Mohammed,Levasseur,Senior Engineer
63813,Troy,Erva,Staff
63817,Mahmut,Sommer,Senior Engineer
63821,Boguslaw,Penn,Engineer
63825,Hugh,Eppinger,Senior Engineer
63831,Danil,Gadepally,Engineer
63836,Hitofumi,Petersohn,Senior Staff
63849,Pasqua,Oxman,Engineer
63859,Takahito,Cmelik,Engineer
63861,Mohammad,Soicher,Assistant Engineer
63867,Mandell,Butterworth,Engineer
63873,Heeju,Osgood,Senior Staff
63877,Sangeeta,Gimbel,Engineer
63880,Boaz,Furudate,Staff
63883,Huican,Bruckman,Engineer
63889,Gor,Fasbender,Senior Engineer
63894,Nikolaos,Bakhtari,Senior Engineer
63895,Naraig,Showalter,Senior Staff
63897,Supot,Ellozy,Senior Engineer
63898,Theirry,Ducloy,Senior Engineer
63904,Yannis,Leslie,Senior Engineer
63905,Satoru,Klyachko,Senior Engineer
63906,Giri,Brickell,Senior Engineer
63910,Rosalie,Mawatari,Senior Staff
63911,Annemarie,Siochi,Engineer
63912,Filipe,Weedon,Engineer
63921,Jiafu,Klyachko,Engineer
63922,Jixiang,Gischer,Senior Staff
63925,Shem,Baalen,Technique Leader
63934,Uinam,Hedayat,Senior Staff
63935,Tadanori,Deyuan,Senior Engineer
63938,Sudharsan,Kobara,Engineer
63939,Amstein,Varker,Senior Engineer
63940,Kazuhide,Sankaranarayanan,Engineer
63942,Takahira,Dulli,Staff
63943,Shai,Karcich,Senior Staff
63955,Cheong,Bierman,Staff
63960,Adib,Mandelberg,Staff
63962,Foong,Maraist,Senior Engineer
63965,Snehasis,Avouris,Senior Staff
63979,Idoia,Strehl,Staff
63984,Yongmao,Gerteisen,Senior Engineer
63985,Kristof,Ranta,Senior Engineer
63987,Jingling,Hockney,Senior Engineer
63992,Yuping,Cools,Senior Staff
63997,Stafford,Rosti,Senior Engineer
63999,Toshimi,Whitcomb,Senior Staff
64008,Mokhtar,Merey,Senior Staff
64017,Magy,Wrigley,Senior Staff
64026,Sverrir,VanScheik,Staff
64029,Becky,Beznosov,Staff
64037,Genki,Avouris,Senior Staff
64040,Prodip,Kemmerer,Senior Engineer
64043,Yurij,Luiz,Senior Staff
64046,Kazuhiro,McClure,Senior Engineer
64047,Shakhar,Strehl,Engineer
64051,Bartek,Juneja,Engineer
64052,Hyuckchul,Stroustrup,Senior Engineer
64054,Kaijung,Ratnakar,Senior Engineer
64059,Behnaam,Iisaka,Senior Staff
64065,Lucian,Syrotiuk,Engineer
64072,Claude,Demri,Engineer
64075,Aral,Pulkowski,Engineer
64076,Miyeon,Theuretzbacher,Senior Staff
64077,Duri,Janetzko,Assistant Engineer
64080,Demos,Baik,Technique Leader
64081,Bokyung,Matzel,Senior Staff
64084,Shao,Toyoshima,Engineer
64087,Halsur,Benantar,Senior Engineer
64090,Uli,Gecseg,Senior Engineer
64093,Hyuckchul,Nishimukai,Senior Engineer
64098,Armond,Weiland,Staff
64100,Xiahua,Nilsson,Senior Engineer
64101,Sorina,Matzat,Senior Staff
64103,Koldo,Syrotiuk,Senior Staff
64105,Falguni,Michaels,Engineer
64106,Youjian,Krone,Senior Staff
64111,Godehard,Sherertz,Technique Leader
64119,Zorica,Brizzi,Engineer
64128,Masaki,Pollacia,Senior Staff
64130,Yinghua,Merro,Senior Engineer
64136,Godehard,Lamba,Senior Engineer
64137,Xuejun,Schrooten,Engineer
64138,Yuqun,Fetvedt,Senior Staff
64142,Demos,Bultermann,Assistant Engineer
64143,Moheb,Picaronny,Senior Engineer
64145,Aluzio,Cardazo,Staff
64147,Richard,Sevcikova,Engineer
64149,Yucai,Stavenow,Staff
64150,Noritoshi,Ghandeharizadeh,Senior Engineer
64151,Rasikan,Alameldin,Senior Engineer
64154,Huai,Nanard,Engineer
64158,Yechiam,Fujisawa,Senior Staff
64161,Raimond,Fujisawa,Engineer
64173,Fumiko,Koshiba,Senior Staff
64175,Arvin,Wendorf,Senior Engineer
64177,Kerhong,Angot,Senior Engineer
64179,Yongmin,Szemeredi,Senior Staff
64194,Persi,Takanami,Staff
64200,Khun,Bojadziev,Technique Leader
64202,Lene,Parascandalo,Engineer
64204,Debaprosad,Deville,Senior Staff
64213,Kwee,Shumilov,Senior Staff
64216,Siamak,Eiter,Engineer
64224,Jiang,Lindenbaum,Technique Leader
64225,Xiaoqiang,Katzenelson,Technique Leader
64226,Margo,Mersereau,Senior Staff
64228,Kousuke,Czaja,Staff
64229,Yonghong,Schrift,Senior Staff
64231,Baoqiu,Hiraishi,Staff
64240,Goncalo,Hoppenstand,Senior Staff
64241,Vojin,Gilg,Senior Engineer
64243,Moss,Maraist,Senior Engineer
64244,Tonia,Krichel,Senior Engineer
64247,Uma,Bonifati,Senior Engineer
64255,Kamakshi,Gist,Senior Engineer
64260,Shen,Pashtan,Senior Staff
64261,Masaru,Peyn,Senior Engineer
64268,Masasuke,Qiwen,Senior Staff
64272,Roddy,Vesna,Senior Staff
64273,Eric,Klassen,Engineer
64277,Toshimo,Hennings,Senior Staff
64278,Stevo,Hennebert,Senior Engineer
64280,Arunas,Brandsma,Senior Staff
64281,Faiza,Rosca,Senior Engineer
64284,Dulce,Ramamoorthy,Engineer
64287,Bouchung,Khalil,Senior Staff
64288,Gad,Siochi,Technique Leader
64290,Hirochika,Merro,Senior Staff
64293,Sastry,Fendler,Senior Staff
64298,Toshimori,Lupu,Senior Staff
64301,Jongsuk,Leonhardt,Staff
64302,Huai,Sgarro,Senior Staff
64304,Stella,Koprowski,Senior Engineer
64305,King,Berztiss,Senior Engineer
64310,Khatoun,Kossowski,Senior Engineer
64313,Leucio,Schlegelmilch,Senior Engineer
64314,Uwe,Cronau,Staff
64316,Bartek,Pesch,Senior Staff
64320,Khoa,Petereit,Senior Engineer
64322,Chaosheng,Peha,Engineer
64326,Marit,Ohori,Senior Staff
64327,Valdiodio,Benveniste,Senior Engineer
64335,Tristan,Thummel,Technique Leader
64336,Nectarios,Kalafatis,Engineer
64337,Uriel,Liesche,Staff
64344,Hyuncheol,Karnin,Senior Engineer
64352,Fox,Schaar,Technique Leader
64359,Radhika,Farrar,Senior Staff
64361,Atilio,Haraldson,Senior Engineer
64363,Sanjay,Thummel,Senior Staff
64369,Yuqun,Negoita,Assistant Engineer
64372,Denny,Monarch,Engineer
64377,Along,Couchot,Senior Engineer
64383,Seshu,Karner,Senior Staff
64384,Martina,Lorho,Senior Staff
64390,Christ,Giveon,Senior Engineer
64391,Leah,Wilharm,Staff
64392,Amabile,Bernatsky,Senior Engineer
64395,Jianhui,Schach,Engineer
64398,Nectarios,Perna,Senior Staff
64400,Babette,Brendel,Senior Staff
64401,Kristin,Swiss,Senior Engineer
64402,Aksel,Masamoto,Staff
64404,Kwee,Czaja,Staff
64405,Abdelghani,Peron,Staff
64408,Jacopo,Gien,Engineer
64410,Stafford,Rathonyi,Senior Staff
64414,Martins,Pettit,Senior Staff
64415,Mingdong,Muhlberg,Senior Staff
64423,Akeno,Kitsuregawa,Senior Staff
64427,Venkatesan,Marquardt,Senior Staff
64432,Marla,Goldhammer,Engineer
64434,Hairong,Diderrich,Assistant Engineer
64437,Ute,Vanwelkenhuysen,Staff
64443,Junichi,Demos,Senior Staff
64444,Tzvetan,Thorelli,Senior Staff
64445,Yifei,Jansen,Engineer
64450,Aran,Raney,Senior Engineer
64455,Duro,Milicia,Senior Engineer
64456,Moti,Gajiwala,Technique Leader
64458,Fan,Rindone,Senior Staff
64461,Billie,Foote,Senior Engineer
64462,Boguslaw,Schueller,Engineer
64463,Mikhail,Muhling,Senior Staff
64464,Przemyslawa,Plump,Staff
64465,Mang,Ertl,Senior Engineer
64467,Ravishankar,Validov,Technique Leader
64468,Danai,Teitelbaum,Engineer
64472,Malu,Koshiba,Staff
64475,Geraldo,Segond,Assistant Engineer
64477,Boaz,Belinskaya,Engineer
64478,Gor,Luff,Senior Engineer
64481,Aiichiro,Speek,Technique Leader
64488,Jaana,Kandlur,Senior Engineer
64489,Gay,Thorensen,Staff
64490,Adib,Bratten,Senior Staff
64495,Bilhanan,Bazelow,Senior Staff
64496,Soenke,Berstel,Senior Engineer
64501,Perla,Syrotiuk,Staff
64503,Stafford,Kornatzky,Senior Engineer
64510,Sachio,Radwan,Senior Engineer
64517,Arie,Chvatal,Senior Engineer
64519,Kerryn,Eickenmeyer,Senior Staff
64523,Arie,Validov,Engineer
64526,Masoud,Uehara,Staff
64527,Guenter,Gaughan,Staff
64535,Zongyan,Georgatos,Senior Staff
64536,Reinhold,Jiang,Staff
64539,Horward,England,Assistant Engineer
64540,Dinah,Kilgour,Engineer
64556,Xiaopeng,Fritzsche,Senior Engineer
64557,Danai,Bain,Staff
64563,Mani,Siegrist,Engineer
64565,Joydip,Khamsi,Senior Staff
64566,Tuval,Dusink,Technique Leader
64571,Dipankar,Ecklund,Senior Engineer
64572,Yinghua,Roccetti,Senior Engineer
64574,Fumiya,Milicic,Engineer
64575,Pradeep,Sridhar,Senior Staff
64581,Shaunak,Reghbati,Senior Engineer
64583,Kazunori,Swab,Staff
64584,Takushi,Chimia,Staff
64587,Oddvar,Dehkordi,Senior Staff
64593,Karsten,Kriebel,Senior Engineer
64595,Mohit,Majewski,Senior Engineer
64598,Chrisa,Kavanagh,Technique Leader
64599,Trygve,Gubsky,Engineer
64602,Sampalli,Flowers,Senior Engineer
64606,Miyeon,Miara,Senior Staff
64615,Thanasis,Pepe,Senior Engineer
64616,Hitomi,Zirintsis,Senior Staff
64620,Kwangsub,Frolund,Senior Staff
64621,Dekang,Braccini,Senior Staff
64623,Alain,Capobianchi,Senior Staff
64625,Geoff,Boissier,Senior Staff
64633,Oscar,Schauser,Senior Staff
64636,Gina,Muhlberg,Senior Engineer
64638,Hilary,Schlumberger,Senior Staff
64639,Kannan,Walstra,Senior Engineer
64643,Serenella,Ramalingam,Senior Engineer
64655,Jaideep,Nilsson,Senior Staff
64656,Xiahua,Gente,Senior Staff
64657,Jianhui,Duclos,Senior Engineer
64661,Gopalakrishnan,Weiland,Senior Engineer
64674,Remco,Murtha,Senior Engineer
64676,Geoffrey,Maliniak,Senior Staff
64686,Kolar,Litzler,Engineer
64689,Bernice,Jakobus,Technique Leader
64690,Sanjeeva,Siochi,Engineer
64692,Bowen,Ermel,Senior Engineer
64694,Fabrizio,Badr,Staff
64696,Tiina,Karlin,Senior Staff
64697,Jahangir,Barinka,Senior Engineer
64703,Trygve,Fiebach,Senior Staff
64704,Ute,Dulay,Senior Staff
64707,Brigham,Chachaty,Senior Staff
64711,Honglan,Azevdeo,Senior Staff
64716,Ulf,Junot,Senior Staff
64719,Bokyung,Barriga,Senior Staff
64720,Katsuo,Poulakidas,Engineer
64726,Dulce,Hambrick,Engineer
64728,Akhilish,Hedayat,Senior Engineer
64729,Gunilla,Terkki,Senior Engineer
64730,Kaijung,Zeleznik,Senior Staff
64731,Fumino,Rosay,Senior Engineer
64741,Arlette,Peha,Senior Staff
64748,Kerryn,Ramsay,Engineer
64751,Qiwen,Schwaller,Staff
64753,Shahid,Swan,Senior Staff
64755,Mang,Shackel,Staff
64756,Ramya,Auyong,Senior Staff
64761,Dekang,Fujisaki,Technique Leader
64763,Guozhong,Manders,Engineer
64765,Goo,Soloway,Senior Engineer
64766,Kokou,Brendel,Staff
64767,Prodip,Chinen,Senior Engineer
64769,Uinam,Callaway,Senior Staff
64771,Wuxu,Vigier,Technique Leader
64774,Marsal,Kroft,Staff
64778,Stamatina,Sgarro,Senior Engineer
64782,Bluma,Sommer,Senior Engineer
64783,Willard,Ramsey,Senior Staff
64784,Charlene,Boreale,Senior Staff
64785,Zhigen,Miyakawa,Senior Staff
64786,Froduald,Zeleznik,Engineer
64789,Arve,Peltason,Engineer
64791,Dinkar,Gerteisen,Senior Staff
64792,Chaosheng,Thiria,Staff
64794,Khun,Jiang,Senior Staff
64796,Xiadong,Auria,Senior Staff
64802,Vasilii,Boyle,Senior Staff
64804,Valter,Mellouli,Senior Staff
64806,Kersti,Ranta,Staff
64808,Fumiya,Rosch,Senior Staff
64809,Ramachenga,Lienhardt,Senior Staff
64810,Odinaldo,Gulik,Technique Leader
64822,Joydip,Syang,Engineer
64823,Shaleah,Bade,Senior Engineer
64825,Jacopo,Rajcani,Technique Leader
64832,Boalin,Emmerich,Senior Engineer
64837,Mantis,Petereit,Technique Leader
64855,Elrique,Hiltgen,Engineer
64859,Berhard,Suppi,Senior Engineer
64860,Kolar,Oxman,Staff
64862,Mototsugu,Dulli,Senior Engineer
64872,Dayanand,Thibadeau,Senior Staff
64879,Rafail,Henseler,Senior Engineer
64884,Mansur,Hagimont,Senior Engineer
64889,Emdad,Pauthner,Technique Leader
64891,Ioana,Pepe,Senior Engineer
64893,Yoshimitsu,Billawala,Senior Staff
64894,Mori,Weedman,Senior Staff
64899,Valter,Passino,Senior Engineer
64900,Berthier,Benveniste,Engineer
64904,Xiaocheng,Aloia,Senior Engineer
64905,Serap,Baar,Senior Staff
64912,Yahiko,Hagimont,Engineer
64914,Kiyomitsu,Krider,Senior Engineer
64916,Mohit,Hmelo,Senior Staff
64917,Mokhtar,Litecky,Senior Staff
64922,Shuzo,Zeilberger,Senior Staff
64923,Bodo,Kossowski,Engineer
64927,Kwee,Peak,Senior Engineer
64928,Marko,Czaja,Technique Leader
64929,Ayakannu,Marchesini,Senior Staff
64933,Kristin,Mungall,Senior Staff
64941,Angel,Hockney,Senior Staff
64945,Arch,Cairo,Engineer
64955,Mariusz,Karner,Senior Engineer
64956,Tetsurou,Schapiro,Senior Engineer
64960,Chinho,Gonthier,Technique Leader
64969,Jasminko,Kawashima,Senior Engineer
64970,IEEE,Legleitner,Senior Staff
64974,Lijia,Penn,Senior Engineer
64975,Tetsushi,Itzigehl,Senior Staff
64977,Danel,Stifter,Senior Staff
64983,Ziyad,Huxford,Staff
64991,Nirmal,Legleitner,Senior Staff
64997,Vatsa,Azevdeo,Senior Staff
64999,Gen,Hardjono,Staff
65000,Heng,Stafford,Engineer
65001,Jongsuk,Hardjono,Technique Leader
65004,Guttorm,Tiemann,Senior Staff
65011,Weiwu,Liesche,Senior Staff
65014,Geoffry,Narahara,Technique Leader
65020,Lalit,Jullig,Engineer
65021,Xudong,Paludetto,Engineer
65026,Xinan,Hambrick,Senior Staff
65028,Yifei,Businaro,Senior Staff
65029,Theirry,Kaltofen,Senior Engineer
65033,Barry,Candan,Senior Staff
65036,Mantis,Dusink,Senior Staff
65038,Arto,Bressoud,Senior Staff
65039,Munehiro,Winter,Engineer
65040,Babette,Mayerwieser,Staff
65044,Sivanarayana,Gunderson,Staff
65045,Abdelkader,Koshiba,Senior Engineer
65049,Keung,Kropf,Senior Staff
65051,Jayesh,Zucker,Senior Engineer
65053,Shawna,Olano,Senior Engineer
65056,Masako,Haldar,Senior Engineer
65061,Shushma,Flowers,Technique Leader
65080,Marl,Bugaenko,Senior Staff
65081,Wojceich,Rahier,Senior Engineer
65082,Mabo,Nitto,Senior Staff
65084,Aksel,Bhattacharjee,Senior Staff
65091,Sachin,Mullainathan,Senior Staff
65093,Ulises,Kabayashi,Senior Staff
65096,Navid,Stasinski,Senior Staff
65097,Yinlin,Meszaros,Senior Staff
65101,Aloke,Bakhtari,Senior Staff
65102,Souichi,Delgrange,Senior Staff
65106,Nadjib,Hartvigsen,Senior Engineer
65108,Hirochika,Lunn,Engineer
65111,Flemming,Chachaty,Senior Engineer
65113,Arif,Brender,Senior Staff
65119,Fun,Ratzlaff,Senior Engineer
65122,Hugh,Ballarin,Senior Engineer
65125,Leni,Merlo,Senior Staff
65128,Barun,Munch,Engineer
65131,Shakhar,Akiyama,Senior Staff
65136,Terresa,Undy,Senior Staff
65138,Shaowen,Hiroyama,Engineer
65143,Huei,Granlund,Senior Staff
65144,Nectarios,Deyuan,Senior Staff
65145,Mary,Perz,Engineer
65146,Theirry,Sundgren,Senior Staff
65150,Ipke,Shinomoto,Senior Staff
65153,Mingzeng,Cichocki,Senior Engineer
65156,Bikash,VanScheik,Staff
65162,Marko,Peot,Assistant Engineer
65164,Yechiam,Rosch,Engineer
65167,Torsten,Borovoy,Assistant Engineer
65169,Lucien,Meriste,Engineer
65170,Premal,Wissmann,Engineer
65173,Karlis,Binkley,Senior Staff
65181,Sandeepan,Bhattacharjee,Technique Leader
65185,Mohd,Sury,Engineer
65187,Shakhar,Luck,Engineer
65199,Ipke,Spataro,Senior Staff
65207,Tristan,Serre,Senior Engineer
65209,Yongdong,Pavlopoulou,Senior Engineer
65211,TRUE,Hofstetter,Senior Staff
65215,Joydip,Garnham,Staff
65216,Masato,Leuchs,Senior Engineer
65217,Magdalena,Leijenhorst,Senior Engineer
65220,Yoshimitsu,Pramanik,Senior Staff
65222,Wilmer,Zaumen,Staff
65225,Trygve,Zaiane,Senior Staff
65236,Valeri,Jiafu,Engineer
65240,Sakthirel,Kabayashi,Senior Engineer
65242,Soenke,Mapelli,Assistant Engineer
65243,Xiaoheng,Chinen,Engineer
65245,Mayuri,Ouhyoung,Staff
65248,Shrikanth,Felcyn,Senior Engineer
65255,Dmitri,Otillio,Senior Engineer
65259,Kazuhide,Luef,Senior Engineer
65260,Torsten,Vesel,Engineer
65263,Jianhao,Nooteboom,Senior Staff
65267,Shietung,Furedi,Senior Staff
65268,Feiyu,Schoegge,Engineer
65269,Mohammed,Kaiser,Engineer
65270,Cheong,Kroft,Engineer
65272,Adas,Tibblin,Assistant Engineer
65273,Karsten,Passino,Senior Engineer
65280,Arun,Aloia,Senior Engineer
65282,Shahid,Gien,Senior Engineer
65283,Susanna,Zolotykh,Senior Staff
65285,Padma,Segond,Assistant Engineer
65288,Hitofumi,Selenyi,Assistant Engineer
65290,Sanjay,Wielonsky,Engineer
65292,Aamer,Thummel,Senior Staff
65293,Eckart,Kroft,Engineer
65294,Yurij,Luca,Senior Staff
65302,Karlis,Thimonier,Engineer
65305,Gil,Gide,Engineer
65306,Padma,Masaki,Senior Staff
65308,Jouni,Pocchiola,Senior Staff
65311,Terresa,Assaf,Senior Staff
65312,Dipayan,Farrel,Senior Engineer
65316,Aimee,Papastamatiou,Senior Engineer
65329,Miquel,Braccini,Engineer
65330,Fumiyo,Muchinsky,Staff
65334,Xiaoqiu,Egerstedt,Engineer
65335,Serge,Czaja,Senior Staff
65337,Youngkon,Munck,Staff
65344,Vatsa,Chandrasekhar,Staff
65352,Krassimir,Kalsbeek,Technique Leader
65353,Lakshmi,Collavizza,Staff
65358,Kshitij,Cooley,Assistant Engineer
65366,Bartek,Lindenbaum,Senior Engineer
65367,Weiwu,Heyers,Senior Engineer
65368,Dung,Ladret,Senior Engineer
65371,Manibrata,Billawala,Engineer
65372,Amalendu,Lenart,Senior Engineer
65376,Unal,Schapiro,Engineer
65377,Stamatina,Valette,Engineer
65378,Odoardo,DeMori,Senior Staff
65381,Jaideep,Masamoto,Staff
65384,Stepehn,Ratzlaff,Engineer
65387,Nathalie,Muchinsky,Senior Engineer
65390,Dayanand,Bail,Engineer
65392,Poorav,Aseltine,Senior Staff
65393,Shietung,Lubachevsky,Senior Staff
65394,Jacqueline,Lamma,Senior Staff
65400,Kristian,Peroz,Senior Engineer
65417,Toney,Karnin,Senior Engineer
65424,Zhonghua,Ghemri,Technique Leader
65428,Herbert,Luby,Senior Staff
65429,Marlo,Stille,Staff
65431,Emdad,Streit,Senior Engineer
65434,Abdelaziz,Blokdijk,Staff
65442,Arfst,Comellas,Senior Staff
65443,Sreekrishna,Bresenham,Senior Staff
65448,Menkae,Benzaken,Staff
65449,Vasiliy,Steenbeek,Senior Staff
65450,Jianhui,Rosch,Senior Staff
65457,Laurentiu,Cesareni,Senior Engineer
65458,Dmitri,Domenig,Senior Staff
65459,Petter,Cronan,Senior Staff
65466,Mona,Lagarias,Engineer
65467,Jeane,Perng,Senior Staff
65479,Masali,Buescher,Staff
65486,Arch,Cincotta,Senior Engineer
65487,Shalesh,Cools,Senior Staff
65490,Xiaobin,Wixon,Senior Engineer
65493,Zeydy,Cummings,Senior Staff
65494,Khoa,Yoshizawa,Senior Staff
65498,Rildo,Garrabrants,Senior Staff
65502,Weiru,Junot,Senior Engineer
65505,Lidong,Morris,Engineer
65506,Guozhong,Khalil,Senior Engineer
65507,Vojin,Krychniak,Staff
65510,Valeska,Brodie,Senior Engineer
65513,Huican,Fandrianto,Senior Staff
65514,Aemilian,Lundstrom,Staff
65515,Phillip,Teitelbaum,Staff
65517,Visit,Ducloy,Senior Engineer
65520,Taizo,Kalafatis,Senior Engineer
65523,Leandro,Babb,Senior Engineer
65530,Shunichi,Hofstetter,Engineer
65532,Joydip,Miara,Staff
65533,Monique,Mawatari,Senior Engineer
65535,Aleksander,Birjandi,Senior Staff
65538,Moheb,Plesums,Technique Leader
65543,Mahmut,Verhoeff,Technique Leader
65547,Shridhar,Demos,Senior Staff
65551,Zhenhua,Nittel,Senior Staff
65552,Girolamo,Llado,Senior Engineer
65559,Feipei,Nishimukai,Senior Staff
65563,Miyeon,Lampe,Staff
65567,Richara,Kaiser,Engineer
65568,Mark,Ventosa,Senior Engineer
65569,Sachio,Picci,Senior Staff
65571,Yahiko,Swan,Senior Staff
65572,Hironoby,Bernardeschi,Senior Engineer
65576,Janche,Rohrbach,Senior Engineer
65579,Adit,Orsini,Senior Staff
65584,Valeska,Motley,Staff
65588,Bokyung,Anguita,Engineer
65590,Sushant,Swick,Staff
65591,Apostol,Riesenhuber,Senior Staff
65593,Barton,Katiyar,Engineer
65594,Dietrich,Sadowski,Senior Engineer
65595,Kasidit,Fujisaki,Senior Engineer
65596,Qunsheng,Herbst,Assistant Engineer
65599,Gen,Sethi,Senior Staff
65600,Jinxi,Mahmud,Staff
65601,Aleksandar,Journel,Senior Staff
65603,Kagan,Lanphier,Senior Engineer
65604,Przemyslawa,Ouhyoung,Engineer
65605,Howell,Matzen,Senior Engineer
65610,Charmane,Shackell,Senior Engineer
65611,Kwangho,Danecki,Senior Engineer
65612,Somnath,Senzako,Senior Engineer
65619,Kazuhira,Rosch,Senior Engineer
65620,Radhia,Merkl,Senior Staff
65624,Arno,Verspoor,Senior Engineer
65632,Navin,Rouquie,Engineer
65636,Gila,Barriga,Staff
65638,Danel,Apsitis,Technique Leader
65640,Qingxiang,Gewali,Senior Engineer
65641,Vishu,Winter,Senior Engineer
65645,Marjo,Cesareni,Engineer
65646,Niranjan,Valette,Technique Leader
65656,Yuriy,Jahnichen,Staff
65657,Arno,Seiwald,Senior Staff
65660,Sugwoo,Ginneken,Technique Leader
65663,Rafael,Leppanen,Senior Engineer
65667,Prodip,Mikschl,Senior Staff
65668,Qiwen,Yetim,Senior Engineer
65669,Rafail,Muhlberg,Engineer
65670,Takanari,Maquelin,Senior Engineer
65672,Tetsushi,Pillow,Senior Engineer
65674,Cathie,Sadowski,Senior Staff
65676,Constantino,Marzano,Staff
65702,Kristian,Nergos,Senior Engineer
65706,Troy,Munck,Senior Engineer
65707,Yunming,Tsunoo,Engineer
65711,Sarita,Kalloufi,Engineer
65712,Niranjan,Beznosov,Senior Engineer
65715,Nevin,Gniady,Senior Engineer
65720,Hauke,Hopewell,Engineer
65721,Marjo,Snedden,Senior Staff
65727,Matt,Ranst,Senior Engineer
65733,Khosrow,Encarnacion,Staff
65734,Nathan,Makrucki,Engineer
65735,Panayotis,Schrooten,Senior Staff
65736,Jeane,Hiltgen,Staff
65738,Ramachenga,Marrakchi,Senior Staff
65740,Nagui,Kalsbeek,Senior Staff
65744,Pasqua,Slobodova,Assistant Engineer
65746,Xiaoshan,Chiola,Senior Engineer
65748,Masoud,Gimarc,Staff
65752,Pasqua,Schreiter,Senior Engineer
65756,Vatsa,Barreiro,Senior Engineer
65758,Teruyuki,Narahari,Senior Engineer
65760,Chenxi,Morrey,Senior Engineer
65779,Lansing,Litecky,Staff
65791,Elvia,Raczkowsky,Senior Engineer
65793,Serenella,Cummings,Senior Staff
65795,Gift,Jonsson,Senior Engineer
65801,Arif,Munch,Senior Engineer
65803,Lijia,Michaeli,Senior Engineer
65804,Otilia,Driscoll,Senior Staff
65806,Divier,Ellozy,Senior Staff
65807,Guttorm,Ranze,Senior Engineer
65809,Martien,Beetstra,Engineer
65812,Heeju,Hooghiemstra,Staff
65825,Susumu,Pelc,Senior Engineer
65832,Anoosh,Lamba,Senior Staff
65834,Vidya,Marletta,Staff
65835,Arra,Beetstra,Senior Staff
65840,Sreekrishna,Magalhaes,Senior Engineer
65841,Howell,Peltason,Senior Engineer
65842,Lubomir,Paludetto,Engineer
65850,Honglan,Danley,Senior Engineer
65854,Weijing,Eugenio,Technique Leader
65858,Martins,Awdeh,Senior Engineer
65859,Aral,Rando,Senior Staff
65868,Guoxiang,Cools,Senior Engineer
65869,Premsyl,Nittel,Senior Staff
65876,Yagil,Vieth,Senior Staff
65879,Heekeun,Spinelli,Senior Staff
65882,Tesuro,Cyre,Engineer
65893,Margareta,Hoppenstand,Senior Staff
65894,Yakkov,Haraldson,Senior Staff
65896,Tamiya,Hiltgen,Engineer
65899,Anyuan,Ranta,Senior Engineer
65903,Srinidhi,Jakobus,Senior Staff
65905,Gregory,Pesch,Technique Leader
65910,Weicheng,Kroll,Staff
65914,Danco,Covnot,Staff
65916,Karlis,Zyda,Senior Staff
65917,Vishu,Swist,Senior Engineer
65919,Fabrizio,Peron,Engineer
65926,Eric,Merkl,Senior Staff
65930,Dines,Cyne,Senior Staff
65937,Tzvetan,Cannane,Senior Engineer
65939,Boguslaw,Krybus,Senior Engineer
65942,Houman,Jarecki,Staff
65946,Hairong,Bahr,Senior Staff
65947,Mechthild,Zockler,Senior Engineer
65948,Shuichi,Braccini,Senior Engineer
65951,Kwok,Luca,Senior Engineer
65952,Debaprosad,Vesna,Senior Engineer
65957,Aran,Guenter,Senior Engineer
65958,Heon,Bierman,Senior Staff
65960,Branimir,Smailagic,Engineer
65964,Elliott,Velardi,Senior Engineer
65966,Jessie,Macedo,Senior Staff
65972,Monique,Herath,Senior Staff
65974,Fayez,Schicker,Senior Staff
65977,Leucio,Gadepally,Senior Engineer
65978,Fay,Chaudhuri,Senior Staff
65981,Jayson,Bharadwaj,Engineer
65983,Hyuckchul,Benantar,Senior Engineer
65986,Edwin,Baezner,Staff
65988,Idoia,Bresenham,Staff
65992,Mabhin,Matteis,Senior Engineer
66000,Junsik,Halevi,Engineer
66007,Diederik,Salverda,Staff
66010,Chikako,Suermann,Staff
66012,Fai,Poehlman,Senior Staff
66015,Jeanna,Honiden,Engineer
66018,Kauko,Osgood,Senior Engineer
66019,Surveyors,Rosis,Technique Leader
66021,Uno,Bahk,Engineer
66034,Arvind,Coullard,Engineer
66039,JoAnna,Georgatos,Staff
66050,Gully,Riesenhuber,Staff
66051,Sailaja,Peltason,Staff
66053,Aimee,Schwartzburd,Senior Engineer
66059,Paddy,Farrag,Engineer
66060,Eben,Bhattacharjee,Senior Staff
66062,Zita,Ranta,Senior Staff
66067,Aruna,Domenig,Senior Engineer
66073,Zhongwei,Marrevee,Senior Staff
66076,Goetz,Cardazo,Engineer
66082,Khalil,Kriebel,Engineer
66083,Mamdouh,Reistad,Senior Staff
66084,Jaihie,Bauknecht,Staff
66086,Sverrir,Salvesen,Senior Engineer
66089,Itzchak,Koprowski,Assistant Engineer
66092,Phuoc,Heuter,Engineer
66098,Satosi,Danecki,Senior Engineer
66099,Navid,Grospietsch,Staff
66107,Utz,Birke,Senior Engineer
66108,Heather,Isard,Senior Engineer
66117,Djenana,Acton,Senior Engineer
66118,Yongmao,Fontet,Assistant Engineer
66120,Nobuyoshi,Pusterhofer,Senior Staff
66121,Willard,Hemaspaandra,Senior Engineer
66123,Jinxi,Comte,Senior Engineer
66124,Alejandro,Kalsbeek,Senior Engineer
66125,Waiman,Begiun,Staff
66126,Basil,Schneeberger,Senior Engineer
66131,Kasturi,Vuskovic,Senior Engineer
66132,Filipp,Tasistro,Senior Engineer
66133,Niclas,Hasham,Senior Engineer
66141,Gita,Huxford,Senior Staff
66142,Guoxiang,Cooley,Assistant Engineer
66143,Ferdinand,Gladwell,Senior Engineer
66145,Hironobu,Ashish,Senior Engineer
66155,Ulises,Hasenauer,Senior Staff
66158,Masaki,Juneja,Senior Staff
66159,Fuqing,Jervis,Senior Engineer
66164,Kensyu,Cappello,Senior Staff
66165,Xiaocheng,Marrevee,Senior Engineer
66170,Aksel,Ohori,Senior Engineer
66180,Xudong,Anandan,Senior Engineer
66183,Ortrud,Frijda,Senior Engineer
66187,Anestis,Manderick,Senior Staff
66188,Kwangjo,Rijckaert,Staff
66191,Giordano,Slaats,Engineer
66194,Pintsang,Gargeya,Senior Engineer
66197,Yongmin,Munke,Engineer
66198,Seongbin,Edelhoff,Senior Staff
66202,Kolar,Giveon,Senior Engineer
66205,Yannik,Argence,Senior Staff
66208,Kristof,Ranka,Senior Engineer
66213,Jaideep,Docker,Engineer
66215,Arumugam,Ginneken,Engineer
66217,Dmitry,Karner,Senior Staff
66218,Branimir,Gulak,Senior Staff
66223,Yakichi,Rattan,Senior Staff
66225,Mayumi,Stifter,Senior Staff
66226,Deniz,Baba,Senior Engineer
66229,Dannz,Mayerwieser,Senior Staff
66231,Chaosheng,Keohane,Senior Engineer
66232,Gila,Kroon,Senior Engineer
66237,Shigeo,Monkewich,Senior Staff
66247,Aleksandar,Mitina,Senior Engineer
66254,Ghassan,Mahnke,Senior Staff
66255,Chinhyun,Shanbhogue,Senior Staff
66258,Sumant,Schonegge,Staff
66259,Shichao,Imataki,Senior Engineer
66262,Mona,Frezza,Senior Engineer
66270,Jordanka,Boudaillier,Engineer
66271,Fumitake,Solares,Engineer
66272,Geraldo,Munoz,Staff
66275,Neelam,Zobel,Senior Staff
66282,Chiradeep,Lowrie,Staff
66289,Taizo,Keohane,Senior Staff
66290,Pasqua,Swick,Senior Engineer
66291,Tzu,Ouhyoung,Senior Engineer
66293,Jaewon,Stroustrup,Senior Staff
66296,Aloke,Iivonen,Senior Engineer
66297,Narain,Boguraev,Senior Staff
66300,Cullen,Chiodo,Engineer
66304,Luise,Koyama,Senior Engineer
66306,Rosli,Bojadziev,Senior Staff
66310,Jahangir,Kranzdorf,Engineer
66313,Kasturi,Picco,Senior Staff
66314,Alagu,Sluis,Senior Staff
66319,Jeanna,Socorro,Technique Leader
66321,Valeska,Improta,Engineer
66324,Sampalli,Akiyama,Engineer
66328,Alagu,Deyuan,Senior Engineer
66329,Xuedong,Pargaonkar,Senior Staff
66335,Adam,Pulkowski,Senior Staff
66336,Youjian,Sidje,Engineer
66338,Boguslaw,Hasham,Assistant Engineer
66343,Eran,Kropatsch,Staff
66351,Shir,Bierbaum,Senior Engineer
66356,Masato,Coorg,Staff
66359,Faiza,Akaboshi,Engineer
66361,Almudena,Boudaillier,Senior Staff
66362,Luise,Pramanik,Staff
66364,Jaewon,Picco,Senior Engineer
66367,Bedrich,Unni,Senior Engineer
66374,Gen,Thambidurai,Senior Staff
66376,Berhard,Antonisse,Senior Staff
66380,Sumant,Furudate,Senior Staff
66383,Herbert,Marsiglia,Senior Staff
66384,Udaiprakash,Rassart,Senior Engineer
66388,Irene,Zhang,Senior Engineer
66394,Dung,Rahimi,Senior Engineer
66395,Khoa,Plessier,Senior Engineer
66412,Thodoros,Lampe,Senior Engineer
66414,Xiaoshan,Leuchs,Senior Staff
66415,Dines,Smailagic,Senior Staff
66419,Przemyslawa,Perna,Senior Engineer
66420,Reinhold,Monkewich,Senior Engineer
66423,Murthy,Schwartzbauer,Senior Engineer
66425,Mats,Eppinger,Senior Engineer
66434,Martins,Mungall,Engineer
66435,Sampalli,Braunschweig,Engineer
66439,Brigham,Birnbaum,Senior Staff
66445,Kazuyasu,Zykh,Senior Staff
66447,Greger,Conia,Senior Engineer
66455,Doohun,Puppo,Senior Staff
66456,Elliott,Kalsbeek,Senior Engineer
66458,Aral,Marchesini,Senior Staff
66459,Insup,Strehl,Engineer
66460,Xiaoheng,Antonisse,Technique Leader
66465,Shridhar,Dechter,Senior Engineer
66467,Zine,Erdmenger,Technique Leader
66471,Volkmar,Iacovou,Senior Engineer
66473,Takushi,Knightly,Engineer
66475,Gopalakrishnan,Birsak,Engineer
66477,Christfried,Borstler,Senior Engineer
66480,Subhrajyoti,Tempesti,Senior Staff
66481,Nalini,McClurg,Senior Engineer
66485,Nadjib,Morrey,Senior Engineer
66486,Tonia,Ghelli,Senior Engineer
66489,Fumino,Worfolk,Senior Staff
66495,Arun,Setia,Staff
66499,Susanne,Garnier,Engineer
66500,Chinya,Avouris,Senior Staff
66502,Changho,Ducloy,Senior Engineer
66512,Akeel,Ghelli,Assistant Engineer
66514,Kannan,Levergood,Senior Staff
66516,Akeel,Crouzet,Senior Staff
66518,Premal,Marquardt,Engineer
66519,Masami,Selenyi,Senior Staff
66520,Juichirou,Bakhtari,Technique Leader
66521,Taiji,Krychniak,Senior Engineer
66526,Uwe,Casley,Senior Engineer
66531,Christ,Cichocki,Senior Engineer
66534,Valeska,Ventosa,Staff
66536,DeForest,Malinowski,Technique Leader
66551,Eirik,Rosiles,Senior Staff
66552,Sakthirel,Erva,Senior Staff
66553,Alois,Carrere,Senior Engineer
66556,Hongzhu,Remmele,Senior Engineer
66560,Leaf,Lammel,Senior Staff
66562,Anoosh,Thiria,Senior Engineer
66565,Kien,Perez,Senior Engineer
66566,Youssef,Schapire,Senior Staff
66572,Mana,Skogmar,Engineer
66574,Bernd,Murillo,Senior Staff
66577,Serap,Reutenauer,Senior Engineer
66579,Boalin,Dayana,Senior Engineer
66582,Seshu,Daescu,Senior Engineer
66584,Gao,Ibel,Senior Staff
66588,Zine,Itschner,Senior Staff
66589,Troy,Yurov,Engineer
66594,Oscar,Demeyer,Engineer
66597,Hugo,Krychniak,Senior Staff
66598,Roselyn,Ritzmann,Staff
66603,Dipankar,Mamelak,Senior Engineer
66604,Bezalel,Hiroyama,Senior Engineer
66605,Chiranjit,Suermann,Senior Staff
66616,Brigham,Assaf,Engineer
66621,Hatim,Frezza,Senior Staff
66624,Huiqun,Bharadwaj,Senior Staff
66625,Wayne,Jeong,Engineer
66629,Kenton,Salverda,Senior Staff
66633,Gill,Luce,Senior Staff
66640,Mori,Kornatzky,Engineer
66646,Chanjung,Erman,Engineer
66647,Charmane,Leppanen,Engineer
66650,Luigi,Lanzelotte,Senior Engineer
66652,Fumiko,Kugler,Engineer
66655,Tomokazu,Castellani,Technique Leader
66656,Naftaly,Ozeki,Senior Staff
66657,Willard,Showalter,Senior Staff
66660,Leon,Cichocki,Senior Engineer
66665,Toshiki,Bharadwaj,Staff
66667,Domenico,Marzano,Engineer
66668,Achilleas,Reeken,Senior Staff
66671,LiMin,Demir,Engineer
66676,Mamdouh,Kakkar,Engineer
66679,Adib,Kenevan,Engineer
66686,Gopalakrishnan,Flanders,Senior Engineer
66687,Kien,Simmen,Senior Staff
66689,Alselm,Schoegge,Senior Staff
66690,Subhada,Glowinski,Senior Engineer
66695,Mihalis,Bondorf,Senior Staff
66701,Wanqing,Waymire,Senior Engineer
66703,Rayond,Pero,Senior Engineer
66708,Bingning,Rosch,Engineer
66713,LiMin,Zyda,Senior Staff
66714,Fabrizio,Jiafu,Staff
66716,Elgin,Kermarrec,Staff
66717,Vitali,Gerteisen,Engineer
66719,Turgut,Hegner,Staff
66726,Uri,Cronin,Senior Staff
66731,Rayond,Gire,Technique Leader
66733,Sachem,Puppe,Staff
66736,Frederique,Ranft,Senior Staff
66740,Stepehn,Swen,Senior Engineer
66742,Taisook,Katalagarianos,Assistant Engineer
66743,Hilary,Versino,Senior Engineer
66744,Chuanyi,Puppe,Senior Staff
66750,Mohua,Valiente,Senior Engineer
66753,Margo,Ramsey,Senior Engineer
66754,Mabhin,Angiulli,Engineer
66764,Haldun,Ranon,Staff
66766,Xiaoqiang,Gils,Senior Staff
66769,Basim,Hitomi,Senior Engineer
66774,Guther,Codenie,Senior Staff
66775,Mariangiola,Milicia,Senior Engineer
66776,Mana,Baja,Senior Engineer
66783,Vitali,Wilfing,Engineer
66788,Huai,Steinauer,Engineer
66792,Along,Zobel,Senior Staff
66795,Alain,Taubman,Senior Staff
66800,Bernd,Sundgren,Staff
66801,Bogdan,Orlowska,Senior Engineer
66802,Mohit,Karlin,Senior Staff
66817,Sadok,Brender,Engineer
66825,Theirry,Setlzner,Assistant Engineer
66828,Frederique,Narahara,Engineer
66834,Jinxi,Bolsens,Engineer
66836,Fuqing,Schmittgen,Technique Leader
66837,Parto,Daescu,Senior Engineer
66839,Rajmohan,Salvesen,Engineer
66848,Supot,Brickell,Senior Staff
66851,Mona,Lyonns,Senior Engineer
66854,Uno,Glinert,Senior Staff
66856,Tristan,Picco,Senior Engineer
66858,Morris,Perng,Senior Staff
66859,Ymte,Halloran,Senior Staff
66862,Constantine,Vingron,Engineer
66866,Luise,Sundgren,Technique Leader
66867,Behnaam,Biron,Senior Staff
66869,Pasqua,Worfolk,Senior Engineer
66877,Shaleah,Rissland,Senior Staff
66879,Fen,Melter,Staff
66882,Shridhar,Szemeredi,Senior Engineer
66884,Woody,Rodiger,Senior Engineer
66885,Matt,Fendler,Senior Staff
66891,Abdelaziz,Lortz,Technique Leader
66904,Tomokazu,Kolinko,Staff
66907,Turgut,Bardell,Senior Staff
66909,Demin,Sooriamurthi,Senior Engineer
66921,Weiru,Deville,Senior Engineer
66924,Oguz,Bharadwaj,Staff
66928,Charlene,Plessier,Senior Staff
66934,Baruch,Zeidenstein,Staff
66937,Chenye,Heering,Engineer
66942,Kolar,Pelz,Senior Engineer
66945,Perry,Kusakabe,Senior Staff
66946,Pasqua,Orlowska,Senior Engineer
66947,Shem,Schaft,Engineer
66948,Bernice,Rusterholz,Staff
66955,Marek,Businaro,Engineer
66957,Gino,Shrader,Senior Staff
66961,Lech,Albarhamtoshy,Senior Staff
66963,Florian,Panangaden,Staff
66967,Along,Peternell,Senior Engineer
66968,Francoise,Sherertz,Staff
66974,Ramalingam,McAlpine,Senior Engineer
66976,Shan,Jullig,Staff
66978,Hironobu,Hitomi,Senior Engineer
66980,Pranay,Osgood,Senior Staff
66982,Youpyo,Rosti,Staff
66989,Dzung,Camarinopoulos,Engineer
66991,Khoa,Ranum,Assistant Engineer
66992,Boguslaw,Sooriamurthi,Senior Engineer
66993,Malu,Georgakopoulos,Senior Staff
66995,Gal,Raczkowsky,Technique Leader
66997,Vugranam,Birch,Senior Engineer
67006,Elvia,Alblas,Senior Staff
67007,Neven,Yavatkar,Senior Staff
67008,Feipei,Yamaashi,Engineer
67009,Fayez,Kropf,Senior Staff
67011,Van,McClure,Senior Staff
67012,Demin,Zschoche,Senior Staff
67014,Arup,Jakobus,Senior Staff
67015,Claudi,Spinelli,Assistant Engineer
67029,Sorina,Heydon,Senior Staff
67032,Xiaopeng,Erdmenger,Engineer
67033,Weiru,Schaaf,Senior Engineer
67034,Naftaly,Rissland,Senior Engineer
67036,Kitty,Lamma,Senior Staff
67043,Hironobu,Suppi,Staff
67046,Keiichiro,Thebaut,Senior Staff
67048,Wayne,Constantine,Senior Engineer
67050,Nalini,Kading,Senior Engineer
67051,Randy,Pearson,Engineer
67054,Subhankar,Maierhofer,Senior Staff
67066,Josyula,Perez,Engineer
67070,Kerhong,Raoux,Senior Engineer
67072,Chinhyun,Thummel,Senior Staff
67076,Jasminko,Farris,Senior Engineer
67077,Syozo,Gewali,Assistant Engineer
67084,Shigeo,Isaak,Senior Engineer
67088,Vidar,Goodrum,Senior Engineer
67091,Maik,Sudkamp,Engineer
67095,Yunming,Kruskal,Assistant Engineer
67097,Arvind,Falck,Engineer
67101,Menkae,Christ,Senior Staff
67107,Mototsugu,Birrer,Engineer
67108,Changho,Xiaoshan,Senior Engineer
67109,Xiaopeng,Choobineh,Staff
67111,Odysseas,Dalphin,Senior Staff
67112,Sreekrishna,Henders,Senior Staff
67113,Gor,Brender,Senior Engineer
67115,Siamak,Bernardeschi,Senior Engineer
67120,Subir,Georgakopoulos,Senior Staff
67123,Chaoyi,Horswill,Senior Staff
67131,Georgy,Rosin,Senior Engineer
67132,Paris,Warwick,Engineer
67135,Candida,Fendler,Senior Staff
67138,Surveyors,Kaltofen,Technique Leader
67146,Horward,Hertweck,Senior Staff
67157,Arra,Comellas,Technique Leader
67159,Mokhtar,Zykh,Senior Staff
67162,Kazunori,Hutton,Staff
67164,Eckart,Bade,Senior Engineer
67165,Chikako,Schapire,Staff
67168,Sandeepan,Leslie,Senior Engineer
67179,Bader,Vadhan,Engineer
67184,Xiadong,Sundgren,Engineer
67186,Gererd,Kriebel,Engineer
67198,Fuqing,Schahn,Senior Staff
67206,Nectarios,Demizu,Senior Engineer
67208,Rosalie,Sichman,Engineer
67216,Yongmao,Streng,Technique Leader
67223,Pascal,Perz,Staff
67224,Sashi,Bashian,Staff
67227,Shuky,Showalter,Senior Engineer
67228,Fumitaka,Hammerschmidt,Technique Leader
67233,Gad,Baalen,Senior Staff
67242,Aksel,Spinelli,Engineer
67252,Ronghao,Milicic,Senior Engineer
67253,Shiv,Szmurlo,Senior Engineer
67259,Kensyu,Rattan,Senior Engineer
67263,Khedija,Yemenis,Staff
67272,Val,Minakawa,Senior Staff
67273,Ronnie,Denna,Senior Staff
67280,Dipankar,Serre,Senior Engineer
67290,Guadalupe,Heuser,Senior Engineer
67292,Tzvetan,Wynblatt,Senior Engineer
67298,Honesty,Brodal,Staff
67301,Xuedong,Danlos,Staff
67303,Sudhanshu,Eterovic,Staff
67306,Peternela,Molenkamp,Senior Engineer
67314,Mariusz,Ponthieu,Engineer
67319,Supot,Boguraev,Senior Staff
67322,Shim,Baca,Senior Staff
67324,Hein,Deverell,Senior Engineer
67327,Tomokazu,Ernst,Engineer
67331,Sham,Porenta,Senior Engineer
67333,Takahiro,Ebeling,Staff
67335,Carrsten,Thibadeau,Senior Staff
67338,Yonghong,Setia,Staff
67341,Jinya,Motley,Senior Staff
67345,Mani,Rando,Senior Engineer
67352,Masaru,Awdeh,Engineer
67355,Naftaly,Lortz,Technique Leader
67356,Marl,Heiserman,Senior Engineer
67357,Pradeep,Millington,Senior Staff
67358,TRUE,Staudhammer,Engineer
67359,Yongmin,Strooper,Senior Staff
67362,Ranga,Cardazo,Senior Staff
67366,Ayonca,Bratten,Senior Engineer
67367,Karlis,Birch,Senior Staff
67368,Diederik,Setia,Senior Staff
67375,Elvia,Juneja,Staff
67376,Vivian,Miculan,Senior Staff
67377,Mingdong,Sherertz,Technique Leader
67379,Masadi,Srimani,Technique Leader
67381,Gita,Weedon,Staff
67383,Gunilla,Rusterholz,Senior Staff
67392,Theirry,Mitchem,Senior Staff
67395,Sakthirel,Basart,Senior Engineer
67398,Tru,Jansen,Senior Engineer
67402,Maya,Ruemmler,Senior Staff
67403,Subhash,Cannane,Senior Staff
67404,Shaz,Shobatake,Senior Engineer
67406,Hidekazu,Anger,Senior Staff
67409,Bluma,Schrooten,Engineer
67414,Piyush,Benzmuller,Engineer
67418,Moto,Jansen,Engineer
67422,Alain,Gewali,Senior Engineer
67426,Haldun,Geffroy,Senior Engineer
67428,Dharmaraja,Diderrich,Engineer
67431,Aamod,Gulik,Staff
67432,Arun,Fordan,Engineer
67433,Venkatesan,Neimat,Engineer
67436,Pintsang,Alameldin,Engineer
67438,Niranjan,Makinen,Senior Engineer
67439,Akemi,Gist,Senior Staff
67441,Wilmer,Casley,Senior Engineer
67442,Fayez,Desikan,Senior Engineer
67443,Jamaludin,Bratten,Senior Staff
67445,Aksel,Kisuki,Staff
67450,Khosrow,Seiwald,Senior Staff
67451,Siamak,Stellhorn,Senior Engineer
67457,Bartek,Ghemri,Staff
67460,Susumu,Wolniewicz,Staff
67462,Christoph,Muhling,Engineer
67476,Gino,Kilgour,Staff
67477,Morrie,Vasanthakumar,Senior Engineer
67478,Kokou,Luke,Senior Engineer
67483,Oguz,Chartres,Senior Engineer
67497,Marsal,Rosay,Senior Staff
67500,Vasiliy,Laurillard,Senior Staff
67502,Georgy,Coullard,Senior Engineer
67503,Stein,Kornatzky,Senior Staff
67504,Nikolaus,McConalogue,Senior Engineer
67506,Collette,Verhoeff,Senior Staff
67520,Sahrah,Boreale,Senior Staff
67523,Pohua,Gelosh,Senior Engineer
67526,Shay,Roisin,Senior Engineer
67529,Alejandro,Passino,Senior Engineer
67530,Gritta,Foong,Senior Engineer
67532,Masato,Kroll,Staff
67533,Michaela,Koblitz,Senior Engineer
67537,Somnath,Uludag,Senior Staff
67538,Harjit,Ratzlaff,Engineer
67545,Hyuckchul,McAffer,Staff
67547,Sakthirel,Thiran,Assistant Engineer
67549,Ute,Pezzoli,Senior Engineer
67553,Freyja,Hutter,Senior Staff
67554,Xiaoheng,Bhattacharjee,Technique Leader
67556,Premal,Roisin,Engineer
67558,Danel,Swen,Engineer
67564,Masami,Stille,Engineer
67566,Poorav,Busillo,Senior Engineer
67567,Yuqun,Delgrossi,Staff
67570,Odysseas,Baig,Senior Staff
67571,Gro,Iisaka,Senior Staff
67572,Gro,Katalagarianos,Senior Engineer
67574,Lijie,Aingworth,Senior Engineer
67578,Perry,Muhlberg,Senior Engineer
67579,Subbu,Kawashima,Assistant Engineer
67584,Alper,Kaelbling,Senior Engineer
67585,Bernd,Linares,Senior Engineer
67589,Hausi,Lampe,Senior Staff
67591,Toshimori,Angelopoulos,Senior Staff
67594,Jiann,Aingworth,Senior Staff
67600,Slavian,Menyhert,Senior Staff
67606,Srinidhi,Rosca,Senior Staff
67608,Junichi,Mayerwieser,Senior Staff
67609,Poornachandra,Berztiss,Senior Staff
67613,Hyuncheol,Andreotta,Senior Engineer
67618,Yishay,Kitai,Senior Staff
67624,Atreyi,Luks,Senior Staff
67630,Udaiprakash,Azulay,Senior Staff
67632,Anestis,Schusler,Senior Engineer
67634,Adam,Alvarado,Engineer
67637,Mart,Harbusch,Senior Engineer
67640,Gen,Glinert,Senior Staff
67641,Hatim,DiGiano,Senior Engineer
67653,Mabo,Rathonyi,Engineer
67654,Pohua,Fordan,Staff
67655,Mark,Dichev,Senior Engineer
67660,Kwangjo,Pena,Senior Staff
67665,Sergi,Alpin,Senior Staff
67667,Basant,Butterworth,Senior Staff
67669,Djelloul,Dalton,Senior Engineer
67674,Valdiodio,Grospietsch,Engineer
67675,Gila,Schiper,Senior Engineer
67681,Jeanne,Junet,Staff
67682,Moni,Ozeri,Senior Staff
67683,Domenico,Linares,Senior Engineer
67684,Vincent,Pintelas,Engineer
67686,Lucien,Junet,Senior Staff
67689,Aran,Perin,Senior Staff
67690,Zhiwei,Braunschweig,Staff
67691,Kolar,Millington,Senior Staff
67693,Yoshinari,Auria,Technique Leader
67701,Chikara,Herbst,Engineer
67705,Genevieve,Khalil,Staff
67707,Mohan,Hashii,Senior Staff
67709,Huei,Attimonelli,Senior Staff
67710,Mitchel,Ressouche,Technique Leader
67714,Caolyn,Koblitz,Senior Staff
67717,Tokuyasu,Sury,Staff
67718,Heng,Demeyer,Senior Engineer
67723,Boguslaw,Bernatsky,Senior Engineer
67725,Bodh,Mitchem,Senior Staff
67726,Kirk,Parascandalo,Technique Leader
67727,Xinglin,Jansen,Engineer
67729,Candida,Molenkamp,Senior Engineer
67730,Elliott,Swiss,Senior Staff
67734,Tamiya,Chelton,Staff
67740,Reinhard,Stifter,Engineer
67741,Yishay,Koblitz,Senior Engineer
67742,Toong,Hasham,Senior Engineer
67751,Christfried,Gimbel,Senior Staff
67759,Mohit,Nitta,Senior Engineer
67761,Jagoda,Rothe,Senior Staff
67762,Jeanna,Francisci,Senior Staff
67763,Marek,Benner,Senior Staff
67767,Elvis,Demos,Staff
67774,Jongsuk,Fabrizio,Senior Engineer
67776,Lein,Schaaf,Senior Staff
67779,Niclas,Welham,Senior Staff
67782,Almudena,Luga,Senior Engineer
67789,Martins,Waeselynck,Engineer
67795,Shigeo,Garnick,Senior Engineer
67797,Chaoyi,Azuma,Staff
67801,Susanne,Merro,Engineer
67804,Margareta,Vesel,Senior Staff
67807,Zissis,Ramalingam,Senior Staff
67809,Arlette,Kragelund,Staff
67812,Reinhold,Reinhart,Engineer
67814,Juichirou,Bamford,Senior Staff
67815,Zongyan,Coney,Senior Engineer
67817,Ipke,Auyong,Senior Engineer
67820,Gay,Colorni,Senior Engineer
67823,Szabolcs,Muhlberg,Senior Engineer
67826,Selwyn,Detkin,Senior Staff
67827,Mohamadou,Itzigehl,Engineer
67830,Siamak,Pollacia,Senior Engineer
67833,Aleksander,Iivonen,Senior Staff
67835,Behnaam,Luft,Senior Staff
67837,Barun,Heyers,Staff
67839,Mariangiola,Mattern,Engineer
67842,Richara,Orlowska,Senior Staff
67845,Xuejun,Back,Senior Staff
67848,Shawna,Litzkow,Senior Engineer
67851,Yishai,Sigstam,Engineer
67853,King,Perl,Technique Leader
67862,Sven,Brizzi,Senior Staff
67869,Chenxi,Giarratana,Senior Engineer
67870,Berna,Liesche,Senior Engineer
67872,Adel,Toyoshima,Senior Staff
67879,Hongzue,Michaels,Technique Leader
67884,Jianhui,Haraldson,Senior Staff
67885,Nishit,Suermann,Senior Engineer
67895,Krassimir,Ghazalie,Senior Engineer
67896,Werner,Guardalben,Senior Engineer
67905,Tadahiro,Peral,Engineer
67906,Tsutomu,Luders,Senior Staff
67914,Gregory,Malabarba,Senior Engineer
67915,Tadahiko,Thorensen,Engineer
67917,Aimee,Ozery,Senior Engineer
67921,Zejun,Bain,Senior Engineer
67925,Frazer,Carrera,Senior Staff
67926,Harjit,Perna,Technique Leader
67928,Bikash,Iisaka,Engineer
67929,Richard,Iisaka,Senior Engineer
67936,Valery,Bardell,Senior Staff
67937,Odinaldo,Bashian,Senior Engineer
67948,Shay,Berztiss,Senior Staff
67949,Surveyors,Iisaku,Technique Leader
67951,Tremaine,Koprowski,Engineer
67954,Aleksandar,Liedekerke,Senior Engineer
67962,Jiann,Stille,Senior Engineer
67964,Karoline,Perri,Engineer
67965,Khalid,Hertweck,Assistant Engineer
67966,Ortrun,Kropp,Senior Staff
67967,Marin,Stille,Senior Engineer
67968,Christoper,Narahara,Senior Staff
67969,Arnd,Iisaku,Senior Staff
67970,Mingzeng,Picci,Senior Staff
67972,Apostol,Ratzlaff,Engineer
67978,Limsoon,Mattern,Staff
67980,Shigeichiro,Heemskerk,Staff
67982,Geraldo,Olano,Senior Staff
67983,Gererd,Heusch,Engineer
67985,Chirstian,Fujisaki,Engineer
67988,Selwyn,Veevers,Senior Staff
67989,Adib,Schwaller,Senior Staff
67992,Hitomi,Panangaden,Senior Engineer
67993,Leucio,Masaki,Senior Staff
67994,Hatim,Paludetto,Senior Engineer
67999,Sorina,Herber,Senior Staff
68001,Marlo,Panwar,Senior Engineer
68003,Kellie,Ratzlaff,Technique Leader
68004,Mohd,Improta,Technique Leader
68005,Hilary,Montresor,Senior Engineer
68007,Junichi,Vingron,Senior Engineer
68010,Mohan,Tsunoo,Senior Engineer
68015,Willard,Yetim,Senior Staff
68028,Richara,Syang,Senior Staff
68035,Trygve,Fairtlough,Senior Engineer
68039,Panayotis,Baja,Senior Engineer
68047,Trygve,Feldmann,Engineer
68048,Gift,Dichev,Senior Staff
68055,Narain,Jansen,Senior Engineer
68058,Jaideep,Heijenga,Senior Engineer
68060,Ashish,Szmurlo,Senior Engineer
68062,Sailaja,Beilner,Engineer
68063,Karlis,Gide,Senior Engineer
68068,Paris,Kamble,Senior Engineer
68074,Giri,Gomatam,Engineer
68075,Tsz,Varley,Senior Engineer
68079,Hitomi,Rodite,Senior Staff
68082,Kannan,Vilarrasa,Technique Leader
68092,Aleksandar,Gulak,Senior Staff
68099,DeForest,Motley,Senior Staff
68110,Ewing,Erni,Engineer
68111,Xiaoqiu,Camarinopoulos,Senior Engineer
68114,Xuedong,Anandan,Senior Engineer
68116,Shigeaki,Constantine,Senior Staff
68122,Dante,Reinhard,Senior Engineer
68123,Shakhar,Rissland,Staff
68124,Zhiguo,Gonthier,Senior Staff
68126,Kotesh,Bauknecht,Senior Staff
68132,Eldridge,DeMori,Senior Engineer
68138,Qunsheng,Poujol,Senior Engineer
68140,Alejandra,Bratsberg,Staff
68142,Aran,Nishimukai,Senior Staff
68143,Sandeepan,Mondadori,Senior Engineer
68146,Toshiko,Yoshimura,Technique Leader
68147,Breannda,Zhang,Engineer
68152,Janalee,Dalton,Engineer
68153,Alexius,Baumann,Senior Engineer
68154,Rimli,Yoshizawa,Engineer
68155,Xuedong,Carrere,Technique Leader
68157,Vidya,Rissland,Senior Staff
68158,Abdelaziz,Hennings,Assistant Engineer
68163,Kayoko,Gerteisen,Senior Engineer
68169,Tomokazu,Eickenmeyer,Senior Staff
68170,Etsuo,Kavanagh,Senior Engineer
68173,Gererd,Litzkow,Senior Staff
68179,Guangming,Nyanchama,Senior Engineer
68182,Masaki,Constantine,Senior Engineer
68194,Kiyomitsu,Kavvadias,Senior Staff
68196,Mechthild,Passafiume,Senior Engineer
68199,Kwok,Litzkow,Senior Engineer
68212,Paraskevi,Narlikar,Engineer
68216,Odinaldo,Valtorta,Senior Engineer
68218,Miquel,Renear,Senior Engineer
68219,Hidde,Beilner,Senior Engineer
68220,Jackson,Boreale,Senior Staff
68223,Douadi,Fritzsche,Senior Staff
68227,Houman,Cappelletti,Senior Staff
68231,Marla,Heinisuo,Senior Engineer
68232,Muneo,Gadepally,Assistant Engineer
68233,Frederique,Penz,Senior Engineer
68236,Harngdar,Farrow,Senior Engineer
68240,Arch,Munke,Staff
68242,Jeanna,Daescu,Senior Staff
68243,Toshimi,Erie,Engineer
68245,Valeska,Ramamoorthy,Senior Staff
68249,Udo,Delaune,Senior Staff
68258,Kerryn,Acton,Senior Engineer
68259,Jungsoon,Ginneken,Staff
68260,Jamaludin,Gluchowski,Senior Staff
68262,Yongmao,Ermel,Staff
68264,Vitaly,Speckmann,Engineer
68265,Kwee,Simmel,Engineer
68269,Marjo,Falster,Technique Leader
68270,Mihalis,Perelgut,Senior Engineer
68275,Mihalis,Penttonen,Senior Engineer
68280,Matk,Benaini,Senior Staff
68282,Gor,Benner,Senior Engineer
68283,Adam,Meszaros,Staff
68284,Kiyotoshi,Jakobus,Assistant Engineer
68286,Constantino,Merks,Senior Engineer
68287,Weiru,Pollock,Engineer
68288,Sandeepan,Rattan,Staff
68293,Faiza,Mateescu,Senior Engineer
68294,Zejun,Dymetman,Assistant Engineer
68296,Koichi,Benzmuller,Senior Staff
68297,Basant,Heemskerk,Staff
68300,Kerryn,Pargaonkar,Senior Staff
68309,Moie,Calkin,Engineer
68312,Georgy,Hasenauer,Assistant Engineer
68313,Rosalie,Ferriere,Senior Engineer
68316,Filipe,Kranzdorf,Engineer
68318,Frazer,Plessier,Assistant Engineer
68321,Aris,Harbusch,Senior Engineer
68327,Shigeo,Pettis,Senior Staff
68332,Kristian,Teitelbaum,Staff
68336,Alair,Rusterholz,Senior Engineer
68345,Tadanori,Polajnar,Senior Staff
68346,Irene,Falster,Staff
68350,Arve,Speckmann,Senior Engineer
68358,Premsyl,Cronau,Engineer
68364,Kazuhiko,Seuren,Senior Engineer
68367,Emdad,Vandervoorde,Senior Staff
68370,Jianhui,Willoner,Senior Staff
68375,Yuguang,Mitsuhashi,Senior Staff
68381,Stabislas,Hasham,Senior Staff
68382,Toshiko,Irland,Senior Engineer
68384,Mabhin,Bernini,Staff
68387,Sachin,Driscoll,Staff
68388,Jianhao,Murillo,Staff
68401,Khoa,Vecchio,Senior Engineer
68402,Emdad,Beilner,Senior Engineer
68405,Radhia,Fraisse,Senior Staff
68407,Jahangir,Peternell,Senior Staff
68409,Abdelaziz,Lanphier,Engineer
68414,Oksana,Riexinger,Technique Leader
68418,Heon,Alblas,Engineer
68420,Kristina,Guardalben,Senior Engineer
68421,Arvind,Dredge,Senior Engineer
68424,Abdelwaheb,Fordan,Senior Staff
68427,Ute,Mansanne,Assistant Engineer
68429,Lakshmi,Joslin,Senior Staff
68431,Dzung,Morrin,Senior Engineer
68432,Tsuneo,Staylopatis,Senior Staff
68433,Maya,Wossner,Senior Staff
68434,Nimmagadda,Buescher,Senior Staff
68441,Jeanne,Muhling,Senior Engineer
68448,Navid,Domenig,Senior Engineer
68454,Weicheng,Kampfer,Senior Engineer
68456,Tristan,Angelov,Engineer
68458,Ortrud,Siksek,Senior Staff
68461,Shuji,Rothe,Staff
68463,Yongdong,Ashish,Senior Engineer
68468,Dinkar,Gulik,Senior Engineer
68473,Rildo,Kolinko,Engineer
68474,Rosalie,Jayawardene,Senior Staff
68478,Rutger,Plotkin,Senior Staff
68481,Zhanqiu,Boudaillier,Staff
68484,Chandrasekaran,Preusig,Staff
68493,Zhiguo,Zaumen,Engineer
68494,Qingxiang,Kaminger,Senior Staff
68499,Arfst,Bael,Senior Engineer
68500,Leah,Stellhorn,Senior Staff
68502,Kirk,Reeker,Senior Engineer
68505,Baziley,Bain,Technique Leader
68508,Annemarie,Swist,Senior Engineer
68509,Deborah,Kushnir,Engineer
68512,Huiqun,Munro,Engineer
68513,Leah,Murtha,Engineer
68523,Jacopo,Markovitch,Senior Engineer
68525,Sanjay,Terwilliger,Senior Staff
68528,Sailaja,Ghalwash,Senior Engineer
68529,Moss,Kilgour,Technique Leader
68531,Nathalie,Kroft,Senior Staff
68536,Zorica,Perly,Engineer
68538,Kwangjo,Velasco,Senior Staff
68542,Licheng,Pollacia,Senior Engineer
68547,Ulf,Figueira,Staff
68550,Alper,Perin,Senior Engineer
68552,Abdelkader,Gronowski,Senior Staff
68555,Yuriy,Baba,Staff
68556,Monique,Harbusch,Senior Staff
68557,Yannis,Kamble,Senior Staff
68566,Vasiliy,Douceur,Senior Engineer
68567,Zhilian,Kroon,Senior Staff
68568,Iara,Raney,Senior Staff
68570,Kamakshi,Alvarado,Senior Staff
68575,Jacqueline,Portugali,Senior Engineer
68578,Weidon,Baranowski,Senior Engineer
68582,Sorina,Dichev,Senior Staff
68585,Vatsa,Bail,Senior Staff
68587,Yinlin,Shihab,Senior Engineer
68588,Premsyl,Mellouli,Engineer
68593,Qingxiang,Bamford,Senior Engineer
68596,Sergi,Penz,Senior Staff
68599,Alair,Zucker,Staff
68600,Mayuko,Lorin,Senior Engineer
68601,Peer,Akaboshi,Senior Engineer
68602,Subir,Birrer,Senior Staff
68603,Fabrizio,Rusterholz,Senior Staff
68604,Kannan,Dymetman,Senior Staff
68606,Zdislav,Pokrovskii,Senior Engineer
68607,Xuejia,Zallocco,Senior Staff
68611,Sashi,Biran,Senior Engineer
68625,Luerbio,Lyonns,Technique Leader
68626,Pragnesh,Schrift,Senior Engineer
68628,Muzhong,Heemskerk,Senior Staff
68629,Krister,Alameldin,Senior Staff
68634,Christ,Binkley,Technique Leader
68641,Florina,Perly,Staff
68642,Arvind,Jumpertz,Senior Staff
68644,Xuejun,Mundy,Senior Engineer
68654,Arch,Schusler,Senior Engineer
68659,Yinghua,Henders,Staff
68664,Jaewon,Baaz,Senior Staff
68669,Huai,Nyanchama,Staff
68671,Zsolt,Clouatre,Senior Engineer
68673,Elvia,Bale,Senior Engineer
68674,Luisa,Ritcey,Senior Staff
68678,Rayond,Slutz,Senior Engineer
68679,Takahiro,Dredge,Staff
68683,Chrisa,Swift,Senior Engineer
68687,Danil,Reutenauer,Senior Staff
68690,Elgin,Juneja,Senior Engineer
68692,Behnaam,Monarch,Senior Engineer
68699,Harjit,Baby,Senior Staff
68705,Arunas,Ferretti,Senior Engineer
68706,Jackson,Karunanithi,Staff
68709,Marke,Zaccaria,Senior Engineer
68711,Weiyi,Broomell,Engineer
68712,Gil,Kleiser,Senior Staff
68713,Shih,Butterworth,Senior Engineer
68714,Alselm,Nishimukai,Technique Leader
68715,Falguni,Curless,Engineer
68717,Yishai,Chenoweth,Senior Engineer
68718,Percy,Saoudi,Senior Staff
68721,Munehiro,Siprelle,Staff
68722,Demos,Sridhar,Staff
68724,Gio,Kusakabe,Senior Staff
68725,Xinyu,Siegrist,Staff
68726,Fay,Domenig,Senior Engineer
68729,Aksel,Heering,Staff
68733,Perla,Wynblatt,Technique Leader
68734,Kwangsub,Pettis,Engineer
68737,Zeydy,Hooghiemstra,Senior Engineer
68744,Khedija,Spelt,Senior Engineer
68746,Hironoby,Fraisse,Senior Engineer
68747,Chikara,Binkley,Engineer
68749,Hyuckchul,Dulli,Engineer
68756,Jayesh,Syang,Senior Staff
68759,Elzbieta,Ghelli,Staff
68761,Rasikan,Zuberek,Staff
68769,Gill,Akaboshi,Senior Staff
68770,Perla,Lunn,Senior Staff
68772,Anyuan,Luke,Engineer
68773,Hugo,Isaac,Senior Engineer
68778,Van,Yurov,Senior Engineer
68780,Berni,Itschner,Technique Leader
68782,Vasilii,Honglei,Senior Engineer
68786,Marit,Vasanthakumar,Senior Staff
68788,Reuven,Kaiser,Senior Engineer
68790,Larisa,Redmiles,Technique Leader
68796,Nalini,Denny,Staff
68798,Theirry,Murtagh,Senior Engineer
68801,Ymte,Ramsay,Senior Engineer
68803,Achilleas,Ranon,Senior Staff
68805,Spyrose,Schnelling,Senior Engineer
68808,Morrie,Beerel,Senior Engineer
68809,Oldrich,Menhardt,Senior Staff
68813,Jaber,Foong,Senior Engineer
68814,Monique,Olano,Senior Engineer
68820,Gil,Pettey,Engineer
68838,Nalini,Pauthner,Senior Staff
68839,Shuky,Famili,Senior Staff
68840,Quingbo,Nourani,Senior Staff
68843,Yucel,Kalafatis,Senior Staff
68845,Danny,Cusworth,Senior Staff
68847,Subhrajyoti,Baezner,Senior Staff
68861,Gonzalo,Rossi,Senior Engineer
68862,Christoper,Schonegge,Engineer
68863,Moheb,Munke,Technique Leader
68872,Dzung,Munro,Senior Staff
68878,Kasturi,Eiron,Senior Staff
68879,Baoqiu,Panangaden,Senior Engineer
68880,Elvis,Assaf,Senior Staff
68881,Sajjad,Delaune,Senior Staff
68884,Golgen,Luon,Senior Engineer
68885,Moriyoshi,Demian,Senior Staff
68888,Kiyokazu,Gien,Senior Staff
68890,Mantis,Baer,Senior Staff
68895,Suvo,Senzako,Senior Staff
68900,Pohua,Sevcikova,Senior Engineer
68901,Aron,Gilg,Technique Leader
68906,Venkatesan,Karunanithi,Senior Staff
68909,Jayson,Rajcani,Senior Engineer
68910,Basim,Maccarone,Senior Staff
68911,Francoise,Ratzlaff,Senior Engineer
68912,Chenye,Peak,Senior Engineer
68913,Tayeb,Seuren,Senior Staff
68914,Subhankar,Hebert,Senior Staff
68915,Oddvar,Busillo,Staff
68917,Menkae,Peot,Senior Engineer
68919,Licheng,Aamodt,Engineer
68929,Margo,Lienhardt,Senior Engineer
68935,Ult,Hiltgen,Staff
68940,Froduald,Garrabrants,Senior Staff
68942,Taegyun,Kalafatis,Senior Engineer
68947,Toshimo,Bergere,Senior Staff
68950,Shimshon,Gubsky,Senior Engineer
68951,Shichao,Leppanen,Senior Engineer
68953,Yoshimitsu,Serna,Senior Engineer
68954,Saeed,Kinley,Staff
68961,Anyuan,Billawala,Staff
68963,Kwee,Siksek,Engineer
68964,Fai,Francisci,Senior Engineer
68966,Shuho,Carrera,Senior Staff
68978,Rildo,Dalton,Senior Staff
68991,Paraskevi,Decleir,Senior Staff
68995,Arif,Baez,Engineer
68998,Remko,Serra,Senior Engineer
69003,Huei,Zockler,Senior Engineer
69007,Brewster,McAffer,Staff
69010,Tomofumi,Prochazka,Senior Staff
69013,Aleksander,Capobianchi,Senior Engineer
69014,Xuejun,Chenney,Senior Engineer
69015,Mang,Tanemo,Senior Staff
69017,Hironobu,Andreotta,Engineer
69019,Valdiodio,Rothenberg,Staff
69020,Udo,Masaki,Senior Engineer
69021,Hironoby,Suwa,Senior Staff
69022,Kendra,Benzmuller,Senior Staff
69024,Nathan,Schmezko,Senior Staff
69027,Make,Gihr,Senior Staff
69028,Yuichiro,Benaini,Senior Engineer
69032,Dhritiman,Mawatari,Technique Leader
69034,Falguni,Hiraishi,Assistant Engineer
69039,Maja,Tetzlaff,Staff
69040,Licheng,Klyachko,Senior Staff
69044,Sariel,Bonifati,Staff
69048,Masoud,Matheson,Engineer
69049,Maren,Oskamp,Staff
69050,Nidapan,Anily,Senior Staff
69055,Shaleah,Katzenelson,Engineer
69059,Tzu,Tanemo,Technique Leader
69064,Alair,Babb,Senior Engineer
69070,Neelam,Stanger,Senior Staff
69072,Gudjon,Neiman,Senior Staff
69073,Uwe,Pearson,Senior Engineer
69084,Kazuhisa,Thisen,Senior Staff
69090,Vivian,Dayang,Senior Engineer
69092,Sreenivas,Denna,Engineer
69094,Charmane,Scallan,Senior Staff
69096,Shugo,Assaf,Staff
69099,Yolla,Thambidurai,Staff
69107,Weiye,Bellone,Engineer
69112,Saddek,Crabtree,Senior Engineer
69116,Danae,Spell,Engineer
69118,Irena,Lakshmanan,Senior Staff
69119,Dinah,Doering,Senior Staff
69120,Waiman,Benveniste,Senior Engineer
69122,Weiwu,Templeman,Senior Staff
69131,Shuzo,Hebert,Senior Staff
69135,Mamdouh,Borovoy,Senior Staff
69136,Younwoo,Busillo,Senior Engineer
69138,Sariel,Alpin,Staff
69140,Martina,Toyoshima,Senior Staff
69141,Yuichiro,Kavvadias,Engineer
69146,Sedat,Zaiane,Engineer
69153,Xiaocheng,Luga,Assistant Engineer
69160,Ibibia,Manders,Engineer
69166,Bernd,Chiodo,Senior Staff
69172,Weidon,Masaki,Staff
69173,Georgy,Adachi,Senior Staff
69175,Eishiro,Pena,Technique Leader
69176,Radoslaw,Pena,Senior Engineer
69177,Shan,Marchegay,Technique Leader
69179,Jenwei,Miara,Senior Engineer
69181,Toshiko,Schiper,Senior Staff
69182,Rajmohan,Falco,Technique Leader
69196,Berto,Fasbender,Engineer
69206,Bojan,Melichar,Senior Engineer
69216,Yagil,Bonifati,Senior Staff
69217,Atreyi,Brandsma,Senior Engineer
69222,Elliott,Llado,Senior Engineer
69223,Eben,Karnin,Senior Engineer
69224,Jenwei,Molberg,Senior Engineer
69226,Reinhold,Wursthorn,Senior Engineer
69228,Urs,Shimshoni,Senior Engineer
69229,Elrique,Jayawardene,Staff
69230,Florian,Pews,Senior Engineer
69231,Oldrich,Joslin,Senior Staff
69235,Sadun,Baumann,Engineer
69237,Dipankar,Basart,Senior Engineer
69238,Stella,Figueira,Senior Staff
69243,Xiaoqiang,Millington,Senior Engineer
69246,Yonghoan,Maksimenko,Senior Engineer
69254,Baruch,Felder,Senior Engineer
69258,Mara,Brendel,Staff
69259,Steen,Codenie,Engineer
69260,Sampalli,Schaaf,Assistant Engineer
69261,Dinkar,Nannarelli,Senior Engineer
69263,Sreekrishna,Iisaku,Senior Engineer
69264,Shietung,Gargeya,Staff
69268,Michaela,Erev,Senior Staff
69271,Debatosh,Zyda,Senior Engineer
69278,Horward,Schonegge,Staff
69280,Huan,Birdsall,Engineer
69287,Frazer,Luders,Technique Leader
69289,Vishv,Couchot,Senior Engineer
69293,Remzi,Anandan,Assistant Engineer
69297,Fei,Range,Senior Engineer
69308,Chinya,Schreiter,Senior Staff
69311,Surveyors,Taubman,Staff
69312,Ramzi,Heemskerk,Technique Leader
69313,Samphel,Benantar,Senior Engineer
69314,Basil,Suessmith,Engineer
69316,Paraskevi,Radhakrishnan,Senior Engineer
69325,Pranas,Dredge,Senior Staff
69326,Jackson,Demizu,Staff
69329,Zhensheng,Loncour,Senior Engineer
69333,Jianhao,Zirintsis,Senior Engineer
69340,Alagu,Wrigley,Staff
69342,Visit,Emden,Staff
69347,Abdelwaheb,Khasidashvili,Senior Engineer
69355,Dmitry,Borovoy,Technique Leader
69359,Prasadram,Zhang,Staff
69360,Lenore,Hanratty,Senior Engineer
69362,Marsal,Paludetto,Senior Engineer
69364,Marla,DiGiano,Engineer
69365,Aiman,Baca,Staff
69366,Georg,Schrift,Technique Leader
69376,Nimmagadda,Perz,Engineer
69387,Danny,Mitsuhashi,Senior Engineer
69389,Kwangsub,Versino,Senior Engineer
69403,Shietung,Luke,Senior Engineer
69405,Lijia,Heping,Senior Staff
69412,Along,Picco,Technique Leader
69418,Jixiang,Steinauer,Senior Staff
69421,Nahla,Clemencon,Senior Staff
69425,Kristen,Orsini,Senior Engineer
69428,Dzung,Shimshoni,Senior Staff
69431,Arie,Spataro,Staff
69433,Karlis,Eiter,Senior Staff
69444,Martijn,Leslie,Senior Staff
69445,Gift,Puppo,Senior Staff
69446,Pranay,Melter,Senior Engineer
69447,Lene,Dahlbom,Senior Staff
69449,Parviz,Angiulli,Senior Engineer
69455,Radhakrishnan,Nastansky,Senior Engineer
69458,Kerhong,Syrzycki,Senior Staff
69478,Marin,Stentiford,Technique Leader
69481,Kauko,Aloia,Senior Staff
69487,Sashi,Erdi,Engineer
69489,Ortrun,Schnelling,Senior Engineer
69490,Hisao,Grandbois,Senior Engineer
69493,Odoardo,Greibach,Engineer
69503,Val,Beilner,Senior Staff
69504,Nirmal,Munos,Staff
69505,Serenella,Kragelund,Engineer
69506,Marke,Cappelletti,Senior Engineer
69507,Alassane,Weedon,Senior Staff
69516,Samphel,Salvesen,Staff
69518,Mang,Mahmud,Senior Staff
69521,Bedir,Woycyznski,Senior Staff
69524,Leon,Vrecion,Engineer
69529,Chaitali,Gornas,Engineer
69533,Kazuhide,Christ,Staff
69534,Abdelkader,Olano,Senior Staff
69543,Shan,Leppanen,Senior Staff
69544,Flemming,Falster,Senior Staff
69546,Chriss,Krider,Senior Engineer
69547,Odoardo,Leslie,Staff
69552,Rajmohan,Miake,Staff
69555,Golgen,Sabnani,Senior Staff
69556,Seongbin,Hennebert,Senior Staff
69562,Tua,Haumacher,Engineer
69563,Sariel,Sadowski,Staff
69570,Katsuyuki,Reinhart,Senior Engineer
69571,Shigeichiro,Porenta,Staff
69575,Goh,Pettit,Staff
69578,Shim,Sewelson,Senior Staff
69582,Pragnesh,Hofstetter,Senior Staff
69586,Nahla,Chandrasekhar,Staff
69589,Gaurav,Rohrbach,Staff
69596,Eckart,Ponthieu,Engineer
69598,Elvis,Hofstetter,Engineer
69600,Mario,Shackel,Engineer
69601,Sachar,Lieblein,Senior Staff
69602,Naftaly,Litzkow,Staff
69607,Candido,Parhami,Staff
69608,Insup,Zongker,Assistant Engineer
69609,Kellie,Litzkow,Technique Leader
69611,Irene,Jeansoulin,Engineer
69613,Gay,Tsukuda,Staff
69617,Caolyn,Falck,Technique Leader
69621,Atilio,Takkinen,Senior Engineer
69622,Masaki,Rusterholz,Senior Engineer
69623,Masadi,Masand,Engineer
69624,Ronnie,Yurov,Engineer
69625,Remmert,Taneja,Staff
69630,Guttorm,Birjandi,Engineer
69632,Limsoon,Nations,Senior Engineer
69635,Djelloul,Garrabrants,Technique Leader
69637,Tse,Basart,Senior Staff
69639,Christoper,Picci,Senior Engineer
69641,Zvonko,Capobianchi,Senior Staff
69642,Sarita,Linares,Technique Leader
69643,Khue,Gajiwala,Senior Engineer
69647,Deborah,Pileggi,Senior Staff
69648,Jaques,Isaak,Engineer
69649,Candida,Salverda,Senior Staff
69651,Divier,Decaestecker,Senior Staff
69652,Josyula,Oehlmann,Senior Engineer
69654,Paris,Hofman,Senior Engineer
69655,Christoph,Trachtenberg,Senior Engineer
69656,Shalesh,Farrel,Engineer
69664,Christ,Collette,Assistant Engineer
69665,Uzi,Fioravanti,Senior Staff
69666,Jongsuk,Khalil,Senior Staff
69670,Phillip,Limongiello,Senior Staff
69672,Takahiro,Blokdijk,Senior Engineer
69674,Luerbio,Rabehasaina,Senior Staff
69676,Shin,Henseler,Senior Engineer
69682,Gor,Siksek,Engineer
69684,Kiyotoshi,Sidhu,Senior Staff
69687,Oksana,Minakawa,Senior Engineer
69688,Kazuyasu,Skogmar,Senior Staff
69689,Nikolaos,Siepmann,Senior Staff
69692,Reinhold,Hatcliff,Senior Staff
69697,Zengping,Nourani,Senior Engineer
69698,Khalid,Schneeberger,Senior Engineer
69700,Padma,Kaiser,Staff
69703,Volkmar,Nyrup,Staff
69705,Ranan,Brlek,Technique Leader
69713,Vidya,Vieri,Engineer
69714,Anneke,Kavvadias,Technique Leader
69717,Boalin,Gecsei,Staff
69732,Vitaly,Maraist,Senior Staff
69733,Subhada,Azevdeo,Technique Leader
69734,Satyanarayana,Kenevan,Staff
69737,Sarita,Conta,Senior Staff
69739,Roselyn,Byoun,Staff
69740,Ibibia,Jayawardene,Engineer
69744,Adel,Litzkow,Senior Engineer
69757,Toshimi,Ozery,Senior Engineer
69758,Arup,Yurov,Senior Engineer
69759,Kerryn,Jakobus,Senior Staff
69760,JoAnna,Blokdijk,Senior Engineer
69767,Nakhoon,Glowinski,Engineer
69771,Chaitali,Ibel,Senior Staff
69772,Katsuo,Heinisuo,Senior Engineer
69773,Elzbieta,Kisuki,Technique Leader
69774,Sachem,Schusler,Senior Engineer
69782,Mantis,Baak,Senior Engineer
69786,Katsuyuki,Kadhim,Senior Staff
69790,Werner,Leslie,Senior Staff
69794,Siamak,Taubman,Senior Engineer
69799,Gully,Billingsley,Senior Staff
69807,Olivera,Emmerich,Senior Staff
69810,Kerryn,Serna,Senior Staff
69816,Teunis,Kitsuregawa,Senior Engineer
69821,Francoise,Birdsall,Senior Engineer
69829,Akhilish,Koprowski,Senior Engineer
69831,Serge,Bach,Staff
69835,Deborah,Birdsall,Senior Engineer
69836,Gad,Czaja,Senior Staff
69837,Cheong,Cannata,Senior Engineer
69842,Jackson,Pews,Staff
69844,Suzette,Lueh,Senior Engineer
69845,Kinh,Tanemo,Senior Engineer
69847,Gal,Boreale,Staff
69851,Pranav,Hmelo,Engineer
69853,Kshitij,Hedayat,Senior Staff
69856,Martine,Suermann,Senior Engineer
69868,Stamatina,Roisin,Engineer
69874,Doohun,Menyhert,Technique Leader
69875,Kwangyoen,Benzmuller,Technique Leader
69876,Shawna,Schoegge,Senior Engineer
69884,Babette,Erde,Senior Engineer
69885,Shiv,Juneja,Senior Engineer
69887,Amabile,Leijenhorst,Staff
69888,Billur,Speel,Technique Leader
69891,Moty,Castellani,Senior Staff
69896,Garnet,Condotta,Senior Staff
69897,Stamatina,Kamber,Senior Staff
69900,Herb,Schmittgen,Senior Engineer
69903,Yakichi,Hiyoshi,Engineer
69907,Jaber,Bratsberg,Engineer
69909,Aran,Swab,Senior Staff
69911,Susanta,Henseler,Senior Engineer
69913,Sorina,Sidou,Senior Staff
69915,Gal,Hutter,Technique Leader
69919,Sedat,Bala,Engineer
69920,Teunis,Kieras,Senior Engineer
69923,Kristine,Waymire,Engineer
69925,Vatsa,Glinert,Senior Engineer
69926,Shih,Furudate,Senior Engineer
69928,Abdelkader,Nourani,Senior Staff
69932,Surveyors,Stenning,Engineer
69939,Vishv,Muniz,Senior Staff
69940,Gonzalo,Mattern,Staff
69941,Pohua,Hoppenstand,Staff
69945,Phillip,Jeong,Senior Engineer
69946,Theirry,Varker,Engineer
69950,Kellyn,Manders,Staff
69951,Srinidhi,Swab,Senior Engineer
69953,Yurij,Przulj,Senior Staff
69954,Conrado,Cooman,Senior Engineer
69960,Lein,Sooriamurthi,Senior Engineer
69961,Tremaine,dAstous,Staff
69965,Gila,Sundgren,Engineer
69972,Zvonko,Schieder,Senior Engineer
69982,Sanjoy,Lindqvist,Senior Staff
69987,Shem,Collette,Senior Staff
69990,Hercules,Falck,Senior Engineer
69993,Anwar,Silva,Staff
70000,Jiang,Selvestrel,Senior Staff
70002,Candida,Impagliazzo,Senior Engineer
70004,Shih,VanScheik,Senior Staff
70006,Masaru,Herath,Staff
70007,Toshimori,Isaak,Senior Staff
70008,Bodh,Cullers,Senior Engineer
70013,Georgy,Szemeredi,Senior Engineer
70014,Arup,Cappelletti,Senior Staff
70015,Luerbio,Asrin,Senior Staff
70017,Hirochika,Hockney,Staff
70021,Youjian,Begiun,Senior Engineer
70023,Bodh,Plotkin,Senior Engineer
70024,Palash,Mitzlaff,Senior Engineer
70027,Manton,Schieder,Engineer
70029,Shir,Baaleh,Engineer
70030,Shigenori,Pollacia,Senior Staff
70032,Guttorm,Oppitz,Senior Staff
70035,Otmar,Angel,Senior Staff
70040,Along,Montemayor,Senior Engineer
70044,Gonzalo,Rosis,Senior Staff
70045,Paris,Granlund,Senior Engineer
70049,Dipankar,Domenig,Senior Engineer
70052,Vivian,Hartvigsen,Senior Engineer
70056,Takanari,Zlotek,Senior Engineer
70057,Bangqing,Beausoleil,Engineer
70059,Valeri,Tiemann,Senior Staff
70061,Masaki,Erez,Assistant Engineer
70062,Denis,Birdsall,Senior Engineer
70065,Aloys,Candan,Senior Staff
70068,Noritoshi,Beidas,Senior Staff
70070,Kerhong,Ellozy,Senior Staff
70071,Hironoby,Vigier,Staff
70077,Vesna,Panienski,Technique Leader
70081,Roddy,Wynblatt,Technique Leader
70087,Ronghao,Lemarechal,Senior Staff
70089,Wilmer,Aloia,Senior Engineer
70090,Oldrich,Anandan,Senior Staff
70091,Vasilii,Haldar,Senior Staff
70092,Mansur,Simmen,Senior Engineer
70094,Elgin,Randi,Senior Engineer
70096,Nathalie,Peral,Engineer
70100,Randi,Vickson,Engineer
70102,Yannik,Janocha,Senior Engineer
70105,Van,Hardjono,Senior Engineer
70112,Xiadong,Melski,Senior Engineer
70113,Karlis,Simkin,Senior Staff
70117,Arie,Bail,Engineer
70121,Jordanka,Marshall,Senior Engineer
70123,Aloys,Takkinen,Senior Staff
70130,Alejandra,Flasterstein,Senior Engineer
70132,Gal,Manders,Staff
70133,Georg,Jarecki,Engineer
70137,Marlo,Schmezko,Engineer
70140,Zeljko,Zongker,Engineer
70141,Sverrir,Luon,Technique Leader
70145,Shaowei,McAlpine,Staff
70146,Tiina,Atrawala,Senior Engineer
70151,Masanao,Setiz,Senior Engineer
70161,Remmert,Servieres,Senior Staff
70162,Danai,Wrigley,Senior Engineer
70164,Ult,Bergere,Senior Engineer
70168,Ayakannu,Zucker,Senior Staff
70171,Sadun,Himler,Senior Engineer
70172,Toshimo,Beerel,Senior Engineer
70177,Mohit,Jeong,Technique Leader
70179,Xiaoshan,Honglei,Technique Leader
70180,Renee,Cichocki,Senior Staff
70190,Zeljko,Luiz,Technique Leader
70191,Yagil,Jiafu,Senior Engineer
70197,Nishit,Fritzsche,Senior Engineer
70206,Zhigen,Luca,Senior Staff
70214,Sanjai,Strehl,Technique Leader
70217,Aksel,Iivonen,Senior Staff
70218,Stabislas,Luga,Senior Staff
70219,Ramzi,Suessmith,Senior Engineer
70222,Qunsheng,Jakobus,Senior Staff
70230,Piyush,Angiulli,Staff
70237,Quingbo,Badache,Senior Engineer
70239,Cedric,McFarlin,Senior Engineer
70240,Chenyi,Compeau,Engineer
70242,Tadahiro,Veccia,Staff
70250,Erez,Arlazarov,Staff
70257,Kiyomitsu,Saoudi,Staff
70258,Goetz,Ouhyoung,Senior Staff
70264,Yolla,Nyanchama,Staff
70270,Zsolt,Cusworth,Senior Engineer
70275,Roselyn,McDermid,Senior Staff
70278,Vasiliy,Hagimont,Technique Leader
70281,Shrikanth,Sridhar,Senior Staff
70287,Nimmagadda,McConalogue,Senior Staff
70288,Clyde,Ellozy,Senior Engineer
70292,Weiyi,Foote,Technique Leader
70296,Nalini,Vadhan,Senior Engineer
70297,Ottavia,Szilard,Staff
70302,Evgueni,Koyama,Senior Staff
70308,Tristan,Provine,Engineer
70310,Neven,Ranai,Staff
70311,Abdelaziz,Kugler,Senior Staff
70313,Arne,Ohori,Technique Leader
70319,Bowen,Pettis,Engineer
70320,Aruna,Beerel,Engineer
70327,Kristine,Mitsuhashi,Staff
70335,Hyuncheol,Sambasivam,Senior Engineer
70340,Fai,Aloia,Staff
70341,Sorina,McAffer,Engineer
70350,Kwun,Swen,Senior Staff
70353,Jovan,Rosar,Staff
70354,Minghong,Gammage,Engineer
70356,Shirish,Kirkerud,Staff
70363,Hatsukazu,Thiran,Assistant Engineer
70367,Youngkon,Farrag,Senior Staff
70368,Shigeaki,Chartres,Staff
70371,Basil,Baek,Assistant Engineer
70374,Girolamo,Macedo,Senior Engineer
70375,Keiichiro,Linares,Engineer
70377,Hatsukazu,Parveen,Engineer
70380,Alassane,Denos,Senior Staff
70383,Alselm,Sommer,Senior Engineer
70386,Guiseppe,Mamelak,Senior Engineer
70389,Kamran,Nyanchama,Senior Engineer
70393,Beshir,Kuhnemann,Senior Staff
70398,Mountaz,Gopalakrishnan,Staff
70400,Srinidhi,Lorcy,Senior Staff
70404,Ziyad,Menhardt,Engineer
70405,Jaber,Chimia,Senior Engineer
70415,Shirish,Ranft,Senior Engineer
70419,Woody,Undy,Senior Engineer
70420,Xuejun,Aloia,Senior Staff
70421,Amstein,Birke,Senior Engineer
70422,Zine,Krichel,Senior Engineer
70425,Mechthild,Businaro,Senior Staff
70426,Gilbert,Hanratty,Senior Engineer
70442,Martina,Wuwongse,Engineer
70444,Guiseppe,Ritcey,Senior Staff
70448,Ishfaq,Heuser,Staff
70459,Hitofumi,Lores,Senior Staff
70462,Shalesh,Debuse,Technique Leader
70465,Kien,Ligten,Senior Engineer
70478,Basil,Peac,Senior Engineer
70485,Sachio,Mondadori,Senior Engineer
70488,Gadiel,Joslin,Engineer
70491,Saeed,Zongker,Staff
70498,Kien,Naumovich,Senior Staff
70500,Basim,Tibblin,Senior Engineer
70501,Kwangho,Pearson,Senior Staff
70502,Jiann,Weedon,Senior Staff
70514,Christoper,Highland,Senior Engineer
70515,Wanqing,Carrere,Staff
70516,Danny,Mamelak,Senior Staff
70519,Mohammad,Aingworth,Senior Engineer
70528,Khun,Gimarc,Staff
70529,Hisao,Grabner,Senior Staff
70530,Qunsheng,Stille,Senior Engineer
70533,Shem,Uchoa,Senior Engineer
70534,Kinh,Rodiger,Engineer
70535,Dante,Speel,Staff
70537,Luisa,Pavlopoulou,Engineer
70538,Pascal,Benveniste,Senior Staff
70540,Vasilis,Ullian,Senior Staff
70544,Miyeon,Jeansoulin,Senior Engineer
70545,Chanjung,Trogemann,Engineer
70548,Leon,Mersereau,Senior Staff
70550,Maren,Ressouche,Senior Staff
70552,Zeljko,Beetstra,Senior Engineer
70555,Sreekrishna,Benaini,Senior Engineer
70556,Kazuyasu,Conti,Senior Engineer
70557,Kazuhito,Giveon,Senior Engineer
70563,Naraig,Klerer,Staff
70564,Supot,Chiola,Senior Engineer
70565,Fumiya,Bergere,Senior Engineer
70566,Goa,Gewali,Senior Engineer
70571,Randy,Sooriamurthi,Senior Staff
70572,Maja,Chaudhuri,Senior Engineer
70573,Janalee,Chachaty,Senior Staff
70574,Nigel,Veccia,Senior Staff
70579,Seshu,Polajnar,Engineer
70584,Arun,Flasterstein,Senior Engineer
70586,Zhilian,Hutton,Staff
70587,Panayotis,McDermid,Senior Staff
70592,Zhiguo,Klerer,Staff
70595,Taiji,Slobodova,Senior Engineer
70597,Lalit,Shihab,Senior Staff
70599,Seongbin,Leuchs,Senior Engineer
70602,Hongzhu,Maquelin,Senior Engineer
70603,Otilia,Parhami,Senior Engineer
70604,Gaetan,Comellas,Staff
70609,Ronnie,Fontet,Staff
70610,Djelloul,Bellmore,Staff
70614,Nevio,Furedi,Senior Engineer
70619,Kristof,Casley,Staff
70626,Poorav,Codenie,Technique Leader
70629,Shay,DiGiano,Senior Staff
70640,Hugo,McFarlin,Senior Staff
70656,Kerhong,Suri,Staff
70659,Kauko,Domenig,Senior Staff
70661,Leni,Bernardinello,Senior Engineer
70665,Zijian,Suppi,Senior Staff
70666,Ronghao,Veeraraghavan,Senior Staff
70673,Itzchak,Zaccaria,Senior Engineer
70674,Koichi,Rahimi,Senior Staff
70675,Edwin,Avouris,Senior Staff
70679,Aluzio,Hagimont,Senior Staff
70685,Debatosh,Fairtlough,Senior Engineer
70688,Susumu,Buescher,Senior Staff
70700,Zhanqiu,Wissmann,Senior Staff
70703,Samphel,Lindqvist,Staff
70708,Claudi,Strooper,Senior Engineer
70719,Yurij,Erie,Staff
70720,Hidefumi,Denny,Senior Staff
70722,Maren,Sudbeck,Senior Staff
70723,Kristinn,Beznosov,Assistant Engineer
70726,Sadun,Cronan,Senior Engineer
70728,Georgy,Baezner,Staff
70729,Deniz,Pelz,Senior Staff
70731,Martijn,Azevdeo,Staff
70732,Fuqing,Guerreiro,Senior Staff
70733,Tooru,Zongker,Engineer
70735,Shaowei,Spataro,Engineer
70738,Shaleah,Kemmerer,Staff
70739,Przemyslawa,Kakkar,Staff
70740,Mahmut,Melichar,Engineer
70743,Matk,Genin,Engineer
70747,Gen,Schmittgen,Engineer
70748,Arvin,Babu,Engineer
70751,Danil,Heusch,Senior Engineer
70752,Vugranam,Chiola,Senior Engineer
70755,Hausi,Lundstrom,Senior Engineer
70763,Jahangir,Lorch,Senior Engineer
70767,Hinrich,Gewali,Engineer
70770,Kazuhide,Jeansoulin,Assistant Engineer
70771,Guangming,Schaaf,Senior Engineer
70776,Raimond,Gischer,Senior Engineer
70777,JiYoung,Riefers,Senior Staff
70782,Abdulah,Ebeling,Staff
70785,Jiakeng,Swan,Senior Engineer
70786,Makato,Ariola,Engineer
70787,Reinhard,Masaki,Senior Staff
70791,Aamod,Avouris,Senior Engineer
70794,Petter,Saoudi,Senior Staff
70797,Alejandro,Tiemann,Senior Engineer
70804,Shih,Maksimenko,Senior Staff
70809,Premal,Welham,Senior Engineer
70810,Vishwani,Brodal,Senior Staff
70812,Qiwen,Lund,Senior Staff
70813,Tremaine,Syang,Staff
70816,Xiaoshan,Stafford,Staff
70822,Bedrich,Giaccio,Senior Engineer
70824,Kauko,Mawatari,Senior Staff
70827,Martina,Rathonyi,Staff
70830,Jiakeng,Maksimenko,Senior Staff
70835,Aloys,Kragelund,Senior Staff
70842,Tadanori,Merkl,Staff
70852,Mohua,Matzke,Senior Staff
70854,Hailing,Schonegge,Assistant Engineer
70856,Jouni,Pintelas,Senior Engineer
70858,Bingning,Gyorkos,Senior Engineer
70860,Anestis,Akiyama,Senior Engineer
70866,Christfried,Peha,Senior Staff
70868,Eberhardt,Demri,Staff
70872,Bingning,Vanwelkenhuysen,Staff
70876,Gao,Teitelbaum,Staff
70877,Prasadram,Weiland,Engineer
70887,Tsutomu,Bratten,Technique Leader
70895,Masasuke,Valette,Staff
70896,Ult,Tomescu,Senior Staff
70898,Ranan,Radhakrishnan,Senior Engineer
70900,Stafford,Erman,Technique Leader
70901,Yonghoan,Knightly,Senior Staff
70903,Teruyuki,Vitiello,Engineer
70908,Brigham,Unni,Staff
70909,Shir,Wossner,Staff
70910,Toshimi,Plesums,Senior Engineer
70912,Apostol,Schurmann,Senior Engineer
70914,Dinah,Antonisse,Senior Staff
70919,Anwar,Casley,Senior Engineer
70923,Shunichi,Broder,Staff
70935,Bernardo,Zolotykh,Senior Staff
70936,Morris,Whittlesey,Staff
70937,Katsuyuki,Miake,Engineer
70942,Koichi,Tischendorf,Senior Engineer
70946,Deborah,Rassart,Staff
70950,Kazunori,Murtafg,Engineer
70952,Rafols,Schwabacher,Engineer
70956,Almudena,Genther,Senior Engineer
70959,Ranan,Schiper,Senior Staff
70962,Alois,Monarch,Engineer
70964,Berhard,Seghrouchni,Technique Leader
70966,Malu,Stanger,Senior Engineer
70969,Charlene,Poupard,Senior Staff
70970,Yuuichi,Vesna,Senior Engineer
70971,Giri,Baba,Assistant Engineer
70974,Girolamo,Xiaoshan,Senior Engineer
70982,Rasikan,Kamber,Engineer
70987,Arfst,Bakhtari,Senior Engineer
70988,Ziyad,DasSarma,Staff
70993,Dipayan,Bennet,Staff
71001,Lobel,Schnelling,Senior Staff
71006,Mantis,Siksek,Staff
71008,Yongqiao,Pouyioutas,Staff
71009,Keung,Zaccaria,Senior Engineer
71013,Mrinalini,Gubsky,Senior Staff
71019,Aram,Ghemri,Senior Engineer
71023,Bodo,Larfeldt,Senior Engineer
71036,Janche,Jansen,Assistant Engineer
71037,Mihalis,Mitina,Staff
71040,Satosi,Pauthner,Senior Staff
71041,Frazer,Borovoy,Senior Engineer
71042,Zita,Kaiser,Senior Engineer
71045,Taiji,Schlumberger,Senior Staff
71046,Christ,Naumovich,Senior Staff
71047,Ayonca,Brlek,Senior Staff
71050,Yongmin,Erie,Engineer
71051,Nathalie,Percebois,Staff
71054,Felicidad,Meszaros,Technique Leader
71057,Christfried,Orsini,Senior Staff
71059,Aram,Waschkowski,Senior Staff
71060,Suebskul,Tokunaga,Senior Staff
71062,Mohammad,Isaak,Senior Engineer
71063,Kwok,Conte,Assistant Engineer
71064,Kokou,Genther,Staff
71072,Percy,Georgakopoulos,Senior Engineer
71075,Anneke,Hedayat,Senior Staff
71076,Huei,Rosca,Senior Staff
71090,Xudong,Beilner,Technique Leader
71093,Subbu,Asser,Engineer
71095,Jamaludin,Sudbeck,Staff
71096,Arun,Marzano,Senior Engineer
71097,Chikako,Manderick,Senior Staff
71099,Adly,Azevdeo,Senior Engineer
71100,Taisook,Karnin,Engineer
71102,Indrajit,Juneja,Staff
71109,Monique,Randi,Senior Engineer
71113,Anwar,Atrawala,Senior Staff
71114,Jagoda,Kakkar,Senior Engineer
71118,Chirstian,Tasistro,Senior Staff
71119,Kankanahalli,Lyonns,Staff
71120,Kerryn,Marchegay,Staff
71121,Aris,Atrawala,Staff
71122,Jeong,Naumovich,Senior Staff
71126,Alper,Jarecki,Senior Engineer
71127,Annemarie,Belinskaya,Staff
71128,Selwyn,Dolinsky,Senior Engineer
71130,Khalid,Jervis,Senior Engineer
71135,Bedir,Pintelas,Senior Staff
71139,Taiji,Radwan,Senior Engineer
71144,Tommaso,Litecky,Senior Staff
71146,Slavian,Zolotykh,Engineer
71150,Nahla,Guting,Staff
71151,Shuzo,Krzyzanowski,Senior Engineer
71154,Mara,Mitina,Engineer
71157,Jixiang,Demir,Technique Leader
71159,Manton,Ghemri,Staff
71163,Vojin,Zolotykh,Staff
71167,Sham,Gimbel,Senior Staff
71175,Mikhail,Isaak,Senior Engineer
71189,Girolamo,Vilarrasa,Engineer
71192,Amstein,Vuskovic,Engineer
71194,Fox,Lampe,Senior Engineer
71197,Rutger,Rebaine,Senior Staff
71204,Nathan,Seuren,Senior Engineer
71206,Kazuhiko,Hofting,Senior Staff
71214,Kiyomitsu,Toyoshima,Senior Engineer
71219,Fayez,Danecki,Engineer
71220,Nadjib,Peek,Senior Engineer
71227,Marjo,Garnier,Staff
71229,Taiji,Segond,Engineer
71235,Kristof,Jording,Senior Staff
71246,Toshimitsu,Paludetto,Senior Staff
71255,Mrinalini,Halloran,Senior Engineer
71260,Eben,Heystek,Staff
71262,Shigenori,Vecchio,Staff
71263,Suvo,Farrar,Senior Staff
71268,Remko,Dalphin,Senior Staff
71270,Saeko,Crooks,Senior Staff
71279,Breannda,Schueller,Staff
71280,Josyula,Shihab,Senior Engineer
71291,Persi,Lammel,Engineer
71300,Deborah,Beilner,Senior Staff
71301,Honesty,Schrooten,Senior Engineer
71302,Zhenbing,Heiserman,Senior Engineer
71303,Dietrich,Buchter,Senior Staff
71304,Xuejun,Billawala,Senior Staff
71306,Heon,Jayawardene,Senior Staff
71307,Tadahiro,Bade,Senior Staff
71308,Frederique,Gelosh,Senior Staff
71316,Nechama,Rindone,Engineer
71318,Atreyi,Spell,Senior Engineer
71320,Xuejia,Caine,Senior Staff
71323,Shunichi,Brizzi,Engineer
71325,Masato,Ranst,Technique Leader
71327,Theron,Edelhoff,Engineer
71333,Amstein,Dalphin,Senior Engineer
71335,Khalil,Rusterholz,Senior Staff
71340,Rafael,Laventhal,Senior Engineer
71341,Seongbin,Tetzlaff,Engineer
71345,Weiyi,Brookner,Senior Engineer
71350,King,Jenevein,Assistant Engineer
71351,Otmar,Guerreiro,Senior Staff
71357,Jixiang,Armand,Senior Staff
71362,Cathie,Mellouli,Senior Staff
71365,Remzi,Bratsberg,Senior Engineer
71374,Hongzue,McConalogue,Senior Engineer
71375,Masoud,Khamsi,Senior Staff
71383,Vidya,Ohori,Senior Staff
71384,Georgi,Paludetto,Senior Engineer
71387,Brewster,Billingsley,Staff
71390,Mandell,Ghandeharizadeh,Senior Engineer
71391,Youjian,Morris,Senior Staff
71393,Peternela,Terekhov,Senior Staff
71398,Sanjeeva,Krohn,Senior Staff
71399,Kasturi,Rodier,Senior Engineer
71400,Werner,Bugaenko,Staff
71402,Yongmao,Lung,Senior Engineer
71405,Shuzo,Miake,Senior Engineer
71406,Alejandra,Guting,Staff
71411,Jayson,Eiron,Senior Staff
71415,Samphel,Itschner,Senior Staff
71416,Jayson,Demir,Senior Engineer
71417,Jeane,Matteis,Senior Engineer
71420,Oksana,Schnelling,Engineer
71422,Akhilish,Erev,Senior Staff
71424,Vishu,Kroha,Senior Engineer
71427,Mechthild,Maraist,Senior Staff
71429,Abdelaziz,Budinsky,Engineer
71431,Leen,Maliniak,Staff
71433,Mayuko,Conia,Senior Staff
71434,Christfried,Peron,Technique Leader
71448,Seshu,Stamatiou,Senior Staff
71449,Tua,Codenie,Senior Engineer
71451,Munenori,Chelton,Senior Staff
71453,Adin,Nitsch,Senior Engineer
71454,Kristen,Alblas,Senior Engineer
71458,Kazuhiro,Welham,Senior Engineer
71461,Morrie,Godskesen,Senior Staff
71463,Ferdinand,Lagarias,Staff
71465,Heejo,Larfeldt,Senior Staff
71466,Gilbert,Rosay,Technique Leader
71471,Bernice,Peak,Engineer
71472,Bingning,Irland,Technique Leader
71474,Ramya,Warwick,Senior Staff
71478,Margo,Schahn,Senior Staff
71484,Sadegh,Mahmud,Technique Leader
71487,Sverrir,Sinitsyn,Senior Staff
71488,Changho,Raney,Senior Staff
71490,Yannis,Vieri,Senior Staff
71492,Lidong,Greenaway,Staff
71493,Tokuyasu,Yurek,Senior Staff
71499,Renee,Erol,Senior Engineer
71501,Nagui,Yurek,Senior Engineer
71503,Chinhyun,Plumb,Senior Staff
71505,Martien,Chiola,Technique Leader
71506,Horward,Schaft,Engineer
71509,Ioana,Feinberg,Senior Engineer
71515,Padma,Scallan,Senior Engineer
71516,Heping,Armand,Staff
71519,Gudjon,Lieblein,Staff
71522,Randi,Flasterstein,Senior Engineer
71527,Waiman,Radhakrishnan,Senior Staff
71528,Marjo,Deverell,Engineer
71529,Junsik,Kawashimo,Engineer
71534,Ghassan,Strandh,Staff
71535,Cristinel,Falco,Engineer
71539,Uinam,Heijenga,Senior Staff
71541,Kwangsub,Chartres,Senior Staff
71545,Denny,Nittel,Senior Staff
71547,Uzi,Yamaashi,Engineer
71552,Shuho,Cesareni,Senior Engineer
71558,Hidefumi,Duclos,Engineer
71560,Shalesh,Shanbhogue,Staff
71571,Gaurav,Dulay,Senior Engineer
71584,Moheb,Giveon,Senior Engineer
71586,Jianwen,Cannard,Senior Staff
71588,Junichi,Colorni,Senior Staff
71590,Irene,Beerel,Senior Engineer
71592,Kitty,Rusterholz,Senior Staff
71597,Yagil,Birjandi,Engineer
71598,Jianhua,Osgood,Senior Staff
71603,Susanta,Hanratty,Senior Staff
71604,Fumitaka,Eppinger,Senior Engineer
71609,Berthier,Manderick,Senior Staff
71610,Kwangsub,Landherr,Senior Engineer
71612,Krisda,Vieth,Senior Staff
71614,Moheb,Gniady,Staff
71627,Aria,Ranta,Senior Staff
71637,Mona,Itzfeldt,Technique Leader
71640,Berhard,Sinitsyn,Engineer
71641,Taisook,Nitsch,Senior Staff
71643,Eberhardt,Hoogerwoord,Senior Staff
71644,Bogdan,Azuma,Senior Staff
71651,Atreye,Pellegrinelli,Staff
71652,Hideyuki,Litvinov,Senior Engineer
71653,Jingling,Muniz,Engineer
71673,Zhonghui,Parfitt,Engineer
71674,Udo,Huxford,Senior Engineer
71678,Kiyokazu,Schapire,Senior Engineer
71683,Sastry,Hedayat,Engineer
71690,Annemarie,Steinauer,Senior Engineer
71694,Nirmal,Rikino,Engineer
71698,DeForest,Zongker,Senior Engineer
71699,Ingemar,Tramer,Senior Staff
71700,Shawna,Bamford,Assistant Engineer
71705,Mohan,Peyn,Senior Engineer
71706,Van,Murtha,Technique Leader
71709,Alper,Luck,Staff
71715,Eberhardt,Niizuma,Senior Staff
71717,Zijian,Pehl,Staff
71718,Rosita,Zockler,Engineer
71722,Marco,Lally,Senior Engineer
71725,Kannan,Yurek,Engineer
71727,Yolla,Mansanne,Senior Staff
71729,Jongsuk,Rosch,Technique Leader
71732,Arra,Highland,Engineer
71744,Shan,Chvatal,Senior Engineer
71750,Berhard,Eppinger,Senior Engineer
71753,Tzu,Fadgyas,Engineer
71754,Leen,Hebden,Senior Engineer
71758,Munehiko,Frijda,Senior Engineer
71759,Petter,Schnelling,Engineer
71761,Ortrud,Dahlbom,Senior Staff
71764,Chinhyun,Kroft,Senior Staff
71766,Gennady,Lieblein,Staff
71770,Weiyi,Perez,Senior Staff
71772,Hidekazu,Emmart,Technique Leader
71773,Leen,Ebeling,Senior Staff
71777,Koldo,Uehara,Senior Staff
71779,Hironoby,Cooman,Engineer
71780,DeForest,Honglei,Senior Engineer
71782,Boriana,Oskamp,Assistant Engineer
71788,Reinhard,Verspoor,Senior Staff
71789,Kotesh,Oskamp,Staff
71790,Oscal,Broder,Senior Engineer
71791,Bedrich,Lalonde,Senior Engineer
71793,Vincent,Itzigehl,Senior Staff
71796,Magdalena,Rijckaert,Staff
71801,Subhash,Anick,Staff
71806,Ramachenga,Segond,Senior Engineer
71810,Hideo,Ertl,Senior Staff
71812,Younwoo,Cooman,Senior Staff
71813,Guenter,Pargaonkar,Staff
71814,Hitofumi,Wendorf,Senior Staff
71816,Ziyad,Leslie,Senior Staff
71817,Sverrir,Cannata,Staff
71819,Martina,Kolinko,Senior Engineer
71821,Chuanti,Barvinok,Senior Engineer
71823,Kasidit,Linnainmaa,Technique Leader
71826,Chandrasekaran,Brickell,Senior Staff
71827,Felicidad,Dulay,Senior Staff
71832,Boguslaw,Sanella,Senior Staff
71834,Laurentiu,Daescu,Assistant Engineer
71836,Alejandra,Gulak,Senior Staff
71837,Munehiro,Babb,Senior Engineer
71839,Owen,Hasenauer,Engineer
71842,Bluma,Cummings,Senior Staff
71844,Herbert,Bennet,Staff
71847,Seshu,Kadhim,Senior Staff
71853,Guozhong,Bolsens,Technique Leader
71854,Shih,Dichev,Staff
71855,Lein,Luef,Technique Leader
71856,Mizuhito,Dechter,Staff
71858,Tzu,Brendel,Engineer
71864,Martina,Bellone,Senior Engineer
71869,Elzbieta,Puoti,Technique Leader
71870,Alair,Masaki,Senior Engineer
71871,Kien,Molenkamp,Senior Staff
71873,Shaowei,Anily,Senior Engineer
71875,Zvonko,Goldhammer,Assistant Engineer
71879,Ipke,Silva,Senior Staff
71882,Make,Chenoweth,Senior Staff
71885,Kwan,Linares,Senior Staff
71888,Kiyokazu,Schicker,Senior Staff
71889,Tristan,Hennebert,Senior Engineer
71894,Guther,Munawer,Senior Engineer
71896,Magdalena,Zobel,Senior Staff
71898,Zijian,Pusterhofer,Senior Engineer
71901,Josyula,Halloran,Senior Engineer
71903,Parviz,Scallan,Senior Engineer
71904,Zine,Oxman,Staff
71907,Mayuri,Anily,Staff
71909,Ghassan,Burnard,Technique Leader
71911,Xiaoqiu,Junot,Engineer
71913,Tooru,Feinberg,Technique Leader
71914,Navid,Uludag,Senior Engineer
71915,Goh,Jakobus,Staff
71917,Munehiko,Arlazarov,Staff
71921,Arnould,Cherinka,Engineer
71923,Jayesh,Kavanagh,Technique Leader
71924,Xiadong,Oaver,Senior Engineer
71926,Toshiko,Streit,Senior Engineer
71929,Sumant,Gire,Senior Staff
71930,Lech,Etalle,Senior Staff
71937,Phillip,Ferriere,Senior Staff
71938,Shugo,Nergos,Senior Engineer
71945,Pohua,Awdeh,Senior Staff
71948,Angel,Bonifati,Engineer
71958,Faiza,Siprelle,Senior Staff
71959,Jianhua,Speer,Staff
71960,Teunis,Karnin,Senior Staff
71962,Mohamadou,Thorelli,Senior Engineer
71963,Yuqun,Grandbois,Senior Engineer
71967,Olivera,Casperson,Staff
71972,Poorav,Pietracaprina,Engineer
71978,Katsuyuki,Lorcy,Senior Staff
71979,Sugwoo,Kropp,Senior Staff
71980,Stamatina,Compeau,Engineer
71984,Fei,Thiria,Senior Engineer
71985,Kristina,Emmart,Senior Engineer
71986,Faiza,Peek,Staff
71988,Mori,Middleton,Senior Engineer
71990,Supot,Thiran,Senior Staff
71993,Bernd,Caine,Senior Staff
71994,Abdelkader,Hardjono,Senior Engineer
71997,Subir,Ishibashi,Senior Staff
71998,Pranas,Lovengreen,Engineer
72003,Kamakshi,Besselaar,Senior Engineer
72004,Macha,Undy,Senior Engineer
72006,Shaleah,Atrawala,Senior Engineer
72008,Soenke,Wrigley,Engineer
72013,Lene,Beilner,Senior Staff
72015,Reuven,Trystram,Staff
72017,Hidefumi,Nitto,Senior Engineer
72021,Hercules,Koprowski,Assistant Engineer
72024,Takahiro,Wolniewicz,Senior Engineer
72026,Wilmer,Pesch,Senior Engineer
72028,Marsja,Szemeredi,Senior Engineer
72029,Toshiko,Encarnacion,Engineer
72031,Nagui,Makrucki,Senior Staff
72040,Geoff,Kuzuoka,Engineer
72041,Dmitry,Bardell,Senior Engineer
72042,Yinlin,Krybus,Staff
72050,Zeydy,Marrakchi,Staff
72054,Eldridge,Janocha,Senior Staff
72056,Serge,Miara,Staff
72071,Bilhanan,Rullman,Senior Staff
72072,Weijing,Feldmann,Senior Engineer
72074,Mahmut,Chinal,Senior Staff
72075,Goetz,Bennet,Engineer
72076,Annemarie,Masaki,Senior Engineer
72077,Reuven,Juneja,Senior Staff
72078,Olivera,Limongiello,Senior Engineer
72080,Aiichiro,Spieker,Engineer
72083,Christoper,Cincotta,Staff
72084,Miquel,Ligten,Senior Staff
72085,Sverrir,Ishibashi,Senior Engineer
72087,Teiji,Chartres,Senior Engineer
72092,Alper,Zaumen,Senior Engineer
72097,Almudena,Perng,Senior Staff
72099,Anestis,Thambidurai,Senior Staff
72101,Guoxiang,Barbanera,Senior Staff
72106,Piyush,Pews,Senior Staff
72109,Xiaopeng,Nitsche,Staff
72111,Sadun,Gist,Senior Engineer
72116,Lalit,Quadeer,Engineer
72120,Siamak,Uchoa,Senior Engineer
72121,Chuanyi,Begiun,Senior Engineer
72128,Sungwon,Randt,Staff
72132,Snehasis,Openshaw,Senior Staff
72135,Bingning,Erva,Senior Engineer
72137,Dulce,Bodoff,Senior Engineer
72140,Christ,Cronau,Senior Engineer
72141,Gilbert,Qiwen,Staff
72142,Hyuckchul,Guerreiro,Senior Staff
72143,Kazuhiko,Ramaiah,Engineer
72145,Zdislav,Neimat,Senior Engineer
72147,Unal,Kuszyk,Technique Leader
72157,Arvin,Pauthner,Staff
72159,Moie,Kaltofen,Senior Engineer
72160,Sugwoo,Scharstein,Staff
72166,Hidekazu,Scallan,Engineer
72171,Jaihie,Krohn,Engineer
72173,Mikhail,Schaap,Senior Engineer
72184,Masamitsu,Angelov,Senior Engineer
72193,Fai,Badr,Staff
72195,Iara,Schwartzbauer,Senior Engineer
72199,Zhilian,Prenel,Senior Staff
72202,Rutger,Mullainathan,Engineer
72204,Valeska,Peral,Senior Engineer
72207,Wuxu,Marsiglia,Senior Staff
72211,Apostol,Murrill,Senior Engineer
72213,Fumiko,Rubsam,Senior Engineer
72216,Serif,Rebaine,Staff
72218,Uri,Strooper,Staff
72219,Eckart,Hutton,Engineer
72224,Hatem,Malinowski,Senior Staff
72227,Gladys,Speel,Senior Staff
72235,Hilari,Baez,Staff
72246,Satoru,Birta,Senior Staff
72248,Kamran,Rindone,Senior Engineer
72250,Zhilian,Hagimont,Engineer
72252,Yonghoan,Emmart,Engineer
72259,Lene,Lamparter,Senior Staff
72262,Shahab,Braunmuhl,Senior Engineer
72263,Jouko,Ressouche,Senior Staff
72264,Alain,Bale,Senior Engineer
72269,Steen,Gonthier,Senior Staff
72270,Nitsan,Rubsam,Staff
72272,Elrique,Sgarro,Staff
72277,Soenke,Stassinopoulos,Staff
72280,Tadahiro,Papsdorf,Senior Staff
72281,Sariel,Uhrik,Senior Engineer
72284,Radhakrishnan,Mondadori,Staff
72290,Pranay,Iwayama,Senior Engineer
72292,Basant,Wynblatt,Senior Engineer
72298,Lenore,Glinert,Engineer
72307,Genta,Asser,Senior Engineer
72308,Jiong,Krogh,Assistant Engineer
72310,Cordelia,Dusink,Engineer
72315,Alexius,Schaft,Senior Staff
72317,Yagil,Orlowski,Senior Staff
72321,Sergi,Conta,Staff
72326,Yoshimitsu,Zedlitz,Technique Leader
72329,Randi,Luit,Staff
72331,Shaz,Shimshoni,Senior Staff
72332,Yechezkel,Roccetti,Senior Staff
72334,Martial,Brendel,Senior Engineer
72335,Perla,Demian,Engineer
72337,Dharmaraja,Yurov,Senior Engineer
72338,Sreekrishna,Gubsky,Senior Engineer
72343,Make,Bodoff,Technique Leader
72352,Fayez,Kusakari,Senior Engineer
72353,Kshitij,Cesareni,Senior Staff
72356,Candida,Cappelli,Senior Staff
72357,Kristina,Krogh,Technique Leader
72362,Spyrose,Himler,Staff
72366,Jenwei,Rouquie,Staff
72368,Alair,Baaleh,Senior Engineer
72371,Tetsurou,Demke,Staff
72383,Gianluca,Sidou,Technique Leader
72387,Taiji,Zeilberger,Engineer
72388,Trygve,Ratnakar,Engineer
72389,Xuejun,Piancastelli,Senior Engineer
72393,Carrsten,Parveen,Staff
72396,Genki,Gammage,Senior Engineer
72397,Shigeu,Einsfeld,Senior Engineer
72398,Dines,Gulla,Senior Staff
72400,Charmane,Merel,Senior Staff
72401,Lidong,Angelopoulos,Staff
72404,KayLiang,Rassart,Senior Staff
72405,Shem,Schusler,Assistant Engineer
72409,Insup,Wixon,Senior Engineer
72412,JoAnna,Cronau,Senior Engineer
72417,Supot,Perl,Senior Staff
72418,Mana,Schapiro,Engineer
72421,Goh,Puppo,Technique Leader
72429,Selwyn,Ranum,Senior Staff
72431,Yuqun,Vandervoorde,Senior Staff
72434,Snehasis,Lueh,Assistant Engineer
72436,Roselyn,Siegrist,Senior Engineer
72437,Radhika,Mellouli,Staff
72443,Dulce,Shigei,Staff
72445,Randy,Luce,Senior Engineer
72448,Lena,Assaf,Staff
72451,Xiong,Stamatiou,Senior Engineer
72453,Haldon,Attimonelli,Senior Engineer
72459,Kien,Lienhardt,Technique Leader
72460,Ortrud,Thiran,Staff
72466,Feipei,Gyorkos,Engineer
72469,Peternela,Clouatre,Senior Staff
72472,Tuval,Demke,Senior Staff
72474,Baziley,Zaccaria,Assistant Engineer
72478,Rosli,Motley,Senior Staff
72479,Tsuneo,Velardi,Senior Engineer
72484,Foong,Gruenwald,Assistant Engineer
72485,Hidefumi,Christianini,Senior Staff
72486,Irena,Brickell,Senior Engineer
72488,Deniz,Brizzi,Senior Engineer
72490,Fumiyo,Pena,Technique Leader
72491,Ulises,Tischendorf,Assistant Engineer
72493,Thodoros,Maksimenko,Senior Engineer
72497,Kwangjo,McAlpine,Senior Engineer
72502,Lucian,Zirintsis,Engineer
72507,Adel,Rossi,Staff
72510,Miomir,Tomescu,Senior Engineer
72512,Stein,Matzov,Senior Staff
72513,Juichirou,Talmon,Engineer
72518,Nakhoon,Lamba,Senior Staff
72519,Sham,Oppitz,Staff
72521,Georgi,Daescu,Engineer
72522,Insup,Katzenelson,Senior Engineer
72527,Kish,Poupard,Staff
72533,Luigi,Doering,Senior Engineer
72537,Munir,Kavraki,Senior Staff
72540,Kwangyoen,Badache,Engineer
72542,Lena,Przulj,Senior Staff
72547,Narain,Schrift,Staff
72551,Bedir,Impagliazzo,Senior Engineer
72555,Licheng,Piazza,Engineer
72566,Munehiro,Schaaf,Senior Engineer
72569,Katsuyuki,Halevi,Engineer
72571,Yurij,Cools,Senior Engineer
72574,Saeed,Carrere,Senior Engineer
72575,Feixiong,Poujol,Engineer
72576,Brigham,Lichtner,Senior Engineer
72578,Kshitij,Bashian,Assistant Engineer
72584,Jeanna,Schiettecatte,Engineer
72585,Ioana,Bala,Engineer
72586,Jiong,Usery,Senior Engineer
72587,Krister,Angel,Senior Staff
72589,Yannis,Barriga,Senior Engineer
72592,Shaleah,Brandsma,Senior Engineer
72598,Bogdan,Vural,Senior Engineer
72606,Shugo,Schnabel,Staff
72609,Baziley,Guting,Staff
72611,Yonghong,Fordan,Engineer
72613,Jordanka,Kroha,Senior Engineer
72617,Naraig,Worfolk,Senior Staff
72619,Bedrich,Velasco,Senior Staff
72620,Hisao,Eickenmeyer,Engineer
72621,Kazunori,Vrecion,Staff
72623,Peer,Rahimi,Engineer
72625,Moti,Nyanchama,Engineer
72627,Apostol,Conry,Engineer
72629,Mariusz,Yoshimura,Engineer
72632,Marin,Cmelik,Senior Engineer
72634,Xuedong,Thiran,Senior Staff
72639,Jiang,Angel,Senior Staff
72643,Elvis,Varley,Staff
72646,Elgin,Tchuente,Engineer
72651,Padma,Kawashima,Staff
72652,Yonghong,Strooper,Senior Engineer
72657,Lucien,Gyimothy,Staff
72661,Dinah,Baja,Senior Staff
72663,Yannik,Gerteisen,Engineer
72677,Oscal,Kavanagh,Engineer
72678,Morrie,Simkin,Senior Staff
72683,Tristan,Frolund,Senior Engineer
72684,Remmert,Klyachko,Engineer
72686,Radoslaw,Marakhovsky,Senior Engineer
72689,Vatsa,Mapelli,Senior Engineer
72693,Zhaofang,Gadepally,Staff
72695,Marin,Swiler,Engineer
72696,Anestis,Tramer,Senior Engineer
72700,Shahid,Pollock,Technique Leader
72709,Mohammad,Perez,Senior Engineer
72711,Weiru,Cappello,Senior Staff
72714,Siddarth,Ponthieu,Senior Staff
72716,Masami,Vieri,Senior Engineer
72719,Paraskevi,Debuse,Engineer
72723,Arve,Danlos,Senior Staff
72724,Abdelghani,Asmuth,Senior Engineer
72725,Jayesh,Felder,Senior Engineer
72727,Lunjin,Basagni,Senior Staff
72733,Ziyad,Fujisawa,Engineer
72735,Shunichi,Varker,Senior Staff
72737,Kellie,Kroll,Staff
72739,Constantino,Sinicrope,Senior Engineer
72740,Heather,Greenaway,Senior Staff
72741,Ulises,Range,Staff
72745,Tayeb,Vernadat,Senior Engineer
72750,Sachin,Steenbeek,Engineer
72752,Kensyu,Gente,Senior Engineer
72760,Mani,Oskamp,Senior Engineer
72761,Arto,Schlegelmilch,Senior Staff
72766,Emran,Valiente,Engineer
72767,Premal,Chiola,Senior Staff
72768,Sajjad,Kolvik,Engineer
72770,Marsja,Beznosov,Senior Staff
72774,Irene,Rothe,Engineer
72779,George,Neiman,Technique Leader
72783,Xiaobin,Marquardt,Senior Staff
72788,Berthier,Dulli,Staff
72794,Kazuhisa,Awdeh,Senior Staff
72797,Dmitry,Luders,Senior Staff
72799,Akeel,Usdin,Senior Engineer
72801,Yuriy,Bazzichi,Engineer
72810,Huei,Farrow,Assistant Engineer
72813,Heekeun,Pollacia,Staff
72815,Marc,Setiz,Staff
72826,Pranas,Kuhnemann,Senior Engineer
72830,Tetsurou,Kavraki,Senior Staff
72832,Maha,Strandh,Senior Staff
72836,Sadun,Baez,Senior Staff
72839,Guther,Tagansky,Staff
72841,Filipp,Kusalik,Senior Engineer
72847,Renny,Stifter,Senior Staff
72861,Chirstian,Pramanik,Senior Engineer
72863,Mohd,Kavvadias,Senior Staff
72864,Moie,McConalogue,Senior Engineer
72866,Sverrir,Zumaque,Senior Staff
72869,Shay,Basagni,Senior Staff
72875,Renee,Azevdeo,Senior Engineer
72876,Marit,Thiria,Senior Staff
72877,Ranga,Pappas,Senior Staff
72882,Niranjan,Ellozy,Senior Engineer
72885,Yinghua,Coullard,Technique Leader
72886,Etsuo,Munch,Technique Leader
72888,Mario,Nitsch,Staff
72891,Florina,Heusch,Senior Engineer
72893,Ute,Rouquie,Technique Leader
72894,Mingzeng,Aingworth,Staff
72897,Faiza,Leslie,Senior Engineer
72898,Thanasis,Gurbaxani,Senior Staff
72900,Fan,Schoegge,Staff
72905,Manohar,Zedlitz,Senior Engineer
72907,Alejandra,Weisert,Staff
72908,Arfst,Mandelberg,Engineer
72910,Slavian,Otillio,Engineer
72914,Ennio,Snedden,Technique Leader
72916,Arun,Kitsuregawa,Staff
72917,Paris,Swan,Senior Staff
72919,Gila,Panangaden,Senior Engineer
72920,Dekang,Radivojevic,Senior Staff
72922,Kristian,DasSarma,Senior Staff
72923,Zhenbing,Decaestecker,Senior Engineer
72927,Bangqing,Rahier,Staff
72928,Xiahua,Rosay,Senior Staff
72930,Sakthirel,Matzat,Engineer
72933,Chuanyi,Schiettecatte,Staff
72937,Huai,Fasbender,Senior Engineer
72939,Mircea,Dusink,Senior Staff
72943,Collette,Angot,Senior Staff
72950,Xiping,Aumann,Senior Engineer
72951,Shim,Brandsma,Staff
72953,Jaewoo,Vigier,Engineer
72957,Frazer,Demizu,Staff
72959,Rosita,Wynblatt,Senior Staff
72963,Hugh,Butner,Engineer
72967,Menkae,Brobst,Staff
72969,Xinan,Setia,Staff
72973,Remko,Sudbeck,Engineer
72977,Shahid,Servi,Staff
72980,Divier,Borstler,Engineer
72981,Chanjung,Imataki,Senior Staff
72982,Shin,Yeung,Staff
72983,Jouko,Eugenio,Senior Staff
72985,Heping,Bellone,Staff
72986,Nikolaos,Worfolk,Senior Engineer
72988,Sudharsan,Narahara,Senior Engineer
72995,Rosli,Ozeri,Senior Staff
72996,Petter,Castellani,Senior Engineer
72998,Mart,Farrow,Senior Staff
72999,Marla,Neimat,Staff
73003,Adin,Boguraev,Staff
73004,Mitchel,Ballarin,Senior Engineer
73005,Sachem,Compeau,Technique Leader
73006,Shiv,Schiper,Staff
73011,Zdislav,Kaiserswerth,Senior Engineer
73016,Qiwen,Waeselynck,Senior Staff
73017,Adel,Iisaka,Engineer
73019,Vishwani,Gecseg,Senior Engineer
73023,Takahira,Bernardinello,Staff
73035,Kensyu,Cummings,Senior Staff
73036,Syozo,Koyama,Senior Staff
73038,Gilbert,Ambroszkiewicz,Engineer
73042,Elvis,Rossi,Technique Leader
73044,Larisa,Nishimukai,Staff
73060,Oldrich,Ranka,Engineer
73063,Nigel,Highland,Senior Staff
73068,Steen,Ramsak,Senior Engineer
73072,Vitali,Zwicker,Senior Engineer
73079,Erzsebet,Prenel,Senior Staff
73080,Suebskul,Conti,Senior Staff
73081,Bernd,Schapire,Staff
73082,Ioana,Sadowski,Senior Engineer
73084,Subhash,Skogmar,Senior Engineer
73087,Munehiko,Axelband,Engineer
73090,Yoshinari,Takkinen,Senior Staff
73092,Reinhard,Luders,Senior Staff
73096,Siamak,Birnbaum,Senior Engineer
73099,Percy,Strandh,Senior Engineer
73104,Mooi,Bressoud,Senior Engineer
73107,Lucian,Xiaoshan,Senior Staff
73108,Kish,Khalil,Senior Engineer
73109,Divine,Pusterhofer,Senior Engineer
73110,Gift,Osgood,Technique Leader
73111,Ottavia,Massonet,Technique Leader
73119,Miyeon,Kavraki,Senior Engineer
73121,DAIDA,Pleszkun,Technique Leader
73124,Dannz,Siegrist,Senior Engineer
73126,Mitsuyuki,Pintelas,Assistant Engineer
73134,Leen,Coney,Engineer
73135,Thanasis,Brodal,Senior Staff
73137,Manohar,Lortz,Senior Engineer
73139,Ebbe,Kilgour,Senior Engineer
73141,Edwin,Borstler,Senior Engineer
73142,Gretta,VanScheik,Senior Engineer
73143,Sreekrishna,Cincotta,Engineer
73145,Thodoros,Akiyama,Senior Engineer
73153,Kyoichi,Monkewich,Senior Engineer
73161,Haldon,Denos,Senior Engineer
73168,Magdalena,Pagter,Engineer
73172,Tesuya,Provine,Assistant Engineer
73185,Shichao,Hedayat,Engineer
73186,Matk,Vural,Senior Staff
73194,Perry,Castellani,Senior Staff
73206,Subhada,Winter,Staff
73207,Kyoichi,Domenig,Technique Leader
73208,Yuguang,Menhardt,Senior Staff
73210,Saeed,Terlouw,Senior Engineer
73212,Niclas,Maraist,Senior Staff
73213,Sarita,Wendorf,Senior Engineer
73220,Mokhtar,Serre,Senior Staff
73222,Kendra,Gurbaxani,Senior Engineer
73225,Mana,Swick,Engineer
73228,Tommaso,Vasanthakumar,Engineer
73229,Vidar,Nyrup,Assistant Engineer
73230,Shih,Krone,Staff
73232,Xiaoshan,Carrere,Staff
73234,Katsuo,Famili,Senior Engineer
73237,Sanjoy,Bonifati,Senior Staff
73256,Conrado,Alameldin,Senior Staff
73257,Berhard,Zuberek,Technique Leader
73258,Tonia,Prochazka,Senior Engineer
73264,Theirry,Peltason,Senior Engineer
73267,Masamitsu,Broomell,Engineer
73274,Dinkar,Chaudhuri,Senior Staff
73275,Stevo,Ravishankar,Assistant Engineer
73280,Shuji,Biran,Technique Leader
73283,Shen,Leaver,Engineer
73295,Weiye,Kinley,Senior Staff
73300,Mrinalini,Quaggetto,Staff
73301,Kensyu,Schurmann,Senior Engineer
73305,Heon,Lambe,Senior Engineer
73308,Valeri,Androutsos,Engineer
73312,Sanjeeva,Luby,Senior Engineer
73314,Oguz,Weiland,Senior Staff
73318,Elliott,Highland,Engineer
73320,Bowen,Biran,Staff
73322,Atreye,Tomescu,Senior Staff
73323,Kerryn,Marchesini,Senior Engineer
73328,Shigeichiro,Emmerich,Engineer
73332,Xinyu,Neiman,Senior Staff
73334,Elliott,Cullers,Senior Engineer
73336,Zhongwei,Molenkamp,Senior Staff
73339,Leni,Kamble,Senior Engineer
73346,Rasikan,Raoux,Senior Engineer
73347,Duro,Mahnke,Engineer
73350,Takahira,Daescu,Senior Engineer
73352,Boutros,Fortenbacher,Senior Engineer
73354,Arunachalam,Bolotov,Assistant Engineer
73355,Kannan,Rotem,Senior Engineer
73357,Unal,Gaughan,Engineer
73361,Lansing,Swan,Engineer
73364,Wayne,Gaughan,Senior Engineer
73370,Huiqun,Suri,Engineer
73373,Feixiong,Moehrke,Senior Staff
73375,Aiichiro,Kragelund,Staff
73386,Sajjad,Reutenauer,Engineer
73387,Noritoshi,Axelband,Senior Staff
73389,IEEE,Sherertz,Staff
73390,Ishfaq,Beutelspacher,Senior Engineer
73391,Eben,Bierman,Senior Staff
73395,Jouko,Tsukune,Senior Engineer
73400,Billur,Heemskerk,Senior Engineer
73404,Pantung,Negoita,Senior Staff
73406,Basil,Tomescu,Senior Engineer
73409,Denis,Biros,Senior Engineer
73413,Valeri,Piancastelli,Engineer
73415,Renny,Pillow,Senior Staff
73421,Kankanahalli,Ertl,Staff
73423,Raimond,Dratva,Senior Staff
73424,Stein,Nergos,Engineer
73425,Parviz,Aumann,Senior Engineer
73426,Dines,Levasseur,Staff
73430,Khosrow,Beausoleil,Senior Engineer
73432,Remzi,Uchoa,Staff
73435,Younwoo,Reistad,Senior Engineer
73436,Keiichiro,Shiratori,Engineer
73438,Elzbieta,Wursthorn,Senior Staff
73439,Yishai,Miake,Engineer
73446,Yuguang,Gronowski,Senior Staff
73450,Jaana,Debuse,Senior Staff
73451,Evgueni,Hartvigsen,Staff
73452,Gil,Luks,Technique Leader
73454,Masaki,Feldmann,Engineer
73455,Moto,Peral,Engineer
73456,Toney,Azadmanesh,Senior Engineer
73460,Patricio,Bierman,Staff
73462,Sergi,Pelc,Senior Staff
73465,Susanne,Adachi,Technique Leader
73466,Tzu,Guerreiro,Senior Engineer
73478,Ramachenga,Stanger,Senior Engineer
73482,Jovan,Auyong,Senior Engineer
73486,Temple,Baumann,Staff
73490,Ramalingam,Rodite,Senior Engineer
73492,Adamantios,Larfeldt,Technique Leader
73497,Sibyl,Huhdanpaa,Senior Staff
73499,Ult,Ferriere,Senior Staff
73500,Sahrah,Thambidurai,Senior Engineer
73504,Sastry,Anandan,Engineer
73507,Younwoo,Dolinsky,Engineer
73509,Cathie,Schonegge,Engineer
73510,Jouni,Reeken,Staff
73512,Shan,Slobodova,Senior Engineer
73513,Guther,Schlenzig,Senior Staff
73514,Navid,Khamsi,Engineer
73515,Khun,Chelton,Senior Staff
73517,Feixiong,Berstel,Staff
73518,Ult,Bernick,Senior Engineer
73522,Dannz,Shinomoto,Senior Staff
73523,Fei,Parascandalo,Senior Staff
73525,Marco,Welham,Engineer
73527,Jaihie,Staudhammer,Senior Staff
73529,Sajjad,Ghazalie,Senior Staff
73530,Lokesh,Budinsky,Staff
73532,Becky,dAstous,Staff
73533,Marie,Chaudhury,Senior Staff
73536,Florian,Landherr,Engineer
73539,Renee,Serot,Senior Engineer
73542,Shigehito,Acton,Senior Staff
73544,Kazuhiro,Piancastelli,Engineer
73547,Kazuhiro,Burnard,Senior Engineer
73548,Margareta,Pena,Senior Staff
73549,Xumin,Lores,Senior Staff
73553,Duro,Botman,Senior Engineer
73555,Pascal,Terekhov,Technique Leader
73558,Murthy,Reutenauer,Staff
73559,Masamitsu,Murrill,Senior Staff
73560,Nigel,Hasenauer,Senior Engineer
73569,Changho,Bisiani,Staff
73572,Yuuichi,Schapire,Technique Leader
73578,Berna,Rohrbach,Engineer
73586,Susanne,Haumacher,Senior Staff
73592,Xuejun,Shanbhogue,Senior Engineer
73594,Kazuhira,Babb,Staff
73595,Nobuyoshi,Vandervoorde,Senior Staff
73599,Luisa,Motley,Senior Engineer
73600,Aris,Kolvik,Senior Engineer
73601,Aloke,Vasanthakumar,Senior Engineer
73609,Jordanka,Hockney,Staff
73611,Feixiong,Bodoff,Technique Leader
73612,Toney,Lienhardt,Senior Staff
73613,Sarita,Birnbaum,Senior Staff
73615,Manton,Vecchi,Senior Engineer
73619,Uma,Wursthorn,Senior Engineer
73620,Kendra,Castellani,Senior Staff
73621,Gadiel,Imataki,Senior Staff
73622,Zhigen,Piveteau,Staff
73625,Fan,Smeets,Senior Staff
73628,Lucien,Riefers,Senior Staff
73635,Roselyn,Desikan,Staff
73636,Macha,Koblitz,Engineer
73644,Eberhardt,Backhouse,Senior Engineer
73647,Remco,Eiter,Senior Engineer
73655,Aram,Garrabrants,Technique Leader
73662,Seongbae,Vidya,Engineer
73666,Renny,Riefers,Staff
73673,Chenxi,Yurov,Senior Engineer
73674,Yifei,Jahnichen,Senior Staff
73678,Woody,Beznosov,Engineer
73679,Francesca,Ritzmann,Senior Engineer
73681,Cordelia,Dayang,Engineer
73682,Heng,Douceur,Senior Staff
73685,Yurii,Fujisaki,Senior Staff
73687,Zito,Bakhtari,Senior Staff
73689,Mansur,Goldhammer,Senior Staff
73692,Cheong,Tempesti,Senior Staff
73694,Jaques,Ranta,Senior Staff
73698,Arunas,Bazzichi,Senior Engineer
73703,Jackson,Lorho,Senior Engineer
73709,Gad,Vural,Senior Staff
73710,Angus,Badache,Engineer
73711,Toshimori,Attimonelli,Senior Engineer
73712,Hatsukazu,Kusakari,Engineer
73721,Berto,Iacovou,Senior Engineer
73722,Berhard,Lamba,Engineer
73723,Uriel,Heystek,Senior Engineer
73726,Elvia,Mawatari,Staff
73731,Gaurav,Lichtner,Senior Engineer
73733,Takanari,Kusakari,Senior Staff
73734,Zhongwei,Rodite,Senior Staff
73735,Gay,Eldridge,Engineer
73739,Marin,Krohm,Senior Staff
73744,Basil,Baalen,Staff
73746,Martien,Ginneken,Engineer
73749,Hercules,Oppitz,Staff
73751,Augustine,Randi,Senior Engineer
73752,Dmitri,Demeyer,Engineer
73755,Kannan,Dulay,Engineer
73756,Moni,Strooper,Senior Engineer
73758,Serenella,Sevcikova,Senior Engineer
73761,Mark,Birge,Senior Staff
73762,Leaf,Tchuente,Senior Engineer
73763,Murthy,Limongiello,Engineer
73765,Richara,Gimbel,Engineer
73770,Goh,Melski,Staff
73777,Carrsten,DeMori,Engineer
73781,Radhika,Sidou,Staff
73782,Janche,Prochazka,Technique Leader
73785,Conrado,Tischendorf,Engineer
73789,Menkae,Stafford,Senior Staff
73790,Kazunori,Pepe,Technique Leader
73791,Kenton,Szmurlo,Staff
73793,Xudong,Gomatam,Staff
73795,Herb,Katiyar,Senior Staff
73804,Aamer,Zallocco,Senior Engineer
73808,Urs,Skafidas,Senior Engineer
73811,Valeri,Trogemann,Senior Engineer
73812,Shugo,Koblitz,Senior Staff
73817,Nikolaos,Veccia,Senior Staff
73819,Mohamadou,Rijsenbrij,Staff
73821,Eldridge,Felcyn,Senior Engineer
73823,Shaibal,Michaels,Senior Staff
73826,Radhakrishnan,Crooks,Senior Staff
73834,Kerryn,Zeilberger,Senior Engineer
73835,Leif,Krupka,Senior Engineer
73841,Xiaocheng,Beznosov,Senior Staff
73842,Seongbin,Esteva,Senior Staff
73846,Masamitsu,Hoppenstand,Senior Staff
73851,Alair,Spinelli,Engineer
73855,Greger,Blokdijk,Senior Staff
73858,Joydip,Passafiume,Staff
73868,Moon,Goodrum,Senior Engineer
73871,Eirik,Norsworthy,Senior Staff
73873,Bluma,Beilner,Engineer
73874,Lene,Heiserman,Engineer
73875,Rafail,Duclos,Senior Engineer
73880,Katsuyuki,Gente,Senior Engineer
73883,Lihong,Comellas,Senior Staff
73885,Gianluca,Farrow,Engineer
73891,Rasikan,Rebaine,Senior Staff
73901,Arif,Ernst,Engineer
73908,Jinya,Shanbhogue,Technique Leader
73909,Morrie,Denna,Engineer
73911,Ziya,Syrotiuk,Senior Staff
73914,Atreyi,Smailagic,Senior Engineer
73921,Maja,Rijsenbrij,Senior Engineer
73923,Basim,Pargaonkar,Senior Engineer
73926,Zita,Munke,Senior Staff
73927,Hironobu,Hutton,Technique Leader
73928,Sanjoy,Ballarin,Senior Staff
73936,Jinpo,Quadeer,Engineer
73937,Kagan,Moehrke,Senior Staff
73943,Chenxi,Szilard,Staff
73944,Marjo,Miara,Senior Engineer
73949,Gian,Birch,Staff
73952,Georgy,Matzov,Senior Engineer
73955,Kyoichi,Shrader,Senior Engineer
73958,Margareta,Herbst,Senior Engineer
73959,TRUE,Denny,Senior Staff
73961,Khedija,Schaad,Engineer
73964,Chikako,Scallan,Staff
73965,Tonia,Verhaegen,Engineer
73969,Yongdong,Prampolini,Engineer
73971,Dzung,Fordan,Assistant Engineer
73972,Makato,Biron,Senior Staff
73975,Leah,Bernatsky,Engineer
73977,Luisa,Radwan,Senior Engineer
73980,Martijn,Burnard,Assistant Engineer
73984,Ioana,Peltason,Senior Engineer
73993,Arto,Matzat,Engineer
73994,Gopalakrishnan,Penz,Senior Engineer
73996,Sachar,Yamaashi,Senior Engineer
73999,Susanna,Krzyzanowski,Senior Staff
74000,Stabislas,Choobineh,Senior Engineer
74004,Nimmagadda,Glowinski,Engineer
74005,Hyuckchul,Bahl,Engineer
74006,Gor,Buescher,Senior Staff
74012,Guther,Orlowska,Staff
74013,Terresa,Zongker,Senior Staff
74014,Hilary,Benaini,Senior Engineer
74015,Parke,Lubachevsky,Senior Staff
74021,Qiwen,Baba,Senior Engineer
74024,Dinkar,Cools,Senior Engineer
74025,Paloma,Figueira,Senior Engineer
74026,Trygve,Spinelli,Engineer
74027,Goo,Openshaw,Senior Engineer
74034,Padma,Wynblatt,Technique Leader
74036,Mayumi,Chenoweth,Technique Leader
74038,Zorica,Muntz,Engineer
74042,Rosine,Kaiserswerth,Senior Engineer
74046,Jungsoon,Birta,Senior Engineer
74048,Krister,Mandell,Engineer
74050,Greger,Staylopatis,Senior Engineer
74053,Shugo,Setia,Engineer
74056,Fumitake,Ishibashi,Engineer
74058,Mamdouh,Yoshimura,Senior Engineer
74060,Volkmar,Beilner,Senior Engineer
74061,Cordelia,Conry,Senior Staff
74067,Francoise,Siprelle,Staff
74069,Bluma,Schusler,Senior Staff
74070,Marco,Glowinski,Senior Engineer
74075,Djenana,Pashtan,Senior Engineer
74076,Taegyun,Seiwald,Senior Engineer
74081,Anneke,Lorho,Technique Leader
74083,Hironoby,Conry,Staff
74084,Hatem,Vasanthakumar,Senior Staff
74085,Ebru,Speckmann,Engineer
74094,Marc,Kusakabe,Senior Engineer
74097,Kellie,Scharstein,Senior Engineer
74099,Adam,Speckmann,Senior Engineer
74101,Debaprosad,Porenta,Technique Leader
74102,Chaosheng,Falco,Senior Engineer
74106,Sailaja,Uchoa,Senior Staff
74108,Valter,Poulakidas,Senior Engineer
74110,Kenroku,Dolinsky,Senior Engineer
74112,Avishai,Perko,Senior Engineer
74113,Kazuhito,Chinal,Engineer
74116,Adit,Couchot,Senior Engineer
74117,Steve,Kroll,Senior Staff
74121,Otmar,Capobianchi,Engineer
74122,Sushant,Cappello,Senior Staff
74124,Aemilian,Nitsche,Senior Staff
74126,Dulce,Bala,Senior Engineer
74133,Sorina,Shanbhogue,Senior Staff
74135,Naraig,Lowrie,Senior Staff
74142,Shigehito,Bierbaum,Senior Staff
74143,Achilleas,Zeleznik,Senior Staff
74144,Hyuncheol,Redmiles,Senior Staff
74148,Nalini,Sabnani,Senior Staff
74151,Munehiro,Bahl,Senior Staff
74154,Oscar,Foong,Staff
74156,Bodo,Lovengreen,Senior Staff
74157,Kasturi,Asmuth,Assistant Engineer
74164,Yakichi,Ambroszkiewicz,Senior Engineer
74165,Shaw,Emmart,Senior Engineer
74166,Shawna,Beidas,Senior Staff
74168,Jungsoon,Weedon,Senior Staff
74169,Eldridge,Baek,Senior Engineer
74170,Conal,Caine,Senior Staff
74171,Patricio,Kleiser,Engineer
74175,Mario,Pettit,Senior Staff
74176,Mariangiola,Conte,Senior Engineer
74177,Charmane,Azumi,Senior Staff
74182,Takushi,Stasinski,Senior Staff
74183,Zissis,Suomi,Senior Staff
74184,Demin,Crelier,Senior Engineer
74186,Nectarios,Landherr,Senior Staff
74187,Zito,Asmuth,Senior Staff
74188,Kersti,Cronau,Senior Engineer
74189,Fox,Mawatari,Staff
74191,Fumiya,Falster,Senior Engineer
74199,Otilia,Speckmann,Senior Engineer
74202,Aamer,Schneeberger,Senior Engineer
74205,Valery,Gyimothy,Senior Engineer
74215,Tooru,Qiwen,Staff
74220,Ioana,Ducloy,Senior Staff
74222,Foong,Yamaashi,Technique Leader
74224,Christ,Stiles,Engineer
74230,Shan,Peyn,Senior Engineer
74231,Indrajit,Quaggetto,Staff
74232,Yucai,Mundy,Senior Engineer
74233,Zvonko,Spell,Senior Engineer
74244,Shaibal,Basagni,Senior Engineer
74246,Tomofumi,Erdi,Senior Staff
74247,Matk,McConalogue,Staff
74253,Otilia,Pesch,Senior Staff
74255,Randi,Landherr,Engineer
74258,Apostol,Hemaspaandra,Senior Staff
74259,Ohad,Hmelo,Staff
74262,Yongdong,Demri,Senior Staff
74263,Jackson,Casley,Senior Engineer
74271,Guther,Coombs,Senior Staff
74273,Rosita,Gladwell,Senior Engineer
74276,Rosella,Ermel,Staff
74286,Ramya,Bugaenko,Senior Engineer
74296,Zhaofang,Manders,Engineer
74301,Leaf,Sethi,Senior Engineer
74312,Bouchung,Backhouse,Engineer
74315,Kristinn,Henseler,Engineer
74316,Eran,Desikan,Senior Staff
74323,Katsuo,Yetto,Senior Engineer
74327,Aloke,Rahier,Senior Staff
74332,Brigham,Impagliazzo,Senior Engineer
74334,Jingling,Legleitner,Staff
74338,Mahmut,Sigstam,Staff
74339,Subbu,Buescher,Staff
74342,Jamaludin,Fiutem,Senior Staff
74351,Sumant,Henseler,Senior Engineer
74352,Vasiliy,Kropatsch,Senior Engineer
74353,Shan,Rajala,Engineer
74354,Aron,Lorys,Senior Staff
74358,Mohammad,Lanteri,Senior Staff
74360,Dayanand,Viele,Senior Engineer
74366,Baocai,Maksimenko,Staff
74369,Mansur,Eugenio,Staff
74381,Kamran,Gajiwala,Senior Staff
74383,Yechiam,Impagliazzo,Senior Engineer
74388,Mokhtar,Miyakawa,Senior Engineer
74392,Khedija,Kawashima,Technique Leader
74395,Zvonko,Sherertz,Senior Engineer
74396,Khoa,Taubman,Senior Staff
74406,Jaber,Tzvieli,Senior Engineer
74407,Waiman,Shobatake,Senior Engineer
74408,Padma,Rodite,Engineer
74412,Nathalie,Desikan,Senior Engineer
74413,Juichirou,Nitta,Engineer
74416,Chenye,Walstra,Staff
74417,Emdad,Baez,Engineer
74420,Horward,Marsiglia,Senior Staff
74421,Tsutomu,Birjandi,Engineer
74422,Herbert,Jansch,Staff
74425,Shakhar,Pero,Technique Leader
74433,Dung,Radhakrishnan,Senior Staff
74434,Mohammed,Bain,Senior Staff
74436,Gennady,Sidou,Senior Staff
74443,Dines,Luan,Senior Engineer
74445,Elrique,Yemenis,Senior Engineer
74447,Atilio,Hebert,Senior Staff
74450,Ortrun,Radivojevic,Engineer
74452,Munenori,Zizka,Engineer
74458,Gennady,Guenter,Senior Engineer
74459,Maris,Kavvadias,Senior Engineer
74471,Jolita,Kakkar,Senior Engineer
74479,Hsiangchu,Peak,Senior Engineer
74480,Jeanne,Tsukuda,Senior Staff
74481,Theirry,Restivo,Engineer
74483,Doowon,Narahara,Senior Staff
74484,Ramya,Salvesen,Engineer
74489,Cedric,Tasistro,Senior Staff
74491,KayLiang,Slobodova,Senior Staff
74492,Mrinalini,Vuskovic,Engineer
74493,Susanne,Chelton,Engineer
74494,Jongsuk,Czap,Senior Engineer
74502,Bedrich,Delaune,Senior Staff
74503,Tristan,Kading,Senior Staff
74504,Hironobu,Mattern,Senior Staff
74506,Becky,Picaronny,Staff
74508,Khun,Percebois,Engineer
74511,Shietung,Schicker,Engineer
74512,Vivian,Delgrande,Engineer
74513,Zhigen,Rajcani,Senior Staff
74514,Rosalyn,Benzmuller,Senior Engineer
74515,Toney,Hutton,Engineer
74518,Takahira,Barbanera,Senior Engineer
74520,Shushma,Naumovich,Senior Staff
74523,Hein,Merlo,Senior Engineer
74530,TRUE,Delgrange,Senior Staff
74532,Doowon,Lorcy,Staff
74537,Sanjay,Samarati,Senior Staff
74538,Rimon,Zambonelli,Senior Engineer
74542,Adin,Naumovich,Senior Staff
74559,Fai,Kornatzky,Senior Engineer
74563,Venkatesan,Barvinok,Senior Engineer
74565,Gift,Feinberg,Technique Leader
74571,Atilio,Viele,Senior Engineer
74573,Torsten,DeMori,Senior Engineer
74574,Kenroku,Morris,Staff
74576,Sanjiv,Mundy,Senior Engineer
74585,Youssef,Maliniak,Engineer
74601,Masasuke,Borovoy,Senior Engineer
74605,Kayoko,Berstel,Engineer
74607,Martina,Speek,Senior Engineer
74608,Tadahiko,Rahier,Staff
74609,Divier,Conta,Engineer
74610,Aram,Asrin,Senior Engineer
74612,Yinghua,Boreale,Staff
74613,Sumant,Hiroyama,Senior Staff
74616,Uli,Giaccio,Senior Engineer
74618,Sanjiv,Zyda,Engineer
74624,Yakkov,Foote,Senior Engineer
74627,Chaitali,Zumaque,Senior Staff
74634,Gad,Strandh,Senior Staff
74639,Heeju,Cooley,Technique Leader
74642,Billur,Range,Engineer
74656,Mayuri,Radivojevic,Senior Engineer
74659,Lihong,Malabarba,Senior Engineer
74663,Sungwon,Setiz,Engineer
74664,Saeed,Molenaar,Senior Engineer
74671,LiMin,Borovoy,Senior Staff
74672,Vishu,Genther,Senior Engineer
74675,Toshimori,Kitai,Engineer
74677,Guttorm,Senzako,Senior Staff
74678,Georgy,Setlzner,Engineer
74681,Marjo,Passafiume,Senior Engineer
74683,Takanari,Clouatre,Senior Staff
74684,Oguz,Bernatsky,Senior Staff
74689,Chuanyi,Feldhoffer,Assistant Engineer
74690,Kristin,Streit,Senior Engineer
74691,Hauke,Baba,Engineer
74695,Bluma,Yamaashi,Senior Engineer
74699,Moon,Rotem,Senior Engineer
74706,Fen,Tibblin,Senior Engineer
74709,Tesuya,Ozery,Engineer
74710,Lein,Setiz,Staff
74711,Sadok,Thiria,Senior Staff
74712,Fayez,Lorho,Senior Engineer
74713,Naftaly,Jahnichen,Senior Engineer
74715,Neven,Zuberek,Engineer
74716,Dietrich,Riefers,Senior Staff
74723,Sibyl,Chiodo,Senior Engineer
74724,Ennio,Alpay,Senior Staff
74728,Gurbir,Jarecki,Senior Staff
74730,Marsal,Sadowski,Staff
74731,Hironobu,Kleiser,Staff
74733,Val,Sabnani,Senior Staff
74742,Troy,Gurbaxani,Senior Engineer
74744,Shunichi,Babu,Staff
74753,Weiru,Kalafatis,Senior Staff
74756,Jouko,Schmiedel,Engineer
74762,Kyoichi,Arlazarov,Engineer
74766,Mats,Nitta,Technique Leader
74768,Katsuo,Denti,Engineer
74772,Anoosh,Esteva,Staff
74778,Kiyomitsu,Choobineh,Staff
74779,Beshir,Thibadeau,Senior Staff
74781,Mayuko,Czaja,Senior Engineer
74782,Sanjit,Shrader,Senior Staff
74783,Eckart,Schaaf,Senior Engineer
74792,Douadi,Wuwongse,Senior Staff
74793,Shimshon,Roohalamini,Senior Staff
74795,Ulises,Esteva,Engineer
74802,Mingzeng,Demizu,Technique Leader
74810,Doohun,Stafford,Assistant Engineer
74811,Khatoun,Pardalos,Senior Engineer
74815,Zhigen,Fandrianto,Senior Staff
74817,Quingbo,Ranai,Senior Staff
74823,Elrique,Norsworthy,Senior Engineer
74837,Vitaly,Gunderson,Senior Staff
74839,Gino,Rohrbach,Engineer
74840,Brewster,Furudate,Senior Engineer
74842,Raimond,Jayawardene,Senior Engineer
74851,Takanari,Ratzlaff,Senior Staff
74854,Toshimi,Shackell,Senior Engineer
74859,Dmitri,Eastman,Staff
74860,Odoardo,Gyimothy,Senior Staff
74865,Insup,Beidas,Senior Engineer
74866,Masaki,Pavlopoulou,Engineer
74868,Shuji,Parfitt,Senior Staff
74873,Mary,Holburn,Senior Staff
74878,Mark,Leaver,Senior Engineer
74880,Sahrah,Laventhal,Engineer
74883,Yonghoan,Hofman,Engineer
74888,Falguni,Jansen,Senior Engineer
74892,Sanjoy,Chepyzhov,Staff
74897,Ayonca,Danlos,Senior Staff
74899,Shietung,Vendrig,Technique Leader
74903,Xinan,Farris,Senior Staff
74907,Golgen,Murtha,Senior Engineer
74912,Frazer,Mellouli,Engineer
74914,Xiaopeng,Melter,Senior Engineer
74915,Arra,Gewali,Staff
74921,Holgard,Rehfuss,Senior Engineer
74922,Etsuo,Milicic,Senior Engineer
74923,Geoffry,Pepe,Engineer
74927,Xiping,Alblas,Staff
74935,Manohar,Vendrig,Engineer
74938,Mohit,Felcyn,Senior Engineer
74939,Rimli,Valiente,Senior Engineer
74944,Masato,Greenaway,Senior Engineer
74945,Werner,Woycyznski,Senior Engineer
74946,Khun,Muntz,Senior Staff
74947,Jingling,Munoz,Senior Engineer
74950,Weidon,Trelles,Technique Leader
74958,Mantis,Rissland,Senior Staff
74959,Giap,Marchegay,Senior Staff
74961,Tianruo,Vitiello,Engineer
74965,Owen,Babu,Senior Staff
74966,Leif,Chinin,Engineer
74978,Ung,Manders,Senior Staff
74980,Bouchung,Siprelle,Senior Staff
74983,Bartek,Valtorta,Engineer
74984,Udi,Thorensen,Staff
74985,Kristine,Bazzichi,Senior Staff
74997,Mariusz,Luff,Senior Staff
74999,Rimli,Brizzi,Senior Staff
75005,Kellie,Schapiro,Staff
75007,Yunming,Bharadwaj,Senior Engineer
75008,Panayotis,Rattan,Senior Engineer
75010,Mrinalini,Desikan,Senior Staff
75011,Moty,Codenie,Senior Staff
75012,Ayakannu,Swen,Senior Engineer
75018,Spyrose,Erdi,Senior Staff
75020,Lidong,Cannard,Senior Staff
75030,Jovan,Tagansky,Senior Engineer
75032,Huei,Rubsam,Senior Engineer
75033,Alair,Pluym,Senior Engineer
75036,Anneke,Garnham,Senior Staff
75038,Arvind,Dehkordi,Technique Leader
75039,Shahid,Suppi,Technique Leader
75040,Mostafa,Collavizza,Engineer
75042,Rance,Negoita,Staff
75044,Yunming,Molberg,Senior Staff
75049,Moheb,Litvinov,Assistant Engineer
75051,Roddy,Mansanne,Senior Staff
75052,Angus,Kroha,Senior Staff
75055,Kyoichi,Passino,Engineer
75056,Yannik,Pews,Senior Staff
75061,Jeanne,Benner,Senior Staff
75063,Remmert,Pollock,Senior Staff
75064,Insup,Kalorkoti,Senior Staff
75065,Chenyi,Sinitsyn,Senior Staff
75066,Aiman,Mungall,Senior Staff
75067,Jaroslava,Thummel,Senior Engineer
75068,Vasilii,Rando,Senior Staff
75073,Gina,Woycyznski,Staff
75074,Koldo,Gyimothy,Senior Engineer
75075,Navin,Schapire,Senior Engineer
75076,Licheng,Ratnakar,Senior Staff
75080,Djenana,Wielonsky,Engineer
75081,Vesna,Gien,Staff
75084,Claudi,Radhakrishnan,Technique Leader
75086,Sorina,Passino,Senior Engineer
75087,Subhada,Granlund,Senior Engineer
75096,Faiza,Himler,Senior Staff
75101,Youngkon,Janocha,Senior Engineer
75108,Arvin,Pettit,Senior Engineer
75111,Phule,Reeker,Senior Engineer
75114,Lillian,Ladret,Senior Staff
75122,Neven,Yamaashi,Senior Engineer
75126,Arif,Schaar,Senior Engineer
75129,Kayoko,Potthoff,Senior Staff
75133,Tayeb,Spataro,Senior Staff
75134,Rimli,Cullers,Senior Staff
75138,Girolamo,Murrill,Staff
75142,Uwe,Speckmann,Staff
75151,Weicheng,Gecsei,Senior Staff
75152,Yucel,Redmiles,Senior Engineer
75153,Flemming,Wissmann,Assistant Engineer
75158,Eben,Kropatsch,Senior Staff
75164,Barton,Versino,Engineer
75166,Aamod,Snyers,Engineer
75172,Xianlong,Kohling,Senior Engineer
75173,Mary,Pelz,Technique Leader
75179,Yinlin,Scallan,Senior Engineer
75181,Shigehiro,Diderrich,Staff
75183,Toshimori,Puppo,Engineer
75186,Filipp,Miyakawa,Senior Staff
75189,Khedija,Erie,Engineer
75192,Zejun,Speer,Senior Engineer
75196,Marla,Kenevan,Senior Staff
75200,Siamak,Slutz,Senior Staff
75201,Boguslaw,Basagni,Senior Staff
75218,Jaroslava,Fujisawa,Senior Engineer
75221,Bilhanan,Pelc,Senior Staff
75224,Alejandro,Wilfing,Senior Engineer
75226,Nechama,Couchot,Senior Engineer
75228,Sadok,Bierman,Senior Engineer
75236,Supot,Lorin,Senior Engineer
75238,Genevieve,Famili,Engineer
75239,Ranga,Lukaszewicz,Engineer
75241,Kristin,Terwilliger,Senior Engineer
75248,Navin,Klyachko,Engineer
75249,Parto,Junet,Senior Staff
75250,Debaprosad,Heuter,Staff
75252,Duangkaew,Range,Engineer
75253,Kwee,Schaar,Senior Engineer
75259,Mads,Schreiter,Staff
75260,Val,Hainaut,Staff
75261,Tommaso,Gladwell,Engineer
75264,Chirstian,Francisci,Engineer
75272,Hidekazu,Imataki,Senior Engineer
75274,Hairong,Winter,Senior Engineer
75276,Hironoby,Leonhardt,Senior Engineer
75277,Arne,Demri,Staff
75282,Jiakeng,Gill,Engineer
75285,Shahid,Ranft,Senior Engineer
75286,Leni,Unno,Engineer
75290,Maren,Kobara,Staff
75291,Kasidit,Herbst,Senior Staff
75292,Lucien,Cairo,Senior Staff
75297,Bingning,Kolvik,Senior Engineer
75298,Vivian,Chinin,Senior Engineer
75302,Abdulah,Jervis,Engineer
75306,Aluzio,Dayana,Senior Staff
75308,Selwyn,Gire,Senior Staff
75309,Shih,Weisert,Senior Staff
75310,Eckart,Belinskaya,Staff
75313,Yechiam,Stiles,Senior Engineer
75314,Valter,Ranst,Senior Staff
75324,Uli,Magliocco,Senior Staff
75331,Arvind,Zucker,Engineer
75335,Supot,Versino,Senior Staff
75336,Dante,Perin,Engineer
75337,Richard,Crabtree,Engineer
75339,Nahla,Rosenbaum,Technique Leader
75340,Sanjit,Katalagarianos,Senior Staff
75347,Aemilian,Simmen,Engineer
75358,Arunas,Beznosov,Senior Staff
75361,Zhonghua,Morrow,Staff
75370,Kwee,Alameldin,Senior Staff
75372,Arunas,Lenart,Technique Leader
75375,Visit,Bolotov,Senior Staff
75377,Kwangho,Gimarc,Technique Leader
75378,Koldo,Msuda,Staff
75379,Geraldo,Desikan,Technique Leader
75381,Adit,Cronin,Senior Engineer
75385,Sivanarayana,Kavraki,Staff
75386,Yongmin,Sadowsky,Senior Staff
75387,Patricio,Monarch,Senior Engineer
75388,Angus,Cangellaris,Senior Staff
75389,Maria,Demos,Senior Engineer
75390,Ulf,Gewali,Senior Staff
75395,Thanasis,Marchesini,Engineer
75397,Kristof,Schwaller,Senior Staff
75406,Paraskevi,Luca,Senior Staff
75408,Yagil,Ozeri,Technique Leader
75409,Filipp,Kilgore,Senior Staff
75416,Chanjung,Pell,Senior Engineer
75417,Arif,Sanella,Senior Engineer
75418,Kristine,Kroll,Senior Engineer
75423,Rayond,Gecsel,Senior Engineer
75426,Lena,Baek,Senior Staff
75429,Teunis,Gladwell,Engineer
75430,Mads,Vickson,Engineer
75435,Maria,Veccia,Technique Leader
75437,Inderjeet,Meriste,Staff
75446,Mansur,Ushiama,Senior Engineer
75456,Lalit,Edelhoff,Technique Leader
75464,Indrajit,Masaki,Senior Engineer
75470,Shay,Fiutem,Senior Staff
75471,Karoline,Simmen,Senior Staff
75473,Charlene,Chenney,Senior Staff
75476,Jaroslava,Larfeldt,Senior Engineer
75477,Dekang,Tsukuda,Senior Engineer
75479,Billie,Peltason,Senior Engineer
75480,Cullen,Herber,Staff
75482,Morris,Henseler,Engineer
75489,Mani,Begiun,Senior Staff
75493,Guther,Gopalakrishnan,Assistant Engineer
75502,Beshir,Bresenham,Staff
75504,Selwyn,Colorni,Senior Engineer
75505,Jacopo,Isaac,Senior Staff
75506,Lokesh,Nastansky,Senior Engineer
75511,Jianhua,Luby,Engineer
75514,Jaihie,Ozeri,Senior Engineer
75515,Theirry,Zwicker,Senior Engineer
75517,Irene,Sherertz,Senior Staff
75520,Godehard,Rosen,Senior Staff
75526,Ravishankar,Zyda,Senior Engineer
75529,Behnaam,Loncour,Senior Staff
75530,Martial,Beutelspacher,Staff
75531,Basant,Parfitt,Engineer
75533,Tomoyuki,Coorg,Senior Staff
75538,Alenka,Krohm,Senior Engineer
75542,Hitomi,Stenning,Staff
75546,Geoffrey,Samarati,Senior Engineer
75549,King,Schiettecatte,Senior Staff
75551,Sreekrishna,Schrift,Technique Leader
75556,Mandell,Speel,Staff
75558,Ulf,Pehl,Senior Staff
75559,Ghassan,Mellouli,Engineer
75561,Nahum,Jervis,Technique Leader
75562,Gita,Hemaspaandra,Senior Staff
75564,Sadegh,Chachaty,Senior Staff
75567,Gill,Gimarc,Senior Engineer
75568,Susanta,Meszaros,Senior Engineer
75574,Utpal,Melton,Senior Staff
75584,Claude,Liedekerke,Senior Engineer
75586,Pranas,Claffy,Staff
75588,Shichao,Erol,Technique Leader
75589,Sudharsan,Ghazalie,Senior Staff
75592,Gretta,Borstler,Senior Staff
75593,Arnould,Merkl,Staff
75594,Jahangir,Orlowska,Senior Engineer
75595,Shigenori,Yamaashi,Senior Engineer
75598,Georgy,Raoux,Senior Staff
75603,Georgi,Segond,Engineer
75612,Alejandro,Kaltofen,Senior Staff
75617,Yunming,Srimani,Senior Engineer
75628,Ugo,Pileggi,Senior Engineer
75629,Hitofumi,Cannane,Senior Engineer
75640,Bokyung,Pocchiola,Senior Staff
75643,Chrisa,Oberman,Senior Engineer
75646,Hideo,Cools,Senior Engineer
75648,Munir,Ramsay,Senior Engineer
75654,Tuval,Wendorf,Senior Engineer
75655,Rasiah,Anandan,Senior Staff
75659,Saniya,Riefers,Technique Leader
75661,Kazunori,Berstel,Senior Staff
75666,Premsyl,Mellouli,Staff
75668,Sarita,Bratsberg,Senior Staff
75673,Sanjoy,Sidou,Senior Staff
75679,Tru,Speel,Senior Staff
75681,Aiman,Picel,Senior Engineer
75683,Olivera,Gide,Engineer
75686,Leucio,Rattan,Senior Staff
75688,Adamantios,Crooks,Staff
75695,Patricia,Speek,Senior Engineer
75698,Shigehiro,Maquelin,Engineer
75699,Toshimi,Uhrig,Senior Staff
75704,Sanjoy,Zweizig,Senior Engineer
75707,Paraskevi,Peng,Senior Engineer
75709,Irene,Koprowski,Assistant Engineer
75710,Frazer,Bazelow,Senior Engineer
75712,Aleksander,Sooriamurthi,Senior Engineer
75715,Lena,Schaar,Staff
75717,Waiman,Schach,Senior Engineer
75722,Poorav,Furudate,Senior Staff
75725,Stella,Rijsenbrij,Senior Staff
75727,Marko,Miculan,Senior Engineer
75729,Shuji,Greenaway,Engineer
75733,Tonny,Copas,Senior Engineer
75737,Koldo,Jording,Senior Staff
75738,Guozhong,Muhlberg,Senior Staff
75739,Lidong,Cappelli,Senior Staff
75740,Mang,Range,Senior Engineer
75741,Candido,Birsak,Senior Staff
75748,Xuejia,Varman,Senior Staff
75753,Mohammed,Sadowsky,Staff
75755,Harjit,Mullainathan,Senior Engineer
75758,Shirish,Rettelbach,Technique Leader
75764,Mara,Thiria,Senior Staff
75767,Rosella,Spell,Engineer
75769,Garnik,Huxford,Senior Staff
75778,Paloma,Pulkowski,Engineer
75782,Mostafa,Henseler,Senior Engineer
75785,Zissis,Irland,Senior Staff
75787,Masadi,Gammage,Staff
75794,Tomoyuki,Katzenelson,Senior Staff
75796,Mario,Zhiwei,Engineer
75797,Djelloul,Yetim,Staff
75799,Berto,Hofman,Senior Engineer
75805,Berry,Benveniste,Senior Staff
75813,Oguz,Kusakari,Staff
75818,Rafail,Cannard,Staff
75820,Arie,Macedo,Senior Staff
75821,Bikash,Werthner,Engineer
75822,Unal,Dayang,Senior Staff
75825,Heng,Kragelund,Technique Leader
75827,Tianruo,Tsunoo,Senior Staff
75830,Zita,Szemeredi,Engineer
75832,Guiseppe,Sherertz,Engineer
75838,Arie,Gill,Senior Engineer
75840,Unal,Baar,Senior Staff
75843,Ewing,Argence,Senior Staff
75845,Mingdong,Bahr,Engineer
75846,Ramachenga,Meszaros,Senior Staff
75848,Pascal,Kriebel,Senior Staff
75850,Boalin,Olano,Engineer
75851,Gor,Leonhardt,Senior Engineer
75854,Shahab,Grabner,Senior Engineer
75860,Shuichi,Krohm,Technique Leader
75866,Chiradeep,Parascandalo,Senior Staff
75868,Marko,Sadowski,Senior Staff
75874,Tsz,Cusworth,Staff
75875,Shigenori,Shimshoni,Senior Engineer
75885,Tua,Strehl,Senior Staff
75889,Ishfaq,Jansch,Engineer
75890,Bernt,Cmelik,Senior Engineer
75891,Przemyslawa,Moffat,Staff
75899,Honglan,Vilarrasa,Technique Leader
75900,Uri,Deverell,Senior Staff
75902,Guadalupe,Cappelletti,Engineer
75905,Chiranjit,Panangaden,Engineer
75909,Barna,Vecchi,Staff
75911,Jessie,Lipner,Engineer
75914,Ortrun,Mersereau,Senior Staff
75915,Luisa,Maierhofer,Senior Engineer
75916,Dante,Besselaar,Engineer
75918,Maik,Rodiger,Senior Engineer
75920,Shahar,Reeker,Senior Engineer
75923,Paddy,Krichel,Senior Engineer
75926,Qunsheng,Iisaka,Senior Engineer
75927,Mooi,Debuse,Technique Leader
75930,Subhrajyoti,Barbanera,Senior Engineer
75938,Naraig,McFarlan,Technique Leader
75940,Shigeo,Christ,Engineer
75944,Deborah,Rohrbach,Senior Engineer
75945,Hinrich,Zedlitz,Engineer
75950,Bojan,Peha,Engineer
75951,Abdelwaheb,Hiroyama,Senior Engineer
75952,Luerbio,Toyoshima,Senior Engineer
75956,Zine,Gaughan,Senior Engineer
75965,Geraldo,Babu,Senior Staff
75969,Ewing,Guerreiro,Engineer
75970,Stevo,Lalonde,Engineer
75971,Honesty,Kisuki,Senior Engineer
75976,Berhard,Falck,Senior Engineer
75979,Kellie,Atrawala,Engineer
75983,Martins,Kermarrec,Staff
75984,Ulises,Ohori,Engineer
75989,Conal,Sgarro,Staff
75990,Irene,Montemayor,Senior Staff
75994,Muzhong,Michaeli,Senior Staff
75996,Eberhardt,Langford,Senior Engineer
76003,Serif,Schach,Senior Engineer
76006,Filipp,Vakili,Senior Engineer
76009,Ekawit,Angel,Technique Leader
76011,Zhigen,Schauser,Senior Staff
76012,Barton,Hofting,Senior Engineer
76018,Leon,Honglei,Senior Staff
76019,Heping,Bade,Senior Staff
76020,Cristinel,Puoti,Engineer
76021,Khaled,Binding,Senior Engineer
76022,Xuejia,Hanabata,Senior Engineer
76030,TRUE,Jakobus,Senior Staff
76036,Sreenivas,Schach,Assistant Engineer
76040,Constantino,Kaltofen,Engineer
76043,Vishu,Roison,Senior Staff
76044,Roselyn,Heusch,Technique Leader
76047,Hatem,Anido,Senior Engineer
76050,Perry,Pramanik,Senior Engineer
76051,Dulce,Wynblatt,Senior Engineer
76064,Vesna,Panwar,Staff
76066,Hausi,Besselaar,Engineer
76077,Yunming,McAlpine,Senior Staff
76078,Hausi,Poehlman,Senior Staff
76083,Uzi,Kusalik,Engineer
76085,Christfried,Bratsberg,Technique Leader
76091,Mamdouh,Rosenbaum,Senior Staff
76092,Manohar,Sevcikova,Senior Staff
76104,TRUE,Garrabrants,Staff
76110,Cheong,Karner,Staff
76112,Candido,Majewski,Staff
76114,Goncalo,Bugrara,Engineer
76117,Zito,Sudbeck,Assistant Engineer
76119,Angus,Rahimi,Engineer
76121,Ioana,Vakili,Senior Engineer
76123,Ymte,Adachi,Senior Staff
76128,Zeydy,Eugenio,Senior Staff
76136,Sakthirel,Rando,Staff
76137,Utz,Llado,Senior Staff
76139,Mark,Speer,Senior Staff
76142,Nikolaos,Ambroszkiewicz,Senior Staff
76143,Perla,Cappelletti,Senior Staff
76144,Khue,Clemencon,Technique Leader
76145,Mitsuyuki,Byoun,Technique Leader
76151,Manton,Marakhovsky,Senior Engineer
76158,Florian,Lubachevsky,Senior Engineer
76159,Almudena,Molenaar,Engineer
76171,Manu,Peek,Staff
76172,Premsyl,Delgrossi,Senior Engineer
76173,Heeju,Henseler,Engineer
76177,Kerryn,Sommen,Technique Leader
76191,Arno,Montemayor,Assistant Engineer
76193,Zhonghua,Motley,Senior Staff
76195,Theirry,Honglei,Senior Staff
76198,Toshiki,Waeselynck,Senior Engineer
76202,Kousuke,Kampfer,Senior Engineer
76211,Kenton,Hashii,Senior Staff
76212,Naftali,Thorensen,Staff
76213,Naftaly,Schnelling,Senior Engineer
76216,Fusako,Welham,Senior Engineer
76217,Ranan,Hiroyama,Staff
76220,Jacopo,Munos,Senior Engineer
76223,Huai,Schlenzig,Senior Staff
76225,Dinkar,Zumaque,Senior Staff
76226,Holgard,McFarlan,Assistant Engineer
76232,Georg,Hedayat,Staff
76234,Takahito,Lovengreen,Senior Engineer
76237,Radoslaw,Thummel,Senior Staff
76238,Gay,Dusink,Senior Engineer
76239,Nectarios,Baca,Engineer
76245,Luigi,Lipner,Engineer
76246,Guther,Stamatiou,Senior Engineer
76247,Mads,Azuma,Senior Staff
76250,Fumiyo,Linnainmaa,Engineer
76251,Constantine,Reinhart,Senior Staff
76252,Marco,Khamsi,Senior Staff
76253,Shaz,Jeansoulin,Senior Engineer
76254,Sanjay,Copas,Assistant Engineer
76260,Zejun,Baig,Senior Engineer
76265,Doowon,Stavenow,Senior Engineer
76267,Radhakrishnan,Condotta,Senior Engineer
76268,Aamer,Lorcy,Senior Staff
76275,Abdelghani,Serov,Staff
76277,Yuqun,Schieder,Senior Staff
76278,Oldrich,Heiserman,Senior Engineer
76282,Yongqiao,Roccetti,Senior Staff
76285,Guozhong,Bael,Senior Staff
76288,Domenick,Schmiedel,Senior Staff
76289,Chaitali,Kulisch,Senior Staff
76290,Shushma,Shumilov,Staff
76291,Joydip,Molenaar,Engineer
76292,Vasiliy,Spelt,Engineer
76293,Nagui,Reinhart,Senior Engineer
76300,Ranga,Luan,Senior Staff
76301,Jagoda,Brodal,Staff
76305,Boriana,Henseler,Senior Staff
76311,Herb,Schmezko,Staff
76315,Manibrata,Matzke,Senior Staff
76316,Radhika,Erbe,Senior Engineer
76320,Mang,Merks,Technique Leader
76322,Sanjoy,Pepe,Senior Staff
76325,Rosalie,Maierhofer,Staff
76330,Moss,Pesch,Senior Engineer
76331,Jaroslava,Delgrange,Staff
76337,Youjian,Cappello,Senior Engineer
76339,Aloys,Ohori,Assistant Engineer
76340,Tonia,Kalefeld,Staff
76346,Zhanqiu,Molenaar,Staff
76348,Murthy,Duclos,Technique Leader
76350,Oscar,Unno,Engineer
76355,Bernice,Munch,Technique Leader
76358,Jordanka,Chinal,Senior Engineer
76360,Uriel,Beetstra,Senior Engineer
76363,Jenwei,Larfeldt,Engineer
76368,Pramod,Antonakopoulos,Staff
76373,Duangkaew,Tsunoo,Senior Staff
76374,Giao,Brookman,Engineer
76375,Yunming,Luders,Engineer
76376,Zvonko,Schauser,Staff
76384,Martins,Figueira,Technique Leader
76385,Jaewon,Schlumberger,Senior Engineer
76387,Nikolaus,Simkin,Senior Engineer
76388,Hidekazu,Azadmanesh,Engineer
76391,Parviz,Perez,Technique Leader
76393,Golgen,Sundgren,Staff
76396,Khun,Kakkad,Senior Staff
76398,Younwoo,Heijenga,Senior Staff
76401,Mingzeng,Debuse,Staff
76402,Toshimi,Emmart,Senior Engineer
76407,Elliott,Aloia,Staff
76408,JiYoung,Ananiadou,Senior Engineer
76410,Kasidit,Leivant,Senior Engineer
76420,Huai,Erva,Staff
76425,Kshitij,Hockney,Senior Engineer
76427,Dhritiman,Conte,Senior Staff
76429,Honesty,Kleiser,Staff
76431,Poorav,Seiwald,Senior Engineer
76435,Weidon,Mapelli,Senior Engineer
76436,Frazer,Stenning,Engineer
76443,Ute,Arlazarov,Senior Staff
76444,Geoff,Validov,Senior Engineer
76448,Sastry,Pfau,Senior Staff
76450,Sanjay,Rahimi,Engineer
76455,Jolita,Redmiles,Senior Staff
76457,Zongyan,Alpin,Technique Leader
76465,Jessie,Smailagic,Senior Engineer
76467,Amabile,Schwartzbauer,Senior Engineer
76475,Theirry,Aamodt,Engineer
76476,Brendon,Marzano,Senior Engineer
76477,Fumitake,Callaway,Senior Engineer
76478,Denis,Lichtner,Senior Engineer
76481,Suvo,Ruemmler,Engineer
76484,Leucio,Raoux,Senior Staff
76488,Baruch,Sridhar,Technique Leader
76489,Atreyi,Hoogerwoord,Senior Engineer
76493,Mansur,Oxman,Senior Staff
76494,Sverrir,Pulkowski,Senior Engineer
76495,Zhonghua,Cangellaris,Senior Staff
76496,Remmert,Basart,Senior Staff
76498,Carrsten,Deyuan,Technique Leader
76501,Feixiong,Leslie,Technique Leader
76504,Gou,Marwedel,Assistant Engineer
76505,Venkatesan,Kieras,Engineer
76510,Barry,Fiebach,Senior Staff
76512,Arne,Delgrossi,Senior Staff
76516,Arnd,Kroll,Senior Staff
76521,Uinam,Fritzsche,Engineer
76523,Muneo,Matheson,Engineer
76530,Honesty,Benner,Senior Engineer
76531,Bodo,Hebden,Senior Staff
76536,Mikhail,Daescu,Senior Engineer
76539,Cordelia,Monarch,Senior Engineer
76541,Nigel,Bharadwaj,Senior Staff
76542,Mrinalini,Erie,Engineer
76543,Reinhold,Miculan,Senior Staff
76545,Roddy,Neimat,Senior Engineer
76549,Goetz,Narwekar,Senior Staff
76555,Jayesh,Passafiume,Senior Engineer
76559,Guiseppe,Segond,Senior Engineer
76561,Alagu,Hofstetter,Staff
76562,Renee,Basart,Senior Staff
76563,Demin,Couchot,Engineer
76565,Teunis,Manders,Staff
76566,Tsvetan,Pettit,Staff
76577,Horward,Zyda,Senior Staff
76580,Berto,Sinicrope,Senior Engineer
76581,Munehiro,Thisen,Senior Staff
76583,Christoph,Mahnke,Staff
76586,Karlis,Schurmann,Senior Engineer
76587,Jiakeng,Biros,Senior Engineer
76590,Mats,Bazelow,Senior Staff
76591,Cordelia,Mikschl,Senior Staff
76605,Randy,Slobodova,Senior Staff
76607,Temple,Geffroy,Engineer
76609,Boguslaw,Swick,Staff
76612,Lakshmi,Krohn,Senior Engineer
76629,Xuejun,Conde,Staff
76632,Froduald,Szmurlo,Senior Engineer
76634,Utz,McClure,Staff
76636,Xiaoshan,Gomatam,Senior Staff
76642,Hein,Goldhammer,Senior Engineer
76644,Huei,Junet,Engineer
76648,Rajmohan,Camarinopoulos,Engineer
76654,Shunichi,Niizuma,Senior Engineer
76664,Felicidad,Rosenbaum,Senior Staff
76667,Luisa,Puppe,Senior Staff
76670,Oscar,Levasseur,Senior Staff
76672,Remko,Peris,Senior Engineer
76673,Cathie,Rando,Senior Engineer
76674,Hitomi,Nourani,Senior Staff
76675,Kazuyasu,Chinen,Staff
76679,Moie,Rullman,Engineer
76680,Uriel,Collette,Senior Staff
76682,Pohua,Ozeri,Senior Engineer
76687,Heeju,Siochi,Senior Engineer
76689,Mansur,Steinauer,Senior Engineer
76690,Shaowen,Danley,Senior Engineer
76692,Sumant,Coorg,Engineer
76696,Saniya,Steenbeek,Staff
76703,Hairong,Huttel,Senior Engineer
76704,Valery,Shackel,Senior Engineer
76705,Alair,Suermann,Senior Staff
76709,Berto,Georg,Senior Engineer
76717,Jamaludin,Kitai,Staff
76719,Filipp,Smeets,Engineer
76721,Kendra,Kamble,Senior Staff
76722,Kristina,Yavatkar,Senior Staff
76724,Gino,Lueh,Senior Staff
76725,Dipankar,Swen,Senior Engineer
76727,Valeri,Dusink,Senior Engineer
76730,Yucai,Lamma,Senior Engineer
76735,Hidekazu,Bashian,Senior Staff
76737,Ewing,Zschoche,Senior Staff
76739,Xinyu,Ravishankar,Senior Engineer
76743,Mechthild,Simmel,Senior Staff
76745,Mana,Ranai,Staff
76749,Luise,Raoux,Staff
76750,Tomoyuki,Eastman,Technique Leader
76751,Koldo,Guardalben,Senior Engineer
76754,Sanjay,Roison,Senior Engineer
76755,Masamitsu,Chimia,Senior Staff
76757,Marsal,Halloran,Senior Staff
76759,Zvonko,Hammerschmidt,Staff
76760,Adib,Bale,Engineer
76761,Raimond,Aloia,Senior Staff
76763,Alejandra,Menyhert,Senior Engineer
76764,Shuzo,Gien,Senior Engineer
76766,Sariel,Maierhofer,Senior Staff
76767,Weiru,Chachaty,Staff
76772,Gao,Garigliano,Senior Engineer
76773,Baruch,Wallrath,Assistant Engineer
76774,Zsolt,Montemayor,Staff
76775,Arfst,Pietrzykowski,Senior Engineer
76779,Branimir,Reeker,Senior Staff
76780,Vivian,Khamsi,Senior Engineer
76786,Tomofumi,Karlin,Senior Engineer
76788,Shigeu,Conia,Assistant Engineer
76795,Subhankar,Tetzlaff,Staff
76798,Tuval,Olivero,Staff
76801,Bernice,Vitiello,Staff
76802,Serap,Versino,Senior Engineer
76808,Shin,Randt,Senior Engineer
76809,Sariel,Zhiwei,Senior Engineer
76811,Ronnie,Kushner,Staff
76813,Tua,Pietrzykowski,Senior Engineer
76816,Aamod,Terlouw,Engineer
76820,Mohan,Prochazka,Engineer
76822,Rafail,Gniady,Senior Engineer
76823,Constantino,Wissmann,Engineer
76825,Sasan,Zaumen,Senior Engineer
76827,Alejandro,Lubachevsky,Engineer
76829,Rafols,Puoti,Senior Engineer
76831,Anoosh,Schlegelmilch,Engineer
76833,Guangming,Orsini,Engineer
76838,Mariusz,Azulay,Senior Staff
76839,Jinpo,Wielonsky,Technique Leader
76840,Raimond,Petersohn,Senior Engineer
76841,Baziley,Peris,Staff
76842,Huican,Byoun,Engineer
76843,Dmitri,Bhattacharjee,Senior Engineer
76849,Hailing,Itzigehl,Engineer
76853,Sanjit,Puppo,Senior Engineer
76858,Danny,Thimonier,Engineer
76861,Hailing,Rusmann,Engineer
76865,Harjit,Thorelli,Senior Engineer
76871,Lokesh,Deville,Senior Staff
76872,Ramya,Frijda,Senior Staff
76876,Lalit,Hiraishi,Engineer
76878,Abdelwaheb,Turnbull,Staff
76879,Laurentiu,Crooks,Engineer
76881,Zsolt,Pusterhofer,Senior Staff
76882,Kristen,Welham,Engineer
76884,Yechezkel,Sherertz,Senior Engineer
76885,Heather,Snedden,Senior Engineer
76886,Shaw,Makrucki,Senior Engineer
76889,Danae,Mahnke,Senior Staff
76891,Freyja,Ramsey,Engineer
76894,Aiman,Hennebert,Staff
76895,Souichi,Meriste,Senior Engineer
76896,Sandeepan,Sabnani,Staff
76897,Achilleas,Bamford,Engineer
76899,Hongzhu,Comte,Senior Engineer
76901,Shaowen,Chiodo,Staff
76905,Honesty,Rajcani,Staff
76909,Samphel,Luft,Senior Engineer
76912,Sanjoy,Rusmann,Senior Engineer
76916,Yonghong,Morton,Senior Engineer
76923,Shigehito,Blokdijk,Senior Engineer
76924,Dmitry,Cooke,Senior Staff
76932,Radoslaw,Perfilyeva,Senior Staff
76937,Shuji,Matzat,Senior Staff
76939,Xiping,Rodite,Engineer
76942,Wuxu,Koblick,Staff
76943,Sanjoy,Poulakidas,Engineer
76944,Niclas,Thiria,Senior Engineer
76946,Heng,Rijsenbrij,Staff
76948,Greger,Crabtree,Senior Engineer
76950,Mechthild,Legleitner,Staff
76957,Saniya,Rosca,Technique Leader
76958,Persi,Mellouli,Technique Leader
76960,Bingning,Chaudhury,Senior Staff
76961,Luisa,Nishimukai,Senior Engineer
76964,Guangming,Lovengreen,Senior Staff
76970,Christfried,Langford,Technique Leader
76971,Mabo,Spataro,Assistant Engineer
76977,Sigeru,Stroustrup,Senior Staff
76978,Florina,Halloran,Assistant Engineer
76979,Claude,Fiutem,Senior Staff
76983,Rajmohan,Ozeri,Senior Engineer
76985,Amalendu,Fontan,Senior Engineer
76986,Gianluca,Pearson,Technique Leader
76998,Tomoyuki,Mawatari,Senior Engineer
77002,Aran,Ratnakar,Senior Engineer
77004,Remzi,Janocha,Staff
77005,Hercules,Rosin,Staff
77010,Bojan,Peroz,Senior Engineer
77014,Barry,Redmiles,Technique Leader
77019,Nalini,Kropp,Senior Staff
77024,Fox,Ebeling,Engineer
77036,Miquel,Marrakchi,Senior Staff
77039,Susanta,Walston,Senior Engineer
77040,Yongdong,Gecseg,Technique Leader
77042,Pranas,Barbanera,Senior Engineer
77043,Shaibal,Argence,Senior Staff
77044,Gil,Zucker,Senior Staff
77046,Geoffry,Slutz,Staff
77052,Pohua,Hagimont,Engineer
77053,Lihong,Savasere,Senior Engineer
77055,Sashi,Oehlmann,Senior Engineer
77059,Garnik,Slobodova,Senior Staff
77060,Menkae,Kleiser,Engineer
77064,Hauke,Simmen,Senior Staff
77067,Cheong,Tokunaga,Senior Engineer
77068,Leucio,Rattan,Senior Engineer
77072,Isaac,Winter,Senior Engineer
77075,Steen,Picaronny,Senior Staff
77077,Zengping,Peral,Technique Leader
77078,Yannik,Vakili,Engineer
77081,Rance,Fritzsche,Senior Staff
77083,Satoru,Vingron,Senior Staff
77084,Gao,Siegrist,Staff
77089,Renee,Wrigley,Senior Engineer
77092,Atilio,Baca,Staff
77100,Mihalis,Baaleh,Senior Engineer
77102,Gad,Hettesheimer,Senior Staff
77106,Shuho,Perri,Engineer
77107,Adhemar,Lupu,Staff
77110,Rasiah,Stanger,Senior Staff
77116,Elrique,Staylopatis,Engineer
77118,Tristan,Marwedel,Senior Engineer
77122,Sreekrishna,Mandell,Engineer
77125,LiMin,Rullman,Staff
77129,Jaques,Zaiane,Senior Staff
77133,Shahab,Genin,Senior Staff
77137,Avishai,Stanfel,Technique Leader
77138,Haldun,Karner,Staff
77139,Sanjiv,Wolniewicz,Senior Staff
77141,Shahab,Krzyzanowski,Staff
77143,Oddvar,Kaiser,Senior Engineer
77144,Gill,Milicia,Senior Staff
77145,Shooichi,Terlouw,Assistant Engineer
77147,Elrique,Baez,Engineer
77159,Naftaly,Awdeh,Senior Staff
77168,Mihalis,Hofstetter,Staff
77173,Sachem,Merey,Senior Staff
77177,Nechama,Suwa,Senior Engineer
77179,Gonzalo,Garigliano,Staff
77181,Aiman,Irland,Senior Engineer
77183,Isaac,Schueller,Staff
77184,Vatsa,Kusakari,Senior Engineer
77186,Irene,Crooks,Senior Staff
77193,Keiichiro,Benzmuller,Engineer
77195,Owen,Birrer,Senior Staff
77196,Lillian,Benner,Senior Staff
77197,Ibibia,Bridgland,Staff
77201,Kiyotoshi,Butner,Staff
77203,Dante,Oppitz,Senior Engineer
77205,Toshiki,Nivat,Senior Staff
77208,Bartek,Malabarba,Technique Leader
77211,Kasturi,Msuda,Senior Staff
77212,Shaowen,Einsfeld,Technique Leader
77214,Fumitake,Kulisch,Staff
77218,Zhilian,Hettesheimer,Engineer
77225,Tomokazu,Cannard,Senior Engineer
77230,Hyuncheol,Varman,Staff
77231,Yuqun,Luft,Senior Engineer
77232,Kinh,Krogh,Senior Staff
77234,Kazuhisa,Krohm,Senior Engineer
77235,Nechama,Kilgour,Staff
77238,Eberhardt,Beausoleil,Senior Engineer
77239,Gregory,Lubachevsky,Engineer
77241,Uri,Sommen,Senior Engineer
77244,Garnet,Docker,Staff
77245,Susanta,Baer,Senior Engineer
77247,Rajmohan,Luiz,Engineer
77250,Premal,Rothe,Senior Engineer
77256,Sreekrishna,Zolotykh,Senior Engineer
77263,Arto,Keustermans,Senior Staff
77264,Monique,Suomi,Staff
77266,Junichi,Dechter,Engineer
77269,Yuguang,Penz,Senior Staff
77272,Xinglin,Hambrick,Staff
77279,Xuejun,Burnard,Staff
77289,Xiaobin,Katiyar,Senior Staff
77290,Sreenivas,Koblick,Engineer
77292,Berhard,Roccetti,Engineer
77295,Weijing,Taubman,Senior Staff
77297,Wanqing,Zumaque,Staff
77299,Kazuhisa,Beausoleil,Staff
77302,Lihong,Reinhart,Senior Engineer
77304,Bluma,Guardalben,Staff
77309,Gay,Gewali,Senior Engineer
77314,Augustine,Fabrizio,Senior Engineer
77316,Peternela,Milicic,Senior Engineer
77319,Ramzi,Sridhar,Technique Leader
77322,Edwin,Vandervoorde,Technique Leader
77324,Gila,Isaac,Senior Staff
77325,Feiyu,Brickell,Senior Staff
77331,Jolita,Restivo,Senior Staff
77334,Jaber,Hegner,Engineer
77340,Bodh,Khalil,Engineer
77343,Shirish,Munke,Senior Staff
77344,Gian,Lorch,Technique Leader
77345,Jixiang,Klerer,Engineer
77346,Shir,Walston,Senior Staff
77348,Irene,Teitelbaum,Engineer
77349,Goncalo,Butterworth,Senior Staff
77351,Genta,Piveteau,Staff
77353,Bingning,Spell,Senior Engineer
77358,Sangeeta,Zaccaria,Senior Engineer
77359,Anneke,Dengi,Staff
77363,Ult,Sommer,Senior Engineer
77365,Elvia,Haddadi,Senior Staff
77366,Lobel,Zhang,Senior Engineer
77372,Waiman,Sgarro,Engineer
77373,Nagui,Foote,Senior Staff
77374,Laurentiu,Greibach,Senior Engineer
77375,Nalini,Markovitch,Staff
77378,Zissis,Crelier,Senior Engineer
77382,Reuven,Rothenberg,Staff
77385,Kristinn,Avouris,Senior Staff
77386,Bowen,McFarlan,Senior Staff
77390,Gully,Larfeldt,Senior Staff
77391,JiYoung,Polupanov,Technique Leader
77394,Mary,Wielonsky,Senior Engineer
77396,Spyrose,Ohori,Senior Staff
77404,Hiroyasu,Bressoud,Staff
77406,Surveyors,Choobineh,Senior Engineer
77410,Kazuhiko,Ranka,Senior Staff
77414,Kwun,Lienhardt,Senior Engineer
77416,Wayne,Kalorkoti,Senior Staff
77420,Jiakeng,Masand,Senior Engineer
77426,Jungsoon,Zeidenstein,Senior Staff
77431,Malu,Neiman,Assistant Engineer
77435,Dmitri,Vitiello,Technique Leader
77438,Dekang,Engberts,Senior Engineer
77441,Sachio,Luca,Senior Engineer
77454,Guttorm,Radhakrishnan,Staff
77455,Atilio,Coullard,Senior Engineer
77456,Kristina,Pettis,Senior Staff
77457,Chinho,Heemskerk,Senior Engineer
77458,Subhankar,Cannard,Senior Engineer
77460,Kiam,Usdin,Senior Engineer
77466,Takahiro,Matzel,Senior Engineer
77469,Constantino,Lanzelotte,Senior Staff
77470,Moie,Fiebach,Senior Staff
77475,Chinho,Ouhyoung,Senior Engineer
77481,Kitty,Picel,Senior Staff
77484,Francesca,Setlzner,Engineer
77496,Jingling,Iacovou,Staff
77500,Takahira,Iwayama,Senior Staff
77501,Vishu,Hemaspaandra,Engineer
77518,Manohar,Gruenwald,Staff
77519,Sachar,Azulay,Engineer
77520,Toshimori,Androutsos,Technique Leader
77524,Naftaly,Usery,Senior Staff
77527,Adit,McFarlan,Senior Staff
77531,Padma,Czaja,Engineer
77535,Yonghong,Codenie,Senior Staff
77538,Masadi,Remmers,Senior Engineer
77540,Tse,Werthner,Senior Engineer
77541,Hideo,Furudate,Senior Engineer
77543,Constantino,Cannard,Engineer
77544,Masali,Borovoy,Staff
77545,Gopalakrishnan,Paciorek,Senior Engineer
77547,Naraig,Jeong,Senior Engineer
77551,Lansing,Ossenbruggen,Senior Staff
77554,Troy,Iisaka,Senior Engineer
77557,Taisook,Khalid,Staff
77558,Ranga,Welham,Senior Engineer
77560,Alain,Waschkowski,Assistant Engineer
77562,Gianluca,Openshaw,Senior Engineer
77564,Susumu,Matzen,Staff
77567,Guiseppe,Erdi,Senior Engineer
77568,Erzsebet,Peck,Senior Staff
77570,Ingemar,Vrecion,Engineer
77571,Odoardo,Coorg,Senior Staff
77573,Gro,Barriga,Senior Staff
77574,Lalit,Keustermans,Staff
77575,Kristinn,Rathonyi,Senior Staff
77579,Shooichi,Mandelberg,Senior Staff
77583,Goa,Rosay,Senior Staff
77585,Ennio,Rossi,Technique Leader
77597,Oddvar,Straney,Senior Engineer
77599,Gudjon,Rosca,Senior Staff
77601,Frederique,Toyoshima,Senior Staff
77605,Sastry,Brendel,Senior Staff
77610,Sanjeeva,Kadhim,Senior Engineer
77613,Stabislas,Frijda,Staff
77615,Jianwen,Krupka,Staff
77618,Vasilii,Ranze,Staff
77623,Takushi,Anger,Senior Engineer
77631,Szabolcs,Kitsuregawa,Assistant Engineer
77641,Berni,Nishimukai,Senior Staff
77642,Kotesh,Weedon,Technique Leader
77643,Remzi,Skogmar,Senior Staff
77644,Ziva,Swen,Senior Engineer
77650,Idoia,Bennis,Senior Engineer
77652,Arumugam,Schicker,Senior Staff
77653,Geraldo,Chartres,Engineer
77654,Jacqueline,Kermarrec,Staff
77659,Owen,Sridhar,Senior Staff
77663,Taiji,Lamma,Senior Engineer
77665,Paddy,Fargier,Engineer
77675,Mohua,Domenig,Senior Staff
77678,Billur,Peyn,Engineer
77688,Make,Wegerle,Senior Engineer
77689,Abdelkader,Swan,Senior Staff
77690,Nahum,Thorensen,Senior Staff
77691,Christoper,Showalter,Staff
77694,Brigham,Servieres,Senior Staff
77696,Janche,Veeraraghavan,Staff
77699,Shalesh,Matzke,Staff
77701,Marie,Kalorkoti,Staff
77702,Barna,Jiang,Senior Staff
77706,Yinlin,Nitsch,Senior Staff
77710,Gaurav,Weedon,Staff
77711,Mara,Passafiume,Senior Engineer
77712,Hercules,Casley,Senior Staff
77720,Pramod,Saoudi,Senior Staff
77722,Bodo,Denti,Senior Staff
77728,Tsz,Oaver,Engineer
77731,Xiping,Plumb,Senior Staff
77732,Fumino,Zizka,Senior Staff
77739,Dulce,Krzyzanowski,Senior Engineer
77741,Claude,Felcyn,Senior Staff
77742,Utpal,Xiaoshan,Engineer
77743,Fen,Pollacia,Senior Staff
77746,Yuqun,Lanzelotte,Senior Staff
77749,Mayumi,Bharadwaj,Senior Engineer
77758,Manohar,Pelz,Senior Engineer
77761,Tua,Pauthner,Senior Staff
77763,Mahmut,Mitchem,Senior Staff
77764,Fumiya,McFarlin,Staff
77767,Yuichiro,Mansanne,Engineer
77768,Tokuyasu,Picel,Senior Engineer
77770,Gen,Przulj,Senior Engineer
77775,Hsiangchu,Varley,Staff
77781,Piyush,Ritzmann,Assistant Engineer
77786,Munehiro,Vieth,Staff
77787,Lucian,Bellone,Senior Engineer
77790,Roddy,Emiris,Senior Engineer
77791,Rasikan,Setlzner,Senior Staff
77803,Armond,Schwartzburd,Senior Staff
77804,Yonghong,Marzano,Senior Engineer
77806,Kenton,Pesch,Senior Engineer
77808,Mari,Rando,Engineer
77809,Arne,Fritzsche,Senior Engineer
77814,Ferdinand,Otillio,Senior Engineer
77825,Abdelghani,Talmor,Engineer
77826,Achilleas,Rabehasaina,Staff
77827,Billie,Papadias,Senior Staff
77828,Nikolaos,Cannane,Senior Staff
77829,Flemming,Parfitt,Staff
77836,Kokou,Luke,Senior Engineer
77838,Shuzo,Piazza,Senior Engineer
77847,Aron,Haumacher,Senior Engineer
77850,Arno,Baaz,Senior Engineer
77852,Niranjan,Parascandalo,Senior Staff
77856,Basil,Crelier,Staff
77859,Garnet,Pelc,Senior Staff
77860,Boalin,Yetto,Engineer
77861,Toshimo,Kleiser,Senior Engineer
77862,Marko,Leivant,Assistant Engineer
77869,Masamitsu,Swick,Senior Engineer
77871,Ger,Seiwald,Senior Engineer
77878,Jahangir,Fujisawa,Staff
77879,IEEE,Luce,Assistant Engineer
77884,Danel,Pollacia,Senior Engineer
77889,Vesna,Eiter,Senior Engineer
77893,Kien,Wegerle,Senior Engineer
77898,Yuchang,Christianini,Senior Engineer
77903,Subhash,Serra,Senior Engineer
77906,Zhensheng,Serre,Engineer
77908,Frederique,Shimshoni,Senior Engineer
77911,Krisda,Provine,Engineer
77914,Jaideep,Ecklund,Staff
77915,Shimshon,Schnelling,Senior Staff
77916,Suvo,Beetstra,Senior Staff
77923,Kasidit,Schrooten,Senior Staff
77926,Herbert,Thibadeau,Senior Engineer
77927,Martien,Terlouw,Engineer
77930,Ennio,Picco,Senior Staff
77935,Yakichi,Fritzsche,Senior Staff
77936,Horward,Azevdeo,Senior Engineer
77942,Nalini,Georgakopoulos,Senior Staff
77946,Chaitali,Kawashima,Senior Engineer
77948,Demin,Merks,Senior Staff
77949,Koichi,Dusink,Engineer
77956,Mona,Binding,Senior Staff
77959,Shahab,Onuegbe,Technique Leader
77972,Bernardo,Dalphin,Senior Staff
77973,Zine,Zuberek,Staff
77974,Fei,Shihab,Senior Engineer
77975,Chikako,Christ,Senior Staff
77977,Hsiangchu,Butner,Assistant Engineer
77979,Shaowei,Veeraraghavan,Senior Engineer
77980,Yongmin,Sidje,Senior Staff
77981,Nahid,Ferretti,Senior Engineer
77986,Serif,Ginesta,Engineer
77987,Lucian,Daescu,Senior Engineer
77988,Tze,Gyimothy,Senior Engineer
77990,Vincent,Carrere,Senior Engineer
78002,Phule,Naudin,Engineer
78006,Palash,Rosca,Technique Leader
78009,Zhiwei,Falster,Engineer
78014,Gay,Ressouche,Senior Engineer
78021,Ranan,Lyonns,Senior Staff
78025,Radoslaw,Rodiger,Engineer
78029,Jixiang,Rouquie,Senior Engineer
78031,Suzette,Luca,Engineer
78038,Dmitry,Sooriamurthi,Senior Staff
78039,Genki,Heemskerk,Senior Staff
78041,Tadanori,Zyda,Staff
78042,Xuedong,Zedlitz,Senior Engineer
78043,Constantijn,Ozeri,Senior Engineer
78048,Jaewoo,Jumpertz,Senior Staff
78054,Alexius,Matzov,Staff
78056,Fumitake,Gopalakrishnan,Assistant Engineer
78066,Palash,Matzke,Assistant Engineer
78071,Kellie,Kavanagh,Technique Leader
78073,Udi,Lupu,Senior Engineer
78074,Masaki,Geffroy,Staff
78078,Leni,Lodder,Technique Leader
78080,Zhensheng,Stassinopoulos,Staff
78082,Dung,Fontan,Senior Engineer
78085,Bingning,Gargeya,Senior Engineer
78087,Baoqiu,Nastansky,Staff
78092,Stein,Hutter,Senior Staff
78095,Herb,Parhami,Staff
78102,Kristinn,Welham,Senior Staff
78104,Chinya,Rubsam,Engineer
78105,Rosalie,Petereit,Engineer
78111,Teunis,Ushiama,Senior Staff
78114,Zeljko,Mellouli,Senior Staff
78116,Tokuyasu,Beerel,Senior Staff
78121,Yinghua,Angelov,Senior Staff
78130,Jouni,McClurg,Assistant Engineer
78133,Kristinn,Marrevee,Engineer
78135,Arup,Hagimont,Senior Engineer
78136,Nakhoon,Cronan,Assistant Engineer
78141,Conrado,Sankaranarayanan,Staff
78144,Conor,Openshaw,Staff
78151,Jeanne,Erol,Staff
78152,Zhongwei,Spelt,Senior Staff
78153,Kwan,Akiyama,Senior Engineer
78154,Dines,Fandrianto,Senior Engineer
78155,Hironoby,Alvarado,Senior Engineer
78158,Shaibal,Wixon,Senior Engineer
78159,Claudi,Weedman,Staff
78160,Tomoyuki,Yetto,Senior Engineer
78161,Munehiko,Heijenga,Senior Staff
78163,Ult,Andreotta,Staff
78166,Eckart,Kuszyk,Senior Staff
78168,Yinlin,Kushnir,Senior Engineer
78170,Gift,Koyama,Technique Leader
78180,Jovan,Stassinopoulos,Senior Staff
78181,Ramya,Papastamatiou,Engineer
78185,Mamdouh,Klassen,Senior Engineer
78186,Caolyn,Uludag,Senior Engineer
78187,Martial,Naumovich,Engineer
78189,IEEE,Gischer,Staff
78190,Erez,Bierman,Assistant Engineer
78194,Yuuichi,Speel,Senior Engineer
78195,Suvo,Hofting,Senior Engineer
78197,Filipe,Hinsberger,Engineer
78199,Yuguang,Babb,Senior Engineer
78200,Brigham,Verhoeff,Engineer
78210,Valter,Danley,Senior Staff
78212,Zito,Ligten,Senior Engineer
78225,Mircea,Ishibashi,Engineer
78226,Yannis,Potthoff,Senior Engineer
78229,Tonia,Kalafatis,Senior Engineer
78232,Alper,Klassen,Technique Leader
78233,Wojceich,Kulisch,Senior Staff
78239,Sungwon,Vrecion,Senior Staff
78243,Moti,Uhrik,Engineer
78245,Kankanahalli,Bashian,Senior Engineer
78247,Muneo,Alencar,Senior Engineer
78251,Subbu,Conti,Staff
78252,Shahaf,Rosti,Senior Staff
78253,Jacopo,Erie,Senior Engineer
78259,Masadi,Schlenzig,Engineer
78260,Patricio,Bernardeschi,Senior Engineer
78265,Heather,Verhaegen,Senior Staff
78266,Hugo,Jakobus,Senior Engineer
78268,Munehiko,Danlos,Senior Staff
78271,Gennady,Dayang,Senior Engineer
78273,Mona,Verhoeff,Senior Staff
78286,Martine,Borovoy,Staff
78310,Aria,Chaudhury,Senior Engineer
78312,Leen,Nastansky,Engineer
78313,Branimir,Stassinopoulos,Senior Staff
78321,Van,Monkewich,Senior Engineer
78327,Tetsushi,Stranks,Senior Staff
78328,Berto,Gruenwald,Senior Engineer
78331,Guozhong,Erol,Senior Staff
78332,Sachio,Beausoleil,Senior Engineer
78333,Roselyn,Krupka,Senior Engineer
78337,Hironobu,Thiran,Staff
78339,Kazuyasu,Hutter,Senior Staff
78344,Vitali,Dolinsky,Technique Leader
78347,Arne,Francisci,Engineer
78348,Guoxiang,Serov,Senior Engineer
78350,Eric,Kobara,Senior Staff
78353,Jongsuk,Luders,Senior Engineer
78356,Youssef,Ariola,Senior Staff
78372,Vesna,Georgakopoulos,Senior Engineer
78373,Aimee,Schlumberger,Senior Engineer
78382,Christoper,Constantine,Staff
78383,Junsik,Melter,Senior Engineer
78385,Syozo,Hasenauer,Senior Engineer
78387,Chaosheng,Lunt,Senior Staff
78391,TRUE,Vadhan,Senior Staff
78397,Sham,Kulisch,Senior Engineer
78402,Seongbin,Heering,Senior Engineer
78403,Heping,Muntz,Senior Engineer
78406,Tze,Maquelin,Senior Engineer
78410,Sreenivas,Albarhamtoshy,Senior Engineer
78413,Toshimi,Jenevein,Staff
78417,Rafail,Lowrie,Engineer
78419,Unal,Azadmanesh,Senior Engineer
78427,Zeljko,Merks,Senior Engineer
78429,Chinhyun,Andreotta,Technique Leader
78432,Maia,Baezner,Senior Staff
78436,Arne,Schaap,Senior Engineer
78438,Susanne,Vuskovic,Senior Staff
78441,Abdulla,Beetstra,Senior Engineer
78443,Yongdong,Schahn,Senior Engineer
78444,Rafols,Peot,Senior Engineer
78445,Lein,Baar,Senior Staff
78447,Chiranjit,Bahk,Staff
78449,Yongqiao,Krogh,Technique Leader
78452,Hironoby,Walstra,Senior Engineer
78454,Masaki,Marciano,Senior Staff
78457,Marke,Krybus,Senior Engineer
78458,Luerbio,Schnabel,Engineer
78460,Guttorm,Swiss,Senior Engineer
78462,Lakshmi,Collavizza,Staff
78463,Zita,Kaelbling,Senior Engineer
78465,Demin,Cappelletti,Senior Engineer
78467,Masako,Biron,Staff
78468,Mechthild,Gips,Senior Engineer
78474,Youssef,Belinskaya,Senior Engineer
78475,Lakshmi,Renear,Technique Leader
78479,Abdulah,Restivo,Senior Staff
78485,Guther,Weedman,Staff
78486,Zissis,Munck,Engineer
78488,Toshimori,Morton,Senior Engineer
78490,Subhash,Isaac,Engineer
78493,Kaijung,Basagni,Technique Leader
78498,Anoosh,Yamaashi,Senior Staff
78499,Yechezkel,Pezzoli,Senior Staff
78508,Val,Pluym,Senior Staff
78510,Zeydy,Comyn,Senior Staff
78511,Pramod,Mitina,Senior Engineer
78512,Yakichi,Schlumberger,Senior Staff
78515,Otilia,Sury,Senior Staff
78519,Brewster,Schieder,Engineer
78521,Jianwen,Onuegbe,Senior Engineer
78524,Zhiwei,Bahk,Senior Staff
78525,Shuichi,Muntz,Senior Staff
78529,Kenroku,Pietrzykowski,Senior Engineer
78531,Yefim,Trachtenberg,Senior Staff
78542,Atilio,Matzat,Senior Engineer
78545,Sumant,Aamodt,Technique Leader
78548,Xiaoqiang,Boissier,Engineer
78551,Lobel,Cooman,Technique Leader
78555,Rajmohan,Levasseur,Engineer
78556,Moty,Bernardinello,Staff
78558,Cristinel,Krybus,Engineer
78561,Perry,Birke,Senior Engineer
78569,Zhaofang,Fabrizio,Senior Staff
78570,Phuoc,Harbusch,Senior Staff
78571,Sandeepan,Munch,Senior Engineer
78572,Vugranam,Skrikant,Senior Staff
78573,Berry,Rosiles,Senior Staff
78576,Fan,Keohane,Senior Engineer
78580,Arra,Luit,Senior Staff
78583,Rafols,Oskamp,Senior Engineer
78586,Valdiodio,Shokrollahi,Engineer
78589,Kazuhisa,Schaft,Senior Staff
78595,Masato,Encarnacion,Engineer
78596,Geoffrey,Daescu,Staff
78597,Bezalel,Bellone,Engineer
78598,Xiaopeng,Garnier,Senior Staff
78602,Steve,Masamoto,Staff
78603,Armond,Czaja,Senior Engineer
78618,Teiji,Peres,Engineer
78622,Rosita,Chepyzhov,Senior Staff
78625,Masami,Skrikant,Senior Staff
78629,Geoff,Muniz,Senior Staff
78632,Shooichi,Thummel,Engineer
78633,Kristof,Seiwald,Senior Engineer
78634,Moni,Noriega,Senior Staff
78638,Jolita,Manderick,Senior Staff
78641,Kyoichi,Kemmerer,Senior Engineer
78649,Gino,Lorys,Senior Staff
78652,Yahiko,Fortenbacher,Senior Engineer
78654,Cordelia,Negoita,Senior Staff
78665,Bezalel,Monarch,Engineer
78666,Jinxi,Emiris,Senior Staff
78667,Shahab,Bahk,Staff
78669,Stein,Copas,Technique Leader
78670,Monique,Botman,Senior Engineer
78671,Brewster,Rusterholz,Engineer
78677,Sahrah,Suermann,Senior Staff
78687,Yifei,Reghbati,Technique Leader
78690,Pintsang,Polajnar,Senior Engineer
78691,Fatemeh,McDermid,Senior Engineer
78692,Turgut,Nollmann,Senior Engineer
78693,Xinan,Luce,Staff
78694,Ingmar,Matzel,Engineer
78696,Chandrasekaran,Sullins,Senior Engineer
78697,Troy,Stavenow,Staff
78703,Charlene,Parhami,Senior Staff
78705,Urs,Garnier,Staff
78707,Arunachalam,Majewski,Senior Engineer
78710,Theirry,Benantar,Senior Engineer
78714,Jungsoon,Chinin,Senior Staff
78715,Heeju,Ozeri,Senior Engineer
78719,Sverrir,Pillow,Senior Staff
78724,Bowen,Hempstead,Staff
78725,Yakichi,Scallan,Senior Staff
78735,Bowen,Rando,Senior Staff
78738,Masadi,Jervis,Senior Staff
78744,Shichao,Tempesti,Engineer
78745,Subbu,Peris,Staff
78746,Xiaocheng,Yemenis,Senior Engineer
78755,Emran,Christianini,Staff
78763,Odinaldo,Kandlur,Staff
78773,Sivanarayana,Quadeer,Senior Staff
78775,Remmert,Ravishankar,Staff
78776,Shmuel,Isaak,Senior Engineer
78777,Goetz,Henders,Senior Engineer
78779,Xuejun,Warwick,Senior Engineer
78784,Udo,Speek,Senior Engineer
78785,Subhada,Cichocki,Senior Engineer
78786,Ult,Perna,Senior Engineer
78788,Dmitri,Setia,Senior Engineer
78789,Sadegh,Gini,Staff
78792,Niteen,Gulla,Senior Engineer
78793,Lansing,Erez,Staff
78794,Fun,Rajaraman,Senior Staff
78797,Margareta,Sessa,Staff
78799,Yuchang,Broder,Staff
78800,Hiroyasu,Dalphin,Senior Engineer
78802,Vojin,Garigliano,Senior Staff
78814,Kasidit,Pollock,Senior Engineer
78819,Vojin,Compeau,Senior Staff
78820,Shih,Schrift,Staff
78832,Sumali,Hagimont,Engineer
78836,Tiina,Janocha,Senior Staff
78837,Aluzio,Awdeh,Senior Engineer
78839,Franziska,Angiulli,Senior Engineer
78841,Aloys,Flasterstein,Senior Staff
78849,Yucai,Merle,Staff
78852,Kazunori,Vuskovic,Senior Staff
78854,Ottavia,Vanwelkenhuysen,Senior Staff
78856,Yurii,Cummings,Staff
78857,Dekang,Gischer,Engineer
78863,Arie,Chinen,Staff
78864,Zissis,Parfitt,Senior Engineer
78866,Olivera,Rusmann,Senior Staff
78870,Xiahua,Merkl,Engineer
78879,Chuanyi,Georgatos,Senior Engineer
78880,Mantis,Aloia,Staff
78882,Sanjoy,Setia,Senior Engineer
78883,JoAnna,Ranze,Engineer
78887,Sadegh,Haddadi,Technique Leader
78888,Shimshon,Lung,Senior Staff
78898,Shahid,Savasere,Senior Staff
78906,Gennadi,Denny,Senior Engineer
78907,Georgi,Detkin,Senior Engineer
78908,Arne,Molenaar,Staff
78916,Lihong,Gire,Senior Staff
78918,Niclas,Baba,Senior Engineer
78924,Khue,Luft,Senior Engineer
78927,Sajjad,Broder,Engineer
78930,Avishai,Ladret,Senior Staff
78932,Yannis,Marquardt,Senior Staff
78936,Vasilis,Marciano,Senior Engineer
78938,Kerhong,Krybus,Senior Staff
78940,Thodoros,Steenbeek,Senior Engineer
78943,Angel,Cannata,Staff
78958,Masamitsu,Lindqvist,Senior Engineer
78960,Ranga,Melton,Engineer
78963,Shigeichiro,Marzano,Senior Engineer
78965,Frederique,Hiyoshi,Senior Engineer
78969,Dietrich,Eterovic,Senior Staff
78979,Gurbir,Wolniewicz,Senior Engineer
78982,Oldrich,Chenney,Senior Engineer
78986,Dipankar,Munos,Senior Staff
78990,Toshiki,Engelmann,Senior Engineer
78994,Vincent,Hebert,Staff
78996,Jaber,Jahnichen,Staff
79001,Niranjan,Delgrande,Engineer
79002,Lena,Pappas,Senior Engineer
79010,Marsal,Pusterhofer,Engineer
79012,Vugranam,Jiang,Senior Engineer
79015,Mamdouh,Llado,Senior Engineer
79016,Quingbo,Lipner,Senior Staff
79026,Armond,Frijda,Senior Engineer
79031,Morris,Arlazarov,Senior Engineer
79032,Nadjib,Litvinov,Staff
79034,Janalee,Perri,Senior Staff
79037,Ewing,Encarnacion,Senior Engineer
79041,Pranav,Barvinok,Staff
79042,Iara,Narwekar,Senior Engineer
79046,Aloys,Schiper,Senior Staff
79049,Lijie,Besancenot,Senior Staff
79051,Froduald,Coullard,Engineer
79052,Goetz,Picht,Senior Staff
79057,Chikako,Pelc,Engineer
79058,Sreekrishna,Albarhamtoshy,Senior Engineer
79059,Yuguang,Lanteri,Assistant Engineer
79060,Fay,Quittner,Engineer
79061,Eben,Versino,Engineer
79063,Foong,Pleszkun,Engineer
79064,Kenroku,Coors,Engineer
79070,DeForest,Auria,Staff
79072,Nevio,Cochrane,Senior Engineer
79073,Almudena,Bhattacharjee,Senior Staff
79076,Phillip,Llado,Engineer
79077,Shay,Melichar,Staff
79079,Amabile,Orlowski,Senior Engineer
79082,Stabislas,Fandrianto,Senior Engineer
79087,Marke,Vigier,Engineer
79089,Baocai,Pusterhofer,Senior Staff
79090,Shigenori,Rajaraman,Senior Engineer
79091,Kagan,Heuser,Senior Staff
79092,Kaijung,Keohane,Senior Staff
79093,Shahab,Bridgland,Staff
79100,Kiyotoshi,Schlegelmilch,Senior Staff
79102,Neven,Coullard,Staff
79110,Aiichiro,Vecchi,Engineer
79114,Jessie,Baranowski,Engineer
79116,Aiman,Salvesen,Senior Staff
79117,Selwyn,Coors,Senior Engineer
79119,Navid,Maccarone,Senior Engineer
79121,Satoru,Greibach,Senior Staff
79124,Hatsukazu,Pearson,Senior Staff
79130,Yagil,Falck,Senior Staff
79131,Tayeb,Speer,Engineer
79138,Jaihie,Lipner,Engineer
79140,Huiqun,Gyorkos,Senior Engineer
79145,Oscar,Domenig,Senior Staff
79149,Steve,Sichman,Senior Engineer
79152,Barun,Rubsam,Senior Staff
79154,Nevio,Meriste,Senior Engineer
79156,Mario,Rosti,Senior Engineer
79158,Georgi,Merro,Senior Staff
79163,Cedric,Ouhyoung,Senior Engineer
79165,Weiwu,Munos,Senior Engineer
79170,Sandeepan,Pauthner,Senior Staff
79173,Kazunori,Shrader,Staff
79177,Mooi,Herbst,Technique Leader
79178,Danae,Worfolk,Senior Engineer
79182,Tze,Deverell,Senior Staff
79183,Mingsen,Lamba,Senior Staff
79187,Muzhong,Lanphier,Senior Engineer
79192,Yucel,Marchesini,Engineer
79195,Piyush,Vanwelkenhuysen,Senior Engineer
79199,Jianwen,Luef,Staff
79200,Shigehiro,Siegrist,Staff
79202,Chikara,Rebaine,Senior Engineer
79203,Gilbert,Reinhart,Senior Engineer
79204,Juyoung,Lund,Senior Staff
79209,Bezalel,Kenevan,Staff
79210,Mansur,Antonakopoulos,Senior Engineer
79218,Rosita,Luce,Engineer
79219,Yaghout,Irland,Senior Engineer
79245,Tonny,McDermid,Engineer
79247,Yinlin,Beetstra,Senior Engineer
79251,Gennady,Taubenfeld,Senior Staff
79254,Takahiro,Cummings,Senior Engineer
79264,Chaosheng,Demizu,Senior Engineer
79265,Lokesh,Kenevan,Senior Staff
79267,Chinhyun,Rebaine,Senior Engineer
79269,Conal,Soloway,Engineer
79272,Jongsuk,Rodite,Staff
79273,Emran,Szmurlo,Senior Staff
79275,Perry,Perry,Senior Staff
79277,Perla,Underwood,Senior Staff
79280,Bokyung,Snyers,Senior Staff
79285,Bingning,Lieblein,Engineer
79290,Mohit,Perelgut,Engineer
79293,Utpal,Schwaller,Technique Leader
79297,Vasiliy,Hainaut,Senior Engineer
79298,Sariel,Bennet,Staff
79303,Toong,Strandh,Engineer
79306,Snehasis,Perri,Staff
79313,Mayuri,Champarnaud,Staff
79314,Hugo,Cappelletti,Staff
79320,Hausi,Ramsay,Senior Engineer
79323,Zhiwei,Feinberg,Senior Staff
79325,Adel,Roohalamini,Senior Staff
79334,Heng,Speek,Senior Staff
79338,Boaz,Kading,Engineer
79339,Khoa,Coney,Senior Engineer
79348,Mari,Gire,Technique Leader
79350,Jovan,Lampe,Senior Engineer
79351,Saeed,Khasidashvili,Engineer
79358,Weiyi,Ratzlaff,Engineer
79365,Saniya,Redmiles,Senior Staff
79367,Shir,Kandlur,Engineer
79369,Jianwen,Collette,Staff
79370,Aleksander,Veccia,Engineer
79374,Lorien,Jarecki,Engineer
79375,Willard,Hartvigsen,Senior Staff
79376,Faiza,Kragelund,Senior Staff
79382,Chiranjit,Iwayama,Senior Engineer
79390,Bernt,Shigei,Staff
79391,Gritta,Garnham,Senior Engineer
79393,Ziyad,Validov,Staff
79395,Marc,Karlin,Staff
79397,Xumin,Luce,Engineer
79401,Zvonko,Bage,Senior Staff
79406,Kokou,Brlek,Senior Engineer
79409,Kayoko,Pluym,Senior Engineer
79411,Akemi,Beidas,Senior Staff
79417,Sugwoo,Rindone,Engineer
79419,Zorica,Gajiwala,Senior Engineer
79420,Szabolcs,Meszaros,Senior Staff
79428,Brigham,Murthy,Senior Engineer
79429,Koldo,Swab,Engineer
79432,Younwoo,Gerteisen,Senior Staff
79434,Claudi,Byoun,Senior Engineer
79436,Theron,Colorni,Senior Staff
79438,Abdelaziz,Matzel,Staff
79440,Boalin,Grandbois,Staff
79442,Yannis,McClurg,Senior Staff
79446,Filipe,Pettis,Technique Leader
79449,Tonny,Stavenow,Engineer
79451,Chanjung,Chvatal,Technique Leader
79456,Evgueni,Nations,Senior Staff
79460,Utpal,Weedman,Technique Leader
79463,Mizuhito,Hennebert,Senior Staff
79466,Roddy,Henders,Engineer
79468,Mayuko,Talmor,Senior Staff
79470,Sadegh,Schmittgen,Senior Engineer
79473,Denny,Ellozy,Technique Leader
79476,Moss,Tischendorf,Engineer
79477,Teruyuki,Gronowski,Senior Staff
79484,Zhongwei,Gammage,Senior Staff
79486,Mitchel,Garigliano,Senior Engineer
79488,Yolla,Shumilov,Senior Engineer
79493,Vidya,Varman,Senior Staff
79496,Theron,Radwan,Staff
79498,Hilari,Mapelli,Senior Staff
79499,Qingxiang,Erman,Senior Staff
79505,Sariel,Farrel,Senior Engineer
79509,Vitaly,Akiyama,Senior Staff
79514,Eishiro,DuBourdieux,Engineer
79515,Qiwen,Smeets,Engineer
79530,Muzhong,Naudin,Staff
79533,Valery,Axelband,Engineer
79538,Elvis,Melton,Senior Staff
79543,Nobuyoshi,Unni,Senior Staff
79544,Martial,Restivo,Senior Staff
79546,Ishfaq,Heydon,Engineer
79548,Morris,Anguita,Staff
79553,Sadegh,Haddadi,Senior Staff
79563,Golgen,Chleq,Senior Staff
79566,Fumino,Peron,Senior Staff
79567,Karoline,Willoner,Senior Engineer
79570,Dmitry,Haddadi,Senior Staff
79574,Mariusz,Terlouw,Engineer
79582,Henk,Benner,Senior Engineer
79586,Marsja,Weedman,Senior Staff
79590,Jiakeng,Ariola,Senior Staff
79595,Arco,Marwedel,Senior Engineer
79602,Kwun,Ballarin,Staff
79612,Jaewon,Monarch,Senior Engineer
79613,Akemi,Rosaz,Senior Engineer
79614,Fumiko,Engberts,Senior Staff
79616,Dinah,Aloisi,Senior Engineer
79624,Filipe,Nilsson,Engineer
79628,Arlette,Terlouw,Senior Engineer
79631,Yucel,Merli,Senior Engineer
79636,Eric,Swen,Engineer
79639,Moto,McClurg,Senior Engineer
79643,Georgy,Lukaszewicz,Engineer
79644,Radoslaw,Lindenbaum,Technique Leader
79648,Domenick,Jansen,Senior Engineer
79651,Dines,Schapire,Engineer
79656,Howell,Fiebach,Engineer
79659,Nitsan,Denis,Senior Engineer
79668,Kyoichi,Eterovic,Technique Leader
79669,Premsyl,Meszaros,Assistant Engineer
79672,Alejandra,Wrigley,Senior Engineer
79673,Jacqueline,Daescu,Senior Staff
79674,Werner,Atchley,Senior Staff
79681,Demin,Panwar,Senior Engineer
79683,Narain,Winter,Staff
79684,JiYoung,Janocha,Senior Staff
79686,Petter,Edelhoff,Staff
79687,Parke,Angiulli,Senior Engineer
79688,Gift,Billingsley,Senior Engineer
79693,Eberhardt,Kropf,Senior Engineer
79695,Magdalena,Onuegbe,Engineer
79696,Gopalakrishnan,Vadhan,Senior Engineer
79699,Xuejia,Marzano,Engineer
79703,Remco,Einsfeld,Senior Engineer
79704,Ipke,Neiman,Engineer
79705,Munenori,Valiente,Senior Engineer
79708,Yechiam,Baak,Senior Staff
79714,Kiam,Avouris,Staff
79718,Yinlin,Luft,Staff
79729,Filipp,Pocchiola,Senior Staff
79731,Chanjung,Yemenis,Staff
79735,Hideo,Conti,Technique Leader
79748,George,Beutelspacher,Senior Engineer
79750,Jongsuk,Benzmuller,Senior Staff
79753,Fabrizio,Thorelli,Staff
79757,Subir,Seiwald,Senior Staff
79758,Adil,Pettit,Staff
79759,Luise,Back,Senior Staff
79761,Prasadram,Encarnacion,Senior Engineer
79765,Gonzalo,Danecki,Senior Staff
79766,Fox,Swiler,Engineer
79768,Shir,Sabnani,Senior Staff
79770,Unal,Skafidas,Technique Leader
79771,Subbu,Erde,Staff
79772,Xiaoqiu,Gulik,Senior Staff
79775,Saeko,Riesenhuber,Technique Leader
79779,Stella,Orlowska,Senior Engineer
79783,Thodoros,Szilard,Senior Engineer
79785,Moriyoshi,Roisin,Assistant Engineer
79786,Rutger,Candan,Senior Engineer
79789,Kotesh,Crelier,Senior Engineer
79794,Yaghout,Rissland,Senior Staff
79795,Visit,Milicic,Senior Engineer
79807,Elgin,Barriga,Staff
79810,Shrikanth,Denos,Senior Staff
79811,Tze,Krohm,Senior Staff
79822,Juichirou,Wuwongse,Engineer
79832,Irene,Benaini,Technique Leader
79833,Yongdong,Homond,Senior Engineer
79834,Guiseppe,Wuwongse,Senior Staff
79837,Yakichi,Hagimont,Senior Staff
79839,Khue,Bolotov,Senior Engineer
79843,Dipayan,Dalphin,Staff
79855,Gudjon,Constantine,Senior Engineer
79858,Mansur,Marzano,Senior Engineer
79866,Surveyors,Imataki,Engineer
79874,Duri,Lanteri,Senior Staff
79875,Teunis,Seghrouchni,Senior Engineer
79876,Randy,Feinberg,Senior Staff
79877,Shaowei,Zlotek,Engineer
79879,Masako,Schaap,Senior Staff
79882,Parke,Stamatiou,Engineer
79883,Surveyors,Baak,Senior Staff
79889,Rance,Massonet,Engineer
79900,Mong,Luck,Senior Staff
79902,Kensei,Marciano,Senior Engineer
79906,Tomoyuki,Waterhouse,Senior Staff
79909,Thodoros,Kamble,Engineer
79910,Gad,Honglei,Senior Staff
79911,Heather,Zaumen,Senior Engineer
79921,Hatim,Cochrane,Senior Engineer
79923,Mokhtar,Melski,Assistant Engineer
79926,Jiann,Cusworth,Engineer
79927,Satyanarayana,Bazzichi,Senior Staff
79933,Bouchung,Thisen,Senior Staff
79935,Nahum,Ghazalie,Senior Staff
79946,Guadalupe,Brattka,Senior Staff
79947,Leif,Baezner,Engineer
79954,Kagan,Kandlur,Senior Engineer
79955,Caolyn,Rettelbach,Engineer
79958,Xinglin,Versino,Senior Engineer
79961,Rosalyn,Luks,Staff
79962,Maik,Heping,Technique Leader
79965,Sandeepan,Asser,Senior Engineer
79967,Jessie,Gadepally,Engineer
79972,Abdelghani,Thummel,Senior Staff
79973,Zine,Socorro,Senior Staff
79977,Abdelaziz,Gunderson,Senior Engineer
79978,Miquel,Pileggi,Engineer
79979,Yunming,Papsdorf,Senior Engineer
79985,Mong,Hartvigsen,Senior Staff
79990,Behnaam,Erev,Senior Staff
79991,Yahiko,Czap,Senior Engineer
79994,Hinrich,Steinauer,Staff
79999,Chuanti,Jakobus,Senior Engineer
80011,Ung,Honiden,Senior Engineer
80012,Tommaso,Iwayama,Senior Engineer
80013,Lidong,Ouhyoung,Staff
80024,Maja,Pfau,Senior Staff
80029,Kenroku,Hofmeyr,Senior Staff
80031,Wayne,Bach,Senior Engineer
80032,Yurij,Isaac,Senior Staff
80037,Nimmagadda,Kirkerud,Staff
80038,Vitaly,Gewali,Technique Leader
80041,Teiji,Walstra,Staff
80046,Zhanqiu,Yemenis,Engineer
80047,Akhilish,Kropp,Senior Staff
80049,Minghong,Bardell,Engineer
80056,Marsha,Marrevee,Senior Engineer
80062,Masamitsu,Antonisse,Assistant Engineer
80063,Arie,Hoogerwoord,Staff
80068,Gretta,Zwicker,Staff
80069,Jiakeng,Murtha,Senior Engineer
80070,Mana,Thisen,Senior Staff
80072,Erzsebet,Kampfer,Staff
80076,Pradeep,Puoti,Senior Staff
80079,Danny,Wissmann,Senior Engineer
80082,Shaleah,Salverda,Staff
80083,Badri,Chiola,Senior Staff
80084,Menkae,Eastman,Senior Staff
80087,Gully,Mitchem,Technique Leader
80089,Luisa,Birch,Engineer
80092,Yucel,Wilharm,Senior Engineer
80098,TRUE,Kusakabe,Senior Staff
80100,Van,Gomatam,Staff
80103,Ottavia,Mikschl,Senior Staff
80104,Masami,Oehlmann,Senior Engineer
80105,Rafols,Irland,Staff
80106,Subhankar,Erde,Engineer
80112,Mack,Erdmenger,Senior Engineer
80123,Peer,Farrar,Senior Staff
80128,Genta,Ushiama,Senior Engineer
80129,Hairong,Fargier,Senior Staff
80130,Jinya,Waschkowski,Senior Staff
80131,Gill,Schurmann,Staff
80132,Nidapan,Hedayat,Senior Engineer
80136,Gaurav,Berstel,Senior Engineer
80137,Kiyokazu,Vuskovic,Senior Staff
80144,Boutros,Dechter,Senior Engineer
80146,Kristina,Carrere,Senior Engineer
80151,Willard,Swen,Senior Staff
80152,Suvo,Anguita,Senior Staff
80155,Susumu,Uhrik,Senior Staff
80156,Terresa,Pleszkun,Senior Engineer
80157,Ingmar,Herber,Senior Staff
80159,Jiafu,Rijckaert,Senior Staff
80160,Nigel,Oberman,Technique Leader
80166,Monique,Murrill,Senior Engineer
80170,Udaiprakash,Schiper,Senior Engineer
80171,Kshitij,Zykh,Technique Leader
80175,Ziya,Bernatsky,Senior Engineer
80183,Mats,Munke,Senior Staff
80184,Pintsang,Couchot,Senior Staff
80186,Tayeb,Huttel,Senior Engineer
80192,Branimir,Kalsbeek,Staff
80195,Sorina,Peral,Senior Staff
80198,Yefim,Anger,Senior Staff
80200,Yurii,Ghazalie,Engineer
80201,Abdulah,Cochrane,Senior Engineer
80207,Yifei,Matzov,Senior Staff
80208,Elvia,Samarati,Technique Leader
80215,Ranga,Ranon,Senior Engineer
80216,Tristan,Heiserman,Senior Engineer
80218,Rosalyn,Masada,Senior Engineer
80223,Sadegh,Einsfeld,Senior Engineer
80224,Reinhard,Zaiane,Senior Staff
80225,Shridhar,Malabarba,Senior Staff
80227,Kerryn,Braunschweig,Senior Engineer
80233,Arlette,Noriega,Senior Engineer
80236,Ute,Underwood,Assistant Engineer
80237,Sanjit,Suwa,Engineer
80251,Yoshinari,Kitai,Senior Engineer
80257,Xiaoshan,Pehl,Engineer
80258,Hirochika,Hiyoshi,Senior Staff
80259,Haldon,Siprelle,Engineer
80260,Duro,Klyachko,Senior Engineer
80262,Duro,Gewali,Senior Engineer
80263,Gilbert,Etalle,Senior Engineer
80268,Shietung,Vitiello,Senior Engineer
80270,Fen,Jonsson,Senior Staff
80272,Vasilis,Socorro,Senior Engineer
80273,Yongdong,Varman,Staff
80279,Berhard,Carrera,Senior Engineer
80280,Trygve,Doering,Senior Staff
80286,Martial,Lubachevsky,Senior Staff
80288,Teiji,Rousseau,Senior Engineer
80294,Siamak,Boudaillier,Senior Staff
80295,Mack,Neimat,Engineer
80300,Prasadram,Vernadat,Technique Leader
80303,Henk,Schlegelmilch,Staff
80307,Paraskevi,Casley,Engineer
80318,Angus,Schneeberger,Senior Engineer
80321,Fai,Terlouw,Senior Staff
80322,Xumin,Rossi,Staff
80325,Bingning,Gruenwald,Senior Staff
80326,Caolyn,Rosca,Staff
80328,Satyanarayana,Basart,Senior Engineer
80332,Behnaam,Masand,Senior Staff
80338,Marsha,Oskamp,Senior Staff
80341,Premal,Luef,Senior Staff
80346,Conal,Parveen,Senior Staff
80350,Miomir,Hooghiemstra,Engineer
80351,Peer,Coors,Staff
80352,Arunachalam,Melton,Senior Staff
80358,Mong,Huhdanpaa,Senior Engineer
80360,Weijing,Beetstra,Senior Staff
80370,Honesty,Weiland,Senior Engineer
80372,Aleksandar,Khasidashvili,Staff
80374,Junichi,Rusterholz,Senior Engineer
80375,Atreye,Peac,Senior Engineer
80376,Maha,Hofman,Staff
80380,Neven,Selvestrel,Staff
80386,Rosine,Peot,Engineer
80389,Pasqua,Rosiles,Engineer
80392,Utpal,Frezza,Senior Engineer
80395,Oscal,Bondorf,Staff
80409,Ebbe,Lanzelotte,Senior Staff
80410,Toong,Weiland,Staff
80414,Heejo,Radhakrishnan,Senior Engineer
80419,Satyanarayana,Erde,Senior Staff
80422,Luerbio,Pollock,Senior Staff
80425,Oksana,Roison,Senior Staff
80429,Prodip,Suermann,Senior Staff
80433,Hideo,Cronin,Technique Leader
80437,Irena,Peroz,Senior Staff
80439,Jolita,Calkin,Senior Engineer
80440,Ronnie,Krichel,Staff
80445,Tremaine,Schaaf,Senior Engineer
80449,Dines,Kamber,Engineer
80451,Raimond,Undy,Senior Engineer
80455,Guther,Murrill,Senior Engineer
80456,Aemilian,Gire,Senior Engineer
80462,Duri,Kriebel,Senior Engineer
80464,Randi,Erie,Senior Engineer
80466,Takahiro,Bala,Staff
80467,Zhongwei,Bail,Staff
80477,Kwee,Cesareni,Senior Engineer
80478,Goh,Whittlesey,Senior Engineer
80479,Sanjay,Kragelund,Senior Staff
80489,Mani,Billawala,Senior Engineer
80492,Subhada,Ranta,Senior Engineer
80498,Arve,Pokrovskii,Senior Staff
80509,Jovan,Detkin,Senior Engineer
80512,Heping,Erez,Engineer
80514,Ferdinand,Montemayor,Staff
80520,Lijie,Crelier,Senior Engineer
80522,Sedat,Sadowsky,Senior Staff
80525,Yannik,Tanemo,Staff
80528,Spyrose,Pews,Staff
80536,Adel,Hebden,Senior Engineer
80540,Valdiodio,Lanzelotte,Senior Engineer
80546,Fuqing,Matzel,Senior Staff
80550,Candida,Cullers,Senior Engineer
80551,Mabry,Delgrossi,Senior Staff
80561,Visit,Solovay,Senior Engineer
80564,Guoxiang,Meriste,Assistant Engineer
80570,Martial,Zykh,Senior Engineer
80572,Sariel,Kitai,Senior Engineer
80578,Chuanti,Binkley,Senior Engineer
80579,Billie,Schnabel,Senior Staff
80589,Chenxi,Bain,Senior Engineer
80597,Sadok,VanScheik,Senior Staff
80600,Yongdong,Werthner,Senior Engineer
80610,Dmitry,Wuwongse,Engineer
80611,Pramod,Sifakis,Senior Engineer
80617,Prodip,Kugler,Senior Engineer
80620,Filipe,Gischer,Senior Staff
80628,Felicidad,Benaini,Senior Staff
80630,Mani,Kamble,Senior Engineer
80637,Eishiro,Larfeldt,Senior Staff
80639,Uma,Mahnke,Senior Engineer
80651,Shooichi,Plessier,Engineer
80653,Chiranjit,Kavanagh,Senior Engineer
80655,Shichao,Flowers,Senior Staff
80661,Adas,Gruenwald,Technique Leader
80663,Yunming,Morrin,Senior Engineer
80665,Angel,Angot,Senior Staff
80673,Duke,Gustavson,Senior Staff
80675,Renee,Ertl,Engineer
80677,Rasikan,Gelosh,Technique Leader
80681,Gina,DasSarma,Senior Engineer
80683,Miyeon,Sethi,Senior Engineer
80684,Takanari,VanScheik,Senior Staff
80687,Pradeep,Calkin,Senior Engineer
80689,Hitofumi,Conta,Senior Engineer
80702,Percy,Simmel,Senior Engineer
80703,Randy,Nitsche,Staff
80705,Josyula,Shackel,Technique Leader
80710,Vitali,Hatcliff,Engineer
80717,Valdiodio,Frijda,Senior Staff
80721,Katsuyuki,Delgrossi,Senior Staff
80722,Yechiam,Bage,Senior Staff
80724,Yongdong,Casperson,Senior Staff
80727,Margo,Remmers,Senior Staff
80729,Lansing,Brandsma,Engineer
80736,Weiru,Thiria,Engineer
80740,Shuzo,Kermarrec,Senior Engineer
80744,Badri,Bauknecht,Staff
80746,Keiichiro,Jahnichen,Senior Engineer
80751,Zhensheng,Swan,Senior Engineer
80754,Baoqiu,Zockler,Senior Staff
80758,Heejo,Rathonyi,Senior Engineer
80761,Aiichiro,Mandelberg,Senior Staff
80762,Adit,Verhoeff,Senior Engineer
80763,Bader,Merro,Senior Staff
80768,Shounak,Janocha,Technique Leader
80774,Vishv,Pollacia,Senior Engineer
80777,Xinglin,Belinskaya,Senior Staff
80779,Aamod,Andreotta,Senior Staff
80781,Xudong,Danner,Senior Engineer
80782,Danco,Gerteisen,Senior Staff
80783,Akeel,Huxford,Senior Staff
80786,Denis,Sridhar,Senior Engineer
80790,Stepehn,Unno,Senior Engineer
80791,Takahiro,Molenkamp,Senior Engineer
80797,Katsuo,Kohling,Senior Engineer
80801,Bluma,Ambroszkiewicz,Senior Staff
80805,Mabo,Lorin,Senior Engineer
80810,Khalid,Merkl,Senior Staff
80814,Baziley,Vecchio,Engineer
80822,Marsal,Byoun,Staff
80833,Jaihie,Demri,Senior Engineer
80834,Sham,Reinhart,Senior Engineer
80835,Jolita,Delgrossi,Senior Engineer
80837,Nigel,Tempesti,Senior Staff
80838,Cheong,Ruemmler,Senior Staff
80841,Tomofumi,Perng,Engineer
80842,Jasminko,Peroz,Senior Engineer
80843,Utpal,Rubsam,Senior Engineer
80844,Brigham,Hellwagner,Technique Leader
80846,Bader,Lodder,Senior Engineer
80851,Sastry,Escriba,Senior Engineer
80852,Yannis,Randt,Technique Leader
80853,Claude,Bashian,Senior Staff
80855,Yechiam,Schonegge,Senior Staff
80856,Moss,Kaiserswerth,Senior Staff
80859,Ottavia,Krychniak,Senior Engineer
80860,Kayoko,Smeets,Engineer
80862,Serenella,Improta,Senior Staff
80864,Radhia,Birnbaum,Senior Staff
80866,Billur,Menhardt,Engineer
80869,Ishfaq,Randi,Senior Engineer
80873,Marsal,Nishimukai,Senior Staff
80875,Yishai,Kandlur,Staff
80882,Sumant,Hopewell,Senior Staff
80892,Kaijung,Nourani,Engineer
80894,Kousuke,Georgakopoulos,Senior Engineer
80896,Paloma,Hardjono,Senior Staff
80897,Hitomi,Nooteboom,Senior Engineer
80903,Yakichi,Dulin,Senior Engineer
80908,Kyoichi,Erie,Senior Engineer
80910,Oguz,Terekhov,Staff
80914,Rosalyn,Denny,Senior Staff
80917,Jungsoon,Besselaar,Senior Engineer
80920,Vatsa,Brender,Staff
80922,Aram,Kuzuoka,Senior Engineer
80923,Yaghout,Kavanagh,Senior Staff
80928,Tadanori,Boguraev,Senior Staff
80929,Nevio,Kading,Senior Staff
80931,Breannda,Garigliano,Senior Engineer
80933,Anoosh,Dredge,Engineer
80935,Terresa,Birke,Senior Engineer
80937,Chikako,Jiang,Senior Staff
80940,Kazuhiko,Smeets,Senior Engineer
80945,Rayond,Ruemmler,Senior Engineer
80947,Jaewon,Peha,Technique Leader
80955,Marc,Fioravanti,Senior Staff
80958,Geoffry,Prenel,Senior Engineer
80962,Ute,Broder,Senior Staff
80971,Mountaz,Rijckaert,Senior Engineer
80976,Kwangyoen,Shimshoni,Technique Leader
80977,Mana,Danner,Senior Engineer
80979,Stein,Rodier,Senior Staff
80980,Hyuncheol,Stentiford,Senior Staff
80981,Fumitake,Niizuma,Assistant Engineer
80983,Akhilish,Makinen,Senior Engineer
80984,Arunas,Emmart,Senior Staff
80987,Zito,Gulla,Senior Engineer
80991,Marco,Schreiter,Senior Staff
80997,Krister,Viele,Engineer
80998,Leandro,Lampe,Senior Engineer
81000,Neelam,Thisen,Senior Engineer
81001,Toshimori,Krider,Senior Staff
81005,Xiahua,Rubsam,Senior Engineer
81006,Atreye,Pagter,Senior Staff
81007,Mototsugu,Rande,Staff
81008,Bartek,Heydon,Assistant Engineer
81009,Shichao,Ozeki,Senior Engineer
81011,Tommaso,Onuegbe,Senior Staff
81015,Marke,Breugel,Senior Engineer
81018,Angus,Haldar,Senior Engineer
81031,Fumiya,Bennet,Senior Staff
81035,Hsiangchu,Boreale,Senior Staff
81036,Alassane,Fargier,Technique Leader
81038,Xiaoheng,Claffy,Senior Engineer
81040,Kazuhito,Merey,Senior Staff
81043,Prasadram,Passafiume,Staff
81047,Masaki,Dulay,Senior Engineer
81049,Takahito,Claffy,Senior Staff
81050,Moti,Sridhar,Senior Engineer
81052,Ziya,Levergood,Staff
81053,Fei,Quaggetto,Senior Staff
81063,Vitali,Narahari,Staff
81066,Fumitake,Srimani,Senior Engineer
81067,Ult,Foote,Staff
81068,Uno,Ecklund,Senior Engineer
81070,Mariangiola,Rosaz,Senior Engineer
81073,Poornachandra,Blokdijk,Senior Staff
81077,Satoru,Vitiello,Staff
81079,Nahla,Mellouli,Senior Staff
81082,Ayakannu,Bellmore,Engineer
81092,Poorav,Strehl,Staff
81093,Shiv,Bail,Engineer
81095,Zhaofang,Meszaros,Staff
81096,Charmane,Wissmann,Senior Staff
81101,Khoa,Engberts,Senior Engineer
81104,Marc,Grabner,Technique Leader
81106,Haldon,Ginesta,Technique Leader
81108,Kwangyoen,Cronan,Senior Staff
81109,Fatemeh,Bonifati,Senior Engineer
81110,Kiam,Oxman,Senior Staff
81111,Munehiro,Jansch,Senior Staff
81121,Valdiodio,Heyers,Senior Staff
81123,Troy,Sooriamurthi,Engineer
81125,Rosli,Antonisse,Staff
81129,Magy,Bade,Engineer
81130,Kyoichi,Jervis,Senior Staff
81136,Gift,Ruemmler,Staff
81140,Temple,Gomatam,Engineer
81142,Heon,Zastre,Senior Staff
81143,DAIDA,Vural,Senior Staff
81148,Zhigen,Gill,Staff
81149,Tianruo,Georg,Engineer
81152,Macha,Junet,Senior Engineer
81154,Denis,Schmiedel,Technique Leader
81157,Aleksander,Zykh,Staff
81158,Filipp,Percebois,Senior Engineer
81166,Tayeb,Przulj,Senior Staff
81167,Yurij,Francisci,Senior Staff
81168,Shigehiro,Braccini,Staff
81171,Annemarie,Luke,Senior Engineer
81174,Fatemeh,Zirintsis,Staff
81176,Parto,Niizuma,Technique Leader
81177,Bodh,Berendt,Assistant Engineer
81185,Takushi,Kossowski,Senior Engineer
81186,Marla,Improta,Staff
81189,Serge,Broomell,Senior Staff
81198,Martijn,Stanfel,Technique Leader
81199,Abdelghani,Lamma,Senior Staff
81201,Werner,Knightly,Senior Staff
81202,Niteen,Ciolek,Engineer
81207,Barry,Hofstetter,Senior Engineer
81208,Sumant,Rindone,Senior Engineer
81209,Jahangir,Rahier,Senior Engineer
81212,Elvia,Lunn,Senior Engineer
81213,Wilmer,Cherinka,Staff
81215,Barna,Zyda,Engineer
81217,Ult,Ibel,Senior Engineer
81218,Nectarios,Impagliazzo,Senior Engineer
81222,Vivian,Homond,Staff
81228,Xianlong,Segond,Technique Leader
81233,Renee,Rande,Engineer
81236,Boguslaw,Walstra,Staff
81237,Djelloul,Blokdijk,Staff
81244,Aloys,Validov,Senior Engineer
81245,Matk,Krzyzanowski,Engineer
81248,Masako,Sudbeck,Senior Staff
81250,Jixiang,Zweizig,Staff
81257,Kazuhide,Raney,Staff
81260,Harngdar,Granlund,Senior Staff
81261,Marin,Garnham,Senior Engineer
81264,Dannz,Erdmenger,Senior Staff
81268,Nathalie,Doering,Senior Staff
81271,Kendra,Bade,Senior Staff
81279,Kristinn,Ouhyoung,Engineer
81283,Maria,Herber,Senior Staff
81285,Hairong,England,Staff
81286,Richara,Fontet,Senior Staff
81288,Guadalupe,Sidou,Engineer
81292,Ortrun,Copas,Senior Engineer
81296,Susanta,Benzaken,Engineer
81299,Visit,Ghemri,Senior Staff
81301,Chanjung,Schlumberger,Engineer
81303,Ghassan,Berstel,Senior Staff
81304,Visit,Dalphin,Senior Staff
81309,Maha,Engberts,Engineer
81315,Martine,Stassinopoulos,Engineer
81324,Marl,Rossi,Engineer
81325,Mona,Rajaraman,Senior Staff
81329,Divine,Gire,Senior Engineer
81335,Eben,Porenta,Engineer
81338,Xiaoqiang,Erol,Senior Staff
81340,Baocai,Poehlman,Senior Staff
81344,Leif,Hiraishi,Engineer
81347,Susanne,Serra,Engineer
81349,Kerryn,Hennings,Staff
81352,Odysseas,Narwekar,Engineer
81357,Jeanna,Keirsey,Senior Staff
81358,Premal,Quadeer,Senior Staff
81363,Selwyn,McAffer,Senior Staff
81368,Frederique,Ghemri,Senior Engineer
81374,Kinh,Shobatake,Senior Engineer
81375,Chuanti,dAstous,Senior Engineer
81376,Gunilla,Fabrizio,Senior Engineer
81380,Sajjad,Hiroyama,Staff
81395,Tran,Maliniak,Senior Engineer
81398,Hyuncheol,Gulak,Technique Leader
81401,Monique,Kaltofen,Senior Staff
81407,Hsiangchu,Rosin,Senior Staff
81408,Atreye,Picaronny,Senior Staff
81411,Eben,Stenning,Senior Engineer
81412,Zhenhua,Menyhert,Senior Staff
81413,Jinxi,Bouloucos,Senior Staff
81422,Yuichiro,Pleszkun,Senior Engineer
81425,Chrisa,Simmel,Senior Engineer
81430,Jackson,Milicia,Senior Staff
81432,Hideyuki,Veldwijk,Senior Engineer
81436,Itzchak,Mitzlaff,Staff
81438,Mack,McClure,Senior Engineer
81439,Giri,Lorys,Staff
81440,Fumitake,Melski,Senior Engineer
81444,Byong,Denos,Senior Staff
81447,Moni,Renear,Engineer
81449,Arve,Halloran,Senior Staff
81459,Serenella,Reeker,Senior Engineer
81460,Christfried,Angelopoulos,Senior Engineer
81462,Thodoros,Brizzi,Senior Engineer
81465,Shalesh,Angiulli,Senior Engineer
81466,Zejun,Krone,Senior Engineer
81468,Aiman,Bodoff,Senior Engineer
81474,Mori,Cools,Staff
81476,Jiafu,Munos,Senior Staff
81479,Girolamo,Vuskovic,Senior Engineer
81485,Taizo,Terkki,Engineer
81487,Piyush,Vandervoorde,Senior Engineer
81488,Barun,Ratnakar,Staff
81494,Hatsukazu,Litzkow,Technique Leader
81500,Aran,Katzenelson,Senior Staff
81503,Kolar,Rabejac,Senior Engineer
81508,Bokyung,Janocha,Senior Staff
81509,Munehiko,Trachtenberg,Senior Engineer
81510,Mamdouh,Penttonen,Senior Staff
81512,Kenton,Leppanen,Engineer
81517,Xiong,Reutenauer,Senior Staff
81519,Udi,Jumpertz,Senior Staff
81527,Arnd,Bouloucos,Senior Staff
81528,Mikhail,Miara,Senior Engineer
81529,Kien,Koblick,Senior Engineer
81537,Beshir,Pezzoli,Senior Staff
81540,Emran,Manderick,Senior Staff
81543,Jianhui,Ishibashi,Senior Staff
81549,Takahira,Leslie,Senior Engineer
81553,Adin,Fortenbacher,Senior Staff
81556,Teunis,Nilsson,Senior Engineer
81558,Xiaoheng,Varman,Senior Staff
81561,Masadi,Verhaegen,Senior Staff
81564,Martijn,Michaels,Senior Engineer
81568,Jianhui,Uhrig,Engineer
81572,Ingemar,DiGiano,Senior Engineer
81580,Behnaam,Nannarelli,Engineer
81585,Aris,Shumilov,Senior Staff
81587,Mani,Pluym,Senior Engineer
81589,Bernd,Wilfing,Senior Engineer
81591,Gian,Karunanithi,Senior Engineer
81592,Monique,Rehfuss,Senior Staff
81594,Saddek,Spinelli,Technique Leader
81597,Xuejia,Miculan,Senior Engineer
81599,Oldrich,Emmerich,Senior Staff
81603,Suzette,Zuberek,Senior Staff
81610,Abdulah,Stifter,Senior Engineer
81612,Fei,Raoux,Engineer
81620,Udaiprakash,Takkinen,Senior Engineer
81622,Shaunak,Perl,Senior Staff
81623,Honesty,Thimonier,Engineer
81624,Mandell,Ratnaker,Engineer
81625,Irene,Koshino,Staff
81633,Urs,Raczkowsky,Senior Staff
81636,Tomokazu,Koshiba,Senior Staff
81645,Jasminko,Reinhart,Senior Engineer
81648,Jungsoon,Doering,Senior Engineer
81649,Xuedong,Krohn,Senior Staff
81653,Adit,Brobst,Senior Engineer
81656,Turgut,Valette,Engineer
81658,Rosine,Pearson,Senior Engineer
81659,Naftaly,Pramanik,Staff
81660,Arno,Schaap,Senior Staff
81661,Vojin,Honglei,Engineer
81668,Goa,Gronowski,Senior Staff
81672,Kazuhito,Aloia,Engineer
81676,Sham,Wrigley,Senior Staff
81677,Valeri,Heydon,Senior Staff
81678,Valter,Iisaku,Technique Leader
81679,Kenton,Pluym,Engineer
81684,Gad,Stafford,Staff
81688,Steen,Kroon,Senior Staff
81689,Yoshinari,Worfolk,Senior Engineer
81696,Mitchel,Bednarek,Engineer
81706,Maya,Schwartzbauer,Senior Staff
81708,Byong,Kakkar,Senior Engineer
81709,Ziva,Budinsky,Senior Staff
81710,Girolamo,Hennings,Senior Staff
81711,Shridhar,Baumann,Engineer
81712,Arlette,Braunschweig,Staff
81714,Nadjib,Gimbel,Staff
81717,Toney,Anguita,Senior Staff
81718,Koldo,Laurillard,Senior Staff
81726,Yuqun,Kusakabe,Staff
81730,Sergi,DuBourdieux,Senior Staff
81731,Gro,Chachaty,Staff
81732,Hercules,Turnbull,Senior Staff
81734,Ipke,Lalonde,Senior Engineer
81735,Kwok,Koprowski,Senior Engineer
81740,Otilia,Erva,Engineer
81741,Alenka,Harnett,Senior Engineer
81744,KayLiang,Cochrane,Engineer
81745,Fuqing,Veldwijk,Senior Staff
81746,Vincent,Spell,Engineer
81747,Vitali,Tanemo,Staff
81748,Jianhao,Stiles,Engineer
81750,Suzette,Schlegelmilch,Senior Engineer
81751,Ulises,Salinas,Staff
81755,Peer,Beeson,Senior Staff
81763,Youpyo,Dayang,Engineer
81767,Augustine,Matzov,Senior Staff
81773,Nalini,Castellani,Senior Staff
81779,Phillip,Tokunaga,Senior Staff
81785,Patricia,Rando,Senior Staff
81786,Xuedong,Erdmenger,Senior Engineer
81790,Constantino,Lanphier,Senior Engineer
81791,Jixiang,Masand,Senior Staff
81793,Bingning,Zolotykh,Technique Leader
81794,Kenroku,Kaiser,Staff
81796,Jeong,Swab,Senior Staff
81801,Constantino,Jayawardene,Senior Engineer
81805,Gianluca,Bail,Senior Engineer
81806,Janalee,Matzke,Engineer
81808,Lakshmi,Cesareni,Senior Engineer
81810,Baruch,Schaap,Technique Leader
81815,Chaitali,Kuhnemann,Senior Engineer
81816,Guadalupe,Kranzdorf,Senior Staff
81817,Demos,Aloia,Senior Engineer
81818,Deborah,Bridgland,Engineer
81820,Syozo,Merle,Technique Leader
81823,Divier,Junet,Senior Engineer
81825,Xiaoheng,Androutsos,Senior Staff
81827,Huai,Gluchowski,Technique Leader
81832,Woody,Gadepally,Staff
81836,Rayond,Stiles,Technique Leader
81838,Ute,Alpay,Senior Engineer
81839,Leah,Curless,Senior Engineer
81847,Ymte,Figueira,Senior Engineer
81849,Debatosh,Bednarek,Senior Staff
81851,Dante,Heystek,Senior Engineer
81856,Masamitsu,Maierhofer,Senior Staff
81861,Tesuro,Walstra,Senior Engineer
81863,Arunachalam,Scharstein,Engineer
81865,Kiyotoshi,Pileggi,Engineer
81871,Mikhail,Pelz,Senior Staff
81872,Shin,Pashtan,Engineer
81876,Chenye,Shackell,Senior Staff
81877,Fei,Pappas,Engineer
81885,Aamod,Walston,Engineer
81891,Gill,Usery,Staff
81894,Limsoon,Murtagh,Staff
81896,Kwan,Bashian,Senior Engineer
81900,Mario,Bernatsky,Senior Engineer
81906,Diederik,Olano,Staff
81907,Jouko,Merkl,Staff
81916,Lorien,Yavatkar,Staff
81925,Matt,Limongiello,Senior Staff
81928,Moie,Azevdeo,Staff
81930,Jaber,Pellegrinelli,Engineer
81931,Ziya,Lowrie,Engineer
81934,Bilhanan,Riexinger,Engineer
81937,Hironoby,Melichar,Senior Engineer
81939,Boguslaw,Zumaque,Senior Engineer
81940,Ioana,Siksek,Senior Engineer
81942,Parke,Schauser,Engineer
81944,Matk,Valtorta,Senior Staff
81951,Huai,Henders,Senior Staff
81952,Jinya,Brodal,Senior Staff
81959,Otmar,Schade,Senior Staff
81964,Gurbir,Pargaonkar,Senior Staff
81966,Shahid,Avouris,Senior Engineer
81967,Satoru,Dengi,Assistant Engineer
81971,Tristan,Rattan,Senior Staff
81973,Shigenori,Panienski,Senior Staff
81974,Niranjan,Bale,Staff
81980,Nakhoon,Butner,Senior Staff
81981,Weicheng,Welham,Engineer
81985,Candida,Reeken,Technique Leader
81986,Tamiya,Waterhouse,Senior Staff
81988,Lene,Pews,Senior Staff
81991,Mooi,Krogh,Senior Staff
81998,Mari,Iwayama,Senior Staff
81999,Mabhin,Vigier,Senior Staff
82002,King,Farris,Senior Staff
82003,Saeko,Tomescu,Senior Engineer
82007,Kannan,Gniady,Senior Engineer
82008,Rosalie,Kushner,Senior Staff
82013,Divier,Katiyar,Technique Leader
82014,Quingbo,Ariola,Senior Engineer
82017,Demos,Belinskaya,Senior Staff
82018,Basant,Chimia,Senior Staff
82024,Yongqiao,Grospietsch,Senior Engineer
82025,Cristinel,Selenyi,Staff
82027,Henk,Ellozy,Senior Staff
82029,Roded,Snedden,Senior Staff
82035,Miyeon,Greenaway,Senior Staff
82036,Duke,Dolinsky,Senior Staff
82037,Shahar,Streit,Senior Engineer
82038,Zhongwei,Snedden,Senior Engineer
82040,Avishai,Velasco,Senior Engineer
82041,Berna,Sooriamurthi,Staff
82043,Jeane,Pesch,Senior Engineer
82045,Tse,Bolsens,Senior Engineer
82052,Lidong,Rahier,Senior Staff
82057,Spyrose,Fetvedt,Senior Engineer
82059,Satosi,Ecklund,Senior Staff
82060,Arvind,Michaeli,Engineer
82063,Shaunak,Plump,Engineer
82065,Christophe,Anger,Senior Engineer
82066,Masasuke,Birch,Senior Staff
82072,Wilmer,Brookman,Engineer
82080,Tianruo,Iisaku,Technique Leader
82084,Subhankar,Servi,Technique Leader
82088,Remzi,Spelt,Senior Staff
82089,Shuji,Menhoudj,Senior Staff
82091,Jovan,Erez,Staff
82100,Lucian,Melton,Senior Engineer
82101,Yuuichi,Kavraki,Staff
82106,Masaki,Salvesen,Engineer
82107,Gunilla,Heping,Senior Staff
82108,Renee,Gilg,Senior Staff
82110,Vugranam,Gecsel,Senior Staff
82113,Xudong,Oppitz,Engineer
82116,Chiradeep,Shiratori,Senior Engineer
82120,Chenxi,Kaltofen,Technique Leader
82123,Tokuyasu,Dayana,Senior Engineer
82130,Maia,Nergos,Senior Staff
82131,Mayuko,Kulisch,Senior Staff
82136,Sadegh,Azadmanesh,Senior Staff
82137,Panayotis,Thibadeau,Senior Staff
82139,Satoru,Zucker,Senior Engineer
82140,Shem,Peir,Staff
82141,Salvador,Georg,Senior Staff
82144,Marek,Dusink,Senior Staff
82145,Zhongwei,Pagter,Staff
82146,Inderjeet,Cronan,Senior Engineer
82151,Keiichiro,Terekhov,Senior Staff
82152,Doohun,Ferretti,Senior Engineer
82157,Sanjeeva,Kowalchuk,Senior Staff
82162,Shigeo,Kroft,Senior Engineer
82164,Rimon,Staylopatis,Engineer
82171,Dulce,Radivojevic,Senior Engineer
82177,IEEE,Vilarrasa,Senior Engineer
82179,Jouni,Pettit,Staff
82181,Magy,Sethi,Technique Leader
82185,Yinghua,Ossenbruggen,Senior Engineer
82187,Stevo,Marakhovsky,Senior Staff
82194,Geoff,Eastman,Senior Engineer
82195,Guadalupe,Petersohn,Senior Engineer
82197,Make,Guenter,Engineer
82206,Yishay,Majewski,Senior Engineer
82211,Sugwoo,Melter,Senior Engineer
82219,Cordelia,Argence,Senior Engineer
82220,Tristan,Monkewich,Senior Engineer
82221,Dines,Pezzoli,Senior Engineer
82222,Sampalli,Luit,Senior Engineer
82227,Xiaocheng,Sethi,Senior Engineer
82234,Christoper,Woycyznski,Senior Engineer
82237,Shen,Zaccaria,Senior Staff
82243,Gennady,Gonthier,Senior Staff
82252,Kwangyoen,Edelhoff,Senior Engineer
82255,Amabile,Sudbeck,Senior Staff
82256,Jacopo,Henseler,Senior Engineer
82257,Hugo,Linares,Engineer
82258,Jayesh,Zaumen,Engineer
82263,Vishv,Haumacher,Staff
82267,Unal,Nations,Senior Engineer
82270,Becky,Maksimenko,Technique Leader
82273,Vincent,Servi,Staff
82276,Frederique,Genin,Senior Staff
82278,Tomokazu,Murillo,Senior Staff
82281,Reuven,Vuskovic,Engineer
82287,Duri,Suri,Senior Engineer
82290,Manibrata,Hiraishi,Senior Staff
82294,Jamaludin,Lammel,Staff
82295,Manohar,Parfitt,Engineer
82302,Udo,Lung,Staff
82305,Mahmut,Biros,Senior Engineer
82307,Elliott,Sridhar,Engineer
82308,Vishwani,Herber,Staff
82309,Hideyuki,Ramsak,Senior Staff
82310,Jinxi,Panangaden,Senior Engineer
82315,Paris,Apsitis,Engineer
82316,Haldun,Rabehasaina,Senior Engineer
82318,Branimir,Hashii,Senior Staff
82319,Saniya,Eugenio,Senior Staff
82322,Mitsuyuki,Setlzner,Staff
82324,Ashish,Knightly,Staff
82333,Kousuke,Coombs,Engineer
82335,Mansur,Reeken,Senior Engineer
82339,Jeanna,Schrift,Senior Engineer
82341,Naftali,Czap,Engineer
82343,Dzung,Tagansky,Senior Engineer
82349,Tsz,Birjandi,Senior Staff
82350,Nahla,Stifter,Senior Engineer
82354,Badri,Trogemann,Senior Staff
82361,Genta,Schreiter,Senior Staff
82364,Berhard,Conta,Senior Engineer
82367,Miyeon,Halloran,Staff
82369,Sanjoy,Terlouw,Staff
82371,Frederique,Erev,Senior Staff
82372,Yinlin,Magalhaes,Engineer
82373,Lalit,Bellmore,Senior Engineer
82379,Sanjai,Bala,Senior Engineer
82382,Renee,Demke,Engineer
82385,Sanjai,Biran,Staff
82388,Munehiko,Zucker,Senior Engineer
82391,Mayuko,McAffer,Senior Staff
82392,Susuma,Beznosov,Senior Staff
82397,Mart,Peris,Senior Staff
82398,Gladys,Heinisuo,Senior Staff
82399,Turgut,Rouquie,Senior Staff
82401,Fen,Ruemmler,Senior Staff
82403,Aran,Kinley,Senior Engineer
82406,Kenroku,Siepmann,Engineer
82411,Tomokazu,Shackel,Technique Leader
82419,Karoline,Rindone,Senior Engineer
82420,Kiam,Gente,Engineer
82422,Tesuya,Falby,Senior Staff
82423,Mariusz,Attimonelli,Senior Staff
82424,Sibyl,Eterovic,Staff
82432,Christ,Shihab,Senior Engineer
82434,Bojan,Mullainathan,Senior Engineer
82441,Masaki,Brickell,Staff
82443,Vincent,Perry,Senior Engineer
82447,Dhritiman,Munck,Staff
82449,Jinpo,Rajaraman,Staff
82453,Gil,Atchley,Senior Staff
82455,Along,Birge,Engineer
82457,Vidar,Pauthner,Senior Engineer
82458,Barun,Peres,Senior Staff
82460,Claude,Zhang,Senior Engineer
82466,Serge,Brookner,Staff
82467,Xiaopeng,Atchley,Senior Staff
82468,Hatem,Trystram,Senior Staff
82469,Genevieve,Flexer,Senior Staff
82473,Makato,Arlazarov,Staff
82478,Vishwani,Ginneken,Senior Engineer
82486,Arne,Wielonsky,Engineer
82488,Kellyn,Aingworth,Senior Staff
82491,Lalit,Lorho,Engineer
82493,Miquel,Hanabata,Senior Staff
82495,Jahangir,Perly,Staff
82498,Jianwen,Bojadziev,Technique Leader
82501,Patricia,Soloway,Engineer
82513,Ugo,Castellani,Senior Staff
82516,Nitsan,Lichtman,Senior Engineer
82524,Feixiong,Mersereau,Staff
82527,Xiadong,Melski,Senior Engineer
82530,Ioana,Morton,Senior Staff
82534,Vugranam,Tischendorf,Senior Staff
82540,Aleksander,Bratten,Senior Engineer
82541,Honesty,Thiran,Senior Engineer
82543,Adib,Hebert,Staff
82544,Eberhardt,Keirsey,Senior Staff
82549,Moriyoshi,Bharadwaj,Senior Staff
82551,Luise,Ritzmann,Assistant Engineer
82553,Barry,Georgakopoulos,Staff
82555,Fabrizio,Kavraki,Senior Engineer
82556,Gina,Capobianchi,Senior Engineer
82557,Cheong,McClure,Technique Leader
82558,Munehiko,Hofstetter,Senior Staff
82566,Mary,Portugali,Senior Engineer
82568,Giri,Flanders,Senior Staff
82571,Padma,Argence,Senior Engineer
82572,Moie,Brattka,Senior Staff
82573,Genevieve,Berendt,Staff
82580,Yuchang,Erde,Technique Leader
82585,Berry,Bodoff,Senior Staff
82589,Mingzeng,Picaronny,Senior Staff
82591,Ugo,Lampe,Senior Engineer
82594,Qingxiang,Hartvigsen,Technique Leader
82595,Valdiodio,Zeleznik,Senior Staff
82598,Palash,Chenoweth,Senior Engineer
82599,Yefim,Conta,Assistant Engineer
82601,Munehiko,Nitto,Senior Engineer
82604,Goncalo,Hertweck,Staff
82607,Miquel,Ozeki,Senior Staff
82608,Djenana,Slobodova,Senior Staff
82609,Kazuhide,Marzano,Senior Staff
82613,Elrique,Roisin,Technique Leader
82614,Hiroyasu,Segond,Senior Staff
82624,Yishay,Lindenbaum,Engineer
82626,Adit,Reeken,Senior Engineer
82631,Shunichi,Bugrara,Staff
82634,Volkmar,Plesums,Technique Leader
82644,Kellyn,Pleszkun,Senior Engineer
82646,Shugo,Plump,Senior Engineer
82648,Persi,Azuma,Engineer
82651,Mohit,Velardi,Staff
82652,Woody,Takanami,Staff
82655,Baziley,McFarlin,Assistant Engineer
82656,Cordelia,Rassart,Engineer
82659,Xiping,Schmittgen,Engineer
82663,Doowon,Baaz,Senior Staff
82667,Phillip,Panwar,Staff
82668,Feipei,Menhardt,Senior Staff
82669,Froduald,Welham,Senior Staff
82670,Guttorm,Nyanchama,Senior Engineer
82672,Nectarios,Baez,Engineer
82673,Uta,Hettesheimer,Senior Engineer
82674,Mariusz,Rikino,Senior Staff
82675,Morrie,Chaudhury,Engineer
82677,Adil,Decaestecker,Staff
82678,Poorav,Haldar,Senior Engineer
82680,Ymte,Gyimothy,Engineer
82683,Pantung,Dayang,Senior Staff
82685,Taizo,Zockler,Senior Staff
82686,Dung,Mersereau,Staff
82687,Tesuya,Bernick,Engineer
82689,Zijian,Crouzet,Senior Engineer
82691,Krassimir,Chenney,Staff
82698,Shaz,Lipner,Staff
82700,Alagu,Schiper,Senior Engineer
82704,Marla,Lunn,Senior Engineer
82705,Ingmar,Ladret,Senior Staff
82706,Saniya,Syrzycki,Staff
82708,Rajmohan,Basagni,Senior Staff
82717,Maia,Meriste,Senior Staff
82721,Arvind,Showalter,Senior Staff
82723,Maya,Azumi,Engineer
82726,Sedat,Prampolini,Senior Engineer
82729,Annemarie,Georgatos,Senior Staff
82737,Kien,Mamelak,Technique Leader
82746,Shen,Stamatiou,Technique Leader
82747,Kankanahalli,Danlos,Engineer
82751,Nirmal,Haumacher,Senior Engineer
82754,Cheong,Ranai,Senior Staff
82755,Takahira,Barriga,Staff
82760,Weiwu,Dulay,Senior Engineer
82761,Mabry,Underwood,Senior Staff
82764,Fumiko,Strehl,Senior Staff
82772,Fuqing,Vanwelkenhuysen,Senior Staff
82774,Aral,Maierhofer,Senior Staff
82780,Ibibia,Willoner,Engineer
82782,Tesuro,Weisert,Staff
82784,Zhigen,Papsdorf,Senior Staff
82796,Bilhanan,Verhaegen,Staff
82803,Duri,Waterhouse,Engineer
82806,Xiong,Bahk,Staff
82808,Sumant,Reinhart,Senior Engineer
82812,Heather,Morrey,Senior Engineer
82815,Alper,Ranum,Senior Engineer
82816,Tooru,Naumovich,Staff
82821,Bokyung,Cappelletti,Senior Engineer
82823,Geraldo,Alvarado,Senior Engineer
82824,Gopalakrishnan,Wiegley,Technique Leader
82828,Martien,Maierhofer,Senior Staff
82829,Mitsuyuki,Pagter,Staff
82830,Shaw,Munos,Senior Staff
82831,Bader,Melski,Senior Staff
82832,Minghong,Picco,Senior Staff
82833,Eben,Lemarechal,Engineer
82834,Kersti,Lieblein,Senior Engineer
82835,Jaber,Dredge,Senior Engineer
82840,Toshimori,Legleitner,Senior Staff
82848,Snehasis,Smeets,Engineer
82849,Makato,VanScheik,Senior Staff
82850,Woody,Puoti,Senior Engineer
82856,Hidefumi,Erez,Senior Engineer
82857,Arvin,Vidya,Staff
82858,TRUE,Taubman,Senior Staff
82859,Erez,Gluchowski,Senior Engineer
82862,Christfried,Ligten,Senior Engineer
82866,Sampalli,Morrow,Staff
82870,Xinyu,Vrecion,Senior Staff
82875,Domenick,Terekhov,Senior Staff
82882,Stamatina,Cronin,Technique Leader
82886,Rayond,Pettis,Senior Engineer
82889,Arif,Farrag,Staff
82893,Junsik,Unni,Senior Staff
82895,Ramya,Peck,Senior Engineer
82898,Ziyad,Kawashima,Senior Staff
82901,Susanna,Spieker,Engineer
82905,Domenick,Luks,Senior Engineer
82906,Kristinn,Schwartzburd,Senior Staff
82908,Mitsuyuki,Raoux,Staff
82911,Irena,Bierman,Staff
82913,Luerbio,Gammage,Senior Engineer
82914,Tadahiko,Kulisch,Senior Engineer
82915,Geoffrey,Ressouche,Senior Staff
82926,Yinghua,Kandlur,Staff
82927,Gudjon,Yemenis,Senior Engineer
82930,Pramod,Denna,Staff
82934,Naftaly,Tsunoo,Senior Engineer
82936,Pintsang,Uludag,Senior Staff
82944,Alois,Gomatam,Technique Leader
82946,Khaled,Ratnakar,Senior Engineer
82947,Yolla,Fordan,Engineer
82952,Goetz,Crouzet,Senior Staff
82956,Sudhanshu,Sundgren,Senior Staff
82961,Kendra,McClure,Staff
82962,Kristof,Pluym,Senior Staff
82966,Renny,Crooks,Senior Engineer
82967,Mountaz,Quadeer,Senior Staff
82970,Qiwen,Servieres,Senior Staff
82979,Magdalena,Yeung,Technique Leader
82981,Fayez,Mitina,Senior Engineer
82982,Toshimori,Madeira,Senior Engineer
82985,Caolyn,Usdin,Staff
82986,Fumiko,Cools,Staff
82992,Jixiang,Marwedel,Senior Engineer
82996,Shahab,Ramras,Senior Engineer
82997,Ramachenga,Zlotek,Assistant Engineer
82998,Mary,Linares,Senior Staff
83000,Apostol,Talmor,Senior Engineer
83004,Sumant,Zockler,Staff
83006,Miyeon,Pelz,Senior Staff
83007,Zengping,Tsukuda,Engineer
83008,Arlette,Wegerle,Staff
83009,Francesca,Gerteisen,Senior Staff
83012,Jianhua,Fetvedt,Senior Engineer
83018,Ohad,Kitsuregawa,Senior Engineer
83019,Keiichiro,Ozery,Senior Staff
83021,Mohan,Godskesen,Senior Engineer
83023,Kensei,McDermid,Senior Staff
83028,Erzsebet,Leuchs,Engineer
83031,Jaber,Dratva,Technique Leader
83032,Baruch,Junet,Senior Engineer
83035,Mart,Lamparter,Technique Leader
83037,Anneke,Matteis,Senior Engineer
83039,Yonghong,Facello,Senior Staff
83043,Spyrose,Janocha,Engineer
83044,Harngdar,Schlenzig,Staff
83049,Susanne,Poehlman,Senior Engineer
83052,Henk,Whitcomb,Engineer
83053,Kotesh,Bakhtari,Staff
83055,Kwun,Luon,Staff
83056,Muneo,Pesch,Senior Engineer
83057,Niteen,Passafiume,Senior Staff
83060,Kinh,Harnett,Technique Leader
83066,Sudharsan,Lamba,Senior Staff
83068,Cristinel,Kawashima,Senior Engineer
83070,Hisao,Whittlesey,Senior Staff
83071,Nidapan,Ranft,Senior Staff
83083,Atilio,Dolinsky,Senior Staff
83084,Divier,Argence,Engineer
83092,Bernt,Kranzdorf,Senior Engineer
83106,Limsoon,Wossner,Senior Engineer
83114,Vesna,Perelgut,Staff
83123,Aemilian,Randt,Staff
83125,Frederique,Staudhammer,Senior Engineer
83126,Marla,Khamsi,Senior Engineer
83128,Goh,Liedekerke,Staff
83131,Guoxiang,Falco,Senior Staff
83134,Mayuri,Rosis,Senior Staff
83135,Elrique,Shigei,Senior Staff
83136,Debatosh,Slaats,Senior Engineer
83138,Frazer,Yeung,Senior Engineer
83142,Yuguang,Plavsic,Staff
83143,Luisa,Krupka,Senior Engineer
83144,Kwun,Sooriamurthi,Senior Staff
83146,Matt,Nitta,Senior Engineer
83157,Ingmar,Zeilberger,Senior Engineer
83158,Teruyuki,Cullers,Senior Engineer
83167,Nagui,Chachaty,Senior Staff
83168,Yechiam,Danner,Senior Staff
83169,Tsz,Buescher,Staff
83175,Itzchak,Reeker,Senior Staff
83178,Jamaludin,Fujisawa,Engineer
83179,Jaques,Ermel,Senior Staff
83184,Menkae,Plump,Engineer
83189,Kristian,Birrer,Senior Engineer
83194,Vidar,Bridgland,Senior Staff
83195,Douadi,Thebaut,Senior Staff
83197,Parviz,Sanella,Senior Staff
83199,Kellyn,Schurmann,Staff
83204,Pranav,Hennebert,Senior Staff
83210,Seongbae,Zockler,Senior Engineer
83213,Charlene,Bakhtari,Senior Staff
83218,Adam,Syrzycki,Senior Engineer
83220,Heather,Gerteisen,Senior Staff
83229,Bingning,Sudbeck,Staff
83230,Jaana,Lammel,Senior Engineer
83231,Mandell,Karcich,Senior Engineer
83232,Satyanarayana,Chimia,Senior Engineer
83233,Kerryn,Giarratana,Engineer
83236,Leah,Georg,Senior Staff
83238,Masako,Schwaller,Staff
83241,Patricio,Schlumberger,Senior Engineer
83242,Suebskul,Chenney,Senior Staff
83244,Constantine,Hiroyama,Senior Staff
83251,Duangkaew,Itzigehl,Staff
83259,Kristin,Felder,Senior Staff
83260,Premsyl,Markovitch,Senior Staff
83261,Matk,Winter,Senior Staff
83265,Dannz,Sanella,Engineer
83268,Sailaja,Rikino,Engineer
83273,Berna,Sidhu,Staff
83275,Izaskun,Besselaar,Senior Engineer
83279,Syozo,Beeson,Engineer
83284,Genta,Ghalwash,Senior Engineer
83286,King,Perfilyeva,Senior Engineer
83288,Kwangsub,Haraldson,Engineer
83294,Gudjon,Petersohn,Technique Leader
83296,Pascal,Lorin,Technique Leader
83298,Arvin,Poulakidas,Senior Engineer
83299,Fei,Bellone,Senior Engineer
83301,Kish,Linares,Senior Staff
83304,Lenore,Pocchiola,Senior Staff
83305,Chanjung,Stanfel,Engineer
83310,Tsvetan,Valette,Senior Engineer
83316,Sukumar,Dengi,Senior Staff
83320,Kenroku,Rattan,Engineer
83322,Yahiko,Delgrange,Technique Leader
83324,Mang,Zeleznik,Senior Engineer
83325,Taisook,Cochrane,Senior Staff
83326,Rajmohan,Schlegelmilch,Senior Engineer
83328,Ute,Demri,Senior Engineer
83334,Arno,Thebaut,Senior Staff
83336,Ewing,Zongker,Staff
83337,Shuichi,Schrift,Staff
83338,Adas,Decleir,Senior Engineer
83341,Marsal,Flanders,Senior Engineer
83342,King,Piancastelli,Engineer
83348,Bokyung,Kuszyk,Senior Engineer
83350,Nakhoon,Strooper,Assistant Engineer
83354,Doowon,Czaja,Senior Staff
83356,Vishwani,Begiun,Senior Engineer
83369,Keiichiro,Plesums,Senior Staff
83375,Anestis,Kenevan,Assistant Engineer
83381,Dietrich,Borovoy,Senior Engineer
83382,Tiina,Siepmann,Senior Engineer
83385,Berry,Falco,Senior Staff
83389,Maia,Diderrich,Senior Engineer
83392,Evgueni,Junet,Senior Engineer
83397,Kazuhira,Remmers,Staff
83400,Lene,Brobst,Senior Staff
83408,Brewster,Pettey,Senior Engineer
83410,Pantung,Marrakchi,Senior Staff
83411,Tonny,Swiss,Senior Staff
83419,Nectarios,DiGiano,Senior Engineer
83422,Reinhard,Poupard,Assistant Engineer
83424,Shigeu,Peha,Engineer
83432,Sedat,Belinskaya,Senior Engineer
83435,Morris,Fargier,Staff
83436,Ult,Serdy,Assistant Engineer
83441,Marsal,Ponthieu,Staff
83443,Shigeu,Nooteboom,Senior Engineer
83447,Minghong,Trystram,Senior Engineer
83448,Heping,Polajnar,Senior Staff
83453,Rutger,Aloia,Engineer
83468,Charlene,Beilner,Staff
83470,Marsal,Papsdorf,Technique Leader
83476,Steve,Porenta,Senior Staff
83477,Jayson,Frijda,Engineer
83478,Goa,Budinsky,Senior Staff
83481,Munir,Braccini,Senior Engineer
83488,Uzi,Gente,Assistant Engineer
83491,Karsten,Pena,Engineer
83493,Oksana,Danlos,Senior Engineer
83503,Isaac,Hiraishi,Technique Leader
83506,Mohamadou,Lamma,Senior Engineer
83507,Shugo,Chimia,Senior Staff
83512,Dinkar,Heuser,Senior Staff
83515,Fay,Collavizza,Senior Engineer
83519,Heather,Uhrig,Senior Staff
83522,Wanqing,Cooman,Senior Staff
83525,Xianlong,Kolvik,Senior Engineer
83531,DAIDA,Pezzoli,Senior Staff
83534,Xiadong,Homond,Senior Engineer
83537,Mang,Masada,Senior Engineer
83540,Rafail,Andreotta,Technique Leader
83546,Maha,Kawashimo,Senior Engineer
83547,Uma,Ponthieu,Senior Staff
83551,Aral,Pashtan,Engineer
83552,Mana,Zlotek,Engineer
83555,Yongqiao,Berendt,Senior Engineer
83557,Elvis,Candan,Engineer
83559,Mircea,Schmittgen,Engineer
83560,Alagu,Einsfeld,Engineer
83563,Christ,Porenta,Senior Engineer
83564,Maha,Bahr,Senior Engineer
83565,Nevio,Beidas,Senior Staff
83566,Subir,Lipner,Senior Staff
83569,Jiafu,Peroz,Senior Engineer
83571,Kensei,Mawatari,Senior Engineer
83573,Slavian,Thummel,Senior Engineer
83574,Gonzalo,Masamoto,Senior Staff
83576,Mayumi,Cronan,Senior Engineer
83579,Giordano,Caine,Senior Engineer
83580,Leandro,Luit,Senior Engineer
83582,Moie,Serna,Engineer
83583,Guadalupe,Sethi,Senior Staff
83584,Bojan,Weiland,Senior Engineer
83585,Susuma,Himler,Senior Engineer
83589,Sorina,Streng,Senior Engineer
83592,Georgy,Baek,Senior Engineer
83595,Divine,Koshino,Senior Engineer
83597,Sajjan,Llado,Senior Staff
83598,Cullen,Wynblatt,Senior Staff
83600,Muzhong,Mayerwieser,Senior Engineer
83603,Shuichi,Wroclawski,Engineer
83605,Persi,Fordan,Engineer
83609,Faiza,Kolvik,Staff
83612,Branimir,Veevers,Senior Staff
83614,Takanari,Schach,Senior Engineer
83615,Niranjan,Aumann,Staff
83619,Ipke,Daescu,Senior Engineer
83620,Fumiya,Sanella,Senior Staff
83626,Reuven,Maccarone,Technique Leader
83629,Tamiya,Fabrizio,Senior Engineer
83630,Mark,Magalhaes,Engineer
83634,Danae,Randi,Senior Staff
83641,Aimee,Luders,Senior Staff
83643,Jinxi,Tsukune,Engineer
83649,Joydip,Soloway,Assistant Engineer
83650,Mariangiola,Raoux,Senior Engineer
83655,Qiwen,Kinley,Engineer
83658,Nathan,Reistad,Senior Staff
83661,Lobel,Rabehasaina,Senior Engineer
83662,Heng,Rajcani,Senior Engineer
83663,Sachin,Uhrig,Engineer
83665,Horward,Knightly,Staff
83668,Irena,Llado,Senior Engineer
83669,Kasidit,Zlotek,Senior Engineer
83673,Chanjung,Rosin,Senior Engineer
83679,Bowen,Zyda,Senior Staff
83680,Jaques,Antonakopoulos,Senior Staff
83689,Takahito,Michaeli,Staff
83691,Siamak,Luga,Engineer
83695,Susanna,Kavvadias,Staff
83696,Satosi,Passafiume,Senior Staff
83698,Adib,Krohn,Senior Staff
83699,Fayez,Luby,Senior Staff
83702,Hirochika,Parascandalo,Staff
83705,Sugwoo,Standera,Senior Engineer
83706,Tsz,Shumilov,Engineer
83712,Adas,Cummings,Senior Engineer
83715,Zeydy,Steinauer,Engineer
83725,Abdulah,Asmuth,Senior Engineer
83726,Premsyl,Chiola,Staff
83730,Dharmaraja,Lorie,Senior Staff
83735,Uinam,Rajaraman,Senior Engineer
83736,Kristina,Ruther,Staff
83745,Odoardo,Mitzlaff,Technique Leader
83747,Kristine,Schwabacher,Senior Staff
83748,Hyuncheol,Molberg,Engineer
83750,Zsolt,Gulik,Engineer
83751,Sumant,Eppinger,Engineer
83752,Sariel,Cooman,Senior Engineer
83753,Sachar,Liedekerke,Engineer
83756,Constantijn,Esposito,Senior Engineer
83757,Radhia,Zielinski,Senior Engineer
83759,Tsvetan,Puoti,Senior Staff
83762,Odinaldo,Kranzdorf,Senior Engineer
83763,Caolyn,Casperson,Senior Engineer
83768,Mark,Ariola,Senior Staff
83769,Yuichiro,Scallan,Senior Staff
83772,Remco,Schapire,Engineer
83776,Irene,Onuegbe,Senior Staff
83778,Premsyl,Nitto,Senior Staff
83783,Mayuri,Baranowski,Senior Staff
83787,Xuejia,Lanzelotte,Senior Staff
83790,Huiqun,DuCasse,Senior Engineer
83792,Otmar,Nishimukai,Senior Staff
83797,Kazuhisa,Fontan,Senior Staff
83798,Shigeo,Kropp,Senior Engineer
83800,Tamiya,Wroclawski,Senior Staff
83801,Domenico,Schueller,Senior Staff
83803,Weiwu,Bael,Staff
83804,Iara,Kragelund,Senior Engineer
83806,Froduald,Kumaresan,Senior Engineer
83808,Danel,Setiz,Senior Staff
83812,Leen,Salvesen,Senior Engineer
83819,Toong,Rajcani,Staff
83822,Menkae,Haddadi,Senior Engineer
83824,Shin,Ananiadou,Senior Engineer
83826,Xiaoqiu,Schneeberger,Engineer
83829,Cristinel,Zielinski,Senior Staff
83831,Christoph,Merro,Staff
83835,Karoline,Alameldin,Senior Engineer
83838,Hideo,Sanella,Engineer
83839,Hitomi,Clouatre,Senior Engineer
83843,Hiroyasu,Deyuan,Assistant Engineer
83844,Erzsebet,Hertweck,Engineer
83845,Franziska,Chleq,Senior Staff
83847,Ramalingam,Terkki,Senior Staff
83849,Shaleah,Schwartzburd,Senior Engineer
83850,Mooi,Bugaenko,Senior Staff
83854,Uta,Mitina,Engineer
83855,Sadegh,Nyrup,Staff
83856,Udi,Ernst,Senior Staff
83858,Gregory,Matzke,Engineer
83862,Lech,Muniz,Senior Engineer
83863,Duri,Dengi,Senior Staff
83871,Shaleah,Birch,Senior Engineer
83873,Jaihie,Bednarek,Senior Staff
83875,Neelam,Herber,Senior Staff
83879,Irena,Georg,Senior Engineer
83881,Gino,Michaels,Engineer
83887,Doohun,Ciolek,Senior Staff
83891,Gopalakrishnan,Falster,Senior Staff
83894,Manibrata,Passino,Senior Engineer
83895,Hyuncheol,Pettey,Technique Leader
83898,Erzsebet,England,Technique Leader
83905,Alejandra,Savasere,Senior Staff
83908,Martina,Lamma,Senior Engineer
83910,Zdislav,Flexer,Technique Leader
83913,Xuejia,Mitsuhashi,Senior Engineer
83920,Irena,Schurmann,Staff
83923,Bedir,Garnham,Engineer
83927,Gladys,Kobara,Senior Engineer
83928,Paraskevi,Apsitis,Senior Staff
83932,Yinlin,Gils,Senior Engineer
83934,Mabhin,Edelhoff,Senior Engineer
83935,Mohammad,Miake,Technique Leader
83937,Lunjin,Munro,Engineer
83944,Tokuyasu,Zeilberger,Staff
83945,Geoffrey,Dengi,Engineer
83947,Lucien,Usdin,Senior Engineer
83949,Tomokazu,Biran,Engineer
83957,Odysseas,Olivero,Assistant Engineer
83963,Rosella,Navazio,Staff
83968,Giap,Rando,Senior Engineer
83969,Kristin,Sabnani,Senior Engineer
83971,Ramzi,Flanders,Senior Staff
83977,Masali,Yetim,Senior Staff
83980,Zhigen,Vrecion,Senior Engineer
83984,Mingsen,Pluym,Staff
83986,Danae,Cusworth,Senior Staff
83988,Georg,Kruskal,Senior Staff
83989,Masaki,Kalorkoti,Senior Engineer
83993,Chaitali,Baby,Senior Staff
83994,Danae,Hanabata,Senior Staff
83996,Fumitaka,Gils,Senior Staff
84000,Val,Antonakopoulos,Senior Engineer
84001,Badri,Facello,Senior Engineer
84009,Ashish,Bazzichi,Engineer
84010,Manibrata,Argence,Staff
84012,Marko,Salvesen,Engineer
84014,Vishu,Suermann,Senior Engineer
84015,Ronghao,Kusalik,Senior Engineer
84021,Parviz,Bierbaum,Senior Staff
84022,Tianruo,Parhami,Engineer
84025,Ugo,Ariola,Technique Leader
84026,Moti,Bugaenko,Senior Engineer
84030,Fun,Vitiello,Technique Leader
84038,Tiina,Zirintsis,Senior Staff
84040,Vasilis,Uchoa,Senior Staff
84042,Gita,Maraist,Senior Staff
84044,Abdelwaheb,Baba,Engineer
84048,Lillian,Portugali,Technique Leader
84051,Kirk,Taubman,Staff
84053,Takahito,Heydon,Technique Leader
84054,Vatsa,Karnin,Senior Staff
84057,Zorica,Jervis,Engineer
84058,Huai,Rajcani,Senior Engineer
84059,Lidong,Hofting,Senior Engineer
84061,Khaled,Gopalakrishnan,Senior Staff
84062,Shuichi,Comyn,Senior Engineer
84066,Jianhui,Thambidurai,Senior Engineer
84070,Martins,Vuskovic,Staff
84071,Boriana,Leivant,Staff
84072,Keiichiro,Makinen,Senior Engineer
84074,Denny,Marshall,Staff
84093,Masamitsu,Cronau,Engineer
84095,Ziyad,Boudaillier,Senior Staff
84097,Constantino,Bahl,Senior Staff
84098,Shalesh,Merle,Senior Staff
84104,Ekawit,Erez,Engineer
84111,Shir,Serov,Engineer
84114,Gaetan,Naudin,Senior Engineer
84115,Arvind,Rosaz,Engineer
84117,Flemming,Zirintsis,Staff
84120,Tua,Bednarek,Senior Engineer
84121,Domenick,Erni,Staff
84133,Remko,Lukaszewicz,Staff
84135,Heejo,Marrakchi,Senior Staff
84137,Genevieve,Baik,Senior Staff
84138,Jovan,Maginnis,Senior Engineer
84139,Fabrizio,Walston,Engineer
84144,Radhia,Wursthorn,Senior Staff
84145,Marl,Genin,Senior Staff
84146,Xiaoqiu,Vecchio,Engineer
84151,Shmuel,Negoita,Senior Staff
84156,Bouchung,Hartvigsen,Engineer
84159,Sreekrishna,Farrag,Engineer
84160,Jaideep,Sherertz,Staff
84164,Arunachalam,Matzel,Staff
84167,Sushant,Brookner,Senior Staff
84172,Sanjeeva,Ozeki,Senior Staff
84184,Chuanyi,Castellani,Senior Staff
84185,Yuchang,Iisaku,Engineer
84188,Serenella,Holburn,Senior Engineer
84196,Anestis,Siegrist,Senior Engineer
84202,Atreye,Serre,Senior Engineer
84203,Kristine,Sanella,Senior Staff
84205,Hironobu,Mandell,Senior Engineer
84212,Aiichiro,Bolsens,Senior Engineer
84213,Snehasis,Herath,Senior Staff
84214,Van,Chaudhuri,Engineer
84218,Dharmaraja,Ginesta,Staff
84219,DeForest,Vuskovic,Senior Staff
84223,Breannda,Boguraev,Senior Staff
84242,Tremaine,Panienski,Senior Staff
84245,Heather,Iisaka,Senior Engineer
84250,Tetsushi,Perna,Senior Staff
84255,Ramalingam,Nations,Senior Staff
84260,Gunilla,Boreale,Technique Leader
84263,Jackson,Henseler,Senior Staff
84268,Kazuhira,Belinskaya,Senior Engineer
84271,Yuichiro,Ramalingam,Senior Staff
84273,Arup,Birnbaum,Engineer
84278,Olivera,Farrel,Senior Engineer
84282,Saddek,Mateescu,Engineer
84283,Gal,Slaats,Engineer
84285,Jaroslava,Velardi,Senior Staff
84292,Leaf,Luff,Senior Engineer
84295,Hercules,Himler,Engineer
84298,Baruch,Roohalamini,Senior Staff
84303,Aimee,Ferriere,Senior Engineer
84304,Weijing,Camarinopoulos,Senior Staff
84305,Minghong,Kalloufi,Senior Engineer
84308,Panayotis,Lambe,Engineer
84309,Jayson,Tramer,Senior Staff
84317,Shimshon,Alpin,Senior Engineer
84318,Shin,Lally,Senior Staff
84320,Arve,Koyama,Staff
84322,Berto,Gide,Engineer
84324,Yongmao,Salinas,Staff
84326,Teiji,Akaboshi,Senior Engineer
84328,Sudhanshu,Seghrouchni,Senior Engineer
84331,Ziyad,Rousseau,Staff
84333,Koldo,Siksek,Senior Engineer
84334,Zdislav,Emden,Senior Staff
84335,Bernice,Dayang,Senior Engineer
84337,Zvonko,Ligten,Senior Staff
84340,Moriyoshi,Granlund,Senior Staff
84350,Tesuro,Lorch,Engineer
84353,Genta,Pesch,Staff
84361,Zijian,Boudaillier,Engineer
84362,JoAnne,Maccarone,Technique Leader
84364,Kazuyasu,Kulisch,Senior Staff
84366,Radhika,Perry,Senior Engineer
84370,Fei,Reghbati,Senior Staff
84373,Yongmao,Dengi,Assistant Engineer
84374,Karsten,Choobineh,Staff
84377,Karoline,Nivat,Senior Engineer
84382,Harjit,Wallrath,Senior Engineer
84383,Samphel,Eickenmeyer,Senior Engineer
84385,Ortrun,Segond,Staff
84388,Chikako,Sifakis,Engineer
84393,Marke,Yemenis,Senior Staff
84394,Kersti,Beznosov,Engineer
84399,Sachem,Munawer,Staff
84407,Chaoyi,Plessier,Senior Staff
84408,Itzchak,Kruskal,Senior Staff
84409,Malu,Bierman,Senior Staff
84412,Somnath,Delgrande,Senior Staff
84415,Sanjoy,Budinsky,Senior Engineer
84416,Satosi,Lanphier,Senior Staff
84419,Hailing,Foote,Senior Engineer
84421,Lokesh,Schaar,Senior Engineer
84425,Arno,Vidya,Technique Leader
84427,IEEE,Valiente,Senior Engineer
84429,Chinhyun,Oberman,Senior Engineer
84432,Stein,Danecki,Engineer
84437,Salvador,Emmart,Senior Engineer
84446,Geoffry,Birsak,Senior Engineer
84447,Sachin,Ossenbruggen,Staff
84458,Toshiko,Molenkamp,Engineer
84459,Amalendu,Barreiro,Engineer
84467,Hilari,Ramras,Senior Staff
84468,Along,Kirkerud,Senior Staff
84475,Kien,Erni,Assistant Engineer
84481,Maren,Sooriamurthi,Senior Engineer
84487,Apostol,Hashii,Senior Engineer
84501,Khatoun,Chaudhuri,Engineer
84502,Murthy,Tomescu,Engineer
84506,Michaela,Pfau,Engineer
84510,Matt,Leaver,Technique Leader
84511,Mostafa,Wendorf,Technique Leader
84517,Krassimir,Keohane,Senior Staff
84519,Nikolaos,Picco,Senior Engineer
84520,Shahar,Leijenhorst,Technique Leader
84525,Vugranam,Schwartzbauer,Senior Engineer
84529,Luisa,Kugler,Staff
84530,Marsal,Jansen,Engineer
84533,Yurii,Baalen,Senior Engineer
84539,Jiann,Nanard,Senior Engineer
84544,Nigel,Ermel,Engineer
84546,Gregory,DeMori,Engineer
84547,Subhankar,Lanzelotte,Engineer
84549,Remco,Morrin,Senior Engineer
84552,Pramod,Sidou,Engineer
84553,Ekawit,Lamparter,Senior Engineer
84563,Susanne,Koshino,Senior Staff
84568,Denny,Peltason,Senior Engineer
84570,Patricio,Asrin,Staff
84574,Sachio,Kaltofen,Senior Engineer
84578,Shigeaki,Chorvat,Senior Staff
84579,Frederique,Montemayor,Senior Staff
84580,Serenella,Dulli,Engineer
84582,Huican,Loncour,Engineer
84585,Shen,Eppinger,Senior Engineer
84587,Sangeeta,Bressoud,Senior Engineer
84588,Uinam,Babu,Senior Staff
84591,Toshimo,Haddadi,Senior Staff
84592,Xinglin,Ressouche,Senior Engineer
84595,Xiaopeng,Christianini,Senior Staff
84596,Poornachandra,Picht,Technique Leader
84599,Yolla,Ranst,Senior Staff
84600,Sham,Chachaty,Senior Engineer
84603,Serge,Chartres,Staff
84606,Gully,Kawashimo,Senior Engineer
84608,Ung,Przulj,Senior Engineer
84611,Uli,Lichtner,Senior Engineer
84612,Krisda,Backhouse,Staff
84617,Mohan,Delgrande,Senior Engineer
84621,Weiye,Ducloy,Senior Staff
84626,Yonghong,Pena,Engineer
84628,Tsvetan,Anick,Engineer
84629,Heon,Kaltofen,Senior Staff
84635,Arno,Siegrist,Senior Staff
84639,Prasadram,Marletta,Senior Engineer
84641,Gaurav,Demri,Staff
84648,Piyush,Siepmann,Staff
84649,Ennio,Muniz,Senior Staff
84652,Hatim,Ertl,Engineer
84656,Danai,Lubachevsky,Senior Engineer
84662,Sanjeeva,Kalafatis,Senior Staff
84671,Lenore,Dalphin,Senior Engineer
84672,Mihalis,Lamparter,Senior Staff
84673,Volkmar,Barbanera,Engineer
84679,Nahla,Chvatal,Staff
84680,Takahira,Pettey,Engineer
84684,Frederique,Zumaque,Staff
84685,Alejandra,Jullig,Senior Engineer
84686,Rosli,Vieri,Senior Engineer
84693,Owen,Rikino,Staff
84707,Odinaldo,Ushiama,Senior Engineer
84711,Tetsurou,Back,Engineer
84712,Bodo,Vadhan,Senior Staff
84714,Tonny,Shiratori,Senior Staff
84715,Filipp,Reistad,Senior Engineer
84716,Aksel,Keustermans,Engineer
84720,Akemi,Champarnaud,Senior Staff
84722,Hercules,Slutz,Senior Engineer
84725,Zejun,Boyle,Senior Engineer
84726,Niranjan,Hettesheimer,Senior Engineer
84728,Paloma,Whitcomb,Senior Staff
84734,Khedija,Kadhim,Senior Engineer
84743,Juichirou,Picaronny,Assistant Engineer
84744,Kiam,Usdin,Senior Staff
84747,Yoshinari,Felcyn,Senior Staff
84748,Jianhao,Crelier,Engineer
84751,Erez,Bakhtari,Senior Staff
84754,Sergi,Pelz,Engineer
84758,Toong,Usery,Senior Engineer
84760,Takushi,Callaway,Senior Engineer
84762,Visit,Asrin,Senior Staff
84765,Yannis,Kleiser,Senior Engineer
84770,Fen,Baezner,Staff
84773,Naraig,Frolund,Senior Engineer
84777,Mantis,Gopalakrishnan,Engineer
84791,Guoxiang,Ritcey,Senior Engineer
84797,Tadanori,Baig,Technique Leader
84809,Hironoby,Zobel,Senior Engineer
84821,Magy,Vieri,Senior Staff
84827,Moheb,Schmittgen,Engineer
84832,Zsolt,Piancastelli,Engineer
84833,Ebru,Openshaw,Senior Staff
84835,Martial,Kulisch,Senior Staff
84837,Abdelkader,Chandrasekhar,Senior Staff
84838,Jiafu,Binkley,Senior Staff
84844,Goo,Oppitz,Engineer
84848,Limsoon,Ullian,Senior Engineer
84849,Kenroku,Carrera,Senior Engineer
84854,Renee,Ertl,Senior Staff
84859,Hitofumi,Schicker,Staff
84860,Paris,Angot,Senior Engineer
84867,Almudena,Mullainathan,Senior Staff
84883,Vishv,Khalil,Senior Staff
84898,Kish,Plotkin,Senior Staff
84901,Lucien,Peak,Staff
84904,Gladys,Aamodt,Senior Engineer
84907,Miomir,Smailagic,Senior Staff
84910,Kaijung,Mondadori,Senior Staff
84911,Moheb,Birdsall,Staff
84916,Saddek,Jiafu,Senior Staff
84917,Rafael,Fetvedt,Engineer
84918,Conor,Pappas,Senior Engineer
84919,Huican,Validov,Senior Engineer
84926,Abdelwaheb,Barbanera,Senior Staff
84930,Margareta,Engelmann,Senior Engineer
84931,Basem,Sommer,Senior Staff
84932,Barun,Klassen,Senior Staff
84933,Sailaja,Plessier,Senior Engineer
84943,Hugo,Benantar,Senior Engineer
84944,Arto,Angiulli,Engineer
84945,DeForest,Hinsberger,Senior Staff
84947,Sasan,Auyong,Senior Engineer
84961,Goetz,Conry,Senior Staff
84966,Jaroslava,Aingworth,Senior Engineer
84970,Xiping,Bahk,Senior Engineer
84973,Kazuhiro,Kabayashi,Engineer
84974,Baocai,Pell,Technique Leader
84975,Mihalis,Toyoshima,Senior Engineer
84976,Eran,Perez,Senior Staff
84977,Godehard,Menhardt,Senior Engineer
84978,Yuguang,Rajaraman,Staff
84982,Gino,Biron,Senior Staff
84983,Shigeo,Bashian,Senior Engineer
84994,Seongbae,Haraldson,Senior Staff
84995,Krassimir,Soloway,Senior Engineer
84999,Turgut,Koblitz,Senior Staff
85000,Uinam,Manderick,Engineer
85001,Uno,Leijenhorst,Senior Staff
85007,Tze,Hiyoshi,Senior Staff
85008,Breannda,Schusler,Staff
85009,Paloma,Schaaf,Staff
85015,Lijia,Lipner,Senior Staff
85017,Falguni,Swiler,Senior Staff
85018,Marjo,Billingsley,Engineer
85020,Tiina,Peir,Senior Staff
85024,Zeydy,Hmelo,Senior Staff
85027,Leah,Hasham,Senior Staff
85028,Ebru,Heydon,Senior Staff
85031,Ronghao,Gire,Technique Leader
85033,Garnet,Luke,Senior Staff
85038,Padma,Gruenwald,Senior Engineer
85039,Aruna,Kusakari,Senior Staff
85040,Chikako,Legleitner,Senior Staff
85049,Guiseppe,Hebert,Senior Staff
85055,Berni,Coombs,Senior Staff
85056,Dulce,Yemenis,Staff
85057,Charlene,Sadowsky,Senior Engineer
85060,Fai,Besselaar,Staff
85062,Vasilis,Luks,Senior Engineer
85067,Vishwani,Jansch,Senior Engineer
85069,Masako,Lukaszewicz,Senior Engineer
85071,Jaques,Stavenow,Staff
85079,Shan,Wossner,Senior Staff
85080,Munir,Hofmeyr,Senior Engineer
85091,Berna,Kavanagh,Technique Leader
85095,Nevio,Vilarrasa,Technique Leader
85096,Xinglin,Feinberg,Engineer
85100,Mats,Kawashima,Staff
85101,Tru,Businaro,Senior Staff
85109,Ottavia,Rebaine,Assistant Engineer
85110,Volkmar,Maquelin,Senior Staff
85111,Sastry,Kavraki,Senior Staff
85112,Yongmin,Llado,Engineer
85114,Diederik,Stenning,Staff
85115,Fan,Segond,Senior Engineer
85119,Xiaobin,Himler,Senior Staff
85124,Boaz,Yamaashi,Senior Engineer
85129,TRUE,Lorcy,Senior Engineer
85139,Joydip,Tagansky,Senior Staff
85142,Jackson,Brlek,Senior Engineer
85143,Yinghua,Mersereau,Senior Staff
85145,Mabhin,Constantine,Senior Staff
85146,Hironobu,Nittel,Senior Staff
85150,Olivera,Cangellaris,Senior Engineer
85154,Moss,Narahara,Senior Staff
85158,Arvind,Lampe,Senior Staff
85159,Kendra,Buescher,Senior Staff
85165,Troy,Michaels,Senior Staff
85166,Zissis,Decleir,Senior Engineer
85167,Toshiko,Nyanchama,Senior Staff
85173,Stepehn,Coombs,Senior Staff
85183,Aiman,Terwilliger,Technique Leader
85184,Gretta,Peng,Senior Engineer
85192,Bernt,Ernst,Senior Staff
85195,Jiafu,Quadeer,Senior Staff
85199,Souichi,Barbanera,Engineer
85200,Ebbe,Serna,Senior Engineer
85201,Taiji,Berstel,Senior Staff
85202,Guttorm,Erdi,Senior Engineer
85204,Moni,Silva,Senior Staff
85206,Shahar,Navazio,Technique Leader
85210,Yolla,Openshaw,Senior Staff
85214,Munehiko,Thibadeau,Senior Staff
85215,Along,Detkin,Senior Staff
85217,Qiwen,Casley,Senior Staff
85219,Anyuan,Zaiane,Senior Engineer
85220,Kristin,Lipner,Senior Staff
85225,Felicidad,Dulli,Staff
85230,Gal,Demke,Staff
85232,Prodip,Dymetman,Senior Staff
85235,Claudi,Marchesini,Senior Staff
85240,Florian,Businaro,Senior Staff
85241,Martijn,Falck,Senior Staff
85242,Kirk,Ernst,Staff
85248,Mayuko,Yetto,Staff
85253,Steve,Levasseur,Senior Staff
85255,Leon,Fandrianto,Staff
85256,Odinaldo,Kroha,Senior Engineer
85258,Elzbieta,Schwabacher,Senior Engineer
85259,Hiroyasu,Greenaway,Engineer
85264,Annemarie,Silva,Senior Engineer
85267,Masaru,Winter,Senior Staff
85268,Aksel,Baba,Engineer
85272,Lunjin,Marrevee,Engineer
85273,Sarita,Morrow,Senior Engineer
85277,Ulf,Murtagh,Senior Engineer
85278,Kamakshi,Karnin,Senior Engineer
85279,Iara,Decleir,Senior Staff
85281,Tamiya,Grospietsch,Senior Engineer
85295,Zvonko,Kroon,Senior Engineer
85297,Shuzo,Suri,Engineer
85300,Panayotis,Domenig,Technique Leader
85302,Katsuo,Braunschweig,Senior Engineer
85309,Shuzo,Luff,Senior Staff
85311,Persi,Geffroy,Staff
85318,Navid,Hanratty,Senior Engineer
85320,Somnath,Tsunoo,Senior Staff
85323,Chanjung,Pargaonkar,Senior Engineer
85325,Nagui,Kadhim,Technique Leader
85327,Susuma,Stellhorn,Staff
85328,Kien,Kitsuregawa,Senior Engineer
85331,Sumant,Pashtan,Technique Leader
85333,Radhika,Suomi,Senior Staff
85335,Huai,Pulkowski,Senior Staff
85336,Turgut,Molberg,Staff
85338,Tru,Janetzko,Staff
85344,Owen,Dayana,Senior Staff
85347,Heeju,Prochazka,Senior Staff
85351,Conor,Passino,Engineer
85352,Fumitaka,Taubenfeld,Senior Staff
85353,Kien,Tasistro,Senior Staff
85359,Rasiah,Spinelli,Senior Staff
85363,Troy,Chartres,Senior Staff
85367,Shih,Rotem,Staff
85370,Christoph,Willoner,Senior Staff
85371,Suebskul,Lanphier,Senior Staff
85374,Hairong,Herber,Technique Leader
85376,Kien,Dalphin,Senior Staff
85377,Ishfaq,Vecchio,Senior Engineer
85383,Bodo,Bergere,Engineer
85385,Alper,Bennis,Senior Staff
85391,Aleksander,Glinert,Staff
85392,Jeong,Terkki,Senior Staff
85394,Sastry,Conta,Senior Engineer
85399,Fei,Gomatam,Staff
85401,Petter,Ruemmler,Senior Staff
85406,Serap,Matzke,Senior Staff
85413,Eric,Validov,Engineer
85416,Haldun,Melton,Senior Engineer
85417,Gadiel,Papsdorf,Senior Staff
85418,Tesuro,Swen,Engineer
85419,Abdulah,Takanami,Engineer
85426,Carrsten,Luef,Engineer
85433,Eberhardt,Stanfel,Senior Engineer
85437,Hatem,Hebden,Senior Staff
85439,Takahiro,Barbanera,Senior Engineer
85443,Ibibia,Uhrik,Senior Staff
85447,Adil,Bugrara,Senior Staff
85451,Kinh,Baca,Senior Engineer
85453,Shir,Michaeli,Senior Staff
85457,Gian,Edelhoff,Senior Staff
85459,Odinaldo,Denny,Senior Staff
85461,Kwangjo,Angelopoulos,Senior Engineer
85463,Kyoichi,Picht,Engineer
85466,Uzi,Harllee,Senior Engineer
85469,Sasan,Schmiedel,Senior Engineer
85470,Domenick,Mahmud,Technique Leader
85483,Poorav,Bage,Engineer
85489,Adas,Zwicker,Senior Staff
85490,Sanjai,Eldridge,Technique Leader
85494,Lech,Gulik,Senior Staff
85496,Tianruo,Gajiwala,Senior Staff
85501,Kirk,Iacovou,Senior Staff
85502,Selwyn,Suomi,Senior Staff
85504,Ghassan,Streit,Senior Engineer
85513,Yagil,Spieker,Senior Staff
85519,Honesty,Jervis,Engineer
85521,Karsten,Schwaller,Senior Staff
85522,Atilio,Reinhard,Senior Staff
85523,Elvis,Chinin,Senior Engineer
85524,Lillian,Tokunaga,Senior Engineer
85525,Chenyi,Schlenzig,Senior Staff
85526,Tzvetan,Frolund,Senior Engineer
85530,Bezalel,Matzov,Senior Staff
85532,Jinxi,Imataki,Senior Engineer
85537,Tzu,Bernatsky,Senior Staff
85539,Mayuko,Schiper,Senior Staff
85551,Mohit,Perry,Technique Leader
85552,Atilio,Perko,Senior Engineer
85553,Pranas,Blokdijk,Senior Staff
85555,Parke,Morrow,Engineer
85557,Mayumi,Nivat,Senior Staff
85561,Gina,Cichocki,Engineer
85565,Aron,Hatcliff,Senior Engineer
85570,Shigehito,Karlin,Senior Staff
85571,Jiong,Fabrizio,Engineer
85575,Kiyotoshi,Matzov,Senior Staff
85577,Deniz,Sadowski,Staff
85583,Sanjeeva,Hiyoshi,Engineer
85584,Shaowen,Malabarba,Engineer
85587,Naftaly,Schiettecatte,Engineer
85589,Amstein,Bressoud,Senior Engineer
85597,Zeydy,Vernadat,Engineer
85601,Huan,Ghelli,Engineer
85605,Zongyan,Emiris,Staff
85606,Anwar,Engberts,Technique Leader
85607,Yucai,Hertweck,Senior Engineer
85609,Otmar,Benner,Senior Engineer
85619,Bodo,Suessmith,Engineer
85620,Yoshinari,Chvatal,Senior Staff
85621,Steen,Peha,Senior Staff
85622,Berthier,Dengi,Staff
85624,Ayonca,Keustermans,Senior Staff
85625,Shaibal,Denna,Senior Engineer
85627,Turgut,Toyoshima,Engineer
85629,Hironobu,Barreiro,Engineer
85631,Munehiro,Murtagh,Senior Staff
85633,Salvador,Snedden,Senior Staff
85641,Breannda,Buescher,Senior Staff
85642,Breannda,Adachi,Senior Staff
85645,Henk,Ashish,Assistant Engineer
85646,Remmert,Nittel,Staff
85647,Kristian,Waymire,Senior Staff
85648,Shirish,Gyorkos,Engineer
85651,Kristof,Reinhard,Staff
85653,Tayeb,Rosis,Staff
85654,Akeel,Kroll,Senior Staff
85655,Radhia,Figueira,Engineer
85656,Xinyu,Sundgren,Senior Engineer
85659,Somnath,Winter,Engineer
85661,Shaw,Piazza,Senior Staff
85669,Yishay,Denis,Senior Engineer
85671,Nathan,Kobuchi,Staff
85673,Susanta,Ramaiah,Technique Leader
85675,Ziya,Spell,Technique Leader
85677,Kristina,Jervis,Senior Staff
85680,Otmar,Colorni,Senior Engineer
85686,Vasilis,Larfeldt,Staff
85687,Mary,Hammerschmidt,Senior Engineer
85692,Marin,Petersohn,Senior Engineer
85696,Wuxu,Mitzlaff,Senior Staff
85698,TRUE,Thibadeau,Engineer
85705,Kellie,Codenie,Senior Staff
85706,Adit,Lukaszewicz,Senior Staff
85708,Steen,Otillio,Senior Engineer
85711,Alexius,Lupu,Technique Leader
85716,Kayoko,Klassen,Senior Engineer
85718,Dinkar,Skafidas,Engineer
85719,Satosi,Rosti,Senior Staff
85720,Guadalupe,Bojadziev,Technique Leader
85725,Khedija,Candan,Senior Staff
85726,Erzsebet,Kroft,Staff
85729,Oscar,Lieberherr,Engineer
85730,Yucel,Velasco,Staff
85739,Fumino,Benzaken,Senior Engineer
85741,Anyuan,Wallrath,Engineer
85743,Ramalingam,Wissmann,Senior Staff
85747,Nathalie,Vingron,Senior Engineer
85755,Aloys,Ozeri,Senior Staff
85756,Aemilian,Waleschkowski,Senior Engineer
85757,Kannan,Bach,Senior Staff
85760,Boriana,Trumbly,Staff
85761,Kazuyasu,Hofting,Engineer
85766,Mitchel,Whittlesey,Engineer
85768,Gaurav,Baez,Staff
85775,Georgy,Engberts,Senior Engineer
85776,Dante,Reutenauer,Senior Staff
85781,Jaihie,Speel,Senior Engineer
85783,Basim,Servi,Assistant Engineer
85784,Nechama,Cronau,Senior Staff
85786,Rafail,Chaudhuri,Senior Staff
85788,Khaled,Streng,Senior Engineer
85789,Honesty,Paludetto,Engineer
85791,Geraldo,Rosenbaum,Engineer
85796,Honglan,Boissier,Staff
85799,Radhika,Parveen,Senior Staff
85802,Luisa,Neimat,Senior Engineer
85805,Mack,Nyanchama,Senior Engineer
85806,Jiafu,Porenta,Senior Staff
85807,Lalit,Majewski,Senior Staff
85808,Unal,Kermarrec,Senior Staff
85811,Dayanand,Bain,Senior Engineer
85812,Seshu,Erbe,Senior Engineer
85818,Kauko,Bharadwaj,Senior Engineer
85819,Gio,Benaini,Engineer
85825,Hongzhu,Zedlitz,Senior Staff
85826,Shaibal,Bale,Senior Engineer
85827,Basant,Schach,Senior Staff
85830,Valter,Frezza,Engineer
85835,Pantung,Gyorkos,Senior Engineer
85840,Kazuhiko,Reinhart,Engineer
85842,Naftaly,Pews,Engineer
85846,Halsur,Erol,Senior Staff
85850,Leszek,Usdin,Senior Engineer
85859,Shmuel,Melichar,Senior Staff
85861,Roselyn,Reeker,Senior Staff
85863,Moheb,Pettey,Staff
85865,Vidar,Mitina,Senior Engineer
85866,Dinkar,Baek,Senior Staff
85872,Suebskul,dAstous,Senior Staff
85876,Kellyn,Merks,Engineer
85878,Franziska,Murtagh,Senior Engineer
85883,Takahito,Reghbati,Engineer
85884,Younwoo,Birge,Senior Staff
85889,Foong,Wilharm,Engineer
85892,Rasikan,Binkley,Engineer
85894,Teunis,Eugenio,Senior Engineer
85895,Sanjit,Heiserman,Senior Engineer
85899,Chinhyun,Zaiane,Senior Staff
85901,Tommaso,Hagimont,Senior Staff
85909,Billur,DiGiano,Senior Engineer
85910,Nishit,Lemarechal,Senior Staff
85913,Anwar,Rehfuss,Senior Engineer
85914,Gurbir,Cmelik,Senior Engineer
85917,Fayez,Kaminger,Engineer
85920,Bernardo,Mahmud,Staff
85921,Shin,Puoti,Senior Engineer
85924,Gita,Menhardt,Senior Engineer
85929,Jaihie,Ashish,Staff
85939,Xinyu,Schlegelmilch,Senior Staff
85941,Sampalli,Lunt,Senior Staff
85942,Jaber,Sankaranarayanan,Engineer
85943,Mihalis,Yavatkar,Senior Engineer
85949,Thodoros,Penttonen,Senior Engineer
85950,Feixiong,Magalhaes,Staff
85956,Premsyl,Syrotiuk,Engineer
85958,Fusako,Vadhan,Senior Staff
85963,Yucel,Falco,Senior Engineer
85968,Idoia,Lorch,Technique Leader
85977,Gay,Nannarelli,Technique Leader
85980,Khalil,Marwedel,Senior Staff
85981,Moie,Swen,Senior Staff
85988,Aiichiro,Brlek,Senior Staff
85990,Saeko,Jakobus,Senior Engineer
85999,Arch,Dymetman,Senior Staff
86003,Khaled,Zielinski,Senior Engineer
86005,Sahrah,Samarati,Senior Staff
86011,Leen,Bahr,Staff
86014,Maris,Zeilberger,Technique Leader
86016,Eldridge,Compeau,Engineer
86018,Hideyuki,Wossner,Engineer
86019,Monique,Mitsuhashi,Senior Staff
86023,Yuqun,Braunschweig,Senior Staff
86024,Gina,Pulkowski,Senior Engineer
86027,Rajmohan,Ariola,Staff
86029,Yuguang,Cronau,Senior Engineer
86031,Kensyu,Gill,Senior Engineer
86036,Kazuhide,Bierman,Engineer
86037,Khaled,Badache,Staff
86038,Haldun,Flanders,Staff
86042,Juyoung,Gronowski,Senior Engineer
86045,Leah,Kavanagh,Engineer
86047,Ebru,Suppi,Engineer
86052,Hidekazu,Badache,Senior Staff
86054,Conor,Jiafu,Staff
86060,Arvind,Luce,Senior Staff
86062,Zengping,Anido,Senior Staff
86063,Bilhanan,Farrow,Engineer
86064,Aiichiro,Negoita,Staff
86065,Suebskul,Fetvedt,Senior Engineer
86066,Marl,Shackel,Staff
86067,Zhilian,Oxman,Senior Staff
86068,Anneke,Harnett,Senior Staff
86070,Diederik,Restivo,Senior Engineer
86071,Premsyl,Kavvadias,Staff
86073,Moni,Aseltine,Staff
86074,Susanne,Zirintsis,Senior Staff
86080,Kinh,Melichar,Staff
86081,Valery,Iwayama,Senior Staff
86082,Marsha,Redmiles,Senior Staff
86083,Parke,Spell,Senior Engineer
86092,Aral,Marchesini,Senior Engineer
86096,Heng,Gecseg,Engineer
86097,Roddy,Stafford,Senior Engineer
86103,Zhiguo,Asmuth,Senior Engineer
86110,Alper,Shokrollahi,Engineer
86111,Flemming,Mondadori,Senior Engineer
86113,Maha,Picco,Senior Engineer
86128,Masanao,Schreiter,Staff
86133,Jongsuk,Serna,Senior Staff
86138,Michaela,Matzke,Senior Staff
86139,Arif,Lichtman,Senior Staff
86143,Toshiki,Keohane,Engineer
86146,Phillip,Pelc,Technique Leader
86147,Saeed,Yurek,Staff
86155,Tadahiko,Luke,Technique Leader
86156,Toshiki,Shrader,Staff
86157,Kwangsub,Demizu,Engineer
86158,Emran,Kohling,Senior Engineer
86164,Adit,Rothe,Senior Staff
86166,Lech,Bade,Staff
86174,Zhilian,Baar,Senior Engineer
86175,Marc,Herbst,Senior Engineer
86178,Sakthirel,Krogh,Senior Staff
86181,Kwangyoen,Pettit,Staff
86183,Takahiro,Baja,Senior Engineer
86184,Marjo,Niizuma,Staff
86189,Xiaoshan,Erman,Senior Engineer
86191,Martial,Ulupinar,Senior Staff
86195,Serap,Delaune,Engineer
86196,Ugo,Cincotta,Staff
86204,Iara,Seghrouchni,Senior Staff
86211,Shih,Vanwelkenhuysen,Senior Engineer
86214,Susanne,Fortenbacher,Senior Staff
86217,Mari,Asrin,Assistant Engineer
86218,Val,Matteis,Senior Engineer
86220,Nidapan,Danecki,Assistant Engineer
86222,Alexius,Marquardt,Senior Staff
86224,Shaunak,Ishibashi,Senior Staff
86225,Goncalo,Serdy,Senior Engineer
86230,Hugh,Chinin,Staff
86237,Tayeb,Francisci,Senior Staff
86239,Krister,Serre,Senior Engineer
86245,Kinh,Falco,Senior Staff
86247,Sakthirel,Rebaine,Technique Leader
86248,Radoslaw,Gils,Staff
86249,Muneo,Bergere,Senior Staff
86252,Mahendra,Selenyi,Staff
86256,Gift,Dulay,Senior Staff
86265,Georg,Peres,Senior Staff
86267,Masato,Guting,Senior Engineer
86269,Kristinn,Swift,Senior Staff
86270,Prodip,Menhoudj,Senior Staff
86271,Ipke,Llado,Senior Staff
86272,Moriyoshi,Gustavson,Senior Staff
86275,Ipke,Genin,Engineer
86281,Srinidhi,Conde,Senior Engineer
86282,Martien,Baak,Senior Staff
86284,Fabrizio,Wrigley,Engineer
86286,Somnath,Esposito,Senior Staff
86287,Masami,Liesche,Senior Staff
86290,Alselm,Willoner,Senior Engineer
86292,Shuho,Vural,Senior Staff
86297,Susuma,Feldmann,Technique Leader
86300,Pramod,Biros,Staff
86305,Nadjib,Weisert,Senior Engineer
86306,Persi,Krzyzanowski,Senior Staff
86307,Mariusz,Vendrig,Senior Staff
86308,Dipankar,Muhling,Engineer
86310,Remmert,Picel,Senior Engineer
86315,Dharmaraja,Matzov,Staff
86318,Djenana,Kusalik,Senior Engineer
86321,Shiv,Vasanthakumar,Engineer
86329,Margareta,Ibel,Engineer
86339,Raimond,Debuse,Staff
86340,Alselm,Anger,Senior Staff
86341,Angus,Zuberek,Technique Leader
86342,Marit,Boguraev,Senior Engineer
86345,Heather,Chiola,Senior Staff
86347,Adam,Crooks,Engineer
86349,Subhada,Birdsall,Senior Staff
86351,Jackson,Staylopatis,Senior Staff
86357,Rosalyn,Sessa,Technique Leader
86361,Ayakannu,Byoun,Engineer
86362,Uli,Bernick,Senior Staff
86364,Shushma,Decaestecker,Senior Engineer
86365,Subhash,Merey,Senior Staff
86369,Barton,Stemann,Senior Engineer
86371,Mingdong,Tzvieli,Staff
86372,Padma,Minakawa,Engineer
86381,Mario,Guardalben,Technique Leader
86382,Phule,Jiafu,Engineer
86388,Honglan,Gils,Engineer
86395,Duke,Grospietsch,Senior Staff
86398,Georg,Ananiadou,Senior Engineer
86399,Guozhong,Baek,Staff
86401,Arnould,Luce,Senior Staff
86403,Arto,Vickson,Staff
86404,Jungsoon,Quaggetto,Senior Engineer
86405,Sreekrishna,Bale,Senior Engineer
86408,Abdelwaheb,Narlikar,Senior Staff
86416,Kazuhiro,Budinsky,Senior Engineer
86418,Subbu,Peac,Senior Staff
86419,Tomofumi,Sinitsyn,Engineer
86426,Shimshon,Haraldson,Senior Staff
86430,Jacqueline,Kamber,Assistant Engineer
86434,Toshiki,Plump,Senior Staff
86436,Hilari,Kropf,Senior Staff
86437,Zvonko,Bednarek,Senior Engineer
86443,Takahiro,Hainaut,Senior Engineer
86445,Chaoyi,Wynblatt,Senior Staff
86446,Yoshimitsu,Awdeh,Senior Engineer
86448,Fumino,Garnier,Senior Engineer
86449,Yuqun,Solares,Staff
86450,Bernt,Perly,Engineer
86453,Tran,Munke,Senior Staff
86459,Gritta,Etalle,Senior Staff
86463,Xiaoqiang,Baalen,Staff
86467,Takahiro,Bain,Engineer
86474,Holgard,Koyama,Senior Engineer
86476,Chinhyun,Pavlopoulou,Senior Engineer
86479,Mohit,Restivo,Senior Staff
86480,Navid,Tramer,Senior Engineer
86483,Shigenori,Gill,Senior Staff
86485,Visit,Basart,Engineer
86486,Danel,Leuchs,Staff
86487,Odoardo,Bierman,Staff
86491,Shuzo,Conta,Senior Engineer
86493,Yongmin,Katalagarianos,Engineer
86494,Masato,Perng,Senior Staff
86495,Leszek,Vakili,Engineer
86499,Lech,Escriba,Senior Staff
86502,Suvo,Schwartzburd,Engineer
86513,Yishay,Murtha,Senior Staff
86516,Masadi,Gils,Senior Engineer
86520,Dante,Trumbly,Engineer
86522,Seongbin,Leivant,Engineer
86523,Shakhar,Bolotov,Staff
86527,Toshiko,Pollacia,Senior Staff
86534,Mohua,Staudhammer,Senior Engineer
86539,Adam,Junet,Senior Staff
86540,Turgut,Nitta,Engineer
86549,Ute,Itzfeldt,Senior Staff
86553,Odoardo,Rubsam,Staff
86554,George,Itschner,Senior Engineer
86559,Weiye,Tsukuda,Senior Engineer
86561,Thodoros,Frolund,Assistant Engineer
86564,Jaideep,Theuretzbacher,Senior Engineer
86573,Karlis,Yavatkar,Senior Staff
86574,Chinhyun,Dengi,Engineer
86575,Berthier,Sinitsyn,Staff
86581,Oksana,Badache,Technique Leader
86590,Bowen,Thambidurai,Senior Engineer
86593,Kellie,Grospietsch,Technique Leader
86600,Baocai,Baba,Senior Staff
86602,Makato,Sigstam,Senior Staff
86605,Sham,Barreiro,Senior Engineer
86608,Honglan,Shigei,Staff
86610,Reinhard,Llado,Senior Engineer
86612,Yuchang,McAffer,Senior Staff
86617,Mingsen,Desikan,Senior Staff
86618,Nidapan,Nicolson,Senior Staff
86619,Woody,Pashtan,Senior Engineer
86621,Hein,Rosis,Engineer
86624,Youssef,Thibadeau,Engineer
86625,Amabile,Anger,Senior Engineer
86626,Sashi,Polajnar,Senior Staff
86627,Faiza,Lanteri,Senior Engineer
86628,Ibibia,Setia,Senior Engineer
86629,Yolla,Sommer,Senior Staff
86631,Tristan,Isaac,Senior Engineer
86634,Odysseas,Terlouw,Technique Leader
86635,Lech,Gelosh,Engineer
86639,Aamer,Yavatkar,Senior Engineer
86641,Kamran,Gladwell,Senior Engineer
86653,Kazuyasu,Garnham,Staff
86654,Jeane,Taubenfeld,Senior Staff
86667,King,Slobodova,Senior Engineer
86674,Fumiya,Candan,Senior Staff
86675,Hairong,Basagni,Engineer
86676,Aiichiro,Thummel,Staff
86678,KayLiang,Halevi,Senior Engineer
86690,Carrsten,Whitcomb,Senior Engineer
86691,Kagan,Serdy,Senior Staff
86693,Susumu,Ferretti,Senior Engineer
86695,Jeanna,McAlpine,Senior Engineer
86696,Berto,Poupard,Senior Engineer
86697,Lobel,Kusalik,Senior Engineer
86699,Arif,Stanfel,Technique Leader
86706,Mariusz,Kinley,Staff
86708,Quingbo,Sherertz,Senior Engineer
86710,Geoff,Slutz,Senior Engineer
86715,Katsuo,Farrag,Engineer
86722,Zvonko,Driscoll,Senior Engineer
86728,Dmitry,Wixon,Senior Staff
86738,Subhash,Antonisse,Staff
86746,Parke,Seiwald,Senior Engineer
86747,Val,Hockney,Senior Staff
86750,Palash,Waymire,Staff
86751,Feiyu,Swick,Senior Engineer
86754,Guadalupe,Vigier,Senior Staff
86756,Kirk,Castellani,Staff
86757,Heejo,Gulak,Senior Staff
86760,Arnould,Wroclawski,Engineer
86761,Theirry,Ossenbruggen,Senior Staff
86765,Kristian,Hiyoshi,Senior Engineer
86772,Kayoko,Chepyzhov,Staff
86776,Palash,Danecki,Senior Staff
86779,Honesty,Randi,Staff
86784,Tesuya,Serre,Senior Staff
86788,Golgen,Saoudi,Senior Staff
86789,Chanjung,Chappelet,Engineer
86790,Yuguang,Laurillard,Engineer
86796,Odinaldo,Chinal,Engineer
86803,Rafael,Demeyer,Engineer
86805,Mabo,Birjandi,Senior Engineer
86810,Dulce,Janetzko,Engineer
86812,Jahangir,Schapiro,Technique Leader
86813,Hugo,Ranst,Senior Engineer
86817,Shmuel,Sommen,Senior Engineer
86819,Wuxu,Bisiani,Senior Staff
86821,Ferdinand,Ruemmler,Engineer
86822,Halsur,Veccia,Senior Engineer
86823,Xiaopeng,Perly,Engineer
86824,Constantine,Motley,Staff
86825,Karoline,Hasham,Assistant Engineer
86827,Filipe,Thibadeau,Senior Staff
86829,Poorav,Carrere,Senior Staff
86831,KayLiang,Nanard,Staff
86832,Duro,Magalhaes,Senior Engineer
86835,Persi,Zambonelli,Engineer
86836,Navin,Luga,Technique Leader
86838,Janche,Gecseg,Senior Staff
86839,Hyuckchul,Baumann,Engineer
86841,Nigel,Solovay,Staff
86842,Sukumar,Jansen,Senior Engineer
86851,Kensyu,Schusler,Senior Staff
86852,Lijie,McFarlin,Senior Engineer
86853,Dhritiman,Giveon,Senior Staff
86856,Vasilis,Perelgut,Staff
86858,Yakkov,Demos,Senior Staff
86861,Kazuhira,Dulli,Engineer
86862,Pascal,Fetvedt,Engineer
86863,Berto,Christ,Staff
86865,Barna,Oxenboll,Senior Staff
86869,Arunas,Birsak,Senior Engineer
86871,Djenana,Zolotykh,Senior Engineer
86887,Martijn,Roison,Senior Staff
86889,Reinhold,Zedlitz,Senior Engineer
86895,Nirmal,Penttonen,Engineer
86897,Bilhanan,Stassinopoulos,Senior Engineer
86898,Uriel,Zaccaria,Engineer
86899,Deborah,Kadhim,Engineer
86905,Alenka,Streng,Senior Engineer
86906,Adel,Fiutem,Senior Engineer
86909,Miomir,Tchuente,Senior Staff
86910,Freyja,Brlek,Senior Staff
86914,Avishai,Luca,Senior Staff
86927,Palash,Rothenberg,Senior Staff
86934,Jovan,Strooper,Senior Engineer
86935,Junichi,Zhiwei,Senior Engineer
86936,Rafail,Gunderson,Technique Leader
86941,Zhiguo,Tanemo,Senior Staff
86947,Vitali,Hooghiemstra,Senior Staff
86948,Rosita,Swan,Staff
86951,Martijn,Coors,Senior Engineer
86952,Richard,Oskamp,Senior Staff
86955,Xiaobin,Auria,Senior Engineer
86957,Aris,Guenter,Senior Engineer
86969,Shai,Rijckaert,Senior Engineer
86970,Hugo,Zizka,Senior Engineer
86971,Geoffry,Peng,Senior Engineer
86973,Shao,Honiden,Engineer
86977,Volkmar,Hofstetter,Senior Engineer
86979,Heng,Strehl,Senior Staff
86984,Lakshmi,Kawashima,Senior Engineer
86992,Domenick,Gecsel,Staff
86993,Ulises,Egerstedt,Senior Staff
87001,Sanjit,Maquelin,Senior Staff
87003,Ravishankar,Shinomoto,Senior Staff
87007,Demos,Danlos,Senior Engineer
87011,Danco,Bashian,Senior Staff
87018,Sanjeeva,Janetzko,Senior Staff
87022,Mario,Eterovic,Senior Engineer
87023,Vishv,Mateescu,Senior Staff
87024,Eberhardt,Kalloufi,Senior Engineer
87025,DeForest,Ohori,Engineer
87028,Greger,Perfilyeva,Senior Engineer
87030,Shmuel,Prenel,Senior Staff
87033,Rosalyn,Murtha,Senior Engineer
87042,Mohd,Hinsberger,Staff
87043,Fay,Anily,Senior Engineer
87044,Lillian,Hofting,Senior Engineer
87047,TRUE,Beilner,Senior Staff
87050,Kiyokazu,Sgarro,Engineer
87054,Szabolcs,Kandlur,Senior Engineer
87056,Gou,Michaeli,Senior Engineer
87057,Yoshimitsu,Montresor,Senior Staff
87059,Girolamo,Leuchs,Senior Staff
87060,Willard,Birdsall,Senior Staff
87062,Mantis,Kroft,Engineer
87064,Ewing,Bednarek,Engineer
87066,Jaber,Zobel,Senior Staff
87067,Barton,Spieker,Staff
87070,Tsz,Farrow,Senior Engineer
87074,Genevieve,Marwedel,Senior Staff
87078,Boalin,Muntz,Senior Engineer
87081,Lubomir,Stasinski,Senior Engineer
87084,Toshimitsu,Kamble,Technique Leader
87086,Holgard,Kranzdorf,Senior Engineer
87091,Sashi,Hiraishi,Senior Staff
87094,Stevo,Turnbull,Senior Engineer
87095,Jixiang,Laurillard,Staff
87104,Rasiah,Falster,Staff
87107,Kasturi,Peir,Senior Staff
87110,Basil,Erie,Senior Staff
87115,Charlene,Zyda,Senior Staff
87118,Xiong,Garnham,Senior Staff
87119,Sachin,Leuchs,Staff
87121,Bingning,Baranowski,Senior Engineer
87123,Chenxi,Foote,Staff
87124,Gennadi,Parascandalo,Staff
87125,Guenter,Landherr,Senior Staff
87127,Patricio,Winter,Engineer
87128,Shuji,Zizka,Engineer
87133,Alexius,Schoegge,Senior Staff
87137,Aluzio,Tsunoo,Senior Staff
87139,Magy,Koblick,Assistant Engineer
87144,Kshitij,Naudin,Engineer
87152,Nakhoon,Byoun,Senior Staff
87153,Insup,Erdmenger,Senior Staff
87157,Lunjin,Delgrossi,Technique Leader
87158,Nahid,Neiman,Technique Leader
87160,Nevio,Gihr,Senior Engineer
87161,Ennio,Sudkamp,Senior Staff
87164,Georgi,Montemayor,Staff
87168,Herb,Beerel,Senior Engineer
87170,Macha,Gide,Senior Engineer
87175,Arno,Duclos,Engineer
87179,Clyde,Brodal,Senior Staff
87183,Suebskul,Lorys,Senior Staff
87185,Shuky,Azevdeo,Senior Engineer
87186,Shaowei,Luby,Senior Staff
87191,Lijia,Ferriere,Senior Engineer
87194,TRUE,Ramsay,Senior Staff
87196,Caolyn,Ozery,Engineer
87197,Shahab,Unni,Senior Engineer
87199,Yefim,Luck,Engineer
87200,Shridhar,Skafidas,Senior Engineer
87201,Marc,Heping,Engineer
87202,Hatem,Coors,Senior Staff
87211,Ohad,Masada,Engineer
87212,Shan,Thebaut,Staff
87215,Maha,Schlenzig,Senior Staff
87221,Kiyokazu,Beerel,Senior Staff
87223,Shichao,Baezner,Senior Staff
87228,Filipe,Merks,Senior Staff
87232,Arch,Thebaut,Senior Engineer
87233,Qiwen,Msuda,Senior Engineer
87234,Boriana,Mungall,Senior Staff
87244,Marl,Luit,Senior Engineer
87245,Perla,Unni,Senior Engineer
87246,Boaz,Melichar,Senior Staff
87247,Marie,Heping,Staff
87248,Miquel,Heering,Senior Staff
87249,Satosi,Karner,Engineer
87252,Elvia,Fordan,Engineer
87254,Hirochika,Bodoff,Staff
87260,Evgueni,Mateescu,Senior Engineer
87265,Lijie,Monarch,Senior Staff
87266,Aral,Stafford,Senior Staff
87267,Nikolaus,Gonthier,Senior Staff
87269,IEEE,Etalle,Senior Staff
87271,Saniya,Khalil,Engineer
87273,Saeko,Maquelin,Staff
87274,Hilari,Gide,Senior Staff
87277,Harngdar,Vrecion,Senior Engineer
87278,Masato,Kragelund,Senior Engineer
87279,Unal,Birnbaum,Senior Staff
87284,Ranga,Fandrianto,Senior Staff
87293,Kwangho,Champarnaud,Senior Staff
87296,Lech,Deville,Senior Staff
87301,Fei,Leonhardt,Senior Engineer
87302,Martina,Garigliano,Senior Staff
87306,Mabhin,Speckmann,Staff
87308,Shaz,Bresenham,Staff
87317,Khue,Byoun,Engineer
87319,Zita,Bain,Senior Staff
87323,Akemi,Nastansky,Senior Engineer
87325,Adib,Hertweck,Senior Engineer
87336,Arco,Dusink,Senior Staff
87337,Huai,Barbanera,Senior Staff
87338,Yongdong,Minakawa,Senior Engineer
87339,Kamakshi,Aseltine,Technique Leader
87347,Kazuhiko,Katalagarianos,Staff
87354,Panayotis,Asmuth,Technique Leader
87355,Owen,Plump,Senior Staff
87356,Hidefumi,Aseltine,Senior Engineer
87357,Constantijn,Kambil,Senior Engineer
87358,Ipke,Sridhar,Senior Engineer
87359,Sadok,Bael,Senior Staff
87360,Makato,Matzov,Staff
87361,Oguz,Crooks,Engineer
87362,Shigehiro,Kushnir,Senior Engineer
87366,Aria,Rubsam,Senior Staff
87371,Mrinalini,Acton,Staff
87372,Maren,Stellhorn,Senior Staff
87374,Sampalli,Maraist,Senior Staff
87375,Ishfaq,Comyn,Assistant Engineer
87379,Luise,Jeong,Senior Engineer
87380,Rafael,Bierman,Senior Engineer
87382,Sugwoo,Wendorf,Senior Engineer
87384,Luerbio,Benzaken,Senior Staff
87393,Ashish,Erdi,Assistant Engineer
87401,Shietung,Zweizig,Senior Engineer
87402,Manton,Fraisse,Staff
87405,Jianhua,Khasidashvili,Staff
87407,Mircea,Passafiume,Senior Staff
87408,Suzette,Foote,Senior Engineer
87409,Jeong,Buescher,Senior Engineer
87410,Kiyokazu,Bratsberg,Senior Engineer
87412,Branimir,Beetstra,Senior Engineer
87413,Feiyu,Erev,Engineer
87415,Radhia,Thibadeau,Engineer
87418,Arto,Siochi,Senior Staff
87422,Mohamadou,Lorcy,Senior Engineer
87423,Yaghout,Remmers,Engineer
87426,Yucai,Hmelo,Senior Staff
87434,Eckart,Heystek,Senior Engineer
87440,Zdislav,Mitzlaff,Senior Staff
87442,Marjo,Jeong,Engineer
87446,Theron,Wilharm,Senior Engineer
87448,Weidon,Serna,Senior Engineer
87449,Golgen,Validov,Engineer
87450,Xuedong,Shobatake,Senior Engineer
87451,Zhonghui,Denos,Senior Engineer
87453,Xiaoshan,Kranzdorf,Staff
87454,Terresa,Veeraraghavan,Senior Staff
87459,Reinhard,Laventhal,Senior Staff
87461,Moni,Decaestecker,Senior Engineer
87462,Arumugam,Spelt,Senior Staff
87467,Cullen,Calkin,Engineer
87470,Kasidit,Chachaty,Senior Engineer
87474,Selwyn,Lally,Engineer
87476,Amabile,Niizuma,Senior Engineer
87477,Sachio,Reinhard,Senior Engineer
87480,Geoff,Mitzlaff,Senior Staff
87483,Vesna,Baranowski,Senior Engineer
87487,Huican,Takkinen,Senior Staff
87488,Yongqiao,Lindenbaum,Senior Staff
87489,Hideo,Miculan,Senior Staff
87492,Susuma,Kushner,Senior Engineer
87495,Hausi,Kropatsch,Staff
87496,Luise,Radhakrishnan,Engineer
87498,Rafols,Shobatake,Senior Staff
87501,Kazuhiko,Crelier,Engineer
87503,Hatsukazu,DasSarma,Senior Staff
87504,Fumiya,Takanami,Senior Engineer
87512,Kazuhira,Hofstetter,Staff
87517,Zsolt,Foote,Technique Leader
87521,Vincent,Itzigehl,Technique Leader
87522,Nishit,Driscoll,Staff
87526,Turgut,Lanphier,Senior Staff
87528,Arun,Perna,Engineer
87531,Youngkon,Suomi,Senior Engineer
87534,Golgen,Apsitis,Senior Staff
87546,Shigeo,Kolinko,Senior Staff
87560,Mansur,Gniady,Senior Staff
87568,Erez,Usery,Senior Engineer
87577,Lunjin,Swick,Senior Staff
87579,Paloma,Hebert,Engineer
87585,Oscar,Morrin,Senior Engineer
87586,Kwee,Roisin,Engineer
87588,Christfried,Trumbly,Engineer
87596,Sadun,Usdin,Senior Engineer
87598,Khatoun,Nyanchama,Senior Engineer
87600,Arch,Matzel,Senior Engineer
87603,Mostafa,Hellwagner,Staff
87604,Wonhee,Ravishankar,Senior Engineer
87607,Baziley,Brandsma,Senior Staff
87609,Xinan,Jansch,Engineer
87610,Qingxiang,Uhrik,Senior Engineer
87618,Wayne,Braunmuhl,Senior Engineer
87619,Cheong,Baaleh,Senior Staff
87622,Luerbio,Hutton,Engineer
87626,Inderjeet,Szmurlo,Senior Engineer
87627,Alagu,Raoux,Senior Staff
87628,Sibyl,Alameldin,Senior Staff
87632,Christophe,Madeira,Engineer
87637,Qingxiang,Aamodt,Senior Staff
87638,Fay,Raczkowsky,Senior Staff
87640,Shigehito,Swift,Senior Engineer
87644,Sachem,Waeselynck,Assistant Engineer
87651,Deniz,Simkin,Senior Engineer
87654,Mack,Rouquie,Senior Engineer
87655,Zorica,Holburn,Senior Engineer
87658,Kannan,Isaac,Staff
87659,Mara,Rusterholz,Technique Leader
87663,Lenore,Pews,Senior Engineer
87671,Oldrich,Kandlur,Senior Staff
87672,Sadok,Zlotek,Senior Staff
87678,Katsuyuki,Theuretzbacher,Senior Staff
87679,Guenter,Marciano,Senior Staff
87681,IEEE,Birge,Senior Engineer
87688,Branimir,Stemann,Staff
87693,Mikhail,Osgood,Technique Leader
87697,Sanjoy,Luit,Senior Staff
87710,Tsvetan,Schaad,Senior Engineer
87711,Willard,Dulay,Staff
87715,Shuji,Molberg,Senior Staff
87722,Amstein,Hmelo,Senior Engineer
87723,Uwe,Kowalchuk,Engineer
87724,Niclas,Vasanthakumar,Senior Staff
87725,Ung,Morrey,Engineer
87726,Herbert,Streit,Engineer
87731,Stepehn,Radwan,Senior Engineer
87738,Ipke,Sluis,Senior Staff
87746,Sverrir,Conti,Engineer
87751,Lakshmi,Frolund,Senior Staff
87752,Yurii,Hasenauer,Senior Staff
87757,Syozo,Ghalwash,Engineer
87765,Theirry,Garnham,Senior Staff
87766,Owen,Orlowska,Staff
87769,Subhrajyoti,Tomescu,Senior Engineer
87771,Fumiya,Thambidurai,Engineer
87778,Shan,Pearson,Staff
87792,Radoslaw,Kambil,Staff
87793,Fatemeh,Kakkar,Senior Staff
87794,JiYoung,Alameldin,Senior Engineer
87796,Boriana,Middleton,Senior Engineer
87798,Heather,Lanphier,Staff
87806,Khatoun,Shokrollahi,Senior Staff
87807,Berni,Diderrich,Senior Engineer
87812,Angel,Veeraraghavan,Senior Engineer
87821,Sivanarayana,Auyong,Senior Staff
87823,Piyush,Kropatsch,Senior Engineer
87824,Serenella,Falster,Senior Engineer
87829,Genki,Etalle,Senior Engineer
87836,Patricia,Versino,Senior Staff
87840,Sungwon,Wendorf,Senior Engineer
87843,Fabrizio,Langford,Staff
87845,Ramalingam,Himler,Staff
87850,Bernice,Nicolson,Staff
87851,Aloys,Asser,Senior Staff
87852,Nikolaos,Pokrovskii,Senior Staff
87856,Lunjin,Erol,Senior Staff
87857,Anneli,Poehlman,Engineer
87864,Gil,Zuberek,Engineer
87869,Alassane,Luit,Senior Staff
87870,Yucai,Cmelik,Staff
87875,Anneli,Reeker,Senior Engineer
87876,Dante,Perfilyeva,Senior Engineer
87877,Sampalli,Undy,Staff
87881,Yechezkel,Masaki,Senior Engineer
87886,Candido,Karnin,Senior Staff
87889,Arve,Naumovich,Senior Staff
87894,Sibyl,Decaestecker,Senior Engineer
87895,Tesuro,Munke,Senior Staff
87896,Sorina,Setiz,Senior Engineer
87897,Tzu,Suwa,Senior Staff
87900,Leandro,Hiyoshi,Senior Engineer
87902,Phuoc,Compeau,Senior Engineer
87908,Chandrasekaran,Melter,Senior Staff
87915,Masaru,Matteis,Engineer
87916,Kwangsub,Gulak,Senior Engineer
87917,Demos,Luga,Senior Staff
87925,Kwangsub,Roohalamini,Senior Engineer
87933,Uma,Ruther,Technique Leader
87936,Elvia,Sudbeck,Senior Engineer
87944,Mahendra,Schmezko,Senior Engineer
87948,Subhash,Kalafatis,Engineer
87951,Ottavia,Rohrbach,Senior Engineer
87953,Vitaly,Rusterholz,Senior Staff
87958,Leandro,Mattern,Senior Engineer
87964,Alejandro,Luon,Senior Staff
87969,Junichi,Borstler,Technique Leader
87974,Shunichi,Peac,Senior Staff
87976,Maren,Fiebach,Senior Engineer
87977,Masako,Decaestecker,Engineer
87978,Moni,Lorch,Staff
87982,Lijia,Conia,Senior Engineer
87986,Youssef,Shokrollahi,Assistant Engineer
87987,Kiyotoshi,Cyre,Staff
87989,Leah,Lindqvist,Senior Staff
87991,Fusako,Gubsky,Senior Staff
87992,Moriyoshi,Iivonen,Senior Staff
87993,Masasuke,Hiraishi,Engineer
88005,Mrinalini,Brookman,Engineer
88009,Fumiya,Varker,Senior Engineer
88010,Prodip,Ventosa,Staff
88013,Frederique,Vasanthakumar,Staff
88015,Dmitry,Akiyama,Engineer
88016,Faiza,Georgakopoulos,Staff
88018,Heeju,Ferretti,Senior Engineer
88019,Pranas,Gischer,Senior Engineer
88025,Mahendra,Fordan,Senior Engineer
88028,Mariangiola,Curless,Assistant Engineer
88031,Goetz,Barbanera,Engineer
88032,Urs,Serra,Senior Staff
88033,Masato,Callaway,Senior Engineer
88036,Tomofumi,Ginneken,Senior Staff
88037,Kwun,Sridhar,Senior Engineer
88038,Monique,Jarecki,Senior Engineer
88040,Franziska,Prenel,Senior Staff
88041,Georgy,Braunmuhl,Staff
88045,Kenroku,Perly,Senior Engineer
88050,Satoru,Miara,Staff
88055,Taizo,Schlumberger,Senior Staff
88059,Teunis,Klassen,Senior Engineer
88060,Emdad,Ferriere,Engineer
88064,Gio,Reutenauer,Engineer
88065,Gopalakrishnan,Cherinka,Senior Engineer
88071,Werner,Herath,Assistant Engineer
88072,Jeanne,Vecchio,Senior Engineer
88073,Jiong,Itzfeldt,Senior Staff
88079,Karlis,Hmelo,Senior Staff
88080,Mack,Heuser,Senior Staff
88083,Sumant,Ramamoorthy,Senior Staff
88085,Chinhyun,Baca,Senior Staff
88089,Kwok,Alpin,Senior Engineer
88090,Olivera,Dahlbom,Senior Engineer
88099,Fumino,Falck,Staff
88101,Zongyan,Strooper,Engineer
88104,Eldridge,Mamelak,Senior Engineer
88113,Mokhtar,Akazan,Senior Engineer
88115,Marit,Fabrizio,Engineer
88116,Luerbio,Butterworth,Senior Engineer
88120,Janche,Grandbois,Engineer
88122,LiMin,Shigei,Engineer
88125,Shawna,Whitcomb,Senior Staff
88127,Sushant,Hooghiemstra,Senior Staff
88133,Goncalo,Rosin,Staff
88136,Shir,Stille,Engineer
88137,Domenick,Brodie,Senior Engineer
88138,Makato,Assaf,Staff
88143,Marl,Nooteboom,Senior Engineer
88145,Sanjit,Ernst,Senior Engineer
88146,Goncalo,Lalonde,Engineer
88155,Adas,Stanger,Staff
88163,Chuanti,Homond,Technique Leader
88167,Aleksandar,Nivat,Senior Staff
88168,Ravishankar,Feldmann,Technique Leader
88171,Genevieve,Eterovic,Engineer
88172,Christophe,Yurov,Senior Staff
88179,Jaewon,Barreiro,Senior Staff
88182,Kristinn,Christianini,Engineer
88187,Lihong,Radhakrishnan,Senior Staff
88189,Adit,Stavenow,Engineer
88190,Lech,Radivojevic,Senior Staff
88191,Monique,Sigstam,Engineer
88192,Bader,Copas,Senior Staff
88195,Ghassan,Krogh,Senior Engineer
88198,Toshimi,Tokunaga,Senior Engineer
88200,Mahendra,Ramamoorthy,Senior Staff
88210,Neelam,Gadepally,Staff
88212,Jiong,Tasistro,Staff
88213,Zvonko,Varman,Technique Leader
88217,Gennady,Azevdeo,Senior Staff
88219,Palash,Krzyzanowski,Senior Engineer
88227,Rafols,Pavlopoulou,Senior Engineer
88232,Marla,Gubsky,Technique Leader
88235,Mrinalini,Fargier,Senior Engineer
88246,Munenori,Slobodova,Senior Staff
88247,Marjo,Fasbender,Senior Staff
88249,Ronnie,Varman,Assistant Engineer
88251,Oddvar,Broder,Senior Engineer
88255,Tesuro,Barbanera,Senior Staff
88260,Miomir,Krzyzanowski,Senior Engineer
88262,Sham,Stassinopoulos,Senior Engineer
88263,Suebskul,Merro,Staff
88266,Kiyokazu,Poehlman,Engineer
88268,Shushma,Haraldson,Staff
88269,Demin,Kaelbling,Senior Staff
88271,Shakhar,Ratnaker,Engineer
88272,Neelam,Stemann,Senior Staff
88277,Hairong,Brobst,Senior Engineer
88281,Sarita,Zhiwei,Senior Staff
88287,Parke,Reistad,Senior Engineer
88291,Piyawadee,Vecchio,Senior Staff
88293,Shahaf,Ishibashi,Senior Staff
88296,Rafail,Desikan,Senior Staff
88298,Shuji,Vidya,Engineer
88299,Kazunori,Vidal,Senior Staff
88304,Tsz,Eiter,Senior Engineer
88309,Zhaofang,Stasinski,Staff
88310,Kannan,Lunn,Senior Staff
88313,Frazer,Erdmenger,Assistant Engineer
88314,Tsutomu,Denti,Senior Engineer
88318,Domenick,Barriga,Senior Staff
88330,Alois,Kuszyk,Staff
88340,Gad,Fiutem,Senior Staff
88346,Francesca,Wissmann,Senior Engineer
88348,Moss,Morris,Senior Engineer
88353,Anneke,Ranka,Senior Engineer
88354,Lijia,Jiafu,Senior Staff
88356,Werner,Yetto,Senior Engineer
88358,Trygve,Salinas,Senior Engineer
88359,Chikara,Vieth,Engineer
88370,Wanqing,Chinen,Staff
88373,Nadjib,Denis,Staff
88377,Mrinalini,Sifakis,Senior Engineer
88378,Shaz,Rodier,Senior Engineer
88381,Jackson,Bondorf,Senior Staff
88382,Genta,Penz,Engineer
88383,Khosrow,Hinsberger,Senior Staff
88384,Raimond,Servi,Staff
88385,Tran,Besancenot,Senior Staff
88386,Jiann,Bondorf,Senior Engineer
88387,Sanjeeva,Lundstrom,Engineer
88389,Jiakeng,Waymire,Senior Staff
88390,Ranga,Goldhammer,Senior Staff
88393,Kauko,Farris,Senior Engineer
88399,Thodoros,Pettit,Staff
88400,Tzvetan,Ranon,Senior Staff
88401,Evgueni,Eiter,Senior Staff
88403,Nigel,Ramaiah,Staff
88408,Rasiah,Skrikant,Senior Staff
88409,Bedir,Thambidurai,Senior Engineer
88414,Ashish,Aamodt,Technique Leader
88419,Luerbio,Murillo,Technique Leader
88421,Mariusz,Kusalik,Senior Staff
88424,Candido,Lichtner,Engineer
88429,Mikhail,Linnainmaa,Senior Staff
88432,Dines,Birnbaum,Senior Staff
88435,Danil,Schapiro,Senior Engineer
88437,Premsyl,Munoz,Engineer
88439,Rasikan,Leslie,Staff
88441,Mart,Moehrke,Senior Engineer
88449,Lihong,Naudin,Senior Engineer
88458,Bangqing,Esposito,Engineer
88464,Leszek,Luders,Senior Engineer
88469,Tomokazu,Staylopatis,Senior Staff
88479,Harjit,Monkewich,Senior Staff
88480,Manibrata,Schaar,Senior Engineer
88485,Fumino,Ranai,Staff
88488,Muzhong,Maksimenko,Senior Staff
88489,Monique,Soloway,Senior Engineer
88491,Mabry,Swiler,Senior Staff
88494,Aksel,Ritzmann,Staff
88495,Wilmer,Molenaar,Senior Staff
88496,Josyula,Chaudhury,Senior Engineer
88497,Chinhyun,Slobodova,Engineer
88503,Anestis,Rosenbaum,Senior Engineer
88512,Giao,Vigier,Senior Engineer
88519,Sanjiv,Kulisch,Senior Engineer
88521,Mansur,Adachi,Senior Engineer
88524,Zorica,Einsfeld,Senior Engineer
88525,Mabhin,Rajala,Senior Staff
88535,Rafols,Milicia,Senior Engineer
88537,Nishit,Pileggi,Staff
88538,Goo,Przulj,Engineer
88539,Stella,Azadmanesh,Senior Staff
88541,Elzbieta,Bratsberg,Engineer
88542,Djelloul,Peron,Senior Engineer
88543,Geoff,Brodie,Senior Engineer
88544,Yannik,Gilg,Senior Staff
88548,Baruch,Heijenga,Senior Engineer
88556,Ute,Ravishankar,Engineer
88558,Sachar,Roison,Technique Leader
88563,Mototsugu,Rodite,Staff
88566,Wilmer,Cesareni,Senior Staff
88568,Masadi,Bottner,Senior Engineer
88570,Genta,Rosenbaum,Senior Engineer
88577,Lenore,Ermel,Staff
88579,Vasilii,Himler,Senior Engineer
88581,Barry,Taubman,Staff
88584,Sakthirel,Rikino,Senior Engineer
88585,Ramzi,Klerer,Senior Engineer
88586,Rafols,Rosch,Senior Engineer
88588,Otmar,Sullins,Technique Leader
88591,Kwun,Lenart,Senior Staff
88596,Hilary,Sidhu,Senior Engineer
88597,Zita,Narwekar,Senior Engineer
88599,Kristin,Schneeberger,Senior Engineer
88600,Bernd,Ranze,Senior Staff
88601,Vidya,Baalen,Staff
88602,Tetsurou,Ballarin,Senior Engineer
88604,Sanjit,Sgarro,Senior Engineer
88605,Gretta,Osgood,Staff
88611,Honesty,McFarlin,Senior Engineer
88615,Weicheng,Shrader,Senior Staff
88616,Tadahiro,Esposito,Senior Engineer
88623,Bouchung,Merel,Engineer
88627,Miomir,Shimshoni,Senior Staff
88628,Guoxiang,Polajnar,Assistant Engineer
88629,Mayuko,Acton,Staff
88636,Xiping,Jeansoulin,Engineer
88639,Licheng,Bressoud,Technique Leader
88642,Morris,Feldhoffer,Engineer
88643,Marla,Fiebach,Engineer
88644,Kerryn,Brender,Senior Staff
88646,Joydip,Niizuma,Engineer
88656,Oddvar,Parveen,Technique Leader
88660,Suzette,Schade,Staff
88661,Moheb,Frijda,Engineer
88663,Adly,Deville,Senior Engineer
88671,Mariangiola,Guerreiro,Senior Engineer
88679,Genta,Lichtner,Senior Staff
88681,Genta,Alvarado,Senior Engineer
88698,Mary,Lundstrom,Senior Staff
88700,Guangming,Stifter,Engineer
88701,Terresa,Krzyzanowski,Senior Engineer
88707,Adit,Ermel,Senior Engineer
88714,Paris,Ranum,Senior Engineer
88717,Masoud,Fairtlough,Senior Engineer
88722,Falguni,Lagarias,Engineer
88727,Shunichi,Rahimi,Senior Staff
88731,Willard,Mayerwieser,Engineer
88736,Dzung,Malinowski,Senior Engineer
88739,Gift,Stiles,Engineer
88741,Ottavia,Rattan,Senior Engineer
88748,Satoru,Sigstam,Staff
88749,Phule,Cincotta,Engineer
88754,Garnet,Thorensen,Senior Staff
88758,Basem,Valette,Assistant Engineer
88764,Aloys,Turnbull,Senior Staff
88765,Xuejun,Honglei,Engineer
88768,Lunjin,Molenkamp,Senior Staff
88770,Jaroslava,Mukaidono,Senior Staff
88772,Bangqing,Pesch,Senior Engineer
88774,Holgard,Guardalben,Senior Staff
88775,Gretta,Chimia,Senior Engineer
88776,Bedir,Kaiser,Senior Staff
88777,Leif,Karunanithi,Staff
88778,Mohammed,Gruenwald,Senior Engineer
88781,Adhemar,Taneja,Engineer
88782,Martina,Simmen,Senior Staff
88788,Aamer,Picel,Senior Staff
88790,Girolamo,Aumann,Senior Staff
88791,Yunming,Salvesen,Engineer
88792,Stevo,Reghbati,Senior Engineer
88796,Mang,Erol,Assistant Engineer
88798,Brendon,Fontet,Senior Staff
88803,Bikash,Zambonelli,Senior Engineer
88806,Laurentiu,Ernst,Senior Staff
88811,Filipp,Ghazalie,Senior Staff
88817,Hitofumi,Undy,Staff
88821,Shen,Gihr,Senior Engineer
88824,Xinan,Yetim,Senior Staff
88825,Fun,Alvarado,Staff
88827,Padma,Baez,Senior Staff
88830,Shih,Auria,Senior Engineer
88833,Godehard,Walston,Senior Staff
88835,Gad,Nivat,Engineer
88838,Girolamo,Krohm,Staff
88841,Martine,Eterovic,Engineer
88848,Krassimir,Barreiro,Staff
88849,Janalee,Tiemann,Staff
88850,Kirk,Rebaine,Senior Staff
88855,Bojan,Zweizig,Staff
88859,Yuichiro,Garigliano,Senior Staff
88863,Lucian,Servieres,Senior Engineer
88864,Cedric,Choobineh,Assistant Engineer
88865,Lalit,Peng,Senior Engineer
88866,Munehiro,Babb,Senior Staff
88869,Miomir,Plump,Senior Engineer
88870,Gaurav,Spelt,Engineer
88874,Theron,Matteis,Engineer
88875,Zissis,Brandsma,Engineer
88890,Pranjal,Aloisi,Senior Staff
88893,Shaleah,Shanbhogue,Senior Engineer
88894,Nikolaus,Reinhart,Technique Leader
88901,Foong,Zambonelli,Assistant Engineer
88905,Yakichi,Muhlberg,Senior Engineer
88908,Rosita,Marchesini,Staff
88910,Vivian,Sankaranarayanan,Engineer
88911,Charlene,Waymire,Staff
88912,Kaijung,Lanphier,Staff
88914,Masali,Ozeki,Senior Engineer
88919,Aleksander,Savasere,Technique Leader
88920,Hidde,Shackell,Technique Leader
88924,Qiwen,Alameldin,Senior Engineer
88925,Magdalena,Barvinok,Engineer
88936,Hironobu,Belinskaya,Senior Staff
88937,Angel,Waschkowski,Senior Engineer
88938,Rosine,Detkin,Staff
88942,Leif,Senzako,Senior Engineer
88945,Miomir,Jahnichen,Senior Staff
88946,Ohad,Dulin,Senior Engineer
88947,Ronghao,Marletta,Senior Staff
88951,Alair,Perna,Senior Engineer
88959,Danae,Schlegelmilch,Assistant Engineer
88961,Uta,Asser,Technique Leader
88967,Sukumar,Douceur,Senior Staff
88969,Hatem,Horswill,Senior Staff
88973,Ingemar,Peng,Engineer
88975,Miomir,Baak,Senior Staff
88976,Younwoo,Peron,Senior Staff
88978,Duangkaew,Baranowski,Engineer
88987,Miomir,Prenel,Engineer
88989,Jaber,Gulik,Senior Staff
88994,Atilio,Plump,Senior Staff
88995,Hitofumi,Rosay,Senior Engineer
88997,Leif,Giveon,Senior Engineer
89001,Zeydy,Sommen,Senior Staff
89002,Luisa,Pelz,Senior Engineer
89006,Adil,Otillio,Senior Engineer
89007,Sanjiv,Schwartzburd,Engineer
89010,Jingling,Weisert,Engineer
89011,Marsha,Parascandalo,Senior Staff
89014,Piyush,Jiafu,Senior Engineer
89016,Zeljko,Hardjono,Assistant Engineer
89022,Atilio,Orlowski,Senior Staff
89023,Nahum,Castellani,Engineer
89026,Rafols,Siprelle,Senior Staff
89028,Douadi,Morrow,Senior Engineer
89030,Xinglin,Prochazka,Senior Engineer
89033,Sailaja,Jansen,Senior Engineer
89034,Jagoda,Riefers,Senior Engineer
89038,Troy,Kambil,Senior Engineer
89039,Marek,Quadeer,Engineer
89043,Mohammed,Riefers,Senior Engineer
89046,Mahendra,Tsunoo,Engineer
89047,Rayond,Ishibashi,Engineer
89050,Zhonghua,Lenart,Senior Engineer
89051,Demos,Ritzmann,Senior Staff
89053,Arunachalam,Bolsens,Senior Engineer
89060,Matt,Chandrasekhar,Senior Engineer
89063,Gen,Marshall,Senior Engineer
89071,Marsha,Paciorek,Engineer
89074,Dmitry,Chandrasekhar,Staff
89075,Aamer,Bolsens,Senior Engineer
89080,Gil,Smeets,Engineer
89082,Tesuya,Rosin,Senior Engineer
89084,DAIDA,Dayana,Senior Staff
89089,Shalesh,Kirkerud,Senior Engineer
89092,Troy,Raney,Senior Staff
89100,Tomoyuki,Varman,Senior Staff
89101,Petter,Francisci,Assistant Engineer
89106,Kwok,Billawala,Senior Engineer
89108,Munehiko,Holburn,Senior Staff
89112,Kwangho,Zeidenstein,Senior Engineer
89115,Hugo,Schusler,Senior Engineer
89119,Pranjal,Cyne,Senior Engineer
89123,Leen,Selvestrel,Senior Engineer
89125,Danel,Sinitsyn,Technique Leader
89128,Dmitry,Kitsuregawa,Staff
89133,Fumino,Kermarrec,Technique Leader
89136,Poornachandra,Swab,Senior Engineer
89137,Lucien,Melski,Technique Leader
89143,Dzung,Walston,Staff
89148,Mads,Heering,Senior Engineer
89154,Dietrich,Isaak,Staff
89155,Arno,Kuszyk,Engineer
89158,Qingxiang,Marwedel,Senior Engineer
89162,Yongqiao,Melter,Senior Staff
89167,Kwangyoen,Ashish,Senior Engineer
89168,Tiina,Orlowska,Senior Staff
89172,Berna,Casley,Senior Staff
89173,Aiichiro,McFarlan,Senior Engineer
89178,Godehard,Maccarone,Senior Staff
89179,Weijing,Kranzdorf,Senior Staff
89182,Sakthirel,Minakawa,Engineer
89184,Chriss,Fargier,Senior Staff
89185,Reinhard,Unno,Senior Staff
89186,Gor,Marshall,Senior Engineer
89188,Gudjon,Thisen,Staff
89190,Mario,Gurbaxani,Senior Engineer
89193,Hideo,Denis,Senior Engineer
89194,Arunachalam,Picht,Senior Staff
89196,Bowen,Ramalingam,Senior Staff
89201,Kolar,Limongiello,Engineer
89213,Toney,Angot,Senior Engineer
89222,Chiradeep,Hatcliff,Engineer
89227,Ziyad,Suppi,Assistant Engineer
89230,Licheng,Radhakrishnan,Engineer
89232,Remzi,Herath,Senior Staff
89240,Arfst,Ecklund,Engineer
89243,Dmitri,Schwartzburd,Senior Staff
89263,Utz,Kinley,Senior Staff
89265,Munir,Gopalakrishnan,Senior Staff
89267,Adam,Chachaty,Engineer
89270,Francoise,Chachaty,Engineer
89274,Vitaly,Reeken,Staff
89275,Menkae,Jonsson,Senior Staff
89276,Chenyi,Wuwongse,Senior Engineer
89288,Ingmar,Nyrup,Senior Engineer
89299,Ayonca,Andreotta,Senior Engineer
89300,Xiaoqiang,Schaar,Senior Engineer
89303,Aiman,Khasidashvili,Staff
89305,Nidapan,Bernardinello,Senior Engineer
89308,Yechiam,Bain,Engineer
89315,Susumu,Montemayor,Senior Staff
89317,Kazuyasu,Zongker,Engineer
89318,Uli,Plump,Senior Staff
89322,Ramzi,Slobodova,Senior Engineer
89326,Mingsen,Ferretti,Engineer
89329,Marc,Kieras,Senior Engineer
89331,Ranga,Narahara,Senior Engineer
89333,Mona,Iisaka,Engineer
89335,Gretta,Karcich,Senior Engineer
89343,Khun,Eugenio,Senior Staff
89344,Angel,Peir,Senior Staff
89347,Kirk,Constantine,Engineer
89350,Jungsoon,Biran,Senior Staff
89352,Mitchel,Ramamoorthy,Senior Staff
89353,Mostafa,Akiyama,Engineer
89354,Aiman,Schicker,Senior Staff
89359,Moon,Jenevein,Senior Engineer
89362,Jiafu,Flasterstein,Senior Engineer
89364,Waiman,Miara,Engineer
89367,Zdislav,Frezza,Senior Engineer
89371,Shigenori,Chleq,Senior Engineer
89374,Ingemar,Itzigehl,Engineer
89377,Marsja,Genin,Senior Engineer
89378,Oscar,Carrere,Technique Leader
89379,Akeel,Bisiani,Staff
89381,Paraskevi,Anily,Senior Staff
89386,Douadi,Conta,Engineer
89387,Arvind,Ullian,Senior Staff
89388,Divier,Hasenauer,Senior Engineer
89391,Aram,Steenbeek,Senior Staff
89392,Leen,Casperson,Senior Engineer
89393,Yishai,Coorg,Staff
89399,Erzsebet,Smeets,Senior Engineer
89404,Arnd,Peng,Senior Staff
89414,Percy,Schreiter,Staff
89416,Mariangiola,Nitsch,Senior Staff
89421,Gill,Birdsall,Staff
89425,Chandrasekaran,Baba,Senior Staff
89426,Yakichi,Heusch,Senior Engineer
89431,Yunming,Pileggi,Senior Engineer
89434,Arvind,Krichel,Technique Leader
89436,Heejo,Gelosh,Engineer
89442,Pragnesh,Gurbaxani,Senior Staff
89444,Marl,Perry,Senior Engineer
89448,Vidya,Akiyama,Senior Staff
89453,Indrajit,Snyers,Senior Staff
89457,Kousuke,Peir,Engineer
89458,Valery,McFarlin,Staff
89469,Pasqua,Bojadziev,Senior Staff
89472,Suebskul,Gruenwald,Engineer
89474,Genevieve,Hertweck,Senior Engineer
89476,Xiaoqiang,Perna,Senior Engineer
89479,Aron,Zeidenstein,Senior Engineer
89480,Palash,Angelov,Senior Staff
89498,Takahira,Segond,Senior Staff
89500,Xuejia,Krybus,Senior Engineer
89506,Danil,Rijckaert,Engineer
89507,Diederik,Orlowska,Engineer
89510,Gritta,Cyre,Senior Engineer
89512,Susanta,Lung,Engineer
89517,Reinhold,Hatcliff,Senior Staff
89525,Kristin,Pleszkun,Senior Engineer
89528,Toney,Schwaller,Senior Staff
89531,Sachem,Boguraev,Technique Leader
89532,Bodh,Siochi,Engineer
89534,Vidar,Ananiadou,Technique Leader
89535,Weiwu,Conde,Senior Engineer
89537,Gaurav,Tasistro,Technique Leader
89546,Sukumar,Michaels,Senior Staff
89550,Visit,Sooriamurthi,Engineer
89553,Gilbert,Pocchiola,Senior Engineer
89566,Yucai,Picci,Engineer
89567,Kankanahalli,Masand,Senior Staff
89573,Ute,Varley,Senior Staff
89579,Dung,Klassen,Senior Staff
89581,Bojan,Schueller,Senior Engineer
89592,Vitaly,Koblick,Staff
89597,Parto,Denti,Engineer
89598,Nectarios,Alpin,Senior Engineer
89600,Fan,Lodder,Senior Staff
89608,Susanne,Niizuma,Senior Staff
89610,Narain,Guting,Engineer
89612,Mara,Zeilberger,Engineer
89613,Billie,Feldmann,Senior Staff
89620,Chenxi,Scharstein,Engineer
89624,Pohua,Cherinka,Technique Leader
89629,Danai,Giarratana,Senior Engineer
89632,Hausi,Theuretzbacher,Senior Staff
89634,Rafols,Kalloufi,Senior Engineer
89636,Odinaldo,Poulakidas,Technique Leader
89640,Sreekrishna,Muhling,Senior Staff
89641,Geoff,Lundstrom,Staff
89645,Joydip,Kadhim,Staff
89653,Kousuke,Morton,Senior Engineer
89657,Deniz,Kavraki,Senior Engineer
89659,Feipei,Usdin,Assistant Engineer
89663,Dietrich,Loncour,Engineer
89669,Ult,Miake,Technique Leader
89672,Ebbe,Feldmann,Senior Engineer
89675,Wonhee,Kusakari,Senior Engineer
89679,Dinah,Koyama,Engineer
89684,Mabhin,Stemann,Staff
89690,Sukumar,Back,Staff
89694,Dulce,Wuwongse,Staff
89695,Tomofumi,Farrag,Senior Staff
89699,Uma,Keustermans,Senior Engineer
89703,Teiji,Cusworth,Technique Leader
89709,Lokesh,Albarhamtoshy,Engineer
89710,Jingling,Dredge,Engineer
89714,Shigehito,Colorni,Engineer
89715,Toshimori,Sanella,Senior Engineer
89723,Karlis,Luby,Senior Staff
89724,Naftali,Kalorkoti,Senior Staff
89739,Mayumi,Piazza,Technique Leader
89740,Toshimi,Molberg,Staff
89743,Hugo,Ferriere,Technique Leader
89744,Ramachenga,Peng,Senior Engineer
89748,Changho,Esteva,Engineer
89754,Magdalena,Birta,Senior Engineer
89755,Lalit,Klerer,Staff
89760,Mandell,Ducloy,Senior Staff
89767,Minghong,Bonifati,Senior Staff
89770,Abdulah,Cronin,Senior Engineer
89776,Seongbae,Remmers,Senior Staff
89780,Xudong,Schaad,Senior Engineer
89783,Volkmar,Georg,Senior Staff
89785,Amabile,Beerel,Senior Staff
89787,Toshiki,Schaap,Senior Engineer
89788,Filipe,McDermid,Staff
89790,Arun,Shokrollahi,Senior Staff
89791,Demos,Snyers,Staff
89792,Satoru,Halloran,Staff
89794,Rafols,Papastamatiou,Staff
89795,Yinlin,Kirkerud,Senior Engineer
89796,Kendra,Maginnis,Engineer
89801,Zvonko,Giarratana,Senior Staff
89808,Kristinn,Morrow,Senior Engineer
89809,Rasiah,Kavvadias,Senior Engineer
89812,Boriana,Vingron,Senior Engineer
89819,Kerhong,Lalonde,Senior Staff
89822,Rafols,Gopalakrishnan,Staff
89825,Ingmar,Isard,Senior Staff
89830,Demos,Chinen,Staff
89834,Guangming,Lieberherr,Senior Staff
89835,Sashi,Pell,Senior Staff
89838,Zhonghua,Luby,Senior Engineer
89843,Boalin,Ghelli,Staff
89844,Hercules,Basagni,Engineer
89848,Freyja,Ferretti,Senior Engineer
89853,Guadalupe,Raney,Engineer
89858,Mack,Renear,Assistant Engineer
89859,Guangming,Lalonde,Engineer
89860,Serap,Gyorkos,Staff
89863,Bingning,Krohm,Senior Engineer
89866,Alper,Ghandeharizadeh,Staff
89868,Itzchak,Alblas,Senior Staff
89872,Visit,Bugrara,Senior Staff
89875,Babette,Lanphier,Engineer
89882,Abdulla,Murrill,Senior Engineer
89883,Berry,Paludetto,Senior Staff
89884,Tooru,Dayang,Staff
89885,Supot,Zumaque,Senior Engineer
89887,Zhonghui,Munro,Senior Staff
89890,Eckart,Ozeki,Assistant Engineer
89900,Yuichiro,Barinka,Senior Engineer
89902,Arnould,Smeets,Engineer
89904,Ottavia,Olivero,Senior Staff
89907,Maja,Aingworth,Senior Engineer
89912,Dietrich,Ouhyoung,Engineer
89915,Qunsheng,Lores,Senior Engineer
89918,Gay,Billawala,Staff
89921,Luerbio,Potthoff,Senior Staff
89923,Miyeon,Gronowski,Senior Engineer
89928,Gully,Sambasivam,Senior Engineer
89931,Vincent,Sundgren,Senior Staff
89932,Kerryn,Sanella,Senior Engineer
89936,Sangeeta,Walston,Senior Staff
89939,Zhongwei,Larfeldt,Senior Staff
89945,Sahrah,Kopetz,Staff
89949,Jaques,Talmon,Senior Engineer
89950,Berthier,Lichtman,Senior Engineer
89957,Tua,Sadowski,Senior Engineer
89958,Jiann,Erde,Staff
89960,Remmert,Radwan,Staff
89961,Yuping,Stenning,Senior Staff
89963,Kazuhide,Daescu,Senior Engineer
89966,Zita,Pehl,Technique Leader
89968,Wonhee,Perz,Senior Staff
89969,Conrado,Cappelletti,Senior Staff
89976,Marke,Peres,Senior Staff
89979,Munehiko,Bugaenko,Senior Engineer
89981,Shahaf,Masamoto,Senior Engineer
89987,Emdad,Munro,Senior Engineer
89989,Charmane,Plump,Staff
89991,Fay,Miake,Senior Engineer
89993,Gilbert,Zumaque,Engineer
89998,Ugo,Yoshizawa,Engineer
90000,Valeri,Peltason,Senior Engineer
90005,Aksel,Lowrie,Technique Leader
90009,Denny,Ozeki,Engineer
90010,Niclas,Vesna,Technique Leader
90011,Hideyuki,Raoux,Senior Staff
90013,Guenter,Cappelli,Senior Staff
90015,Tse,Ducloy,Senior Engineer
90018,Toong,Lueh,Staff
90020,Oldrich,Holburn,Senior Engineer
90027,Tesuro,Maliniak,Staff
90029,Boaz,Melton,Senior Engineer
90034,Hitofumi,Streng,Senior Engineer
90037,Ekawit,Daescu,Senior Engineer
90038,Eben,Peng,Staff
90041,Eran,Besancenot,Senior Engineer
90048,Odinaldo,Duclos,Senior Staff
90051,Venkatesan,Benzmuller,Staff
90052,Gill,Cangellaris,Staff
90055,Barna,Kumaresan,Senior Staff
90059,Fumiyo,Setia,Senior Engineer
90061,Supot,Ramaiah,Senior Engineer
90065,Eckart,Gajiwala,Senior Engineer
90069,Hein,Rohrbach,Technique Leader
90070,Remmert,Chiola,Senior Staff
90071,Arne,Riefers,Senior Staff
90074,Paddy,Broder,Senior Engineer
90078,Susuma,Champarnaud,Staff
90080,Hyuncheol,Taubenfeld,Senior Engineer
90081,Jayson,Ventosa,Technique Leader
90083,Toney,Radwan,Senior Engineer
90085,Branimir,Oppitz,Staff
90089,Ugo,Veldwijk,Senior Staff
90092,Candida,Angelov,Senior Staff
90098,Mohua,Lowrie,Technique Leader
90100,Xinglin,Munoz,Engineer
90101,Cathie,Terlouw,Assistant Engineer
90102,Mads,Denny,Senior Engineer
90110,Przemyslawa,Orsini,Senior Engineer
90111,Xiaoqiang,Stanfel,Senior Engineer
90122,Taisook,Halevi,Senior Staff
90125,Shugo,Reghbati,Technique Leader
90129,Conrado,Azevdeo,Engineer
90131,Shahid,Garnier,Senior Engineer
90132,Holgard,Mandell,Senior Staff
90135,Yinlin,Akiyama,Senior Staff
90136,Toshimi,Demos,Senior Engineer
90138,Shin,Selvestrel,Engineer
90145,Steen,Walstra,Senior Engineer
90147,Tomokazu,Plump,Staff
90150,Takahiro,Knightly,Assistant Engineer
90152,Chenye,Birrer,Senior Engineer
90153,Goetz,Ranum,Engineer
90154,Collette,Ruemmler,Senior Staff
90157,Nathalie,Matzat,Staff
90158,JiYoung,Cappelli,Staff
90159,Xiaoqiang,Jayawardene,Senior Engineer
90163,Harjit,Ghandeharizadeh,Senior Engineer
90165,Fabrizio,Suessmith,Engineer
90170,Marsal,Kawashima,Senior Engineer
90175,Lene,Schaad,Senior Engineer
90178,Shigeu,Sluis,Senior Staff
90179,Sajjad,Pramanik,Engineer
90183,Cullen,Pavlopoulou,Engineer
90189,Tzu,Bernardeschi,Senior Engineer
90190,Abdelkader,Warwick,Senior Engineer
90201,Rajmohan,Alvarado,Senior Engineer
90203,Muneo,Luff,Engineer
90207,Christoper,Conte,Senior Engineer
90210,Satosi,Alameldin,Engineer
90213,Kotesh,Kobara,Senior Engineer
90215,Poorav,Liesche,Senior Staff
90220,Remco,Driscoll,Engineer
90228,Udi,Camurati,Senior Staff
90233,Martien,Setlzner,Senior Staff
90236,Susuma,Norsworthy,Senior Engineer
90239,Kokou,Conde,Technique Leader
90244,Chandrasekaran,Nollmann,Assistant Engineer
90250,Richard,Sluis,Senior Staff
90252,Chinya,Hambrick,Staff
90256,Toney,Brender,Engineer
90260,Mayuri,Luks,Engineer
90261,Rimli,Merle,Senior Engineer
90265,TRUE,Delgrossi,Staff
90268,Fumiya,Androutsos,Senior Engineer
90270,Djenana,Spieker,Senior Engineer
90272,Dinah,Tramer,Senior Staff
90277,Conor,Alencar,Senior Engineer
90279,Arch,Geffroy,Senior Staff
90281,Marlo,Haraldson,Senior Staff
90284,Oguz,Sullins,Senior Engineer
90287,Iara,Duclos,Senior Staff
90288,Jaideep,Shumilov,Senior Engineer
90291,Akemi,Esposito,Engineer
90304,Shigenori,Kavvadias,Senior Engineer
90306,Gully,Cangellaris,Staff
90309,Zengping,Siegrist,Engineer
90313,Susanta,Pettis,Senior Staff
90314,Masaki,Rosen,Senior Staff
90325,Mark,Krone,Staff
90326,Sumali,Denny,Senior Engineer
90327,Jacopo,Chiola,Senior Staff
90329,Palash,Renear,Senior Staff
90331,Luerbio,Matheson,Staff
90332,Ebbe,Frezza,Engineer
90333,Arnd,Yemenis,Senior Engineer
90336,Shridhar,Chaudhury,Senior Staff
90342,King,Koshiba,Senior Staff
90345,Willard,Liedekerke,Engineer
90348,Makato,Merks,Senior Staff
90349,Koichi,Aloisi,Senior Engineer
90353,Mingzeng,Cooley,Senior Engineer
90357,Honglan,Lunn,Senior Engineer
90359,Szabolcs,Narlikar,Senior Staff
90367,Josyula,Riexinger,Senior Engineer
90371,Kamran,Rebaine,Senior Engineer
90375,Kellyn,Laventhal,Senior Engineer
90379,Bogdan,Wroclawski,Staff
90381,Anestis,Felcyn,Engineer
90386,Marc,Rosis,Engineer
90390,Marko,Kadhim,Senior Staff
90393,Tetsurou,Pramanik,Senior Staff
90398,Ute,Genin,Staff
90403,Yucel,Gilg,Staff
90405,Theirry,Muchinsky,Senior Staff
90410,Herb,Plesums,Engineer
90411,Shahid,Gimbel,Senior Staff
90413,Qunsheng,Ramamoorthy,Senior Engineer
90416,Sanjeeva,Hofting,Senior Engineer
90421,Guozhong,Slobodova,Senior Engineer
90423,Tru,Frolund,Senior Staff
90425,Masasuke,Schrift,Technique Leader
90428,Niranjan,Braunschweig,Staff
90431,Jacopo,Sessa,Senior Engineer
90433,Baocai,Redmiles,Engineer
90436,Zijian,Taubman,Senior Staff
90439,Mori,Yetto,Senior Staff
90440,Gita,Yetim,Engineer
90442,Suzette,Merkl,Senior Staff
90445,Subbu,Negoita,Assistant Engineer
90449,Anestis,Chinen,Senior Staff
90453,Beshir,Pashtan,Engineer
90458,Rimli,Kadhim,Senior Staff
90463,Takahito,Fabrizio,Staff
90464,Doowon,Penttonen,Engineer
90467,Yuuichi,Kumaresan,Senior Staff
90471,Gao,Pelz,Senior Engineer
90473,Bojan,Etalle,Technique Leader
90475,Rajmohan,Turnbull,Senior Engineer
90476,Kristian,Lampe,Technique Leader
90477,Genta,Curless,Senior Engineer
90480,Fai,Mitina,Senior Engineer
90481,Goh,Kemmerer,Senior Staff
90489,Weidon,Ritzmann,Staff
90493,Ravishankar,Fargier,Senior Staff
90497,Radoslaw,Dulin,Staff
90499,Eberhardt,Bellmore,Senior Engineer
90505,Aris,Chinal,Senior Staff
90508,Apostol,Fasbender,Senior Engineer
90519,Syozo,Rodite,Senior Staff
90522,IEEE,Beerel,Senior Engineer
90527,Shuzo,Erman,Engineer
90528,Muzhong,Halloran,Senior Engineer
90530,Lokesh,Gustavson,Senior Engineer
90532,Yunming,Kroon,Senior Engineer
90535,Keiichiro,Hagimont,Staff
90536,Leah,Hutton,Senior Engineer
90538,Pradeep,Ferretti,Senior Staff
90542,Danae,Bellmore,Engineer
90548,Khoa,Munro,Senior Engineer
90554,Goa,Hmelo,Technique Leader
90555,Manohar,Stassinopoulos,Staff
90556,Aiichiro,Rothe,Senior Engineer
90559,Amalendu,Schlegelmilch,Senior Staff
90572,Naraig,Tokunaga,Senior Engineer
90578,Arne,Plavsic,Senior Engineer
90579,Armond,Fontet,Senior Engineer
90582,Tuval,Akiyama,Senior Engineer
90584,Willard,Luft,Engineer
90589,Bluma,Reinhard,Senior Engineer
90591,Mark,Vesna,Senior Staff
90594,Sahrah,Mattern,Senior Staff
90597,Surveyors,Redmiles,Staff
90598,Amalendu,Bennet,Senior Staff
90603,Kristine,Birge,Senior Engineer
90604,Goetz,Sabnani,Senior Engineer
90606,Annemarie,Rajala,Senior Engineer
90617,Sverrir,Showalter,Engineer
90618,Qingxiang,Narwekar,Senior Staff
90620,Alper,Riesenhuber,Staff
90626,Vidar,Muhlberg,Staff
90627,Sasan,Speer,Senior Engineer
90630,Kolar,Narahari,Senior Staff
90632,Caolyn,Rajala,Senior Engineer
90637,Kauko,Kusakabe,Senior Staff
90642,Yinlin,Savasere,Senior Engineer
90648,Christoper,Bottner,Senior Staff
90651,Teiji,Frijda,Senior Engineer
90654,Torsten,Kossowski,Technique Leader
90661,Christ,Marquardt,Senior Engineer
90662,Fumiyo,DasSarma,Engineer
90663,Pramod,Montemayor,Senior Staff
90664,Ziva,Backhouse,Senior Staff
90672,Xiaoqiang,Vernadat,Senior Engineer
90673,Younwoo,Hutton,Senior Engineer
90674,Tzu,Nastansky,Staff
90676,Jiong,Rissland,Senior Engineer
90677,Kristina,Panangaden,Staff
90680,Frederique,Nyrup,Senior Engineer
90687,Babette,Limongiello,Senior Engineer
90689,Claude,Pepe,Senior Staff
90698,Lijia,Fraisse,Engineer
90703,Badri,Perz,Senior Staff
90707,Ibibia,Stasinski,Staff
90710,Karlis,Hellwagner,Senior Engineer
90712,Hercules,Biran,Engineer
90714,Boriana,Manderick,Senior Staff
90715,Ramalingam,Xiaoshan,Staff
90717,Youpyo,Chepyzhov,Senior Engineer
90719,Masami,Zaumen,Senior Engineer
90725,Pragnesh,Rikino,Senior Engineer
90734,Alejandro,Zirintsis,Technique Leader
90735,Kayoko,Anily,Engineer
90736,Fumino,Guardalben,Staff
90738,Pranav,Christianini,Senior Engineer
90742,Sigeru,Heuser,Engineer
90743,Rayond,Emden,Senior Staff
90745,Richard,Marletta,Senior Engineer
90747,Dante,Setia,Technique Leader
90748,Monique,Giveon,Senior Staff
90749,Martins,Vesna,Senior Staff
90757,Aiman,Sadowski,Senior Engineer
90758,Billur,Rathonyi,Senior Engineer
90760,Hein,Vingron,Senior Engineer
90762,Paris,Choobineh,Senior Staff
90765,Lein,Neiman,Senior Engineer
90771,Divier,Luon,Senior Engineer
90774,Rajmohan,Doering,Staff
90776,Bouchung,Skrikant,Staff
90778,Leucio,Kaiserswerth,Senior Engineer
90780,Kotesh,Clouatre,Senior Engineer
90782,Danny,Olivero,Senior Engineer
90783,Stepehn,Hammerschmidt,Staff
90786,Roded,Barbanera,Senior Staff
90789,Georgi,Ellozy,Senior Staff
90793,Jinpo,Acton,Senior Engineer
90796,Adin,Rosch,Senior Staff
90802,Magy,Isard,Engineer
90804,Otmar,Setia,Senior Engineer
90805,Masoud,Sessa,Technique Leader
90808,Shigehito,Cromarty,Engineer
90810,Barton,Buchter,Senior Engineer
90811,Lijie,Babb,Senior Engineer
90812,Marie,Thibadeau,Senior Staff
90813,Tse,Fritzsche,Engineer
90821,Jingling,Kadhim,Senior Engineer
90833,Joydip,Sridhar,Staff
90844,Nahla,Heuter,Engineer
90848,Baziley,Chepyzhov,Senior Engineer
90852,Moti,Piazza,Engineer
90857,Kish,Thisen,Staff
90859,Yaghout,Mateescu,Senior Engineer
90862,Masadi,Billingsley,Senior Staff
90865,Sanjoy,Farris,Staff
90866,Becky,Dulli,Senior Engineer
90867,Kristin,Parfitt,Senior Engineer
90870,Pradeep,Kriebel,Senior Engineer
90872,Thodoros,Kitai,Senior Engineer
90878,Odysseas,Tagansky,Senior Engineer
90880,Prodip,Einsfeld,Senior Staff
90886,Harngdar,Heusch,Engineer
90889,Berhard,Braccini,Senior Engineer
90895,Guenter,Lorch,Senior Engineer
90901,Gudjon,Rousseau,Technique Leader
90903,Richara,Sadowski,Senior Engineer
90905,Gro,Casperson,Senior Staff
90908,Toshimi,Cronan,Senior Staff
90910,Atreye,Lorie,Senior Engineer
90911,Aemilian,Shinomoto,Senior Staff
90912,Kazunori,Feldmann,Senior Engineer
90913,Xiahua,Levergood,Senior Engineer
90914,Danel,Mandell,Senior Engineer
90917,Alejandra,Streit,Assistant Engineer
90920,Nikolaos,Bhattacharjee,Senior Engineer
90921,Siddarth,Servi,Engineer
90923,Raimond,Bhattacharjee,Staff
90925,Odinaldo,Bugrara,Senior Staff
90931,Sadun,Rousseau,Senior Staff
90934,Tooru,Ghemri,Staff
90936,Xinglin,Yavatkar,Senior Staff
90938,Duri,Nergos,Engineer
90943,Adamantios,Picci,Senior Engineer
90945,Karoline,Otillio,Staff
90946,Arunas,Chaudhuri,Engineer
90948,Gully,Matteis,Senior Staff
90957,Clyde,Atrawala,Staff
90962,Chanjung,Luit,Senior Engineer
90964,Basil,Kuszyk,Senior Staff
90974,Ioana,Mapelli,Technique Leader
90975,Dulce,Brickell,Technique Leader
90978,Ramya,Ouhyoung,Senior Staff
90982,Cullen,Basawa,Senior Engineer
90983,Gererd,Openshaw,Engineer
90987,Teunis,Vural,Senior Engineer
90989,Xiping,Koblick,Staff
90993,Masaki,Benzaken,Senior Engineer
90994,Xinyu,Merel,Senior Engineer
90995,Aiman,Kilgore,Staff
90997,Navin,Angelopoulos,Senior Staff
90998,Jessie,Schwartzbauer,Senior Staff
91000,Radoslaw,Marrevee,Senior Engineer
91005,Aamod,Kawashima,Senior Staff
91009,Minghong,Liedekerke,Senior Engineer
91011,Eishiro,Baaleh,Senior Staff
91016,Nalini,Shrader,Senior Engineer
91018,Vitali,Binding,Senior Engineer
91022,Alagu,Kropatsch,Technique Leader
91023,Volkmar,Nitsche,Technique Leader
91024,Roddy,Kinley,Engineer
91029,Navin,Crooks,Senior Staff
91030,Indrajit,Linares,Senior Engineer
91032,Karsten,Tetzlaff,Staff
91034,Masali,Hopewell,Engineer
91035,Gudjon,Schneeberger,Engineer
91041,Sajjan,Mamelak,Senior Engineer
91042,Chuanti,Nourani,Engineer
91043,Leah,Kropf,Senior Staff
91045,Shalesh,Krupka,Senior Engineer
91051,Aiman,Gelosh,Senior Staff
91058,Weijing,Litzkow,Senior Staff
91059,Dietrich,Hebert,Senior Engineer
91069,Izaskun,Dengi,Senior Engineer
91071,Duangkaew,Aumann,Engineer
91073,Aram,Waymire,Engineer
91076,Lillian,Speel,Senior Staff
91080,Parviz,Skogmar,Senior Staff
91084,Aimee,Pokrovskii,Senior Engineer
91086,Jiakeng,Fioravanti,Senior Staff
91091,Kwun,Luca,Senior Staff
91093,Josyula,Luders,Senior Staff
91101,Gennady,Siksek,Senior Staff
91102,Richara,Bernatsky,Senior Staff
91105,Willard,Murillo,Staff
91107,Fuqing,Hmelo,Senior Staff
91113,Goncalo,Begiun,Staff
91117,Shem,Constantine,Staff
91118,Stein,Dichev,Senior Staff
91126,Constantijn,Piazza,Senior Engineer
91127,Phuoc,Baar,Senior Staff
91128,Terresa,Suessmith,Senior Engineer
91139,Gererd,Quittner,Staff
91141,Krassimir,Flowers,Senior Engineer
91145,Candida,Veldwijk,Assistant Engineer
91150,Kwee,Schaad,Senior Staff
91153,Yefim,Clouatre,Senior Engineer
91156,Xiaoqiang,Erie,Senior Staff
91159,Fusako,Boyle,Engineer
91161,Nechama,Beerel,Senior Engineer
91166,Satoru,Bahl,Senior Engineer
91169,Koldo,Morrey,Engineer
91174,Nadjib,Zobel,Senior Engineer
91187,Shigehito,Falby,Senior Staff
91191,Uinam,Ladret,Senior Engineer
91194,Gill,Pietrzykowski,Senior Engineer
91196,Sushant,Garrabrants,Staff
91202,Yonghong,Zlotek,Senior Staff
91203,Troy,Eugenio,Senior Staff
91204,Wanqing,Shigei,Senior Engineer
91205,Matk,Ducloy,Senior Engineer
91206,Hauke,Danner,Senior Engineer
91208,Anwar,Heyers,Senior Staff
91210,Uri,Sabnani,Senior Staff
91214,Rildo,Fadgyas,Senior Staff
91215,Olivera,Kroon,Senior Staff
91217,Xuedong,Nilsson,Senior Staff
91221,Gianluca,Siochi,Engineer
91222,Pasqua,Atrawala,Senior Staff
91225,Pranjal,Mamelak,Staff
91227,Spyrose,Bala,Assistant Engineer
91228,Hauke,Leijenhorst,Senior Engineer
91240,Jaideep,Strooper,Assistant Engineer
91243,Mads,Anick,Staff
91244,Douadi,Rullman,Engineer
91246,Xiaoshan,Makrucki,Engineer
91251,Takahiro,Budinsky,Staff
91252,Pohua,Kambil,Senior Engineer
91265,Somnath,Ohori,Senior Staff
91270,Xiahua,Hiraishi,Senior Engineer
91273,Neelam,Schoegge,Senior Staff
91274,Khalid,Gecsel,Senior Engineer
91275,Caolyn,Bouloucos,Engineer
91276,Gen,Ramamoorthy,Engineer
91279,Nathan,Terwilliger,Senior Engineer
91280,Surveyors,Conte,Staff
91289,Marit,Pramanik,Senior Staff
91297,Yuchang,Pellegrinelli,Senior Engineer
91306,Lubomir,Gornas,Staff
91307,Gladys,Erva,Senior Engineer
91310,Gaurav,Kakkad,Senior Staff
91314,Hilari,Fendler,Senior Engineer
91316,Sampalli,Hertweck,Engineer
91317,Paraskevi,Anandan,Staff
91324,Weicheng,Terkki,Senior Engineer
91325,Phillip,Beutelspacher,Senior Staff
91328,Kazuyasu,Neiman,Senior Engineer
91329,Masoud,Brandsma,Technique Leader
91330,Franziska,Kopetz,Senior Staff
91334,Khun,Lorys,Engineer
91338,Ipke,Eugenio,Senior Engineer
91341,Weiru,Fontan,Senior Engineer
91344,Nishit,Schueller,Senior Staff
91348,Basim,Muchinsky,Senior Staff
91350,Boriana,Murrill,Staff
91364,Huai,Picaronny,Senior Staff
91365,Xudong,Caine,Senior Engineer
91366,Chinho,Munoz,Assistant Engineer
91367,Kerryn,Sluis,Senior Staff
91372,Aloys,Lanteri,Staff
91373,Shigenori,Cusworth,Senior Staff
91374,Eishiro,Kuzuoka,Engineer
91380,Gay,Braunschweig,Staff
91382,Oksana,Puppe,Senior Staff
91383,Shalesh,Bridgland,Senior Engineer
91387,Shakhar,Jumpertz,Senior Engineer
91392,Rimon,Junet,Senior Staff
91395,Golgen,Aseltine,Senior Staff
91398,Masaki,Dolinsky,Staff
91399,Rafail,Kakkad,Senior Engineer
91401,Taegyun,Fetvedt,Senior Engineer
91405,Surveyors,Ghelli,Senior Engineer
91409,Monique,Demke,Senior Engineer
91411,Chenyi,Keirsey,Senior Engineer
91413,Ekawit,Asser,Senior Engineer
91420,Jacqueline,Suppi,Senior Staff
91424,Mabry,Talmon,Senior Engineer
91426,Alagu,Sidhu,Senior Engineer
91429,Shaunak,Pollock,Senior Staff
91438,Feiyu,Comellas,Senior Engineer
91442,Subhankar,Schaad,Senior Engineer
91447,Giri,Thambidurai,Senior Engineer
91448,Chuanyi,Riesenhuber,Technique Leader
91451,Akeno,Savasere,Assistant Engineer
91452,Nevio,Flasterstein,Senior Staff
91454,Padma,Baek,Engineer
91456,Jovan,Luce,Senior Staff
91457,Volkmar,Schusler,Senior Staff
91469,Ronghao,Georgakopoulos,Senior Engineer
91473,Gadiel,Kuzuoka,Senior Engineer
91475,Pranay,Raczkowsky,Senior Staff
91485,Khoa,Asser,Senior Staff
91486,Willard,Nyanchama,Senior Engineer
91489,Leucio,Viele,Senior Staff
91493,Filipe,Gien,Senior Engineer
91496,Sven,Casperson,Senior Staff
91498,Mingsen,Borovoy,Senior Engineer
91499,Sachem,Mamelak,Engineer
91500,Bogdan,Kriebel,Engineer
91506,Lillian,Isaac,Senior Staff
91508,Tonia,Erdmenger,Staff
91510,Chandrasekaran,Murthy,Senior Engineer
91511,Kerhong,Birdsall,Engineer
91516,Kolar,Bazzichi,Senior Staff
91517,Serif,Hofstetter,Senior Staff
91519,Danco,Panienski,Senior Staff
91521,Akeel,Murthy,Staff
91527,Basant,Klerer,Senior Staff
91531,Aksel,Wissmann,Senior Staff
91541,Slavian,McFarlin,Senior Staff
91543,Yechiam,Dredge,Engineer
91547,Jiafu,Speel,Senior Engineer
91553,Arfst,Wendorf,Assistant Engineer
91557,Yuping,Gomatam,Senior Staff
91563,Hugh,Munos,Senior Engineer
91564,Sungwon,Schueller,Engineer
91565,Nikolaos,Rathonyi,Staff
91566,Hongzue,Rohrbach,Senior Staff
91572,Aiichiro,Halloran,Staff
91574,Doowon,Vendrig,Senior Engineer
91578,Weicheng,Rikino,Senior Engineer
91580,Greger,Koshiba,Senior Engineer
91583,Dinkar,Kroft,Senior Staff
91585,Teruyuki,Mitchem,Staff
91589,Jaber,Kavraki,Engineer
91593,Pantung,Unno,Senior Engineer
91600,Mountaz,Rusmann,Senior Staff
91602,Jackson,Weedman,Staff
91603,Adil,Ghelli,Senior Engineer
91607,Josyula,Speckmann,Senior Engineer
91608,Sachio,Osgood,Senior Staff
91611,Barry,Kaelbling,Senior Engineer
91613,Bilhanan,Slutz,Senior Engineer
91614,Yechezkel,Wixon,Senior Engineer
91620,Jenwei,McDermid,Engineer
91621,Margo,Geffroy,Staff
91623,Haldun,Manderick,Staff
91628,Krister,Fiutem,Engineer
91630,Saniya,Maquelin,Engineer
91632,Bingning,Penn,Senior Staff
91637,Gino,Menhoudj,Staff
91638,Youjian,Siprelle,Senior Engineer
91641,Doowon,Fontet,Senior Engineer
91644,Jordanka,Bashian,Staff
91652,Kasturi,Staylopatis,Engineer
91655,Nahid,Remmers,Engineer
91656,Clyde,Collavizza,Senior Engineer
91659,Oksana,Besancenot,Senior Staff
91662,Jeane,Riexinger,Staff
91664,Lorien,Gyorkos,Senior Staff
91670,Gully,Isard,Engineer
91675,Parke,Wrigley,Senior Staff
91681,Gennadi,Ananiadou,Senior Staff
91687,Nobuyoshi,Terlouw,Senior Engineer
91688,Vishv,Veevers,Engineer
91689,Yaghout,Strooper,Senior Engineer
91693,Valter,Dayang,Engineer
91694,Maha,Showalter,Senior Engineer
91696,Chikara,Pileggi,Staff
91698,Pascal,Angot,Staff
91699,Bogdan,Camurati,Senior Staff
91702,Kensei,Stanfel,Senior Engineer
91704,Utz,Antonisse,Senior Staff
91708,Mori,Bahi,Senior Engineer
91710,Tesuro,Rohrbach,Staff
91713,Oddvar,Emmart,Senior Staff
91718,Yuuichi,Gubsky,Senior Staff
91720,Phillip,Suwa,Senior Engineer
91721,Weiye,Klyachko,Senior Staff
91722,Yonghoan,Dolinsky,Engineer
91723,Guangming,Foote,Senior Engineer
91726,Kyoichi,Erdi,Senior Staff
91730,Guther,Douceur,Engineer
91740,Marie,Mandell,Engineer
91742,Ramzi,Mapelli,Senior Staff
91746,Kiam,Cools,Senior Engineer
91748,Marin,Kroft,Senior Engineer
91756,Xiaobin,Vandervoorde,Staff
91757,Shugo,Gide,Senior Engineer
91763,Abdulla,Gronowski,Engineer
91765,Saeko,Alameldin,Engineer
91772,Mostafa,Tchuente,Technique Leader
91774,Hugo,Pietracaprina,Senior Staff
91775,Kristian,Nishimukai,Senior Engineer
91778,Fumiya,Coullard,Senior Engineer
91798,Gio,Mersereau,Staff
91799,Dayanand,Gill,Senior Engineer
91802,Alassane,Meriste,Senior Staff
91806,Gully,Conde,Engineer
91807,Susuma,Masaki,Senior Engineer
91812,Anyuan,Guting,Senior Staff
91813,Zhiwei,Bernini,Staff
91819,Fayez,Lipner,Senior Staff
91820,Arunachalam,Hofman,Senior Engineer
91821,Serif,Shigei,Staff
91822,Maren,Bala,Senior Staff
91827,Samphel,Impagliazzo,Senior Staff
91835,Zhigen,Segond,Senior Staff
91836,Mario,Harnett,Senior Engineer
91837,Khosrow,Vigier,Senior Staff
91839,Fumitake,Wegerle,Engineer
91845,Caolyn,Zeidenstein,Senior Engineer
91846,Subbu,Selvestrel,Staff
91847,Bedir,Krybus,Staff
91850,Rasikan,Keirsey,Senior Engineer
91851,Shigeu,Wiegley,Senior Engineer
91862,Hitomi,Kilgore,Senior Engineer
91864,Danco,Mondadori,Staff
91870,Chanjung,Fasbender,Staff
91871,Selwyn,Androutsos,Senior Engineer
91872,Yongqiao,Masaki,Senior Engineer
91875,Herbert,Peternell,Senior Engineer
91876,Chinya,Khamsi,Engineer
91877,Jiang,Rodiger,Senior Staff
91880,Ingemar,Hockney,Technique Leader
91885,Fai,Moehrke,Senior Engineer
91888,Peer,Werthner,Senior Engineer
91890,Tonia,Madeira,Senior Staff
91891,Mariusz,Peac,Senior Staff
91898,Dines,Brlek,Senior Staff
91900,Shooichi,Unno,Staff
91903,Rosalie,Kaiser,Senior Engineer
91904,Cordelia,Penttonen,Senior Staff
91906,Mrinalini,Kaltofen,Senior Engineer
91908,Munenori,Kalsbeek,Senior Staff
91909,Yinghua,Ghelli,Technique Leader
91912,Dzung,Marletta,Senior Engineer
91913,Alain,Hofmeyr,Senior Engineer
91924,Srinidhi,Krupka,Senior Staff
91927,Yongqiao,Valtorta,Senior Staff
91932,Zhenhua,Crooks,Senior Engineer
91933,Alassane,Radivojevic,Senior Engineer
91938,Shahid,Pintelas,Assistant Engineer
91947,Bikash,Slaats,Senior Engineer
91953,Nirmal,Luks,Senior Staff
91955,Mantis,Mamelak,Senior Staff
91960,Peternela,Decleir,Staff
91963,Rimli,Chenney,Engineer
91971,Anoosh,Guenter,Staff
91972,Moie,Woycyznski,Senior Engineer
91976,Sajjan,Baaz,Engineer
91977,Kinh,Reutenauer,Senior Engineer
91978,Bojan,Undy,Senior Staff
91979,Franziska,Nergos,Senior Staff
91982,Masami,Zschoche,Assistant Engineer
91986,Thodoros,Shumilov,Engineer
91993,Bernd,Camurati,Senior Engineer
91994,Karoline,Leijenhorst,Staff
91996,Shmuel,Cronan,Senior Engineer
91997,Pranas,Kaminger,Senior Engineer
92001,Leif,Matzen,Engineer
92003,Martial,Matheson,Senior Engineer
92007,Arco,Dymetman,Engineer
92014,Keiichiro,dAstous,Senior Engineer
92015,Xiong,Olivero,Staff
92016,Uriel,Vendrig,Senior Engineer
92019,Yurij,Nanard,Senior Staff
92020,Siddarth,Berztiss,Senior Engineer
92022,Arnd,Thiria,Senior Engineer
92025,Sadok,Bharadwaj,Senior Engineer
92027,Georg,Adachi,Senior Engineer
92030,Vitaly,Zobel,Staff
92031,Yuriy,Gyorkos,Staff
92042,Remmert,Lupu,Senior Engineer
92043,Chriss,Lortz,Senior Engineer
92053,Uri,Gonthier,Engineer
92054,Gonzalo,Cooley,Technique Leader
92057,Roselyn,Chiola,Technique Leader
92063,Deniz,Olivero,Senior Staff
92069,Chenye,Leaver,Engineer
92082,Beshir,Peris,Senior Staff
92086,Weiru,Ariola,Senior Engineer
92089,Youjian,Fiutem,Engineer
92090,Felicidad,Snyers,Staff
92091,Jaques,Cools,Staff
92092,Sariel,Cummings,Senior Engineer
92093,Ulises,Diderrich,Senior Engineer
92095,Ekawit,Pargaonkar,Senior Engineer
92099,Idoia,Muchinsky,Senior Engineer
92111,Sergi,Brlek,Senior Engineer
92112,Isamu,Felder,Engineer
92114,Theron,Bierbaum,Staff
92117,Djelloul,Hammerschmidt,Senior Engineer
92119,Jamaludin,Minakawa,Senior Staff
92121,Mototsugu,Kakkad,Senior Staff
92124,Leah,Szilard,Staff
92125,Toshimi,Pettey,Senior Staff
92128,Manton,Servi,Senior Engineer
92130,Danco,Coney,Senior Engineer
92133,Tran,Sommer,Senior Staff
92135,Sakthirel,Kitai,Senior Engineer
92136,Isaac,Kamber,Senior Engineer
92138,Feipei,Armand,Staff
92140,Heping,Khasidashvili,Senior Engineer
92142,Subir,Siksek,Engineer
92144,Ymte,Rosar,Senior Staff
92145,Marl,Schueller,Staff
92150,Yurii,Fabrizio,Engineer
92151,Erzsebet,Unno,Senior Engineer
92154,Luerbio,Pleszkun,Senior Staff
92157,Ioana,Matzel,Senior Staff
92159,Monique,Stentiford,Engineer
92161,Morris,Jervis,Engineer
92166,Mara,Miara,Engineer
92176,Adib,Pesch,Technique Leader
92185,Sarita,Cannane,Senior Staff
92186,Golgen,Kalsbeek,Staff
92191,Conal,Ossenbruggen,Staff
92193,Naftaly,Gini,Engineer
92195,Gila,Rosch,Senior Engineer
92202,Hatsukazu,Beidas,Staff
92203,Alexius,Crouzet,Senior Engineer
92206,Gino,Zeleznik,Senior Staff
92209,Maria,Comyn,Senior Staff
92210,Kazuhito,Assaf,Engineer
92215,Sreenivas,Gaughan,Senior Staff
92218,Along,Ritcey,Senior Engineer
92221,Moie,Bednarek,Senior Staff
92222,Mong,Tyugu,Staff
92225,Make,Versino,Staff
92231,Mana,Rikino,Senior Staff
92232,Hilari,Worfolk,Senior Engineer
92235,Leni,Bauknecht,Senior Staff
92237,Yakkov,Duclos,Engineer
92241,Zeydy,Oaver,Senior Staff
92244,Vojin,Gadepally,Staff
92245,Marlo,Hiltgen,Senior Staff
92247,Mang,Knightly,Staff
92248,Alejandro,Liesche,Senior Engineer
92251,Jianhao,Furudate,Engineer
92252,Huan,Sgarro,Staff
92253,Hailing,Schwartzburd,Senior Staff
92257,Alair,Hoppenstand,Engineer
92259,Moty,Ashish,Engineer
92260,Masato,Sidou,Staff
92262,Danae,Imataki,Technique Leader
92263,Takahiro,Spataro,Senior Staff
92264,Basim,Jansen,Senior Engineer
92265,Atreyi,Portugali,Staff
92266,Tzvetan,Polajnar,Engineer
92270,Uri,Krzyzanowski,Engineer
92278,Foong,Rosenbaum,Senior Staff
92285,Mart,Benaini,Engineer
92293,Frazer,Cardazo,Senior Engineer
92295,Caolyn,Hemaspaandra,Engineer
92297,Becky,Gomatam,Engineer
92302,Cullen,Lieberherr,Senior Staff
92304,Rosita,Roison,Staff
92305,Srinidhi,Nooteboom,Senior Engineer
92313,Xudong,Setia,Senior Staff
92316,Mokhtar,Carrere,Senior Staff
92317,Miomir,Rohrbach,Engineer
92321,Stamatina,Borovoy,Staff
92322,Jolita,Grospietsch,Senior Staff
92323,Florina,Azuma,Staff
92324,Douadi,Poupard,Senior Staff
92338,Fun,Verspoor,Senior Engineer
92340,Berhard,Nitsch,Senior Engineer
92341,Rajmohan,Benner,Technique Leader
92344,Paloma,Hanabata,Senior Engineer
92346,Adam,Snyers,Staff
92349,Conrado,Ventosa,Engineer
92354,Chaosheng,Lammel,Staff
92355,Leah,Beerel,Senior Staff
92359,Berto,Hanratty,Senior Staff
92360,Licheng,Kropatsch,Senior Staff
92369,Venkatesan,Kopetz,Engineer
92373,Angus,Lupu,Senior Engineer
92374,Wayne,Homond,Senior Engineer
92378,Sadegh,Basagni,Senior Staff
92385,Nagui,Armand,Senior Staff
92391,Sandeepan,Zallocco,Senior Engineer
92392,Gennadi,Burnard,Staff
92394,Adhemar,Nannarelli,Engineer
92396,Baziley,Couchot,Staff
92397,Gregory,Coullard,Senior Engineer
92402,Noritoshi,Kriebel,Senior Engineer
92410,Filipe,Ranon,Staff
92412,Ger,Lindenbaum,Staff
92414,Charlene,Selvestrel,Technique Leader
92415,Zorica,Lemarechal,Senior Staff
92416,Genevieve,Oskamp,Engineer
92417,Aimee,Pollacia,Senior Staff
92418,Kaijung,Luiz,Engineer
92419,Dzung,Kuzuoka,Senior Engineer
92421,Trygve,Huttel,Senior Engineer
92422,Baoqiu,Comte,Staff
92429,Mariusz,Yurov,Senior Engineer
92431,Heon,Bage,Staff
92440,Youpyo,Stille,Engineer
92441,Shugo,Bennet,Senior Staff
92442,Lenore,Birdsall,Senior Engineer
92446,Mariangiola,Schach,Staff
92450,Heon,Peral,Engineer
92451,Evgueni,Merli,Staff
92455,Rafael,Vigier,Staff
92457,Zvonko,Schauser,Senior Engineer
92459,Becky,Serdy,Senior Engineer
92460,Mamdouh,Joslin,Staff
92466,Rajmohan,Varman,Senior Staff
92470,Giao,Reeken,Senior Engineer
92473,Amstein,Cheshire,Technique Leader
92475,Miyeon,Turnbull,Senior Staff
92479,Jinpo,Leuchs,Senior Engineer
92483,Boaz,Lueh,Senior Staff
92485,Hein,Turnbull,Senior Staff
92489,Bowen,Murthy,Senior Staff
92492,Yannis,Chaudhuri,Senior Engineer
92493,Constantijn,Merro,Senior Engineer
92499,Valery,Jording,Staff
92503,Dayanand,Collette,Engineer
92508,Alassane,Baaz,Senior Staff
92513,Honesty,Asrin,Senior Engineer
92516,Chiranjit,Antonakopoulos,Senior Engineer
92517,Mamdouh,Suessmith,Assistant Engineer
92524,Gou,Peltason,Senior Engineer
92531,Wuxu,Hockney,Staff
92533,Martine,Eastman,Senior Staff
92534,Isamu,Delgrossi,Senior Staff
92535,Sarita,Pero,Senior Staff
92536,Nitsan,Rouquie,Senior Staff
92537,Abdulla,Nitsch,Senior Staff
92538,Kyoichi,Orlowska,Senior Staff
92550,Uzi,Krybus,Engineer
92553,Phule,Zolotykh,Senior Staff
92555,Mabo,Erez,Engineer
92559,Georg,Muchinsky,Senior Staff
92560,Khalid,Lundstrom,Senior Engineer
92563,Kensyu,Ranze,Senior Engineer
92571,Bilhanan,Parveen,Staff
92576,Kazuyasu,Ouhyoung,Engineer
92582,Gou,Farris,Staff
92584,Hidekazu,Denti,Senior Staff
92592,Kirk,Lorho,Senior Staff
92593,Feipei,Kisuki,Senior Engineer
92594,Renny,Herath,Senior Engineer
92601,Moriyoshi,Ravishankar,Senior Engineer
92603,Charlene,Trelles,Engineer
92611,Jaques,Jeansoulin,Staff
92614,Armond,Tsukune,Assistant Engineer
92620,Guenter,Danley,Staff
92623,Pradeep,Sethi,Technique Leader
92627,Xiaoshan,Yurek,Senior Staff
92629,Atreyi,Porenta,Engineer
92630,Arunachalam,Erie,Senior Staff
92633,Adit,Molberg,Senior Engineer
92634,Yagil,Rotem,Staff
92637,Adhemar,Denos,Senior Engineer
92639,Sadok,Garigliano,Staff
92644,Hideo,Baig,Senior Engineer
92646,Xianlong,Fadgyas,Senior Engineer
92650,Kiyotoshi,Biron,Senior Engineer
92652,Pramod,Mansanne,Engineer
92660,Kenton,Hanratty,Senior Staff
92664,Kellyn,Kuhnemann,Senior Staff
92667,Aloke,Takanami,Senior Engineer
92669,Kazuyasu,Yeung,Engineer
92673,Gal,Mamelak,Staff
92674,Irene,Rettelbach,Senior Engineer
92678,Zissis,Mullainathan,Senior Engineer
92683,Kwan,Bouloucos,Senior Engineer
92686,Subhrajyoti,Honglei,Engineer
92687,Zhenbing,Impagliazzo,Staff
92688,Mitsuyuki,Schahn,Technique Leader
92689,Xiaoqiang,Rouquie,Senior Engineer
92690,Jackson,Yurov,Engineer
92692,Khaled,Takanami,Engineer
92694,Navid,Tetzlaff,Senior Engineer
92696,King,Rouquie,Senior Engineer
92698,Dipankar,Eastman,Staff
92704,Khalil,Atrawala,Engineer
92709,Lansing,Billingsley,Staff
92711,Nadjib,Schmittgen,Assistant Engineer
92717,Uzi,Chimia,Technique Leader
92718,Sibyl,Marciano,Engineer
92719,Hairong,Ibel,Senior Staff
92720,Sungwon,Bondorf,Senior Engineer
92722,Pranas,Poupard,Senior Staff
92724,Gunilla,Schicker,Staff
92730,Junichi,Ruemmler,Senior Staff
92736,Janalee,Linnainmaa,Staff
92737,Ingmar,Fontan,Engineer
92740,Udaiprakash,Kamber,Engineer
92745,Haldun,Morrin,Assistant Engineer
92746,Cordelia,Roccetti,Senior Engineer
92747,Uno,Suri,Senior Staff
92749,Chiradeep,Demir,Staff
92751,Ibibia,Monkewich,Senior Engineer
92752,Uzi,Sadowski,Engineer
92754,Yucai,Kushnir,Staff
92755,Susumu,Fontet,Senior Engineer
92757,Valery,Waymire,Technique Leader
92758,Georgi,Francisci,Engineer
92761,Berni,Verspoor,Engineer
92764,Zeydy,McFarlan,Engineer
92766,Candida,Benzmuller,Staff
92770,Sudharsan,Braunmuhl,Senior Engineer
92771,Renee,Danley,Staff
92776,Elzbieta,Schapiro,Senior Staff
92785,Lunjin,Underwood,Senior Engineer
92790,Flemming,Binding,Senior Engineer
92796,Susumu,Tagansky,Technique Leader
92797,Shalesh,Ligten,Senior Staff
92799,Reinhold,Caine,Senior Staff
92801,Marco,Vrecion,Engineer
92802,Alair,Luks,Senior Staff
92803,Gal,Senzako,Senior Staff
92804,Tonny,Roison,Senior Staff
92808,Hinrich,Junet,Senior Staff
92811,Tetsurou,Lanzelotte,Staff
92816,Bikash,Veeraraghavan,Senior Staff
92817,Yucai,Bade,Senior Staff
92819,Yaghout,Munck,Senior Engineer
92821,Ute,Journel,Senior Staff
92822,IEEE,Masaki,Senior Engineer
92824,Jiang,Beutelspacher,Senior Engineer
92828,Nimmagadda,Yetim,Senior Staff
92829,Nechama,Kalefeld,Senior Engineer
92830,Masami,Ranon,Staff
92833,Jeanna,Jullig,Senior Staff
92834,Sigeru,Irland,Senior Staff
92835,Freyja,Godskesen,Senior Engineer
92836,Ziva,Montresor,Engineer
92842,Maris,Lorie,Senior Engineer
92851,Genki,Capobianchi,Technique Leader
92856,Gurbir,Stafford,Senior Engineer
92858,Eberhardt,Grabner,Engineer
92859,Padma,Hanabata,Assistant Engineer
92870,Atilio,Imataki,Senior Engineer
92874,Ortrun,Gronowski,Staff
92878,Phule,Birjandi,Senior Staff
92879,Mana,Hellwagner,Senior Engineer
92880,Goa,Herber,Engineer
92885,Radhika,Schapire,Engineer
92887,Kazuhiro,Oxenboll,Senior Staff
92888,Chanjung,Capobianchi,Senior Staff
92889,Honesty,Baez,Engineer
92892,Eldridge,Cronau,Senior Engineer
92893,Shiv,Egerstedt,Engineer
92894,Gaetan,Edelhoff,Senior Engineer
92898,Gil,Ghazalie,Senior Staff
92899,Kauko,Vakili,Senior Staff
92900,Guiseppe,Krider,Staff
92904,Bluma,Kusalik,Senior Staff
92907,Kazuyasu,Marshall,Senior Engineer
92912,Shigeichiro,Sichman,Senior Engineer
92914,Murthy,Vecchi,Senior Staff
92916,Neven,Plotkin,Staff
92922,Aluzio,Eiter,Staff
92936,Shih,Renear,Staff
92941,Jayson,Luit,Engineer
92945,Marlo,Tyugu,Senior Staff
92946,Yannik,Thombley,Technique Leader
92949,Khosrow,Sewelson,Staff
92950,Weiru,Kushner,Senior Engineer
92951,Shalesh,Armand,Senior Staff
92952,Wilmer,Tsukuda,Senior Staff
92959,Trygve,Honiden,Senior Staff
92961,Youjian,Speek,Technique Leader
92962,Jayson,Kuszyk,Senior Staff
92965,Weiye,Salinas,Staff
92968,Moriyoshi,Gecseg,Senior Engineer
92970,Goetz,Segond,Senior Staff
92972,Marjo,Ramamoorthy,Senior Engineer
92977,Alair,Naumovich,Senior Staff
92980,Quingbo,Kakkad,Senior Engineer
92981,Gurbir,Raoux,Senior Staff
92983,Masoud,Rosca,Senior Engineer
92987,Kiyotoshi,Emden,Senior Staff
92996,Duangkaew,Negoita,Senior Engineer
93000,Oscar,Marakhovsky,Senior Staff
93001,Kersti,Pusterhofer,Senior Staff
93005,Yurij,Munos,Staff
93007,Prasadram,Miara,Staff
93016,Haldun,Gulak,Senior Engineer
93017,Gian,Terkki,Senior Engineer
93020,Masako,Fraisse,Senior Engineer
93030,Ulf,Selvestrel,Senior Engineer
93031,Supot,Kakkar,Senior Staff
93037,Martijn,Gronowski,Engineer
93038,Chenyi,Michaeli,Senior Staff
93039,Martijn,Heiserman,Engineer
93041,Teiji,Beetstra,Senior Engineer
93042,Susumu,Massonet,Engineer
93043,Takahira,Andreotta,Senior Engineer
93046,Teunis,Koblitz,Senior Engineer
93048,Dayanand,Koprowski,Staff
93049,Christoper,Ananiadou,Engineer
93052,Tua,Tempesti,Senior Engineer
93055,Prasadram,Murrill,Senior Staff
93061,Cheong,Matteis,Senior Engineer
93064,Vishv,Koshiba,Senior Engineer
93068,Doohun,Fordan,Engineer
93074,KayLiang,Talmor,Senior Staff
93075,Shushma,Kavanagh,Senior Staff
93078,Magdalena,Gyimothy,Engineer
93080,Amstein,Heering,Staff
93085,Evgueni,Parhami,Senior Staff
93086,Arco,Lubachevsky,Engineer
93090,Mayumi,Rissanen,Staff
93094,Surveyors,Lung,Senior Staff
93095,Sushant,Krider,Senior Staff
93101,Marsja,Marwedel,Senior Engineer
93102,Magdalena,Barvinok,Senior Engineer
93103,Ramya,Kermarrec,Senior Staff
93107,Martien,Buchter,Senior Engineer
93108,Danny,Dayang,Senior Engineer
93113,Chenye,Braccini,Senior Engineer
93115,Hauke,Gien,Engineer
93120,Maria,Calkin,Senior Staff
93123,Kirk,Shackel,Senior Engineer
93129,Cullen,Quaggetto,Senior Engineer
93130,Kwun,Neimat,Senior Staff
93131,Danil,Rathonyi,Senior Engineer
93136,Chaosheng,Senzako,Senior Staff
93140,Rance,Kitai,Senior Engineer
93143,Tonia,Makinen,Senior Staff
93145,Zeljko,Chimia,Senior Engineer
93146,Tadahiro,Serra,Staff
93148,Chrisa,Wallrath,Engineer
93150,Piyush,Papsdorf,Senior Staff
93160,Trygve,Hinsberger,Senior Staff
93161,Giao,Garrabrants,Senior Staff
93164,Frazer,Ruemmler,Senior Staff
93173,Toshimo,Liesche,Senior Staff
93183,Kenton,Marzano,Senior Engineer
93189,Neven,Dalton,Senior Engineer
93194,Danco,Baalen,Senior Staff
93195,Domenico,Baak,Senior Staff
93197,Arie,Magliocco,Staff
93203,Danel,Zizka,Senior Staff
93205,Ger,Guardalben,Senior Engineer
93207,Sashi,Pearson,Staff
93211,Adhemar,Massonet,Senior Staff
93216,Dung,Chelton,Staff
93219,Dulce,Kolinko,Engineer
93221,Sanjit,McDermid,Senior Staff
93222,Amalendu,Bottner,Senior Engineer
93224,Shigeo,Gonthier,Senior Engineer
93233,Shaleah,Chorvat,Technique Leader
93234,Abdelwaheb,Erni,Staff
93237,Moto,Marshall,Engineer
93241,Juichirou,Borstler,Senior Staff
93243,Nidapan,Wegerle,Senior Staff
93245,Mohan,Zeidenstein,Senior Staff
93254,Shigeo,Cichocki,Senior Staff
93257,Honesty,Lorho,Staff
93259,Eran,Merey,Engineer
93261,Pintsang,Luca,Assistant Engineer
93265,Bokyung,Broomell,Staff
93273,Eberhardt,Schwartzbauer,Senior Staff
93277,Masako,Ohori,Technique Leader
93291,Kasidit,Hofstetter,Senior Staff
93296,Baoqiu,Montresor,Senior Staff
93297,Souichi,Caine,Senior Engineer
93299,Hatsukazu,Swist,Senior Engineer
93302,Mohammad,Porenta,Staff
93305,Kendra,Kalsbeek,Senior Staff
93306,Teiji,Dratva,Senior Engineer
93314,Carrsten,Beeson,Senior Engineer
93315,Katsuo,Ranai,Senior Engineer
93318,Inderjeet,Murtagh,Staff
93321,Masako,Nivat,Senior Staff
93323,Bernd,Danley,Senior Engineer
93325,Rasiah,Georg,Senior Staff
93329,Shirish,Anily,Senior Staff
93330,Navid,Barinka,Senior Engineer
93335,Inderjeet,Edelhoff,Engineer
93338,Shim,Stifter,Engineer
93341,Fay,Servi,Technique Leader
93343,Danae,Zlotek,Engineer
93344,Bernardo,Escriba,Senior Staff
93355,Shridhar,Pettit,Senior Staff
93357,Padma,Prochazka,Senior Staff
93359,Elliott,Takanami,Staff
93360,Munenori,Peral,Senior Engineer
93361,Bodo,Baalen,Engineer
93362,Persi,Worfolk,Engineer
93366,Heejo,Schach,Senior Staff
93369,Herb,Peyn,Senior Engineer
93371,Arumugam,Krychniak,Staff
93375,Padma,Fioravanti,Staff
93381,Hercules,Streng,Assistant Engineer
93383,Guangming,Christianini,Senior Staff
93384,Radhakrishnan,Bridgland,Staff
93385,Sibyl,Marrakchi,Senior Engineer
93387,Fumitaka,Laurillard,Staff
93388,Anwar,Cairo,Staff
93389,Sungwon,Hooghiemstra,Senior Engineer
93396,Giap,Penn,Senior Engineer
93399,Rosalie,Bennet,Senior Engineer
93402,Zhensheng,Kisuki,Senior Engineer
93404,Shuzo,Willoner,Staff
93405,Tamiya,Marrevee,Technique Leader
93410,Jouni,Zastre,Senior Engineer
93412,Sivanarayana,Sinicrope,Senior Staff
93416,Naftaly,Flowers,Senior Staff
93422,Nathan,Stiles,Senior Staff
93426,Olivera,Kambil,Senior Engineer
93427,Xuedong,Vickson,Senior Staff
93430,Golgen,Baar,Staff
93433,Abdelkader,Tchuente,Senior Staff
93435,Palash,Spelt,Senior Engineer
93436,Ung,Crooks,Senior Staff
93441,Yunming,Valette,Staff
93442,Barun,Akiyama,Technique Leader
93445,Shahaf,Imataki,Senior Staff
93447,Gregory,Standera,Senior Staff
93448,Dhritiman,Ibel,Senior Engineer
93449,Itzchak,McAlpine,Technique Leader
93450,Jiakeng,Kieras,Senior Staff
93451,Elliott,Staudhammer,Technique Leader
93454,Subhada,Munawer,Senior Engineer
93455,Tsutomu,Hashii,Senior Staff
93458,Jagoda,Pero,Senior Staff
93462,Domenico,Peha,Staff
93464,Mang,Kawashimo,Technique Leader
93466,Sasan,Schwaller,Staff
93467,JoAnna,Siksek,Engineer
93471,Jixiang,Stemann,Senior Staff
93474,Adin,Zaumen,Engineer
93479,Adas,Lieblein,Engineer
93481,Fumiko,Peha,Senior Staff
93491,Margo,Heinisuo,Senior Engineer
93492,Lenore,Yetim,Senior Engineer
93493,Amstein,Byoun,Assistant Engineer
93495,Lunjin,Gill,Senior Engineer
93499,Subhada,Rosiles,Engineer
93501,Yongdong,Nitsch,Senior Engineer
93504,Khalid,Prenel,Engineer
93509,Lijie,Perl,Senior Engineer
93512,Rutger,Ramras,Senior Engineer
93516,Vitaly,Shigei,Senior Staff
93519,Bartek,Kolinko,Senior Engineer
93520,Angel,Unni,Senior Staff
93521,Idoia,Lieberherr,Senior Engineer
93522,Alselm,Ventosa,Engineer
93525,Shawna,Oxman,Senior Staff
93526,Leni,Miyakawa,Senior Staff
93536,Zhonghua,Zongker,Senior Engineer
93539,Stevo,Heystek,Senior Staff
93540,Vitali,Thebaut,Engineer
93541,Kristof,Kohling,Staff
93547,Vishu,Liedekerke,Engineer
93551,Sanjay,Shrader,Senior Staff
93552,Filipe,Kulisch,Senior Engineer
93553,Maris,Swist,Senior Staff
93558,Odinaldo,Wendorf,Engineer
93559,Sungwon,Rattan,Senior Staff
93561,Mario,Takkinen,Senior Staff
93567,Sanjeeva,Mitina,Senior Staff
93571,Brigham,Sherertz,Senior Staff
93575,Srinidhi,Tchuente,Senior Engineer
93576,Xuedong,Thorensen,Senior Staff
93577,Khalil,Winter,Engineer
93581,Ramachenga,Demir,Engineer
93597,Shmuel,Karlin,Senior Engineer
93599,Keung,Gimarc,Engineer
93601,Leucio,Piveteau,Senior Staff
93603,Moon,Gniady,Staff
93608,Mahendra,Swick,Senior Staff
93611,Mizuhito,Gronowski,Staff
93618,Volkmar,Uludag,Staff
93621,Yishai,Goodrum,Engineer
93622,Oldrich,Felder,Staff
93624,Armond,Lorys,Engineer
93625,Unal,Debuse,Senior Staff
93629,Shuichi,Manders,Senior Staff
93630,Paris,Range,Technique Leader
93631,Vitaly,Diderrich,Senior Engineer
93632,Kiyotoshi,Vingron,Technique Leader
93634,Dietrich,Chelton,Senior Staff
93639,Nahid,Swan,Staff
93647,Jiafu,Argence,Technique Leader
93649,Tsutomu,Driscoll,Assistant Engineer
93653,Filipp,Greenaway,Senior Staff
93655,Sanjoy,Gewali,Engineer
93657,Nathan,Pocchiola,Senior Staff
93658,Yuqun,Birjandi,Engineer
93662,Mong,Marwedel,Senior Staff
93667,Tetsushi,Griswold,Senior Staff
93670,Djelloul,Pulkowski,Technique Leader
93672,Uinam,Kopetz,Technique Leader
93676,Dipayan,Takkinen,Senior Engineer
93677,Jovan,Rohrbach,Senior Engineer
93681,Bogdan,Klassen,Senior Staff
93682,Mari,Mukaidono,Senior Engineer
93684,Katsuo,Dulin,Senior Staff
93686,Zhiwei,Radivojevic,Senior Staff
93693,Mamdouh,Sudkamp,Senior Engineer
93698,Kamran,Narahara,Senior Staff
93713,Angel,Servi,Senior Engineer
93717,Duri,Ramras,Senior Staff
93718,Moie,Kropf,Senior Staff
93721,Supot,Isaak,Senior Engineer
93722,Tetsurou,Kavraki,Senior Staff
93723,Constantino,Melter,Engineer
93729,Maik,Sadowsky,Senior Staff
93730,Aemilian,Noriega,Senior Staff
93733,Vasiliy,Fendler,Senior Staff
93734,Ebbe,Kruskal,Staff
93735,Bernice,Krichel,Senior Engineer
93736,Fen,Gilg,Staff
93741,Juyoung,Lundstrom,Senior Staff
93742,Shay,Ushiama,Senior Staff
93744,Hitofumi,Skrikant,Staff
93745,Mandell,Schrooten,Senior Engineer
93747,Martina,Christ,Senior Engineer
93751,Dinkar,Leuchs,Senior Staff
93754,Xianlong,Ernst,Staff
93759,Xuejia,Chenney,Staff
93760,Toshiki,Dechter,Senior Staff
93761,Gennady,Pollock,Engineer
93763,Kazuhisa,Jullig,Senior Staff
93769,Hidefumi,Rothe,Engineer
93774,Martins,Etalle,Senior Staff
93778,Genki,Waterhouse,Senior Engineer
93781,Arvind,Murtafg,Senior Staff
93784,Sadegh,Beilner,Senior Staff
93785,Francesca,VanScheik,Senior Engineer
93786,Satoru,Armand,Senior Staff
93789,Yuguang,Veevers,Senior Engineer
93790,Beshir,Wursthorn,Senior Staff
93791,Hongzhu,Delgrande,Senior Engineer
93792,Kamakshi,Kalefeld,Senior Staff
93796,Zhonghua,Armand,Senior Engineer
93798,Monique,Azumi,Senior Engineer
93803,Sampalli,Bernardeschi,Senior Engineer
93806,Guiseppe,Slaats,Senior Staff
93813,Giordano,Janetzko,Senior Staff
93823,Susanna,Birch,Senior Staff
93825,Rosella,Mitsuhashi,Senior Engineer
93828,Maha,Ertl,Senior Staff
93835,Tamiya,Mapelli,Engineer
93839,Lene,Luby,Staff
93840,Rosine,Pulkowski,Senior Engineer
93841,Genevieve,Narahari,Engineer
93846,Parke,Bratten,Senior Engineer
93854,Constantine,Rosaz,Senior Engineer
93855,Shridhar,Jakobus,Engineer
93862,Aamer,Dehkordi,Senior Engineer
93863,Fuqing,Cardazo,Engineer
93864,Sibyl,Zockler,Technique Leader
93865,Dzung,Anily,Staff
93869,Lijie,Maccarone,Senior Engineer
93877,Foong,Ghelli,Senior Staff
93879,Marsha,Paciorek,Senior Staff
93884,Yucai,Felder,Senior Engineer
93887,Zdislav,Sidou,Senior Engineer
93889,Hironoby,Basawa,Senior Staff
93891,Along,Thebaut,Engineer
93894,Fuqing,Stellhorn,Engineer
93895,Eben,Alblas,Senior Staff
93903,Filipe,Capobianchi,Senior Staff
93915,Genevieve,Waymire,Engineer
93921,Chuanti,Driscoll,Senior Engineer
93923,Weiyi,Luon,Senior Engineer
93924,Lucien,Suppi,Senior Staff
93925,Mart,Demian,Technique Leader
93928,Tomoyuki,Axelband,Staff
93932,Giap,Parveen,Senior Staff
93938,Boutros,Veeraraghavan,Staff
93942,Thanasis,Tiemann,Senior Engineer
93943,Vitali,Kawashimo,Senior Staff
93947,Toshiki,Heyers,Engineer
93950,Gil,Yoshizawa,Senior Staff
93954,Teruyuki,Paciorek,Senior Staff
93955,Hongzue,Zobel,Engineer
93958,Morrie,Cyre,Senior Staff
93960,Xianlong,Seghrouchni,Senior Staff
93961,Chaitali,Brickell,Engineer
93964,Shimshon,Chelton,Senior Staff
93975,Gererd,Calkin,Senior Staff
93976,Demin,Dengi,Senior Staff
93979,Rosita,Stassinopoulos,Engineer
93981,Kensei,Czap,Staff
93982,Limsoon,Aseltine,Staff
93984,Saniya,Journel,Senior Staff
93986,Elzbieta,Perry,Senior Staff
93989,Troy,Strooper,Senior Staff
93995,Saeed,Luon,Senior Engineer
93998,Freyja,Coombs,Engineer
94002,Zeydy,Thambidurai,Senior Staff
94003,Volkmar,Gecsei,Engineer
94006,Pranjal,Kawashimo,Senior Engineer
94008,Sumali,Itzfeldt,Senior Staff
94009,Subhrajyoti,Baja,Senior Engineer
94010,Jouko,Puppe,Assistant Engineer
94011,Kellie,Ghalwash,Senior Engineer
94023,Seongbae,DasSarma,Engineer
94026,Gudjon,Birsak,Staff
94028,Bernt,Fraisse,Senior Staff
94030,Masato,Shobatake,Assistant Engineer
94032,Jinya,Katiyar,Senior Engineer
94034,Vasilis,Riesenhuber,Engineer
94035,Zejun,Gulik,Senior Engineer
94037,Youngkon,Kroon,Staff
94038,Gio,Schnabel,Senior Staff
94039,Renee,Theuretzbacher,Engineer
94040,Candido,Bage,Engineer
94042,Yonghoan,Bruckman,Senior Staff
94046,Valeska,Nourani,Senior Staff
94050,LiMin,Fraisse,Staff
94053,Hauke,Perko,Senior Staff
94054,Junichi,Nitsch,Engineer
94055,Roded,Verspoor,Senior Staff
94058,Lucian,Ginneken,Senior Engineer
94062,Maia,Genther,Senior Staff
94066,Premal,Gunderson,Senior Engineer
94068,Radhika,Luca,Senior Engineer
94075,Chenxi,Fendler,Senior Engineer
94078,Adamantios,Yeung,Senior Staff
94079,Gio,Aloisi,Staff
94080,Pradeep,McDermid,Engineer
94088,Shigeo,Parfitt,Senior Engineer
94099,Susuma,Vickson,Senior Staff
94100,Kwangsub,Guardalben,Senior Engineer
94103,Kamran,Kitsuregawa,Senior Staff
94107,Hiroyasu,Lipner,Senior Engineer
94114,Giap,Vesel,Engineer
94118,Gina,Ellozy,Technique Leader
94119,Evgueni,Albarhamtoshy,Senior Engineer
94120,Limsoon,Ohori,Senior Engineer
94126,Elvis,Kriebel,Engineer
94134,Geoffry,Lorho,Senior Staff
94141,Kazuhide,Ginneken,Senior Staff
94142,Weiyi,Avouris,Senior Engineer
94143,Bartek,Argence,Senior Engineer
94145,Uli,Crouzet,Staff
94147,Khun,Pelc,Senior Engineer
94149,Mong,Brattka,Senior Engineer
94150,Geoffrey,Eiron,Staff
94151,Malu,Turnbull,Senior Staff
94152,Zdislav,Terwilliger,Staff
94156,Kristen,Norsworthy,Senior Staff
94158,Marc,Gargeya,Senior Staff
94160,Gila,Serdy,Senior Engineer
94161,Sajjad,Zuberek,Senior Staff
94162,Marin,Viele,Technique Leader
94164,Frazer,Naumovich,Senior Staff
94165,Richara,Baca,Senior Engineer
94170,Bader,Yoshimura,Senior Staff
94172,Ronnie,Bage,Senior Staff
94173,Valery,Lanphier,Staff
94175,Shuky,Thisen,Technique Leader
94178,Zhanqiu,Mondadori,Staff
94181,Mizuhito,Maierhofer,Staff
94184,Leif,Wroclawski,Senior Staff
94186,Jiafu,Simkin,Senior Staff
94195,Arch,Rabehasaina,Senior Staff
94197,Alain,Maksimenko,Senior Staff
94200,Mahendra,Michaeli,Senior Staff
94201,Mana,Fabrizio,Senior Engineer
94206,Denis,Cooley,Senior Staff
94208,Kaijung,Lienhardt,Senior Staff
94210,Ekawit,Pouyioutas,Senior Staff
94211,Martins,Yurov,Senior Engineer
94221,Marek,Jording,Assistant Engineer
94223,Fumitaka,Bach,Senior Engineer
94225,Yakkov,Chaudhuri,Senior Engineer
94229,Shen,Thambidurai,Senior Engineer
94239,Divier,Rosiles,Senior Engineer
94250,Jianhao,Falby,Staff
94256,Radoslaw,Yavatkar,Senior Engineer
94260,Shooichi,Marquardt,Engineer
94264,Khalil,Cronan,Engineer
94265,Danny,Hasenauer,Engineer
94270,Serge,Heuser,Senior Staff
94271,Mircea,Verhoeff,Senior Engineer
94272,Constantine,Zielinski,Engineer
94281,Rutger,Peres,Senior Engineer
94285,Goa,Munro,Engineer
94287,Kiyokazu,Buchter,Senior Staff
94288,Michaela,Monarch,Senior Engineer
94289,Maik,Poupard,Engineer
94292,Martien,Bisiani,Senior Staff
94293,Susuma,Qiwen,Assistant Engineer
94299,Collette,Chenney,Senior Engineer
94300,Yongmin,Ranze,Senior Staff
94301,Djenana,Makrucki,Senior Engineer
94309,Tomoyuki,Zobel,Senior Engineer
94311,Suvo,Veevers,Senior Engineer
94313,Menkae,Birdsall,Senior Engineer
94320,Kirk,Papsdorf,Senior Engineer
94322,Ronnie,Moffat,Senior Engineer
94327,Georgy,Straney,Senior Engineer
94329,Zhiwei,Przulj,Senior Staff
94332,Teiji,Sudbeck,Staff
94334,Ennio,Radhakrishnan,Staff
94341,Bokyung,Serre,Senior Engineer
94342,Ramalingam,Demizu,Senior Engineer
94351,Stafford,Langford,Senior Staff
94354,Aleksandar,Apsitis,Senior Engineer
94364,Heon,Heping,Engineer
94379,Sachio,Lakshmanan,Senior Engineer
94381,Gift,Guardalben,Staff
94382,Bogdan,Eugenio,Engineer
94383,Shichao,Peyn,Assistant Engineer
94384,Aris,Janetzko,Senior Staff
94388,Zvonko,Denos,Senior Staff
94392,Denny,Staelin,Senior Staff
94393,Lobel,Baalen,Senior Engineer
94395,Shuky,Ozeri,Senior Staff
94404,Steve,Murrill,Engineer
94405,Ramalingam,Escriba,Senior Staff
94410,Iara,Schieder,Senior Staff
94411,Mahendra,Lueh,Senior Staff
94414,Yuuichi,Roohalamini,Senior Staff
94419,Felicidad,Socorro,Senior Staff
94422,Ayakannu,Fortenbacher,Senior Staff
94425,Kersti,Nergos,Senior Staff
94429,Apostol,Peir,Senior Staff
94430,Adam,Wiegley,Senior Staff
94432,Gonzalo,Lueh,Engineer
94436,Yuichiro,Demeyer,Technique Leader
94438,Demos,Lueh,Senior Engineer
94441,Christoph,Keohane,Engineer
94451,Wayne,Skafidas,Staff
94452,Bojan,Ramsey,Engineer
94456,Goncalo,Iisaka,Engineer
94459,Uta,Unni,Staff
94461,Heather,Dahlbom,Technique Leader
94462,Sadegh,Lukaszewicz,Senior Staff
94464,Weicheng,Alameldin,Staff
94465,Huiqun,Dalphin,Senior Engineer
94469,Moto,Fendler,Senior Staff
94470,Deniz,Broder,Senior Staff
94474,Soenke,Lorch,Senior Staff
94480,Remzi,Majewski,Senior Engineer
94483,Shigenori,Quaggetto,Engineer
94494,Yuuichi,Choobineh,Senior Engineer
94496,Sungwon,Akiyama,Senior Staff
94501,Toshimori,Velasco,Senior Staff
94504,Cordelia,Moehrke,Engineer
94509,Juyoung,Winter,Engineer
94516,Toong,Rassart,Senior Engineer
94521,Deborah,Schlegelmilch,Senior Staff
94525,Sadok,Brookner,Senior Engineer
94531,Kannan,Bahl,Senior Staff
94533,Hsiangchu,Usdin,Senior Engineer
94534,Deborah,Navazio,Senior Staff
94539,Kerryn,Tyugu,Senior Staff
94541,Nathalie,Naudin,Senior Engineer
94545,Piyawadee,Kalorkoti,Senior Engineer
94546,Arnd,Kieras,Engineer
94548,Roddy,Dayana,Staff
94550,Udi,Gimbel,Staff
94553,Otilia,Basawa,Staff
94562,Nakhoon,Syrotiuk,Senior Staff
94564,Elzbieta,Demeyer,Senior Staff
94567,Hugh,Bernini,Senior Staff
94568,Baruch,Blokdijk,Senior Engineer
94571,Khalil,Cincotta,Senior Staff
94574,Abdelghani,Dulli,Senior Staff
94577,Marin,Menhardt,Senior Engineer
94582,Willard,Baar,Senior Engineer
94585,Juichirou,Serna,Senior Staff
94587,Tsuneo,Antonakopoulos,Staff
94588,Shigeaki,Peck,Staff
94589,Sibyl,Heusch,Technique Leader
94590,Sanjoy,Constantine,Senior Engineer
94591,Tsvetan,Quadeer,Senior Engineer
94592,Sven,Boudaillier,Senior Engineer
94595,Bingning,Conry,Senior Staff
94596,Nahid,Biros,Senior Engineer
94597,Parto,Penn,Senior Engineer
94599,Renee,Randi,Senior Engineer
94603,Fox,Kuszyk,Senior Engineer
94604,Shuho,Vesel,Senior Engineer
94606,Berni,Casley,Senior Staff
94610,Khun,Cannata,Senior Staff
94615,Toshimi,Bruckman,Technique Leader
94617,Bedrich,Azevdeo,Engineer
94622,Greger,Zschoche,Technique Leader
94623,Kellie,Poupard,Senior Staff
94625,Kwangyoen,Kalorkoti,Senior Engineer
94627,Nadjib,Zhang,Engineer
94629,Yongmao,Dichev,Senior Engineer
94632,Michaela,Scharstein,Senior Staff
94634,Katsuyuki,Vigier,Technique Leader
94637,Kazuhira,Terekhov,Senior Engineer
94644,Goetz,Awdeh,Engineer
94647,Jiann,Delaune,Senior Staff
94650,Nevin,Isaac,Senior Engineer
94651,Toshimi,Zuberek,Staff
94654,Kenroku,Isaac,Engineer
94655,Somnath,Nitsch,Senior Engineer
94658,Basil,Kaelbling,Senior Staff
94665,Nirmal,Talmon,Senior Staff
94666,Gudjon,Denti,Senior Engineer
94667,Naraig,Rebaine,Senior Staff
94668,Youssef,Gomatam,Senior Staff
94670,Noritoshi,Hofstetter,Senior Engineer
94680,Teruyuki,Baja,Senior Staff
94681,Nigel,Clemencon,Senior Engineer
94684,Subbu,Stiles,Senior Engineer
94691,Kinh,Llado,Engineer
94697,Bouchung,Pokrovskii,Engineer
94704,Rimon,Thombley,Senior Engineer
94709,Brewster,Lemarechal,Senior Engineer
94710,Anneke,Schrooten,Assistant Engineer
94711,Candida,Michaels,Technique Leader
94715,Kwok,Rotem,Senior Engineer
94726,Boalin,Babu,Staff
94730,Wanqing,Attimonelli,Senior Staff
94731,Bernd,Koblitz,Senior Engineer
94732,Heping,Eiter,Technique Leader
94734,Bingning,Anguita,Senior Engineer
94735,Rosine,Peak,Senior Engineer
94736,Visit,Trelles,Senior Staff
94743,Jinxi,Reinhard,Technique Leader
94745,Genki,Leslie,Senior Engineer
94748,Jianhao,Talmor,Staff
94749,Brewster,Schlenzig,Senior Staff
94751,Aris,Goodrum,Senior Engineer
94756,Subhrajyoti,Thorensen,Senior Staff
94758,Jaewoo,Barbanera,Senior Engineer
94759,Shaunak,Servi,Senior Engineer
94760,Claudi,Serot,Senior Staff
94762,Olivera,Budinsky,Senior Engineer
94768,Geoffrey,Brattka,Senior Staff
94769,Guozhong,Montemayor,Senior Engineer
94771,Jongsuk,Schurmann,Senior Engineer
94774,KayLiang,Rande,Senior Engineer
94775,Moie,Kilgore,Senior Staff
94777,Zongyan,Clemencon,Engineer
94783,Ebbe,Hofting,Engineer
94784,Yucai,dAstous,Technique Leader
94785,Nimmagadda,Meriste,Senior Staff
94788,Paris,Varker,Assistant Engineer
94789,Jacqueline,Bernardeschi,Senior Staff
94793,Weidon,Mahmud,Staff
94798,Youpyo,Kossowski,Staff
94800,Sastry,Bolsens,Senior Engineer
94805,Guozhong,Lunt,Engineer
94807,Zvonko,Schade,Senior Staff
94808,Ramya,Kaiserswerth,Senior Engineer
94812,Koichi,Roisin,Staff
94813,Bowen,Peyn,Engineer
94815,Kwun,Dusink,Technique Leader
94818,Yuuichi,Perly,Senior Staff
94822,Marit,Parascandalo,Staff
94827,Gunilla,Waymire,Senior Engineer
94828,Anoosh,Dahlbom,Senior Staff
94829,Uno,Daescu,Engineer
94833,Miyeon,Kleiser,Senior Staff
94836,Anwar,Hofmeyr,Engineer
94838,Howell,Czap,Senior Staff
94839,Barna,Pesch,Staff
94847,Zito,Gruenwald,Senior Staff
94849,Shao,Koshino,Technique Leader
94858,Christophe,Auria,Technique Leader
94861,Pranav,Kleiser,Engineer
94862,Gro,Baek,Senior Staff
94864,Boriana,Cronin,Senior Engineer
94865,Snehasis,Bamford,Engineer
94869,Zhenhua,Tischendorf,Senior Staff
94870,Zhilian,Sherertz,Engineer
94871,Kasidit,Chenney,Senior Staff
94872,Guoxiang,Rathonyi,Senior Staff
94877,Lucien,Eiter,Senior Staff
94885,Vidya,Detkin,Engineer
94890,Mayuri,Piancastelli,Senior Staff
94897,Mingzeng,Szmurlo,Senior Engineer
94898,Kristof,Vandervoorde,Senior Engineer
94900,Atilio,Zyda,Assistant Engineer
94903,Phillip,Diderrich,Assistant Engineer
94906,Shaowen,Yurov,Technique Leader
94909,Gal,Acton,Staff
94913,Rayond,Swen,Engineer
94914,Ranan,Preusig,Senior Staff
94915,Maya,Socorro,Engineer
94918,Domenico,Pews,Staff
94920,Gretta,Birrer,Senior Engineer
94922,Shaowen,Neimat,Technique Leader
94924,Bernardo,Kriebel,Senior Staff
94931,Kazuhide,Kaminger,Staff
94935,Christophe,Wynblatt,Senior Engineer
94940,Hiroyasu,Passino,Engineer
94943,Mechthild,Flanders,Senior Engineer
94949,Bilhanan,Nations,Senior Engineer
94950,Duke,Hofman,Senior Staff
94955,Jaber,Honiden,Senior Engineer
94957,Roselyn,Genther,Senior Engineer
94959,Barna,Litecky,Technique Leader
94965,Gaurav,Lubachevsky,Staff
94970,Kwangjo,Huhdanpaa,Senior Engineer
94972,Caolyn,Rubsam,Senior Engineer
94973,Kwan,Peck,Engineer
94975,Sarita,Petersohn,Senior Engineer
94979,Mary,Chimia,Senior Staff
94983,Vitaly,Engelmann,Staff
94986,Zhilian,Beerel,Staff
94987,Kazuhira,Berendt,Engineer
94988,Martina,Improta,Senior Engineer
94994,Hairong,Caine,Engineer
94998,Goh,Koblitz,Senior Engineer
94999,Thodoros,Krogh,Senior Engineer
95000,Mario,Weiland,Technique Leader
95001,Berhard,Kalloufi,Senior Staff
95002,Qingxiang,Bernini,Staff
95003,Eberhardt,Baba,Senior Engineer
95017,Divier,Arlazarov,Engineer
95019,Jaques,Peyn,Engineer
95021,Howell,Denos,Technique Leader
95027,Godehard,Kriebel,Engineer
95035,Yoshinari,Trumbly,Senior Staff
95036,Christfried,Sessa,Senior Engineer
95041,Menkae,Underwood,Staff
95046,Bogdan,Spinelli,Senior Staff
95050,Pasqua,Koprowski,Senior Engineer
95051,Junsik,Varman,Senior Engineer
95052,Richara,Masada,Engineer
95053,Mingzeng,Malabarba,Senior Engineer
95054,Girolamo,McConalogue,Senior Engineer
95056,Serif,Terekhov,Senior Staff
95071,Toney,Isaak,Senior Staff
95085,Rosella,Hasham,Senior Staff
95088,Oksana,Babb,Senior Staff
95090,Hidde,Cochrane,Engineer
95094,Matt,Mahnke,Staff
95095,Gopalakrishnan,Coorg,Senior Staff
95101,Marit,Snedden,Senior Engineer
95104,Hideyuki,Magalhaes,Senior Staff
95109,Mats,Range,Senior Staff
95110,Srinidhi,Gargeya,Senior Engineer
95111,Maik,Matzke,Staff
95116,Oguz,Lorys,Senior Staff
95126,Danae,Nitto,Senior Engineer
95132,Mokhtar,Szilard,Senior Staff
95133,Shiv,Strandh,Senior Engineer
95136,Margareta,Matzen,Senior Staff
95137,Shuho,Henseler,Senior Engineer
95141,Kshitij,Dalphin,Assistant Engineer
95142,Kien,Besancenot,Senior Staff
95143,Vidar,Macedo,Senior Engineer
95144,Remzi,Shokrollahi,Senior Engineer
95145,Marla,Milicia,Engineer
95146,Remzi,Serov,Senior Engineer
95147,Shietung,Gecsel,Senior Engineer
95148,Marc,Vernadat,Senior Staff
95150,Bluma,Parascandalo,Staff
95152,Sarita,Riefers,Staff
95153,Guangming,Kawashima,Senior Engineer
95156,Zhigen,Katiyar,Senior Staff
95159,Yechiam,Kusalik,Senior Staff
95161,Fumitake,Larfeldt,Technique Leader
95165,Adel,Ramaiah,Senior Engineer
95167,Irena,Simkin,Senior Staff
95169,Godehard,Bisiani,Engineer
95173,Dines,dAstous,Senior Staff
95175,Marit,Cyne,Senior Engineer
95176,Demin,Markovitch,Senior Engineer
95185,Vesna,Roisin,Engineer
95188,Zsolt,Vickson,Senior Engineer
95189,Rayond,Speek,Staff
95190,Elgin,Onuegbe,Senior Staff
95193,Kazuhito,Zielinski,Senior Staff
95199,Genevieve,Narahara,Senior Staff
95200,Guenter,Kalefeld,Senior Engineer
95212,Feipei,Kobara,Senior Staff
95214,Sham,Vesna,Senior Engineer
95219,Shaw,Porenta,Senior Engineer
95223,Torsten,Quittner,Engineer
95231,Yunming,Shihab,Senior Engineer
95232,Atreyi,Ernst,Engineer
95233,Van,Segond,Senior Engineer
95236,JoAnna,Swick,Staff
95237,Padma,Magliocco,Engineer
95238,Hailing,Danner,Senior Engineer
95242,Sigeru,Rabehasaina,Staff
95248,Tsuneo,Akaboshi,Senior Staff
95252,Rosine,Slobodova,Senior Staff
95256,Xiaocheng,Hennings,Senior Staff
95257,Shih,Ratzlaff,Technique Leader
95259,Mart,Gammage,Engineer
95276,Radhia,Leslie,Engineer
95277,Gina,Gist,Senior Engineer
95278,Roselyn,Seghrouchni,Senior Engineer
95279,Djenana,Coorg,Engineer
95281,Kensyu,Savasere,Senior Staff
95283,Kwee,Peak,Senior Staff
95285,Dipayan,Muhling,Engineer
95289,Teunis,Coombs,Senior Engineer
95290,Hatsukazu,Stroustrup,Technique Leader
95291,Leandro,Syang,Staff
95294,Dulce,Bain,Senior Engineer
95306,Aral,Zeleznik,Senior Staff
95310,Remmert,Rouquie,Senior Staff
95317,Srinidhi,Rosis,Senior Staff
95318,Premal,Thambidurai,Senior Engineer
95321,Fabrizio,Manderick,Engineer
95322,Remzi,Demizu,Senior Staff
95323,Patricia,Makinen,Senior Engineer
95330,Giap,Xiaoshan,Staff
95340,Yongmin,Simmen,Senior Engineer
95341,Kokou,Demeyer,Senior Engineer
95342,Yifei,Vendrig,Senior Staff
95344,Rutger,Herber,Engineer
95346,Jouko,Heering,Senior Staff
95349,Sorina,Ushiama,Engineer
95352,Martine,Pews,Staff
95354,Suvo,Rahimi,Staff
95357,Aria,Karunanithi,Engineer
95362,Yonghong,Zyda,Senior Staff
95365,Xuejia,Sichman,Senior Engineer
95366,Hyuncheol,Gadepally,Staff
95368,Arco,Sichman,Technique Leader
95369,Dipankar,Magliocco,Senior Engineer
95370,Gila,Shumilov,Senior Engineer
95372,Sanjeeva,Cochrane,Senior Engineer
95374,Djelloul,Benzaken,Senior Staff
95375,Willard,Quittner,Engineer
95376,Vishu,Docker,Senior Engineer
95378,Gro,Krone,Assistant Engineer
95381,Otilia,Falby,Senior Engineer
95383,Jaewon,Willoner,Staff
95384,Chinya,Jiafu,Senior Engineer
95385,Adib,Ranon,Engineer
95386,Maik,Claffy,Senior Engineer
95389,Lunjin,Lund,Senior Engineer
95391,Hatem,Kemmerer,Senior Engineer
95393,Udaiprakash,Magliocco,Engineer
95398,Mohit,Gill,Engineer
95399,Goa,Raney,Senior Engineer
95401,Tru,Walston,Senior Engineer
95402,Valery,Bhattacharjee,Senior Staff
95403,Dannz,Hiyoshi,Engineer
95405,Phillip,Ellozy,Senior Staff
95408,Shim,Streng,Senior Staff
95409,Mats,Heydon,Staff
95411,Herb,Melichar,Staff
95419,Arno,Morrey,Senior Staff
95420,Shmuel,Tyugu,Technique Leader
95424,Krister,Garnham,Senior Staff
95425,Ulises,McAffer,Senior Staff
95426,Shridhar,Candan,Engineer
95427,George,Braunmuhl,Senior Staff
95428,Shuzo,Conde,Senior Staff
95431,Anyuan,Braunmuhl,Senior Engineer
95433,Matk,Hasenauer,Engineer
95436,Zito,Rando,Senior Staff
95437,Boguslaw,Heijenga,Senior Engineer
95438,Bluma,Mersereau,Assistant Engineer
95439,Shuji,Cannata,Senior Staff
95443,Shigeo,Kitai,Senior Staff
95444,Shichao,Pokrovskii,Staff
95450,Hein,Goldhammer,Staff
95452,Almudena,Rissland,Senior Staff
95457,Leszek,Iisaku,Senior Staff
95458,Fumiya,Murtagh,Senior Staff
95460,Bedir,Oskamp,Engineer
95464,Sadegh,Matzat,Senior Staff
95470,Roddy,Gajiwala,Senior Staff
95472,Martijn,Nitta,Senior Engineer
95473,Roselyn,Wallrath,Senior Engineer
95474,Guiseppe,Akazan,Senior Staff
95477,Guttorm,Junot,Senior Engineer
95483,Mario,Underwood,Senior Staff
95487,Val,Khamsi,Senior Engineer
95495,Mabo,Serot,Engineer
95496,Stein,Hinsberger,Technique Leader
95497,Ziya,Cromarty,Technique Leader
95498,Gal,Preusig,Senior Engineer
95501,Gadiel,Dulin,Senior Engineer
95503,Pranay,Pulkowski,Senior Engineer
95505,Tsz,Cooley,Senior Staff
95507,Idoia,Zultner,Senior Staff
95510,Mototsugu,Christ,Senior Engineer
95511,Sedat,Salvesen,Senior Staff
95513,Sungwon,Peron,Senior Staff
95516,Geoff,Verhaegen,Staff
95519,Basil,Georgatos,Senior Staff
95520,Jingling,Birsak,Senior Engineer
95521,Yuichiro,Savasere,Engineer
95522,Fumitake,Frolund,Engineer
95526,Khue,Schaar,Senior Engineer
95531,Monique,Petersohn,Senior Staff
95537,Nahla,Schaap,Senior Staff
95541,Chinho,Whitcomb,Senior Engineer
95549,Arun,Sooriamurthi,Senior Staff
95551,Persi,Stiles,Engineer
95552,Conor,Ossenbruggen,Engineer
95558,Vasiliy,Etalle,Senior Engineer
95559,Ramzi,Hasenauer,Engineer
95564,Elliott,Kading,Senior Staff
95570,Gregory,Kadhim,Senior Staff
95574,Danco,Ertl,Senior Staff
95576,Troy,McClurg,Senior Staff
95584,Arumugam,Herbst,Senior Engineer
95585,Vishv,Calkin,Senior Engineer
95588,Peer,Ghalwash,Staff
95590,Theirry,Narlikar,Senior Engineer
95595,Tse,Leijenhorst,Senior Engineer
95598,Poornachandra,Desikan,Staff
95601,Vincent,Guting,Senior Staff
95602,Shounak,Litvinov,Senior Staff
95606,Kwun,Erbe,Staff
95610,Gunilla,Debuse,Senior Staff
95616,Gregory,Beetstra,Senior Staff
95620,Arunachalam,Dayang,Engineer
95625,Bogdan,Negoita,Senior Engineer
95631,Ashish,Veccia,Engineer
95634,Ottavia,Templeman,Staff
95639,Maja,Schapire,Senior Staff
95644,Oddvar,Cusworth,Senior Staff
95645,Sudharsan,Binkley,Senior Staff
95646,Ayakannu,Legleitner,Staff
95647,Francoise,Cheshire,Senior Engineer
95652,Sushant,Candan,Senior Engineer
95654,Kshitij,Erez,Senior Engineer
95659,Iara,Randt,Engineer
95662,Martien,Spell,Senior Engineer
95663,Domenick,Ghazalie,Senior Staff
95670,Shaleah,Krybus,Staff
95682,Shugo,Mersereau,Engineer
95688,Arra,Plavsic,Engineer
95690,Thodoros,Kleiser,Senior Engineer
95696,Akemi,Schaft,Engineer
95702,Nakhoon,Gargeya,Senior Engineer
95703,Goh,Mateescu,Engineer
95706,Kyoichi,Nyanchama,Staff
95712,Takahira,Pulkowski,Staff
95714,Doohun,Kaiserswerth,Engineer
95715,Sanjiv,Stanfel,Engineer
95732,Magdalena,Delaune,Engineer
95733,Yuchang,Talmor,Senior Engineer
95735,Mircea,Rande,Senior Engineer
95736,Nahum,Glinert,Senior Engineer
95739,Lubomir,Syang,Senior Staff
95743,Nikolaos,Selvestrel,Senior Staff
95746,Piyawadee,Rodham,Senior Staff
95748,Toshiko,Welham,Senior Staff
95761,Djelloul,Luan,Senior Engineer
95762,Yonghong,Itschner,Engineer
95767,Muzhong,Schmiedel,Senior Engineer
95770,Satoru,Encarnacion,Staff
95772,Ziva,Sinicrope,Senior Engineer
95774,Jeanna,Morrow,Staff
95775,Nobuyoshi,Kading,Senior Staff
95776,Leaf,Cappelli,Staff
95778,Baziley,Dalton,Senior Staff
95781,Bowen,Lichtman,Senior Engineer
95783,Tsvetan,Lalonde,Engineer
95784,Arve,Fandrianto,Engineer
95786,Dharmaraja,Peral,Senior Engineer
95787,Chinhyun,Lueh,Senior Engineer
95789,Boaz,Perly,Senior Staff
95792,Xiaoqiang,Picco,Senior Staff
95798,Berry,Stemann,Technique Leader
95801,Chiranjit,Fandrianto,Senior Engineer
95803,Goo,Detkin,Senior Staff
95804,Otmar,Luce,Technique Leader
95805,Giri,Kushner,Staff
95808,Zengping,Kobara,Staff
95812,Masoud,Gips,Senior Engineer
95813,Mitsuyuki,Sury,Senior Engineer
95815,Eldridge,Godskesen,Senior Engineer
95816,Piyush,DuCasse,Engineer
95819,Hidde,McAffer,Senior Engineer
95820,Hyuckchul,Perri,Senior Engineer
95822,Divine,Teitelbaum,Engineer
95823,Khun,Aseltine,Senior Engineer
95825,Felicidad,Zyda,Engineer
95828,Rayond,Garnier,Engineer
95832,Kwan,Aloia,Assistant Engineer
95835,Mori,Rajcani,Senior Engineer
95836,Jolita,Linares,Senior Staff
95837,Pascal,Boissier,Senior Engineer
95838,Keung,Denti,Senior Staff
95841,Mamdouh,Kampfer,Senior Staff
95842,Bernt,Uhrik,Engineer
95844,Perla,Chenney,Staff
95853,Manton,Flasterstein,Engineer
95860,Turgut,Gulak,Senior Engineer
95862,Ottavia,Erez,Senior Engineer
95865,Radhakrishnan,Rikino,Senior Staff
95866,Kitty,Angot,Senior Staff
95867,Shakhar,Meszaros,Senior Staff
95870,Manibrata,Bennet,Assistant Engineer
95871,Billur,Adachi,Senior Staff
95874,Sarita,Hennings,Senior Staff
95878,Zejun,Schueller,Senior Staff
95883,Eirik,Koshiba,Senior Staff
95886,Gift,Hanratty,Senior Staff
95887,Moie,Ferretti,Senior Engineer
95890,Leni,Baba,Engineer
95891,Jinya,Mondadori,Senior Engineer
95893,Aleksander,Ossenbruggen,Senior Engineer
95897,Giap,Tetzlaff,Senior Engineer
95898,Brewster,Schaad,Senior Engineer
95902,Adin,Mikschl,Senior Staff
95903,Hinrich,Eiter,Staff
95906,Seshu,Cappelli,Senior Staff
95908,Bogdan,Harbusch,Senior Staff
95914,Hideo,Savasere,Staff
95915,Ung,Marsiglia,Engineer
95923,Richard,Rijsenbrij,Senior Engineer
95929,Hironoby,Kaltofen,Engineer
95930,Goa,Reghbati,Senior Staff
95935,Aran,Bolsens,Senior Staff
95939,Kiyokazu,Ozeri,Senior Staff
95943,Guozhong,Luit,Senior Staff
95946,Kellie,Ertl,Senior Staff
95947,Carrsten,Stenning,Assistant Engineer
95957,Val,Kornyak,Senior Staff
95964,Zhanqiu,Zongker,Senior Engineer
95968,Hideyuki,Alvarado,Technique Leader
95969,Quingbo,Schwaller,Senior Engineer
95972,Aron,Zielinski,Technique Leader
95977,Hirochika,Gladwell,Engineer
95980,Richara,Krohn,Senior Engineer
95985,Subbu,Orsini,Senior Engineer
95992,Hirochika,Jenevein,Senior Engineer
95993,Alejandra,Lunn,Senior Staff
95999,Owen,Murillo,Senior Staff
96000,Niranjan,Swab,Assistant Engineer
96007,Zorica,Biran,Senior Engineer
96010,Masanao,Peron,Senior Staff
96016,Giao,Falco,Senior Engineer
96017,Shem,Morrow,Engineer
96018,Doowon,Colorni,Senior Staff
96026,Houman,Verhoeff,Technique Leader
96027,Tse,Eickenmeyer,Engineer
96030,Mohit,Schaft,Staff
96036,Florina,Valiente,Engineer
96037,Feiyu,Chimia,Staff
96039,Stamatina,Lampe,Senior Staff
96045,Yurii,Itzigehl,Senior Engineer
96046,Urs,Alpin,Senior Staff
96047,Zhongwei,Kalloufi,Senior Staff
96051,Aiman,Leslie,Staff
96053,Subhrajyoti,Azuma,Senior Engineer
96054,Oscar,Ranon,Senior Engineer
96056,Geoffrey,Yamaashi,Engineer
96059,Valter,Mandell,Senior Engineer
96062,Danco,Couchot,Senior Engineer
96066,Hilary,Munawer,Senior Engineer
96069,Yahiko,Einsfeld,Senior Staff
96072,Kasidit,Ariola,Senior Engineer
96077,Zhiguo,Plump,Staff
96081,Alexius,Akazan,Senior Staff
96082,Maia,Zockler,Senior Staff
96083,Khalil,Muchinsky,Senior Staff
96084,Hauke,Piazza,Senior Staff
96085,Shin,Leuchs,Senior Engineer
96093,Satosi,Coorg,Senior Staff
96095,Magy,Radwan,Engineer
96096,Karsten,Lunn,Engineer
96098,Dekang,Narahari,Senior Engineer
96099,Roded,Ritzmann,Senior Engineer
96107,Luise,Geffroy,Senior Engineer
96108,Hatsukazu,Krychniak,Senior Engineer
96109,Jasminko,Chappelet,Senior Staff
96111,Berto,Busillo,Senior Engineer
96120,Leen,Lanphier,Senior Engineer
96122,Muzhong,Onuegbe,Senior Staff
96124,Guenter,Benantar,Senior Engineer
96125,Ult,Iivonen,Senior Staff
96129,Aloys,Alvarado,Senior Engineer
96132,Sachem,Wroclawski,Engineer
96133,Nalini,Breugel,Senior Staff
96136,Francesca,Benantar,Staff
96137,Stein,Lowrie,Engineer
96138,Lidong,Ghalwash,Senior Engineer
96139,Constantijn,Pell,Senior Engineer
96142,Divine,Stroustrup,Senior Staff
96151,Boaz,Rosay,Senior Engineer
96156,Nevin,Stille,Staff
96157,Kwangyoen,Haldar,Senior Staff
96161,Hugh,Riesenhuber,Senior Engineer
96162,Tokuyasu,Dehkordi,Senior Staff
96166,Shahab,Tokunaga,Senior Staff
96167,Gully,Siegrist,Engineer
96169,Roselyn,Bharadwaj,Senior Engineer
96174,Aral,Junot,Senior Staff
96177,Hatem,Itzigehl,Senior Engineer
96189,Fumiko,Vecchio,Engineer
96191,Shounak,Czaja,Senior Engineer
96193,Supot,Terekhov,Engineer
96196,Berthier,Zambonelli,Senior Engineer
96197,Yechiam,Himler,Senior Engineer
96198,Moti,Masaki,Senior Engineer
96200,Udaiprakash,Sudkamp,Staff
96201,Suvo,Guting,Senior Engineer
96205,Bowen,Kirkerud,Senior Staff
96219,Maia,Cappelletti,Senior Staff
96224,Manu,Panienski,Senior Staff
96228,Navin,Feldmann,Staff
96229,Werner,Constantine,Senior Engineer
96237,Shahid,Gien,Engineer
96243,Arne,Ranta,Senior Engineer
96261,Godehard,Kroft,Senior Staff
96265,Nalini,Salverda,Engineer
96268,Jingling,Kropatsch,Senior Engineer
96270,Kazuhiro,Wilfing,Staff
96276,Luisa,Wossner,Senior Staff
96278,Dipankar,Deyuan,Staff
96280,Yolla,Stasinski,Engineer
96282,Krassimir,Schieder,Senior Engineer
96283,Adel,Cappello,Senior Engineer
96288,Saeko,Comellas,Senior Engineer
96289,Jungsoon,Crelier,Engineer
96293,Vidar,Brender,Assistant Engineer
96295,Arnd,Juneja,Staff
96298,Martial,Marakhovsky,Staff
96299,Cullen,Perko,Senior Staff
96300,Gift,Neiman,Senior Engineer
96301,Dinah,Shiratori,Senior Staff
96302,Heon,Prochazka,Engineer
96303,Kirk,Pulkowski,Assistant Engineer
96304,Kristof,Stassinopoulos,Senior Staff
96308,Nigel,Aingworth,Senior Staff
96311,Candido,Riesenhuber,Senior Engineer
96314,Anneke,Birjandi,Staff
96318,Berhard,Andreotta,Senior Staff
96319,Mohd,Caine,Technique Leader
96324,Alejandro,Bharadwaj,Senior Engineer
96325,Toney,Mungall,Senior Engineer
96326,Sajjan,Paludetto,Senior Engineer
96328,Abdulah,Luft,Staff
96333,Pranjal,Tramer,Senior Engineer
96334,Valter,Vigier,Staff
96341,Nidapan,Ranai,Senior Staff
96342,Pranjal,Manders,Senior Engineer
96343,Shan,Middleton,Senior Engineer
96346,Gian,Pettis,Engineer
96347,Krassimir,Fraisse,Senior Staff
96348,Gal,Melter,Staff
96370,Remco,Duclos,Senior Engineer
96371,Gunilla,Wilharm,Senior Staff
96372,Pantung,Hettesheimer,Senior Staff
96376,Sachio,Stassinopoulos,Technique Leader
96377,Georgy,Azumi,Staff
96379,Oguz,Perez,Senior Staff
96385,Gudjon,Thambidurai,Senior Engineer
96393,Quingbo,Condotta,Staff
96394,Aloke,Vuskovic,Senior Engineer
96399,Vitali,Besancenot,Senior Staff
96400,Guenter,Doering,Engineer
96405,Subbu,Barreiro,Engineer
96412,Shaunak,Bressoud,Technique Leader
96417,Bouchung,Akiyama,Senior Staff
96420,Gianluca,Hebden,Senior Staff
96429,Jixiang,Callaway,Senior Staff
96432,Taisook,Raoux,Senior Engineer
96433,Mantis,Vecchio,Engineer
96439,Mountaz,Herbst,Senior Engineer
96440,Guangming,Skogmar,Senior Staff
96441,Masami,Zambonelli,Staff
96444,Taizo,Radivojevic,Senior Engineer
96446,Paris,Gajiwala,Engineer
96449,Kayoko,Petersohn,Senior Engineer
96456,Udi,Cincotta,Staff
96459,Bojan,Matheson,Senior Staff
96466,Bedrich,Kragelund,Senior Engineer
96479,Paraskevi,Perry,Senior Engineer
96480,Barry,Mattern,Senior Engineer
96484,Kazuhito,Guenter,Senior Engineer
96495,Kerryn,Navazio,Technique Leader
96496,Fun,Eugenio,Senior Engineer
96499,Arvin,Mitina,Technique Leader
96501,Yoshimitsu,Polajnar,Technique Leader
96502,Rutger,Koblitz,Senior Engineer
96504,Arnould,Miyakawa,Engineer
96506,Ferdinand,Schicker,Senior Engineer
96512,Yongdong,McAffer,Engineer
96513,Kiyotoshi,Binding,Technique Leader
96515,Falguni,Weiland,Engineer
96516,Hugo,Peyn,Engineer
96518,Basant,Gecsei,Technique Leader
96520,Mikhail,Fontet,Senior Engineer
96521,Gro,Imataki,Senior Staff
96522,Lidong,Lorho,Senior Staff
96524,George,Brodie,Technique Leader
96534,Fumiyo,Leslie,Senior Engineer
96536,Masaru,Portugali,Senior Staff
96543,Domenick,Hedayat,Senior Engineer
96556,Guttorm,Penn,Senior Staff
96560,Parto,Kushner,Engineer
96562,Abdulah,Ghemri,Senior Staff
96570,Christoph,Dehkordi,Senior Staff
96586,Ewing,Pettey,Senior Staff
96587,Yaghout,Kobara,Senior Engineer
96588,Huan,Cappello,Technique Leader
96592,Persi,Shiratori,Senior Engineer
96597,Jaihie,Wolniewicz,Staff
96599,Kwee,Salverda,Senior Engineer
96603,Zissis,Markovitch,Senior Staff
96604,Jiong,Panienski,Senior Engineer
96609,Bowen,Kemmerer,Senior Engineer
96615,Arunas,Marchegay,Engineer
96617,Shirish,Peak,Senior Staff
96618,Syozo,Gajiwala,Senior Staff
96619,Rasikan,Bratten,Staff
96621,Adin,Anandan,Engineer
96624,Sergi,Cangellaris,Staff
96626,Steen,Remmele,Engineer
96629,Arie,Reutenauer,Senior Engineer
96630,Danai,Porenta,Senior Staff
96631,Maha,Brender,Senior Engineer
96640,Jianhao,Fasbender,Senior Staff
96646,Kiam,Shobatake,Staff
96647,Eirik,Clouatre,Senior Staff
96648,Josyula,Perez,Senior Staff
96649,Ishfaq,Veeraraghavan,Senior Engineer
96657,Anoosh,Krohm,Senior Staff
96658,Khedija,Pouyioutas,Senior Staff
96659,Lubomir,Giveon,Senior Engineer
96660,Valeska,Mitina,Senior Engineer
96661,Deniz,Xiaoshan,Engineer
96667,Henk,Mansanne,Engineer
96670,Masaru,Peac,Senior Staff
96671,Brewster,Glowinski,Senior Engineer
96673,Hironobu,Oxman,Senior Engineer
96677,Gro,Fioravanti,Assistant Engineer
96678,Marit,Baak,Senior Staff
96682,Pasqua,Schapire,Engineer
96689,Emdad,Roohalamini,Senior Engineer
96691,Ekawit,Michaels,Senior Engineer
96698,Weiye,Vesel,Technique Leader
96699,Utz,Karunanithi,Senior Staff
96704,Baziley,Koshino,Senior Engineer
96706,Yaghout,Iisaku,Staff
96710,Kristian,Sethi,Senior Engineer
96712,Kasturi,Marrakchi,Senior Staff
96716,Huai,Snyers,Senior Engineer
96717,Christophe,Vanwelkenhuysen,Senior Engineer
96718,Renee,Baumann,Senior Engineer
96719,Maren,Detkin,Staff
96720,Arie,Merlo,Senior Engineer
96724,Kyoichi,Litzler,Senior Engineer
96726,Mikhail,Androutsos,Senior Engineer
96728,Munehiro,Improta,Senior Engineer
96732,Basim,Peres,Engineer
96735,Zejun,Conti,Senior Engineer
96736,Filipp,Adachi,Senior Staff
96740,Aloys,Weedman,Senior Staff
96742,Mang,Erbe,Senior Staff
96743,Zvonko,Casley,Senior Staff
96745,Hyuckchul,Bale,Senior Engineer
96746,Heping,Bale,Engineer
96751,Filipe,Lichtner,Senior Staff
96753,Claude,Giveon,Senior Staff
96756,Masami,Salvesen,Senior Engineer
96758,Patricia,Cyne,Senior Staff
96766,Van,Trachtenberg,Technique Leader
96768,Constantine,Maquelin,Staff
96769,Arun,Parascandalo,Senior Staff
96770,Shirish,Solovay,Senior Staff
96773,Leah,Gill,Senior Staff
96780,Olivera,Heuter,Senior Staff
96782,Kinh,Boreale,Engineer
96783,Zorica,Laurillard,Senior Staff
96791,Bernardo,Pulkowski,Engineer
96795,Masanao,Savasere,Senior Staff
96797,Munehiro,Highland,Engineer
96811,Jingling,Ressouche,Senior Engineer
96814,Jackson,Thebaut,Senior Engineer
96819,Flemming,Petersohn,Senior Staff
96820,Kiyotoshi,Dahlbom,Senior Engineer
96822,Goncalo,Aumann,Senior Staff
96836,Mario,Fujisawa,Senior Engineer
96844,Tommaso,Maliniak,Engineer
96846,Tran,Merel,Senior Staff
96848,Khalid,Ranst,Senior Staff
96853,Maha,Rissanen,Senior Engineer
96854,Tzvetan,Hammerschmidt,Senior Engineer
96857,Sariel,Bolotov,Staff
96861,Shigeo,Azevdeo,Senior Engineer
96863,Gretta,Chimia,Staff
96865,Josyula,Ulupinar,Senior Engineer
96866,Alair,Swist,Engineer
96868,Huan,Shimshoni,Staff
96869,Mohammad,Straney,Engineer
96870,Gaetan,Cooke,Senior Staff
96872,Nadjib,Munke,Engineer
96873,Jinxi,Ritcey,Staff
96876,Masali,Christianini,Senior Engineer
96882,Sven,Hutton,Engineer
96883,Torsten,England,Engineer
96885,Weiwu,Kitai,Senior Staff
96888,Rosita,Hettesheimer,Staff
96890,Jianhui,Roohalamini,Engineer
96897,Xiaobin,Willoner,Senior Engineer
96900,Dekang,Solovay,Engineer
96902,Khalil,Ozeki,Senior Staff
96907,Masamitsu,Hiraishi,Senior Staff
96909,Inderjeet,Luca,Senior Staff
96911,Hirochika,Jeansoulin,Senior Staff
96914,Anoosh,Hambrick,Senior Staff
96915,Youngkon,Kowalchuk,Senior Engineer
96919,Khaled,Granlund,Senior Staff
96921,Along,Waymire,Technique Leader
96922,Niranjan,Pell,Senior Staff
96933,Mrinalini,Hashii,Staff
96944,Yurij,Rabehasaina,Engineer
96946,Mikhail,Kakkar,Senior Staff
96949,Sanjoy,Pargaonkar,Senior Engineer
96952,Bodo,Chleq,Senior Engineer
96958,Shaowen,Shihab,Senior Staff
96959,Ranga,Keohane,Technique Leader
96961,Genki,Horswill,Assistant Engineer
96962,Kamakshi,Spataro,Senior Staff
96965,Marjo,Riexinger,Staff
96969,Chinhyun,Fraisse,Staff
96970,Abdulah,Radhakrishnan,Engineer
96975,Remmert,Bahl,Senior Engineer
96977,Mabo,Pavlopoulou,Engineer
96981,Gonzalo,Rebaine,Engineer
96982,Junsik,Beeson,Senior Staff
96989,Youpyo,Shobatake,Senior Staff
96991,Bingning,Varker,Senior Staff
96995,Rimli,Tomescu,Senior Staff
96996,Hideo,Validov,Technique Leader
96998,Eric,Neimat,Staff
97005,Navid,Hiyoshi,Senior Staff
97006,Remmert,Trystram,Engineer
97007,Suzette,Solares,Engineer
97013,Rasikan,Suri,Senior Engineer
97015,Snehasis,Asser,Senior Engineer
97016,Ingmar,Harnett,Senior Staff
97017,Shigehito,Encarnacion,Staff
97020,Odinaldo,Varley,Senior Engineer
97025,Xuejia,Peot,Senior Engineer
97026,Aimee,Poulakidas,Senior Staff
97027,Mountaz,Georgatos,Staff
97029,Koichi,Kirkerud,Engineer
97038,Sergi,Krider,Senior Engineer
97044,Howell,Rindone,Senior Staff
97045,Hyuncheol,Isaak,Staff
97052,Yoshimitsu,Ushiama,Senior Engineer
97056,Kshitij,Bratten,Staff
97062,Ranan,Swiler,Senior Staff
97065,Woody,Uchoa,Senior Staff
97077,Subbu,Fontan,Senior Engineer
97080,Danil,Pouyioutas,Senior Engineer
97081,Nimmagadda,Covnot,Staff
97084,Jinpo,Mandell,Senior Staff
97087,Moheb,Bernardinello,Senior Engineer
97088,Luise,Gronowski,Technique Leader
97089,Magy,Georg,Senior Engineer
97091,Juichirou,Frijda,Senior Engineer
97094,Bingning,Gils,Senior Staff
97099,Chinya,Kaiserswerth,Senior Engineer
97100,Hironoby,Kobuchi,Senior Staff
97104,Chiranjit,Ashish,Senior Engineer
97105,Arif,Zuberek,Senior Engineer
97112,Yongmin,Rajala,Senior Staff
97114,Paraskevi,Monkewich,Senior Engineer
97115,Giao,Flowers,Engineer
97120,Srinidhi,Cherinka,Engineer
97122,Yoshinari,Cullers,Senior Staff
97123,Basim,Suppi,Senior Engineer
97126,Nitsan,Heyers,Senior Engineer
97129,Masasuke,Murthy,Senior Staff
97135,Mechthild,Underwood,Senior Staff
97136,Bartek,Clouatre,Senior Engineer
97141,Shaowei,Jording,Senior Engineer
97145,Satosi,Neimat,Assistant Engineer
97152,Karlis,Frolund,Senior Engineer
97159,Chaoyi,Prampolini,Senior Engineer
97160,Vesna,Reghbati,Senior Staff
97164,Aamod,Ghandeharizadeh,Engineer
97166,Shietung,Ventosa,Staff
97171,Nitsan,Schueller,Senior Staff
97173,Xiping,Pouyioutas,Senior Staff
97179,Atilio,Ramsay,Assistant Engineer
97181,Mostafa,Ibel,Senior Staff
97184,Geoffry,Perl,Senior Engineer
97194,Dannz,Ozery,Senior Engineer
97195,Guther,Karunanithi,Senior Staff
97197,Chaitali,Akaboshi,Senior Staff
97200,Bernardo,Teitelbaum,Staff
97202,Hideo,Molberg,Senior Engineer
97203,Tonia,Velardi,Senior Engineer
97205,Zhenhua,Baar,Senior Engineer
97206,Susanne,Yeung,Senior Staff
97208,Leif,Gelosh,Senior Engineer
97212,Demin,McConalogue,Senior Engineer
97214,Marl,Schneeberger,Engineer
97216,Suvo,Waschkowski,Senior Staff
97219,Odysseas,Vesel,Staff
97221,Martina,Anick,Senior Staff
97223,Zejun,Wuwongse,Senior Staff
97225,Adam,Erez,Technique Leader
97226,Yuchang,Budinsky,Senior Engineer
97228,Nimmagadda,Jakobus,Staff
97230,Gen,Peak,Staff
97235,Karsten,Morrin,Engineer
97236,Reinhard,Muchinsky,Senior Staff
97240,Yongmin,Krogh,Staff
97241,Maik,Decaestecker,Senior Engineer
97251,Arno,Schoegge,Senior Staff
97252,Saniya,Markovitch,Senior Engineer
97256,Gianluca,Kermarrec,Engineer
97257,Kristin,Cronin,Senior Engineer
97259,Nobuyoshi,Kolinko,Staff
97262,Miomir,Esteva,Senior Engineer
97264,Ennio,Roisin,Senior Engineer
97266,Hugo,Assaf,Senior Engineer
97275,Jiakeng,Kemmerer,Senior Staff
97276,Larisa,Kroll,Senior Staff
97287,Chanjung,Rajala,Senior Engineer
97290,Halsur,Nollmann,Engineer
97308,Gaetan,Benantar,Assistant Engineer
97310,Parviz,Siksek,Senior Engineer
97311,Nidapan,Aseltine,Senior Staff
97313,Ymte,Rajala,Senior Staff
97315,Hironoby,Hoogerwoord,Senior Engineer
97317,Cathie,Perfilyeva,Engineer
97330,Ziya,Wursthorn,Staff
97335,Demin,Haddadi,Senior Engineer
97340,Vishu,Hiyoshi,Senior Staff
97341,Foong,Bamford,Senior Staff
97350,Manohar,Mansanne,Senior Staff
97354,Piyush,Werthner,Engineer
97355,Hideo,Warwick,Senior Engineer
97356,Barton,Sluis,Senior Staff
97362,Chaosheng,Dulli,Senior Staff
97366,Mantis,Gimbel,Engineer
97371,Tuval,Shackel,Engineer
97373,Dulce,Hoppenstand,Staff
97374,Kotesh,Strandh,Senior Staff
97375,Nevio,Hofstetter,Senior Staff
97378,Krister,Vidya,Senior Staff
97381,Arunas,Koblick,Senior Staff
97382,Shridhar,Stavenow,Senior Staff
97383,Kaijung,Pavlopoulou,Senior Staff
97385,Tuval,McAffer,Senior Staff
97390,Angus,Masaki,Senior Engineer
97399,Hironobu,Keirsey,Senior Engineer
97404,Serif,Bennet,Senior Engineer
97409,Jouni,Merel,Staff
97410,Spyrose,Beausoleil,Staff
97412,Shao,Coney,Senior Engineer
97415,Guttorm,Pagter,Staff
97417,Mountaz,Shiratori,Staff
97420,Jacqueline,Monkewich,Engineer
97428,Rildo,Sankaranarayanan,Senior Engineer
97430,Jasminko,Koshiba,Engineer
97431,Shen,Zschoche,Senior Engineer
97443,Arif,Fargier,Senior Engineer
97446,Shietung,Christianini,Senior Engineer
97448,Divine,Heystek,Technique Leader
97449,Wayne,Mitsuhashi,Staff
97452,Krister,Sridhar,Senior Engineer
97459,Paddy,Vecchi,Senior Staff
97461,Mart,Suomi,Engineer
97465,Claude,Gustavson,Senior Staff
97466,Valdiodio,Marwedel,Senior Staff
97468,Ramalingam,Barvinok,Senior Staff
97472,Kish,Antonisse,Senior Staff
97474,Neelam,Roison,Staff
97483,Mantis,Poujol,Senior Staff
97492,Dante,Schnabel,Senior Staff
97494,Mariangiola,Daescu,Senior Engineer
97495,Satyanarayana,Fadgyas,Senior Engineer
97496,Brewster,Conde,Engineer
97502,Ibibia,Lindenbaum,Engineer
97505,Marjo,Belinskaya,Engineer
97508,Pantung,Garnier,Staff
97511,Nishit,Teitelbaum,Senior Staff
97512,Djelloul,DeMori,Senior Engineer
97513,Kazunori,Lanzelotte,Staff
97514,Toong,Bruckman,Senior Staff
97516,Badri,Gente,Senior Engineer
97520,Hironoby,Rissland,Senior Staff
97521,Arch,Egerstedt,Senior Staff
97523,Bikash,Suppi,Senior Staff
97524,Kwun,Anandan,Senior Staff
97525,Shih,Krider,Technique Leader
97536,Ult,Azadmanesh,Staff
97540,Lubomir,Brodal,Senior Engineer
97555,Youssef,Mullainathan,Senior Engineer
97567,Godehard,Rodiger,Engineer
97571,Guoxiang,Itzigehl,Senior Engineer
97572,Jouko,Fontet,Staff
97573,Gen,Foote,Senior Staff
97575,Nahum,Maksimenko,Senior Engineer
97577,Masato,Perna,Senior Staff
97582,Brigham,Bonifati,Senior Engineer
97585,Aram,Vecchio,Senior Staff
97586,Wonhee,Tsukuda,Engineer
97587,Mohamadou,Angel,Senior Engineer
97588,Radhakrishnan,Lindenbaum,Senior Engineer
97606,Uzi,Conti,Senior Engineer
97607,Jinya,Birsak,Senior Staff
97610,Bodo,Zedlitz,Senior Engineer
97616,Laurentiu,Redmiles,Senior Engineer
97618,Oguz,Dayang,Senior Engineer
97619,Kazuhiro,Swen,Senior Staff
97620,Duangkaew,Debuse,Senior Staff
97627,Koichi,Ecklund,Senior Staff
97628,Xiaobin,Luck,Senior Engineer
97634,Youpyo,Peroz,Senior Staff
97636,Radhika,Bierbaum,Technique Leader
97640,Tsuneo,Famili,Staff
97641,Mantis,Brlek,Assistant Engineer
97643,Sigeru,Nannarelli,Senior Engineer
97648,Suvo,Kornyak,Staff
97651,Clyde,Furedi,Senior Staff
97654,Martijn,Wynblatt,Senior Staff
97657,Sastry,Ouhyoung,Senior Staff
97659,Aruna,Greenaway,Senior Staff
97660,Mantis,Pramanik,Senior Staff
97663,Heeju,Taneja,Senior Engineer
97665,Yakichi,Undy,Senior Staff
97666,Spyrose,Alencar,Senior Staff
97670,Flemming,Yurek,Senior Staff
97671,Sanjeeva,Remmers,Engineer
97675,Deniz,Thebaut,Senior Staff
97677,Taegyun,Poulakidas,Senior Staff
97680,Shaowei,Ravishankar,Engineer
97682,Alejandra,Gulik,Senior Staff
97694,Girolamo,Cummings,Senior Engineer
97695,Sreekrishna,Fendler,Senior Staff
97699,Kish,Merel,Senior Engineer
97704,Zhiwei,Imataki,Senior Staff
97706,Remzi,Erdmenger,Senior Staff
97709,Amabile,Iisaka,Senior Staff
97711,Sailaja,Bressoud,Technique Leader
97712,Sarita,Mateescu,Senior Staff
97714,Chirstian,Heusch,Senior Engineer
97717,Masami,Cooman,Senior Engineer
97723,Gou,Mapelli,Senior Staff
97724,Jagoda,Pezzoli,Assistant Engineer
97726,Guther,Veevers,Senior Staff
97728,Leucio,Lichtner,Senior Staff
97730,Shooichi,Smeets,Engineer
97731,Cordelia,Bakhtari,Staff
97736,Phule,Oppitz,Engineer
97738,Terresa,Miculan,Engineer
97740,Stevo,Bernardinello,Senior Staff
97745,Aleksandar,Heijenga,Senior Staff
97747,Suebskul,Provine,Senior Staff
97748,Kousuke,Luef,Technique Leader
97749,Manu,Motley,Engineer
97754,Marsja,Lovengreen,Senior Engineer
97755,Zhongwei,DeMori,Engineer
97756,Takanari,Hofstetter,Senior Engineer
97757,Subhada,Atrawala,Senior Engineer
97765,KayLiang,Kolinko,Senior Staff
97770,Horward,Keustermans,Senior Staff
97774,Evgueni,Farrar,Engineer
97775,Maren,Mahmud,Senior Engineer
97781,Divine,Neimat,Senior Staff
97782,Taiji,Openshaw,Senior Engineer
97783,Khatoun,Dalphin,Senior Staff
97787,Jayson,Zumaque,Senior Engineer
97790,Laurentiu,Tsukuda,Engineer
97796,Jacopo,Schoegge,Engineer
97797,Stein,DuBourdieux,Engineer
97803,Randy,Keirsey,Senior Staff
97807,Satyanarayana,Felcyn,Engineer
97808,Dharmaraja,Bolotov,Staff
97810,Saeko,Goodrum,Senior Engineer
97817,Thodoros,Onuegbe,Senior Staff
97818,Kauko,Siepmann,Senior Staff
97821,Zeydy,Perl,Staff
97822,Adhemar,Janetzko,Senior Staff
97824,Pantung,Yoshimura,Senior Engineer
97825,Alejandra,Perng,Senior Engineer
97830,Roded,Birsak,Senior Staff
97833,Arunachalam,Kuhnemann,Senior Staff
97837,Chikako,Furedi,Senior Staff
97838,Monique,Tramer,Senior Staff
97843,Barna,Lenart,Engineer
97847,Marek,DasSarma,Senior Engineer
97848,Takanari,Unni,Senior Staff
97849,Toshimitsu,Litzkow,Senior Staff
97850,Khatoun,Usdin,Engineer
97853,Huiqun,Scharstein,Senior Staff
97854,Boguslaw,Etalle,Senior Staff
97863,Guangming,Cannata,Senior Staff
97866,Tse,Chandrasekhar,Technique Leader
97868,Jiang,Srimani,Senior Engineer
97870,Leah,Socorro,Staff
97873,Gritta,Hasham,Senior Staff
97882,Constantine,Denos,Engineer
97885,Seshu,Edelhoff,Senior Staff
97886,Mario,Chartres,Assistant Engineer
97888,Moni,Smailagic,Engineer
97897,Mikhail,Flasterstein,Staff
97899,Vatsa,Morrey,Technique Leader
97900,Ranan,Passafiume,Senior Engineer
97903,Patricio,Parveen,Senior Engineer
97905,Tianruo,Michaeli,Senior Staff
97907,Jongsuk,Luiz,Senior Staff
97912,Nigel,Shobatake,Technique Leader
97913,Saeko,Staylopatis,Engineer
97914,Ziyad,Delaune,Senior Engineer
97916,Kersti,Kaiser,Technique Leader
97917,Bodh,Pargas,Senior Engineer
97918,Adel,Pollacia,Senior Staff
97923,Haldon,Lienhardt,Senior Engineer
97925,Kwok,Beeson,Senior Engineer
97928,Leszek,Speek,Senior Staff
97931,Malu,Beidas,Engineer
97938,Aiichiro,Plavsic,Senior Staff
97945,Kien,Gyimothy,Staff
97947,Ferdinand,Bouloucos,Engineer
97948,Henk,Geffroy,Senior Staff
97956,Hinrich,Suessmith,Engineer
97961,Val,Laurillard,Senior Engineer
97963,Sachin,Speckmann,Assistant Engineer
97965,Chinho,Ranon,Senior Staff
97970,Shmuel,Papadias,Senior Engineer
97982,Jenwei,Anguita,Staff
97983,Pasqua,DuBourdieux,Engineer
97985,Dekang,Botman,Senior Engineer
97995,Doowon,Bale,Senior Staff
97996,Garnik,Czaja,Senior Staff
98007,Shuky,Zallocco,Engineer
98009,Piyawadee,Schoegge,Senior Staff
98015,Xumin,Eastman,Senior Staff
98016,Mabhin,Lamma,Engineer
98017,Sachio,Gils,Senior Staff
98018,Yongdong,Pileggi,Staff
98019,Gonzalo,Clouatre,Staff
98028,Rafols,Shackel,Staff
98029,Masoud,Tischendorf,Engineer
98031,Masaki,Petersohn,Engineer
98038,Mack,Peron,Senior Engineer
98040,Ortrun,Pettis,Engineer
98041,Aksel,Birke,Senior Engineer
98043,Piyush,Picco,Engineer
98047,Gill,Nitsche,Senior Staff
98050,Huai,Angel,Senior Staff
98052,JoAnne,Binding,Engineer
98054,Berry,Conry,Senior Engineer
98060,Tzvetan,Speckmann,Senior Staff
98063,Danco,Rusterholz,Engineer
98064,Odysseas,Danner,Senior Engineer
98066,Fumiyo,Prampolini,Engineer
98069,Waiman,Dolinsky,Senior Engineer
98070,Along,Yetim,Staff
98072,Luerbio,Merro,Senior Engineer
98075,Limsoon,Pearson,Engineer
98079,Abdelaziz,Stiles,Senior Staff
98081,Itzchak,Barreiro,Senior Staff
98083,Nitsan,Vieth,Engineer
98088,Gay,Versino,Senior Staff
98095,Remco,Maquelin,Engineer
98096,Uri,Murrill,Senior Staff
98098,Feipei,Eterovic,Technique Leader
98105,Hausi,Potthoff,Engineer
98106,Sachem,Figueira,Senior Staff
98117,Venkatesan,Linnainmaa,Senior Engineer
98119,Chriss,Laurillard,Senior Staff
98125,Subir,VanScheik,Technique Leader
98128,Kazuhisa,Ambroszkiewicz,Staff
98130,Abdulah,Morton,Staff
98131,Hisao,Pauthner,Senior Staff
98136,Hausi,Mellouli,Staff
98145,Ziyad,Schlegelmilch,Senior Engineer
98149,Moss,Preusig,Senior Engineer
98151,Janche,Skogmar,Senior Staff
98158,Tze,Leivant,Engineer
98160,Sakthirel,Kusalik,Staff
98167,Toshiki,Comte,Senior Engineer
98169,Bedrich,Luft,Senior Staff
98171,Jaroslava,Busillo,Senior Engineer
98173,Irena,Ambroszkiewicz,Staff
98174,Rutger,Salverda,Senior Engineer
98176,Tianruo,Passino,Senior Staff
98177,Aruna,Stasinski,Engineer
98179,Oguz,Verhaegen,Staff
98183,Masami,Besselaar,Senior Staff
98192,Sumali,Murtagh,Senior Engineer
98199,Sadun,Felcyn,Senior Staff
98201,Nirmal,Hedayat,Engineer
98209,Mari,Dechter,Staff
98210,Ramzi,Rijsenbrij,Engineer
98212,Sham,Slutz,Senior Engineer
98216,Krassimir,Kalsbeek,Senior Engineer
98220,Weicheng,Luca,Staff
98221,Jeanna,Bolotov,Staff
98222,Hirochika,Ruemmler,Engineer
98228,Troy,Sabnani,Senior Engineer
98233,Hausi,Trogemann,Senior Staff
98234,Fox,Cyne,Engineer
98236,Shen,Talmor,Senior Engineer
98240,Martien,Stifter,Senior Staff
98241,Felicidad,Kroha,Senior Engineer
98245,Panayotis,Schonegge,Staff
98246,Anestis,Mandell,Senior Engineer
98247,Shakhar,Skafidas,Senior Engineer
98252,Deniz,Shimshoni,Senior Engineer
98253,Pragnesh,Homond,Senior Engineer
98258,Giri,Pero,Engineer
98262,Berna,Yoshizawa,Senior Engineer
98264,Khalid,Randi,Staff
98265,Youssef,Usery,Senior Staff
98266,Naftaly,Gronowski,Senior Engineer
98269,Vasilii,Ghazalie,Senior Engineer
98270,Kinh,Kawashimo,Senior Staff
98273,Arun,Mikschl,Engineer
98279,Ute,Birsak,Engineer
98282,Tremaine,Capobianchi,Senior Staff
98285,Georg,Piancastelli,Technique Leader
98289,Nakhoon,Benner,Senior Staff
98293,Jayesh,Adachi,Senior Staff
98297,Xiaoshan,Serot,Senior Engineer
98303,Aria,Qiwen,Engineer
98305,Yongmao,Stranks,Technique Leader
98307,Douadi,Leijenhorst,Senior Staff
98311,Menkae,Kambil,Senior Engineer
98315,Baruch,Winter,Engineer
98317,Domenico,Vieri,Staff
98319,Rosli,Penttonen,Assistant Engineer
98323,Amalendu,Ponthieu,Senior Engineer
98329,Ebru,Chinen,Technique Leader
98331,Wonhee,VanScheik,Staff
98335,Shao,Vuskovic,Senior Engineer
98336,Piyawadee,Ouhyoung,Senior Staff
98338,Guenter,Taneja,Senior Engineer
98345,Emdad,Muchinsky,Senior Staff
98350,Qiwen,Butterworth,Senior Staff
98358,Basim,Aingworth,Senior Engineer
98359,Pranay,Benveniste,Senior Staff
98360,Leah,Brobst,Senior Staff
98363,Arunachalam,Lorie,Senior Staff
98368,Sedat,Magliocco,Senior Engineer
98374,Karlis,Kossowski,Staff
98375,Tadanori,Koblick,Senior Engineer
98376,Khatoun,Lagarias,Senior Engineer
98377,Steve,Flanders,Senior Staff
98380,Greger,Stassinopoulos,Senior Engineer
98385,Ronnie,Marakhovsky,Staff
98388,Vasiliy,Zuberek,Technique Leader
98393,Lein,Juneja,Staff
98394,Berthier,Anick,Senior Engineer
98399,Satosi,Wendorf,Senior Engineer
98405,Perry,Terekhov,Engineer
98407,Mahmut,Gonthier,Senior Staff
98412,Yucai,Serra,Senior Staff
98421,Kish,Pettey,Senior Staff
98423,Zhiwei,Birta,Senior Staff
98424,Constantijn,Braunschweig,Senior Engineer
98430,Fay,Langford,Senior Engineer
98431,Tzvetan,Vural,Senior Staff
98436,Akeel,Khalid,Senior Engineer
98439,Ioana,Schrooten,Senior Staff
98444,Arra,Lubachevsky,Senior Staff
98445,Spyrose,Constantine,Senior Engineer
98451,Qingxiang,Ruemmler,Engineer
98453,Huan,Baby,Senior Engineer
98457,Bezalel,Standera,Senior Staff
98458,Oguz,Pollock,Senior Engineer
98462,Ramalingam,Narwekar,Senior Engineer
98463,Murthy,Gruenwald,Engineer
98464,Maja,Heusch,Engineer
98470,Siamak,Ramaiah,Staff
98472,Tadanori,Suermann,Engineer
98476,Constantine,Bade,Senior Staff
98478,Baruch,Heystek,Senior Engineer
98485,Chiradeep,Homond,Senior Staff
98490,Maha,Benzmuller,Engineer
98495,Duke,Showalter,Senior Staff
98497,Jianhao,Cannata,Senior Engineer
98500,Sarita,Bennet,Senior Staff
98504,Mokhtar,Kolinko,Senior Engineer
98506,Oddvar,Gyorkos,Senior Staff
98518,Gad,Rahimi,Senior Engineer
98522,Janalee,Kugler,Senior Staff
98524,Anneli,Rosenbaum,Engineer
98525,Berna,Lalonde,Staff
98528,Uli,Nivat,Senior Engineer
98530,Arne,Bojadziev,Senior Staff
98533,Tsvetan,Detkin,Senior Engineer
98534,Xiaopeng,Mapelli,Senior Engineer
98536,Francesca,Figueira,Senior Engineer
98541,Chuanti,Shanbhogue,Senior Staff
98543,Kristin,Selenyi,Senior Engineer
98548,Pasqua,Speer,Engineer
98549,Prodip,Landherr,Senior Staff
98554,Ranga,Hainaut,Engineer
98558,Valery,Llado,Senior Engineer
98570,Seongbae,Botman,Senior Engineer
98571,Stevo,Curless,Senior Staff
98578,Manu,Binding,Engineer
98582,Kirk,Spelt,Senior Engineer
98584,Branimir,Pintelas,Senior Engineer
98586,Kauko,Steenbeek,Senior Engineer
98589,Yishay,Merlo,Senior Engineer
98594,Eldridge,Kruskal,Engineer
98595,Syozo,Kaminger,Staff
98600,Djenana,Angel,Senior Engineer
98604,Tremaine,Reeken,Engineer
98605,Gor,Carrere,Senior Engineer
98615,Yuguang,Crouzet,Senior Engineer
98618,Bojan,Merle,Staff
98619,Sham,Debuse,Senior Engineer
98625,Kien,Selvestrel,Assistant Engineer
98628,Radhika,Bahl,Senior Engineer
98633,Zhensheng,Riesenhuber,Engineer
98636,Kannan,Mahnke,Senior Engineer
98646,Mohd,Farrag,Engineer
98650,Pasqua,Rassart,Senior Engineer
98660,Radoslaw,Rabehasaina,Senior Staff
98663,Serenella,Segond,Senior Staff
98672,Tsuneo,Oxenboll,Senior Engineer
98675,Shigehiro,Suri,Senior Staff
98676,Mechthild,Cannard,Senior Engineer
98678,Moti,Baby,Senior Staff
98680,Serge,Tchuente,Technique Leader
98682,Naraig,Parhami,Senior Staff
98683,Charmane,Lodder,Senior Engineer
98686,Wayne,Wilharm,Senior Engineer
98687,Yakichi,Comte,Senior Engineer
98696,Uinam,Litzler,Senior Engineer
98697,JiYoung,Harbusch,Staff
98699,Karsten,Koyama,Senior Staff
98705,Jianhua,Papsdorf,Senior Engineer
98707,Parto,Servieres,Senior Engineer
98709,Sushant,Esposito,Senior Engineer
98711,Tadanori,Masamoto,Senior Staff
98713,Stabislas,Luit,Senior Staff
98714,Duri,Covnot,Senior Engineer
98717,Chenyi,Oaver,Staff
98724,Jinpo,Birdsall,Senior Engineer
98725,Gill,Kaminger,Engineer
98732,Nikolaus,Baca,Senior Staff
98735,Richard,Bahl,Technique Leader
98736,Make,Kleiser,Assistant Engineer
98738,Mihalis,Kulisch,Senior Engineer
98739,Hsiangchu,Tischendorf,Senior Staff
98741,Arco,Perelgut,Technique Leader
98745,Zhanqiu,Kitsuregawa,Senior Engineer
98750,Shooichi,Braccini,Senior Engineer
98753,Franziska,Murillo,Senior Staff
98760,Kazuhiko,Asser,Senior Engineer
98766,Gretta,Buchter,Senior Engineer
98768,Valery,Iacovou,Senior Engineer
98773,Ziyad,Peron,Senior Staff
98782,Lene,Minakawa,Technique Leader
98793,Stevo,Merey,Staff
98795,Pasqua,Hertweck,Senior Staff
98796,Shao,Horswill,Senior Engineer
98798,Baoqiu,Lichtner,Senior Staff
98805,Junichi,Demizu,Senior Engineer
98807,Aloys,Hanratty,Staff
98813,Surveyors,Peck,Senior Engineer
98820,Djenana,Erva,Technique Leader
98823,Tesuya,Hartvigsen,Senior Staff
98825,Aemilian,Kroft,Senior Engineer
98830,Mountaz,Lunn,Assistant Engineer
98832,Margo,Akiyama,Senior Staff
98834,Radhika,Syrzycki,Senior Staff
98836,Leon,Walstra,Assistant Engineer
98838,Kazuhito,Deville,Senior Engineer
98840,Uwe,Ushiama,Senior Staff
98843,Kwangyoen,Chartres,Staff
98845,Jessie,Anido,Senior Staff
98848,Vatsa,DuBourdieux,Staff
98850,Augustine,Picco,Senior Engineer
98852,Arno,Rissland,Engineer
98854,Kotesh,Garrabrants,Assistant Engineer
98861,George,Bellmore,Senior Staff
98863,Jouni,Maliniak,Staff
98866,Bilhanan,McAffer,Senior Engineer
98869,Lucian,Swen,Staff
98874,Karsten,Hiraishi,Staff
98875,Idoia,Uhrik,Senior Staff
98876,Mihalis,Thummel,Senior Engineer
98880,TRUE,Sifakis,Senior Engineer
98882,Yishay,Vanwelkenhuysen,Senior Engineer
98884,Tsuneo,Baar,Staff
98889,Xiaoqiang,Pezzoli,Staff
98892,Yongqiao,Bharadwaj,Staff
98893,Theron,Ramalingam,Senior Engineer
98898,Arto,Anger,Senior Staff
98900,Lenore,Pargas,Engineer
98904,Gio,Wallrath,Senior Staff
98905,Nikolaos,Negoita,Senior Engineer
98911,Constantino,Kolvik,Senior Engineer
98913,Toshimori,Fabrizio,Senior Staff
98918,Perry,Kopetz,Staff
98919,Jackson,Pulkowski,Senior Staff
98920,Janalee,Hofmeyr,Assistant Engineer
98921,Toshiki,Marwedel,Assistant Engineer
98924,Noritoshi,Kaelbling,Senior Staff
98927,Eirik,Shigei,Staff
98943,Cordelia,Negoita,Senior Staff
98944,Guiseppe,Erbe,Senior Staff
98945,Subir,Neiman,Senior Engineer
98946,Jungsoon,Pleszkun,Staff
98950,Gilbert,Demos,Staff
98957,Khalil,Schmittgen,Senior Engineer
98958,Jaideep,Denos,Senior Staff
98961,Visit,Khasidashvili,Staff
98962,Brendon,Sluis,Senior Engineer
98965,Mori,Parhami,Senior Engineer
98971,Heping,Turnbull,Technique Leader
98973,Aemilian,Quittner,Senior Engineer
98976,Szabolcs,Cooley,Senior Engineer
98977,Richara,Alameldin,Engineer
98978,Doohun,Sidje,Senior Staff
98979,Alejandro,Jayawardene,Engineer
98984,Rosalyn,Ushiama,Senior Staff
98987,Dipayan,Suermann,Senior Engineer
98991,Malu,Willoner,Senior Staff
98992,Gonzalo,Heping,Senior Engineer
98993,Ronghao,Apsitis,Senior Engineer
98995,Chenxi,Eppinger,Senior Staff
98996,Parke,Kalloufi,Staff
99000,Tsvetan,Deyuan,Senior Engineer
99001,Torsten,Gulak,Senior Engineer
99002,Shan,Bergere,Senior Staff
99007,Ugo,Ibel,Senior Staff
99010,Luise,Smailagic,Senior Staff
99013,Tsz,Cools,Senior Engineer
99014,Adly,Siprelle,Senior Staff
99017,Radoslaw,Siksek,Assistant Engineer
99022,Golgen,Wilfing,Senior Engineer
99023,Gill,Kusakabe,Senior Staff
99026,Zhongwei,Broomell,Staff
99029,Ohad,Eiter,Senior Engineer
99036,Rasiah,Feinberg,Technique Leader
99040,Danil,Kalorkoti,Staff
99041,Navin,Msuda,Senior Staff
99050,Stevo,Krichel,Senior Staff
99061,Arco,Gustavson,Senior Engineer
99064,Marin,Trogemann,Senior Staff
99071,Niranjan,Luders,Senior Engineer
99083,Sanjoy,Horswill,Senior Staff
99085,Junsik,Honiden,Staff
99089,Brigham,Quaggetto,Senior Engineer
99097,Toshiki,Munawer,Senior Engineer
99104,Karsten,Kolinko,Senior Staff
99108,Shalesh,Streit,Technique Leader
99109,Dines,Pearson,Senior Engineer
99111,Ulf,Picci,Engineer
99112,Elrique,Potthoff,Senior Engineer
99116,Luigi,Pargaonkar,Senior Engineer
99122,Tooru,Schwabacher,Engineer
99126,Isamu,Chepyzhov,Senior Engineer
99128,Huiqun,Braunmuhl,Senior Engineer
99137,Yonghoan,Pollock,Senior Engineer
99153,Maik,Montresor,Senior Engineer
99160,Syozo,Cappelli,Staff
99161,Ramya,Heyers,Senior Engineer
99162,Alper,Lieblein,Senior Staff
99164,Shahid,Schaaf,Engineer
99167,Sachin,Rosaz,Senior Engineer
99168,Persi,Rissland,Staff
99171,Kazuyasu,Syrotiuk,Senior Staff
99173,Evgueni,Engberts,Senior Engineer
99174,Kaijung,Fortenbacher,Senior Engineer
99182,Jaques,Fontan,Engineer
99190,Djenana,Kambil,Senior Engineer
99192,Danai,Gerlach,Senior Engineer
99196,Achilleas,Ambroszkiewicz,Staff
99199,Shakhar,Simkin,Engineer
99204,Denis,Bugaenko,Senior Engineer
99206,Florian,Matheson,Senior Staff
99207,Shao,Ghalwash,Staff
99208,Mokhtar,Bernick,Senior Engineer
99210,Irene,Morrin,Senior Engineer
99220,Domenico,Zobel,Technique Leader
99221,Masamitsu,Fiebach,Senior Staff
99226,Mario,Pehl,Senior Engineer
99231,Nahla,Wielonsky,Senior Engineer
99237,Shigehito,Matzen,Engineer
99239,Yurij,Meriste,Senior Staff
99240,Lijia,Heydon,Engineer
99243,Aloys,Stamatiou,Assistant Engineer
99247,Tran,Magalhaes,Senior Engineer
99253,Genki,Maccarone,Staff
99255,Rajmohan,Vingron,Senior Staff
99257,Lene,Homond,Staff
99260,Fan,Picco,Engineer
99261,Amalendu,Panienski,Engineer
99268,Eishiro,Otillio,Senior Engineer
99269,Leaf,Gien,Engineer
99271,Pranav,Siepmann,Senior Staff
99272,Yuriy,Birge,Staff
99274,Taizo,Schurmann,Senior Engineer
99276,Takanari,Aamodt,Senior Staff
99278,Masaru,Peek,Senior Staff
99283,Shir,Rosca,Senior Engineer
99284,Lena,Isaak,Engineer
99288,Gilbert,Moffat,Staff
99290,Youssef,Basagni,Senior Engineer
99296,Jaewoo,Kushner,Staff
99297,Xinan,Erman,Senior Engineer
99299,Sachem,Claffy,Engineer
99300,Claudi,Bolotov,Senior Staff
99301,Zengping,Heystek,Assistant Engineer
99307,Moto,Thibadeau,Senior Staff
99309,Kazuhito,Emiris,Senior Engineer
99311,Ibibia,Speek,Senior Staff
99313,Masasuke,Caine,Senior Staff
99317,Fay,Shihab,Staff
99318,Sanjay,Guardalben,Senior Engineer
99319,Dzung,Gadepally,Senior Staff
99331,Jongsuk,Zeidenstein,Staff
99336,Mechthild,Syrzycki,Senior Staff
99340,Masaru,Selvestrel,Senior Staff
99344,Siamak,Vuskovic,Engineer
99357,Arunachalam,Peac,Senior Engineer
99360,Bedrich,Raczkowsky,Staff
99362,Radhika,Eiter,Staff
99364,Xuejun,Fujisaki,Senior Engineer
99365,Poornachandra,Kopetz,Senior Engineer
99367,Uriel,Hutton,Senior Engineer
99369,Marke,Krohn,Senior Staff
99370,Xinglin,Kilgore,Staff
99371,Tokuyasu,Vuskovic,Senior Engineer
99375,Uta,Swist,Senior Staff
99376,Olivera,Blokdijk,Senior Engineer
99383,Zita,Vasanthakumar,Engineer
99390,Cristinel,Potthoff,Senior Engineer
99394,Ranan,Monarch,Senior Staff
99395,Dmitri,Sury,Senior Staff
99397,Naftaly,Gyimothy,Senior Engineer
99400,Hitomi,Decaestecker,Senior Staff
99404,Doowon,Zaccaria,Engineer
99408,Idoia,Roisin,Senior Engineer
99409,Jongsuk,Rettelbach,Senior Engineer
99412,Shuho,Christ,Engineer
99419,Hairong,Gewali,Senior Engineer
99420,Yongmin,Krogh,Senior Engineer
99422,Kotesh,Navazio,Senior Staff
99428,Billur,Shrader,Technique Leader
99431,Prodip,Kusalik,Senior Staff
99433,Limsoon,Krupka,Staff
99437,Mohamadou,Thiran,Engineer
99438,Vidar,Prochazka,Senior Staff
99442,Sibyl,Uhrig,Senior Staff
99443,Zita,Woycyznski,Senior Staff
99446,Toong,Alpin,Senior Engineer
99451,Guenter,Riexinger,Senior Staff
99456,Lech,Verspoor,Engineer
99458,Herbert,Valiente,Senior Staff
99461,Stein,Caine,Senior Engineer
99462,Stevo,Gornas,Senior Engineer
99463,Vojin,Lenart,Senior Engineer
99466,Margo,Schusler,Senior Engineer
99473,Jaihie,Servi,Engineer
99476,Shahaf,Laventhal,Staff
99481,Arnd,Akaboshi,Senior Staff
99484,Goncalo,Knightly,Staff
99485,Kwangjo,Lagarias,Technique Leader
99487,Aran,Uehara,Senior Staff
99490,Nathalie,Marsiglia,Engineer
99492,Rosine,Gajiwala,Senior Staff
99495,Tayeb,Alblas,Senior Staff
99498,Chiradeep,Vadhan,Senior Staff
99501,Djenana,Scharstein,Senior Engineer
99506,Frazer,Maquelin,Engineer
99508,Fumino,Furudate,Senior Engineer
99516,Genki,Matheson,Engineer
99519,Jackson,Nourani,Engineer
99520,Eran,Copas,Senior Engineer
99522,Murthy,Prenel,Senior Staff
99525,Zissis,Ghelli,Senior Staff
99527,Feipei,Duclos,Engineer
99532,Percy,Picco,Staff
99534,Izaskun,Vickson,Technique Leader
99536,Salvador,Miake,Engineer
99543,Hidekazu,Pollock,Technique Leader
99544,Irene,Petersohn,Engineer
99545,Tayeb,Koshiba,Technique Leader
99546,Kazuhiro,Lorys,Staff
99550,Tsvetan,Hebert,Senior Staff
99553,Navid,Emmerich,Senior Engineer
99557,Arlette,Fordan,Senior Staff
99560,Maris,Calkin,Senior Staff
99564,Vitali,Azevdeo,Senior Staff
99567,Christfried,Oberman,Assistant Engineer
99570,Xiaoheng,Rodham,Technique Leader
99571,Rajmohan,Slobodova,Senior Engineer
99576,Nathalie,Anguita,Senior Staff
99581,Shichao,Sudkamp,Senior Engineer
99583,Holgard,Schmittgen,Senior Staff
99585,Khoa,Kropp,Engineer
99589,Abdelghani,Baik,Senior Engineer
99592,Jayson,Rubsam,Senior Staff
99596,Sahrah,Erva,Senior Staff
99598,Pohua,Plavsic,Engineer
99600,Shounak,Ertl,Engineer
99605,Pasqua,Decaestecker,Staff
99606,Kamran,Flowers,Senior Staff
99607,Surveyors,Picht,Senior Staff
99608,Baruch,Paludetto,Engineer
99611,Breannda,Stasinski,Senior Staff
99616,Peternela,Bierman,Staff
99620,Kiyomitsu,Edelhoff,Senior Engineer
99622,Etsuo,Taneja,Senior Engineer
99623,Sivanarayana,Rosar,Engineer
99625,Kolar,Schaad,Senior Engineer
99630,Sahrah,Gaughan,Engineer
99633,Gal,Eickenmeyer,Senior Engineer
99637,Moti,Maccarone,Senior Engineer
99642,Filipe,Barreiro,Senior Engineer
99643,Beshir,Babu,Senior Staff
99646,Manu,Farris,Technique Leader
99647,Toshiko,Katzenelson,Staff
99648,Kiyokazu,Pavlopoulou,Technique Leader
99649,Danny,Berstel,Senior Engineer
99650,Weicheng,Chartres,Engineer
99652,Zvonko,Garnham,Engineer
99655,Elvis,Borovoy,Senior Engineer
99657,Uwe,Worfolk,Senior Engineer
99658,Sachem,Farrar,Senior Engineer
99660,Gudjon,Roisin,Senior Engineer
99671,Tsuneo,Leppanen,Senior Staff
99679,Petter,Kalafatis,Senior Engineer
99681,Henk,Tramer,Senior Staff
99682,Mara,Maraist,Senior Engineer
99687,Barna,Yavatkar,Senior Engineer
99688,Christophe,Noriega,Senior Staff
99689,Ayakannu,Simkin,Senior Engineer
99691,Masasuke,Papadias,Staff
99692,Huican,Cmelik,Senior Staff
99703,Manton,Berstel,Senior Engineer
99705,Souichi,Bahr,Senior Staff
99714,Leah,Azevdeo,Staff
99716,Luerbio,Casperson,Senior Staff
99719,Sreekrishna,Ramamoorthy,Senior Staff
99722,Kazuhide,Granlund,Senior Staff
99723,Pascal,Pagter,Senior Engineer
99727,Temple,Maierhofer,Staff
99729,Dmitri,Porenta,Senior Staff
99732,Mong,Aloia,Staff
99733,Mingdong,Narahara,Senior Engineer
99736,Mircea,Hardjono,Technique Leader
99740,Adly,Wiegley,Staff
99745,Girolamo,Highland,Senior Engineer
99747,Gil,Hofstetter,Senior Engineer
99748,Van,Negoita,Staff
99750,Boalin,Jarecki,Staff
99752,Mani,Callaway,Technique Leader
99754,Sadegh,Lamparter,Senior Engineer
99763,Eben,Riexinger,Senior Staff
99767,Haldon,Lorho,Staff
99769,Xinyu,Winter,Senior Staff
99771,Gudjon,Lund,Senior Engineer
99772,Chenye,Magalhaes,Senior Engineer
99775,Shigeaki,Denis,Senior Staff
99779,Rasiah,Taubenfeld,Senior Engineer
99781,Randi,Sury,Senior Staff
99782,Zejun,Percebois,Senior Staff
99786,Shaibal,Usery,Technique Leader
99788,Adly,Orsini,Senior Engineer
99790,Guadalupe,Lowrie,Senior Engineer
99792,Kensyu,Calkin,Staff
99794,Kristin,Garnick,Senior Engineer
99796,Fun,Erie,Senior Staff
99798,Phillip,Boguraev,Staff
99803,Franziska,Oberman,Staff
99804,Abdelghani,Benner,Senior Engineer
99811,Vishu,Scallan,Engineer
99815,Khue,Nooteboom,Staff
99823,Yoshinari,Chiodo,Senior Engineer
99826,Hidefumi,Rehfuss,Senior Engineer
99832,Avishai,Alameldin,Staff
99833,Alagu,Tsukuda,Engineer
99836,Mani,Terekhov,Staff
99837,Dipayan,Anick,Senior Engineer
99838,Hidde,Menyhert,Engineer
99840,Venkatesan,Neiman,Technique Leader
99845,Ebru,Matheson,Engineer
99846,TRUE,Hofman,Senior Staff
99848,Susuma,Kroft,Technique Leader
99853,Gor,Morrey,Staff
99855,Roselyn,Krohn,Senior Staff
99860,Mitchel,Homond,Technique Leader
99861,IEEE,Waeselynck,Senior Engineer
99862,Tomokazu,Murillo,Technique Leader
99865,Wonhee,Farris,Senior Staff
99870,Koldo,Binkley,Technique Leader
99872,Barna,Nitsche,Senior Engineer
99874,Leif,Belinskaya,Senior Engineer
99876,Zhonghui,Angiulli,Senior Engineer
99878,Fen,Sidhu,Senior Staff
99880,Herbert,Conti,Senior Staff
99882,Rafail,Falby,Senior Engineer
99883,Dulce,Linares,Senior Engineer
99889,Mohammad,Osgood,Engineer
99890,Aemilian,Decleir,Senior Staff
99892,Slavian,DeMori,Senior Engineer
99895,Olivera,Feldmann,Senior Engineer
99903,Boriana,Tsukune,Staff
99907,Shahar,Luks,Senior Engineer
99909,Stafford,Coorg,Staff
99913,Lena,Vidal,Staff
99915,Elgin,Perna,Senior Engineer
99919,Boalin,Jenevein,Senior Staff
99920,Cullen,Candan,Staff
99927,Bernardo,Luck,Senior Engineer
99928,Basant,Sudkamp,Senior Engineer
99929,Makato,Domenig,Senior Staff
99932,Eishiro,Terwilliger,Engineer
99934,Hidefumi,Baranowski,Technique Leader
99937,Yannik,Himler,Senior Engineer
99956,Leen,Streng,Senior Staff
99958,Leif,McFarlin,Senior Staff
99966,Masali,Ferretti,Staff
99972,Jaana,Schaaf,Staff
99981,Rimon,Grandbois,Senior Engineer
99984,Taiji,Kaelbling,Senior Engineer
99988,Matt,Motley,Staff
99989,Divine,Docker,Engineer
100001,Jasminko,Antonakopoulos,Engineer
100008,Otmar,Selvestrel,Senior Engineer
100013,Gunilla,Bernardinello,Senior Engineer
100017,Saeko,Radwan,Staff
100019,Berry,Dulay,Senior Staff
100022,Iara,Lindenbaum,Senior Staff
100023,Boutros,Emiris,Assistant Engineer
100024,Godehard,Pelz,Senior Staff
100026,Lalit,Demos,Engineer
100031,Wuxu,Hasenauer,Senior Staff
100032,Jaewoo,Papsdorf,Senior Staff
100036,Gudjon,Madeira,Staff
100037,Tadahiro,Smeets,Engineer
100039,Junsik,Zlotek,Staff
100042,Raimond,Turnbull,Staff
100046,Jayson,Jumpertz,Senior Engineer
100048,Dannz,Motley,Technique Leader
100052,Branimir,Miake,Staff
100058,Jaewoo,Farrow,Engineer
100064,Shaw,Perri,Senior Engineer
100072,Fan,Zeleznik,Engineer
100074,Yechiam,Velardi,Senior Engineer
100075,Atreyi,Swift,Senior Staff
100076,Shakhar,Azadmanesh,Senior Engineer
100077,Chinya,Ebeling,Senior Staff
100079,Sushant,Brodal,Technique Leader
100080,Rafael,Bonifati,Senior Engineer
100084,Patricio,Merks,Senior Engineer
100090,Lein,Suwa,Senior Staff
100092,Eckart,Cannane,Senior Engineer
100101,Shakhar,Egerstedt,Senior Engineer
100102,Harngdar,Marciano,Engineer
100105,Tuval,Underwood,Engineer
100108,Kwangho,Underwood,Staff
100110,Martial,Seuren,Senior Engineer
100112,Akemi,Naumovich,Engineer
100115,Siddarth,Servieres,Senior Staff
100117,Fumitaka,Beerel,Senior Staff
100118,Sajjad,Goldhammer,Technique Leader
100120,Falguni,Pocchiola,Senior Staff
100125,Kristinn,Benveniste,Senior Staff
100129,Guther,Meszaros,Staff
100132,Marjo,Heydon,Senior Engineer
100136,Piyawadee,Thiria,Senior Engineer
100137,Seongbae,Bail,Senior Engineer
100138,Changho,Prenel,Engineer
100139,Palash,Irland,Senior Staff
100142,Terresa,Isard,Senior Staff
100146,Nalini,Woycyznski,Technique Leader
100150,Yunming,Scallan,Senior Engineer
100155,Alain,Christianini,Senior Staff
100157,Bingning,Kranzdorf,Assistant Engineer
100158,Ayakannu,Falby,Senior Staff
100159,Sakthirel,Boudaillier,Senior Engineer
100163,Maik,Magalhaes,Senior Engineer
100166,Shichao,Peek,Senior Staff
100169,Ingmar,Angot,Technique Leader
100170,Alagu,Fiutem,Staff
100172,Selwyn,Kranzdorf,Senior Staff
100173,Ewing,Vidal,Senior Engineer
100175,Willard,Maginnis,Senior Engineer
100178,Haldun,Broomell,Senior Staff
100180,Ohad,Lichtner,Senior Engineer
100183,Florina,Rosiles,Staff
100186,Nathalie,Karunanithi,Engineer
100189,Lalit,Rousseau,Engineer
100190,Lenore,Thebaut,Technique Leader
100192,Mohan,Thummel,Senior Engineer
100195,Pasqua,Rusmann,Staff
100200,Charmane,Kuhnemann,Engineer
100202,Geoffry,Etalle,Engineer
100205,Nahid,Gustavson,Technique Leader
100206,Arumugam,Wrigley,Senior Engineer
100207,Dinkar,Piancastelli,Assistant Engineer
100214,Kiam,Seghrouchni,Technique Leader
100215,Suzette,Birnbaum,Senior Engineer
100224,Premsyl,Zhiwei,Technique Leader
100229,Aamer,Ferretti,Engineer
100230,Honesty,Egerstedt,Senior Staff
100232,Sven,Lodder,Senior Staff
100237,Xinglin,Schmezko,Assistant Engineer
100245,Wuxu,Berztiss,Senior Staff
100246,Berna,Jording,Staff
100252,Radoslaw,Viele,Senior Staff
100255,Amabile,Sullins,Engineer
100257,Mahmut,Poulakidas,Engineer
100258,Shalesh,Heping,Senior Staff
100259,Jiang,Laurillard,Senior Staff
100264,Jaroslava,Hegner,Senior Engineer
100270,Krassimir,Capobianchi,Senior Staff
100271,Arto,Krider,Engineer
100274,Fei,Miyakawa,Senior Staff
100277,Ravishankar,Baby,Senior Engineer
100279,Mingdong,Gustavson,Staff
100281,Duke,Rodier,Staff
100292,Takanari,Zambonelli,Senior Staff
100295,Huican,Schmiedel,Senior Staff
100297,Jamaludin,Paludetto,Staff
100298,Matk,Journel,Senior Staff
100300,Paraskevi,Lieblein,Senior Engineer
100301,Tonny,Schnelling,Senior Staff
100303,Huei,Pargaonkar,Senior Engineer
100305,Christfried,Heyers,Senior Engineer
100315,Sachar,Compeau,Staff
100317,Xiaopeng,Lorys,Senior Staff
100319,Frazer,Billingsley,Senior Engineer
100321,Guoxiang,Coombs,Senior Engineer
100322,Janalee,Bahr,Senior Staff
100323,Jaana,Peyn,Senior Engineer
100324,Shaw,Pagter,Engineer
100329,Gro,Veevers,Assistant Engineer
100331,Leon,Tiemann,Senior Staff
100332,Tooru,Schonegge,Senior Engineer
100333,Kyoichi,Radivojevic,Assistant Engineer
100334,Tonny,Kaiserswerth,Technique Leader
100338,Aiman,Reeker,Engineer
100343,Masoud,Woycyznski,Engineer
100347,Otmar,Gajiwala,Senior Staff
100349,Gianluca,Jarecki,Senior Engineer
100352,Moss,Poupard,Senior Engineer
100355,Mohd,Mersereau,Engineer
100356,Vasilis,Schmezko,Senior Staff
100358,Lucian,Falby,Senior Engineer
100359,Vishwani,Speer,Senior Engineer
100360,Baoqiu,Eppinger,Engineer
100361,Roselyn,Masaki,Staff
100364,Douadi,Luit,Assistant Engineer
100371,Yonghong,Schwaller,Engineer
100372,Aruna,Steenbeek,Senior Staff
100382,Mariangiola,Wynblatt,Senior Engineer
100384,Richara,Yurek,Senior Engineer
100386,Lubomir,Dulay,Engineer
100390,Mingzeng,Fiutem,Senior Engineer
100393,Yuuichi,Eastman,Senior Staff
100395,Sadun,Kavraki,Staff
100401,Sajjan,Theuretzbacher,Senior Engineer
100402,Arra,Detkin,Engineer
100403,Chikara,Stavenow,Senior Engineer
100405,Perry,Brookman,Senior Engineer
100406,Yoshinari,Coors,Senior Staff
100408,Kaijung,Anick,Staff
100410,Stein,Genther,Senior Staff
100411,Navid,Cannane,Senior Engineer
100413,Mara,Schurmann,Senior Engineer
100416,Chinya,Neimat,Senior Engineer
100417,Miyeon,Lueh,Technique Leader
100418,Kiam,Vernadat,Senior Engineer
100419,Jaana,Leivant,Senior Staff
100425,Vishv,Vickson,Senior Staff
100428,Fayez,Einsfeld,Senior Engineer
100429,Jayesh,Brender,Senior Engineer
100436,Subhankar,Gini,Senior Staff
100442,Cullen,Kleiser,Staff
100443,Rosine,Shinomoto,Engineer
100444,Arno,Itzigehl,Senior Staff
100449,Giap,Hofman,Technique Leader
100451,Shir,Kuhnemann,Senior Staff
100452,Guther,Lowrie,Senior Engineer
100458,Keiichiro,Rosch,Staff
100460,Seshu,Nitsch,Senior Engineer
100464,Leandro,Besselaar,Senior Engineer
100465,Takahira,Potthoff,Senior Engineer
100473,Jeane,Lortz,Staff
100474,Valery,Sichman,Senior Engineer
100475,Aron,Piazza,Senior Staff
100478,Amstein,Herath,Assistant Engineer
100480,Basil,Weedon,Technique Leader
100484,Hitofumi,Thibadeau,Engineer
100486,Radhakrishnan,Maksimenko,Senior Staff
100488,Kayoko,Luce,Senior Staff
100490,Mechthild,Burnard,Staff
100492,Vincent,Tibblin,Senior Staff
100497,Tze,Fortenbacher,Senior Engineer
100500,Tetsurou,Sichman,Senior Engineer
100507,Mart,Eiron,Technique Leader
100508,Masami,Begiun,Senior Staff
100513,Kenroku,Walston,Senior Staff
100515,Phuoc,Bratten,Senior Engineer
100516,Seongbae,Staudhammer,Senior Engineer
100517,Temple,Botman,Engineer
100524,Shugo,Gajiwala,Senior Engineer
100528,Irene,Kushnir,Senior Staff
100531,Toshiko,Kranzdorf,Senior Engineer
100534,Aamer,Luga,Staff
100538,Spyrose,Akaboshi,Staff
100539,Yifei,Pintelas,Senior Engineer
100555,Lucien,Gecsel,Senior Staff
100556,Sachem,Kaiserswerth,Senior Staff
100557,Miomir,Larfeldt,Staff
100565,Giri,Dusink,Senior Staff
100568,Aral,Huhdanpaa,Senior Staff
100569,Sreekrishna,Anandan,Senior Engineer
100570,Xiong,Spataro,Technique Leader
100572,Gianluca,Botman,Engineer
100574,Lucien,Bennet,Senior Staff
100575,Heeju,Bellone,Engineer
100576,Xiaopeng,Gluchowski,Staff
100582,Karsten,Bouloucos,Senior Engineer
100583,Goetz,Schnelling,Senior Engineer
100584,Yifei,Baranowski,Senior Staff
100585,Ekawit,Diderrich,Senior Staff
100591,Serif,Esposito,Senior Staff
100593,Sasan,Sethi,Engineer
100600,Gudjon,Merel,Senior Engineer
100606,Shigeichiro,Oskamp,Senior Engineer
100607,Irene,Yetto,Senior Engineer
100609,Gina,Lakshmanan,Senior Engineer
100611,Jamaludin,Alpin,Senior Engineer
100618,Karlis,Itschner,Senior Staff
100621,Olivera,Joslin,Engineer
100623,Guenter,Hoogerwoord,Engineer
100633,Adit,Rusterholz,Senior Staff
100634,Halsur,Yurek,Senior Engineer
100640,Yuriy,Kamble,Senior Engineer
100647,Tomofumi,Shackell,Staff
100648,Fumiko,Petersohn,Staff
100653,Georgi,Maraist,Senior Engineer
100656,Persi,Teitelbaum,Engineer
100657,Luisa,Hutton,Senior Staff
100659,Chikara,Ozeri,Senior Engineer
100660,Uriel,Polupanov,Senior Engineer
100665,Valery,Parhami,Senior Staff
100670,Hideyuki,Bonifati,Senior Staff
100673,Giri,Jiang,Senior Staff
100674,Mariangiola,Lovengreen,Technique Leader
100678,Premal,Terkki,Senior Engineer
100680,Xiping,Duclos,Senior Staff
100682,Ingemar,Pepe,Engineer
100684,Ranga,Demir,Senior Engineer
100686,TRUE,Beausoleil,Senior Staff
100687,Nathalie,Marshall,Staff
100696,Houman,Pileggi,Senior Staff
100698,Gino,Atrawala,Senior Staff
100703,Anestis,Kavanagh,Senior Engineer
100705,Radhika,McFarlan,Engineer
100708,Yaghout,Pauthner,Engineer
100719,Martial,Senzako,Engineer
100721,Poornachandra,Bade,Senior Engineer
100725,Zvonko,Maliniak,Senior Staff
100730,Nirmal,Bouloucos,Senior Staff
100733,Vincent,Coombs,Engineer
100739,Froduald,DiGiano,Senior Staff
100746,Heather,Rehfuss,Senior Staff
100748,Uriel,Marakhovsky,Senior Staff
100753,Zsolt,Baca,Senior Engineer
100769,Willard,Clemencon,Senior Engineer
100771,Fusako,Schmittgen,Senior Staff
100778,Malu,Perly,Senior Engineer
100786,Rosella,Parfitt,Staff
100787,Ewing,Sury,Staff
100790,Nigel,Serna,Staff
100794,Elliott,Bouloucos,Senior Staff
100795,Takushi,Kaltofen,Senior Engineer
100798,Domenick,Gecsei,Senior Engineer
100800,Denny,Zhiwei,Senior Staff
100808,Sastry,Hasham,Staff
100814,Eben,Shobatake,Engineer
100821,Georg,Zucker,Senior Staff
100822,Piyush,Swift,Staff
100825,Abdelkader,Demke,Engineer
100838,Kristin,Serre,Technique Leader
100840,Ranan,Rosar,Senior Staff
100841,Xinan,Pena,Senior Engineer
100842,Dante,Brobst,Senior Engineer
100845,Bezalel,Angelov,Assistant Engineer
100846,Mark,Kalloufi,Technique Leader
100850,Fayez,Harllee,Senior Staff
100853,Aris,Coombs,Senior Engineer
100854,Serge,Kaiserswerth,Senior Engineer
100861,Poornachandra,Leuchs,Senior Engineer
100867,Shridhar,Koblick,Staff
100869,Kazuhiro,Attimonelli,Senior Staff
100872,Petter,Hebert,Senior Staff
100880,Chikara,Thibadeau,Senior Staff
100884,Adamantios,Rousseau,Senior Staff
100888,Danco,Zumaque,Staff
100889,Mariusz,Spelt,Senior Staff
100891,Nahum,Snedden,Senior Staff
100897,Oksana,Clemencon,Senior Engineer
100899,Tse,Zastre,Staff
100900,Saniya,Vandervoorde,Senior Staff
100908,Rasiah,Macedo,Staff
100914,Erzsebet,Shackell,Senior Engineer
100920,Henk,Byoun,Senior Engineer
100924,Moni,Sewelson,Staff
100927,Troy,Lovengreen,Assistant Engineer
100928,Val,Decaestecker,Staff
100929,Gina,Lindqvist,Senior Staff
100933,Uli,Taneja,Senior Staff
100934,Goncalo,Czaja,Engineer
100935,Gererd,Henders,Senior Staff
100941,Chuanti,Alpay,Senior Staff
100943,Tuval,Merkl,Engineer
100946,Zengping,Lundstrom,Staff
100949,DeForest,Neimat,Senior Engineer
100951,Masasuke,Lenart,Engineer
100960,Saniya,Candan,Senior Engineer
100963,Niteen,Mitchem,Staff
100964,Arra,Mamelak,Senior Engineer
100965,Lucian,Bultermann,Senior Staff
100966,Sham,Range,Staff
100969,Falguni,Eugenio,Staff
100973,Jordanka,Sudkamp,Engineer
100974,Adas,Ebeling,Engineer
100975,Kamran,Bhattacharjee,Senior Engineer
100981,Koldo,Alblas,Senior Engineer
100988,Dung,Malinowski,Staff
100989,Shir,Motley,Senior Staff
100990,Renee,Zhiwei,Engineer
100998,Breannda,Portugali,Senior Staff
101000,Vishv,Marrevee,Senior Staff
101001,Filipp,Lowrie,Engineer
101002,Fei,Billawala,Senior Staff
101003,Pranas,Kusakabe,Engineer
101005,Niranjan,Erni,Senior Engineer
101014,Pintsang,Jansen,Staff
101015,Spyrose,Rahier,Senior Staff
101018,Shigeu,Serra,Senior Engineer
101026,Zorica,Kalloufi,Engineer
101028,Kwangho,Jayawardene,Senior Engineer
101032,Niteen,Krogh,Senior Engineer
101033,Zhiwei,Clemencon,Senior Staff
101034,Elgin,Tyugu,Senior Engineer
101039,Chaosheng,Dengi,Senior Engineer
101041,Persi,Prochazka,Senior Staff
101044,Vidya,Asser,Senior Staff
101046,Yuping,Dymetman,Engineer
101052,Byong,Qiwen,Staff
101054,Rosella,Quaggetto,Senior Staff
101064,TRUE,Lores,Senior Staff
101065,Berhard,Haumacher,Senior Engineer
101066,Sampalli,Senzako,Senior Staff
101067,Kerhong,Schmittgen,Assistant Engineer
101071,Perla,Leivant,Senior Staff
101072,Jiong,Carrera,Senior Staff
101073,Yongdong,Iwayama,Senior Engineer
101076,Manu,Gammage,Staff
101078,Fusako,Zedlitz,Senior Engineer
101083,Francesca,Anily,Staff
101086,Fumino,Breugel,Assistant Engineer
101091,Felicidad,Garnier,Technique Leader
101095,Masanao,Gonthier,Technique Leader
101096,Make,Zaccaria,Senior Engineer
101098,Maya,Norsworthy,Senior Staff
101104,Kwee,Marwedel,Engineer
101106,Oldrich,Narahari,Senior Staff
101110,Mahmut,Strooper,Technique Leader
101116,Danny,Strandh,Senior Staff
101117,Visit,Kriebel,Senior Staff
101122,Nahla,Swick,Senior Staff
101123,Henk,Wossner,Senior Staff
101124,Sergi,Penn,Senior Staff
101133,Val,Heuter,Senior Staff
101134,Adas,Ligten,Staff
101140,Shahar,Bottner,Staff
101142,Sedat,Gini,Senior Engineer
101143,Chaoyi,Fritzsche,Senior Staff
101153,Manohar,Gill,Senior Staff
101154,Tommaso,Vanwelkenhuysen,Senior Engineer
101155,Pranas,Greenaway,Senior Engineer
101167,Ingmar,Pena,Senior Engineer
101168,Charlene,Glinert,Engineer
101172,Nevio,Schoegge,Senior Staff
101177,Shir,Linares,Staff
101178,Charmane,Akazan,Senior Engineer
101180,Subhada,Przulj,Senior Staff
101182,Lenore,Demeyer,Engineer
101187,Breannda,Schwartzbauer,Senior Engineer
101190,Kellyn,Tsunoo,Assistant Engineer
101191,Mototsugu,Flasterstein,Engineer
101192,Shugo,Poujol,Senior Staff
101193,Fen,Rabejac,Senior Engineer
101198,Odinaldo,Simmel,Senior Engineer
101199,Padma,Siepmann,Senior Engineer
101203,Subhrajyoti,Thambidurai,Senior Staff
101204,Nikolaus,Schmiedel,Staff
101206,Nishit,Vitiello,Senior Staff
101209,Xiaoheng,Backhouse,Staff
101210,Hidde,Takanami,Senior Engineer
101218,Basil,Huhdanpaa,Technique Leader
101221,Phule,Saoudi,Technique Leader
101224,Brewster,Vigier,Engineer
101231,Rimli,Ecklund,Senior Staff
101232,Becky,Viele,Assistant Engineer
101237,Xiaoshan,Riexinger,Senior Staff
101239,Toshimori,Khalil,Senior Staff
101240,Oldrich,Perin,Senior Staff
101246,Saddek,Sommer,Senior Staff
101248,Jinya,Garnier,Staff
101249,Dinkar,Krider,Staff
101250,Shaleah,Bail,Staff
101252,Constantino,Speer,Senior Staff
101254,Franziska,Reinhard,Senior Engineer
101258,Patricia,Lortz,Senior Engineer
101265,Emran,Pluym,Staff
101270,Tsutomu,Nitto,Senior Staff
101274,Shem,Lovengreen,Engineer
101276,Shirish,Leonhardt,Senior Engineer
101284,Itzchak,Douceur,Senior Staff
101286,Gila,Bernardinello,Engineer
101288,Bader,Chorvat,Senior Engineer
101289,Bedir,Peroz,Engineer
101290,Richara,Busillo,Senior Staff
101291,Kellie,Mapelli,Senior Engineer
101294,Sakthirel,Speel,Senior Engineer
101295,Guther,Verspoor,Staff
101298,Mabhin,Conia,Staff
101300,Juyoung,Schnabel,Engineer
101303,Mitchel,Slaats,Staff
101308,Richara,Conia,Staff
101309,Yucel,Ghazalie,Staff
101312,Kamakshi,Auria,Senior Engineer
101313,Manton,Garnham,Staff
101320,Armond,Veldwijk,Engineer
101321,Arvind,Beetstra,Senior Engineer
101322,Goetz,Boreale,Engineer
101323,Kinh,Wuwongse,Senior Engineer
101327,Kristine,Lieblein,Senior Staff
101331,Tsz,Hagimont,Senior Engineer
101336,Hideyuki,Busillo,Senior Staff
101337,Xiaoqiang,Taubman,Technique Leader
101338,Nobuyoshi,Legleitner,Senior Engineer
101341,Munehiro,Kieras,Senior Staff
101346,Dinkar,Perfilyeva,Senior Engineer
101351,Guttorm,Himler,Senior Engineer
101352,Anneli,Masaki,Engineer
101357,Baocai,Clemencon,Senior Staff
101364,Turgut,Poehlman,Senior Engineer
101365,Fumitake,Solovay,Staff
101370,Candida,Dymetman,Engineer
101371,Mayuko,Wossner,Staff
101372,Minghong,Pietrzykowski,Senior Staff
101373,Neven,Driscoll,Senior Staff
101377,Jacqueline,Decaestecker,Senior Engineer
101378,Reinhold,Monkewich,Staff
101379,Ult,Lienhardt,Senior Staff
101380,Cullen,Ghazalie,Engineer
101381,Munehiko,Menhoudj,Staff
101385,Maia,Vickson,Technique Leader
101389,Lansing,McFarlan,Senior Engineer
101396,Guther,Pellegrinelli,Senior Staff
101405,Takahito,Fasbender,Senior Engineer
101407,Foong,Muhlberg,Senior Staff
101408,Toong,Melton,Engineer
101411,Masamitsu,Luders,Senior Staff
101412,Nathan,Baaleh,Senior Staff
101414,Xiaoheng,DasSarma,Senior Staff
101418,Khaled,Gulla,Engineer
101423,Hatem,Bolotov,Staff
101425,Lalit,Speel,Senior Engineer
101427,Mechthild,Lanzelotte,Senior Engineer
101428,Tiina,Muhling,Senior Engineer
101430,Junsik,Cincotta,Engineer
101436,Gianluca,Honiden,Engineer
101440,Aimee,McAffer,Senior Staff
101442,Zhenhua,Thiria,Staff
101443,Ramzi,Vesel,Technique Leader
101445,Remzi,Dehkordi,Senior Staff
101455,Yoshimitsu,Hanabata,Senior Engineer
101460,Kristian,Zaccaria,Senior Staff
101461,Satosi,Bednarek,Senior Engineer
101466,Stabislas,Zobel,Senior Engineer
101467,Dulce,Lammel,Engineer
101470,Toshiki,Champarnaud,Senior Engineer
101477,Kenroku,Piazza,Senior Staff
101479,Hatsukazu,Halloran,Senior Engineer
101484,Masanao,Trelles,Senior Engineer
101490,Lein,Morrin,Senior Staff
101494,Lene,Kusakari,Senior Staff
101496,Akeno,Anguita,Engineer
101501,Rosalie,Vecchi,Technique Leader
101503,Boaz,Bratten,Senior Staff
101505,Dietrich,Gornas,Senior Staff
101509,Goncalo,Kilgore,Engineer
101515,Nahid,Magalhaes,Senior Staff
101519,Marek,Macedo,Senior Engineer
101521,Debatosh,Soloway,Senior Engineer
101523,Vishv,Quadeer,Technique Leader
101524,Abdulah,Iisaku,Senior Engineer
101525,Manibrata,Chaudhuri,Senior Staff
101530,Sushant,Debuse,Technique Leader
101534,Adhemar,Gien,Senior Engineer
101535,Gudjon,Hegner,Staff
101537,Luigi,Cyre,Senior Engineer
101542,Kauko,Nollmann,Staff
101543,Vasiliy,Businaro,Senior Staff
101555,Lihong,Erez,Senior Staff
101558,Wojceich,Tischendorf,Senior Engineer
101559,Rasiah,Kisuki,Senior Engineer
101561,Arch,Hebden,Senior Staff
101562,Eben,Akaboshi,Staff
101564,Gay,Liedekerke,Staff
101574,Ohad,Molenaar,Senior Staff
101580,Lein,Bernardinello,Senior Staff
101587,Hironobu,Puppo,Senior Staff
101588,Manu,Weedon,Senior Engineer
101592,Kwan,Kalloufi,Senior Staff
101607,Tzvetan,Benveniste,Engineer
101608,Girolamo,Mundy,Senior Staff
101610,Olivera,Poulakidas,Technique Leader
101612,Elvia,Herber,Staff
101617,Serge,Maquelin,Senior Staff
101618,Chiranjit,Bhattacharjee,Senior Engineer
101621,Flemming,Improta,Senior Staff
101623,Lena,Frezza,Senior Engineer
101626,Moheb,Vrecion,Senior Staff
101628,Sudharsan,Bardell,Senior Staff
101637,Subir,Azuma,Staff
101638,Gaurav,Conta,Engineer
101648,Nechama,Scallan,Technique Leader
101651,Trygve,Templeman,Senior Engineer
101654,Ottavia,Yetto,Staff
101656,Yaghout,Kornyak,Senior Staff
101657,Krisda,Herath,Senior Staff
101662,Murthy,Fordan,Senior Staff
101670,Moriyoshi,Weisert,Senior Staff
101677,Abdelkader,Rahimi,Staff
101678,Sashi,Debuse,Staff
101681,Goh,Fasbender,Senior Engineer
101687,Jayson,Milicic,Staff
101688,Bilhanan,Worfolk,Engineer
101690,Dante,Lally,Senior Staff
101696,Cathie,Decaestecker,Senior Staff
101700,Susanne,Swab,Engineer
101704,Hideyuki,Berendt,Engineer
101709,Zine,Leslie,Senior Staff
101712,Irene,Badr,Staff
101713,Weiye,Erev,Senior Staff
101717,Arie,Yetim,Engineer
101719,Nadjib,Wolniewicz,Senior Engineer
101721,Hidefumi,Cooke,Senior Engineer
101729,Toong,Herbst,Senior Staff
101730,Xiaobin,Heinisuo,Engineer
101742,Tetsushi,Sessa,Senior Staff
101754,Udi,McClurg,Senior Staff
101756,Jaideep,Rousseau,Senior Staff
101757,Xiaopeng,Malabarba,Senior Staff
101768,Houman,Marakhovsky,Senior Staff
101769,Werner,Brandsma,Engineer
101772,Weicheng,Leonhardt,Engineer
101774,Heekeun,Baba,Senior Engineer
101775,Tuval,Liedekerke,Engineer
101778,Aamer,Peha,Senior Engineer
101784,Poornachandra,Brookner,Assistant Engineer
101785,Noritoshi,Katalagarianos,Senior Staff
101787,Shunichi,Muhling,Senior Engineer
101788,Yuichiro,Sadowsky,Staff
101794,Cordelia,Irland,Engineer
101798,Jaana,Liedekerke,Senior Engineer
101799,Kaijung,Gubsky,Technique Leader
101800,Arlette,Iwayama,Engineer
101803,Goa,Bain,Senior Staff
101807,Padma,Stavenow,Senior Engineer
101808,Atreye,Hedayat,Technique Leader
101812,Ger,Kakkar,Senior Staff
101813,Shai,Turnbull,Senior Engineer
101814,Doohun,Papadias,Staff
101816,Hongzhu,Claffy,Senior Staff
101818,Yechiam,Hiraishi,Senior Engineer
101833,Cordelia,Couchot,Senior Staff
101834,Halsur,Egerstedt,Engineer
101843,Bedrich,Cannard,Senior Staff
101845,Giordano,Pouyioutas,Senior Staff
101847,Parto,Pocchiola,Assistant Engineer
101848,Jouko,Kolinko,Senior Staff
101850,Domenico,Moehrke,Senior Engineer
101855,Sven,Majewski,Senior Staff
101858,Katsuyuki,Nourani,Senior Staff
101859,Honesty,Perng,Staff
101861,Jiang,Dichev,Senior Engineer
101862,Mads,Liedekerke,Senior Engineer
101866,Hidekazu,Rothe,Senior Staff
101868,Evgueni,Douceur,Staff
101869,Zhanqiu,Siprelle,Senior Staff
101871,Christophe,Litzler,Engineer
101873,Vishwani,Streit,Engineer
101876,Feipei,Merey,Senior Engineer
101877,Duke,Schoegge,Senior Staff
101878,Tetsushi,Stroustrup,Senior Staff
101887,Zhonghua,McAlpine,Senior Engineer
101888,Eran,Ritcey,Engineer
101891,Parke,Cullers,Engineer
101895,Aruna,Bodoff,Staff
101898,Mang,Schwartzbauer,Senior Engineer
101907,Jianhao,England,Staff
101909,Mostafa,Underwood,Senior Staff
101915,Mayuri,Chenoweth,Senior Engineer
101919,Mantis,Schahn,Senior Staff
101928,Avishai,Baezner,Engineer
101932,Christophe,Hashii,Senior Engineer
101934,Roselyn,Rosin,Senior Staff
101935,Satoru,Schiettecatte,Senior Engineer
101936,Susanta,Lieberherr,Engineer
101941,Oscal,Litzkow,Senior Staff
101945,Supot,Serra,Senior Staff
101948,Marit,Matzen,Engineer
101949,Foong,Pettis,Senior Engineer
101952,Marko,Gide,Engineer
101953,Gian,Boreale,Senior Engineer
101956,Bernice,Bonifati,Engineer
101957,Kerhong,Egerstedt,Staff
101960,Yakichi,Gulik,Senior Staff
101963,Lorien,Hofting,Engineer
101968,Charlene,Kawashimo,Staff
101969,Cathie,Ozeki,Senior Engineer
101972,Giao,Gelosh,Engineer
101973,Yucel,Kilgore,Senior Staff
101978,Weiyi,Schapire,Senior Engineer
101979,Weijing,Glowinski,Senior Engineer
101981,Flemming,Rouquie,Senior Engineer
101982,Marl,Nations,Senior Staff
101987,Kokou,Loncour,Senior Engineer
101989,JiYoung,Plavsic,Senior Engineer
101993,Manohar,Perez,Senior Staff
101997,Arunas,Samarati,Senior Staff
102000,Kersti,Gladwell,Staff
102011,Genevieve,Lund,Senior Engineer
102013,Saeed,Unno,Staff
102019,Mohammad,Ullian,Senior Staff
102027,Gladys,Isaak,Senior Engineer
102028,Yunming,Thiran,Senior Engineer
102034,Jixiang,Bakhtari,Engineer
102037,Yongqiao,Borovoy,Staff
102041,Kazuhito,Foong,Senior Staff
102045,Chandrasekaran,Berstel,Engineer
102050,Ipke,Luca,Engineer
102052,Shaunak,Krychniak,Senior Staff
102061,Niclas,Nittel,Senior Engineer
102062,Shigehiro,Lanteri,Senior Staff
102068,Zhilian,Bergere,Senior Staff
102069,Alagu,Yurov,Engineer
102079,Gay,Thiria,Senior Engineer
102081,Gina,Bridgland,Technique Leader
102090,Shaleah,Zizka,Senior Staff
102095,Aemilian,Foote,Senior Engineer
102101,Nobuyoshi,Jullig,Senior Staff
102102,Renee,Peng,Assistant Engineer
102103,Stevo,Conde,Senior Engineer
102105,Hironobu,Schwartzbauer,Senior Staff
102107,Taiji,Koshino,Senior Engineer
102110,Mang,Christ,Senior Staff
102115,Keiichiro,Kobara,Staff
102116,Katsuo,Brickell,Senior Staff
102117,Guoxiang,Rettelbach,Technique Leader
102123,Saeko,Terekhov,Technique Leader
102131,Gill,Aseltine,Senior Staff
102134,Jaihie,Sessa,Senior Staff
102139,Abdulah,Ramsey,Engineer
102140,Sumant,Detkin,Engineer
102141,Yongqiao,Pettis,Senior Engineer
102144,Bernice,Karlin,Engineer
102146,Bader,Rubsam,Senior Staff
102147,Kristen,Miyakawa,Senior Staff
102149,Jiong,Marquardt,Assistant Engineer
102152,Pantung,Ozery,Engineer
102153,Danel,Lukaszewicz,Senior Staff
102159,Bedir,Ossenbruggen,Senior Engineer
102162,Nevin,Fujisaki,Senior Engineer
102180,Demos,Waschkowski,Senior Staff
102187,Fumiya,Eickenmeyer,Senior Staff
102188,Jaques,Passafiume,Senior Staff
102189,Palash,Szilard,Senior Engineer
102191,Nikolaos,Menyhert,Senior Engineer
102193,Tadahiro,Halloran,Senior Staff
102199,Karlis,Ghalwash,Senior Engineer
102201,Valter,Plavsic,Senior Engineer
102202,Nitsan,Iivonen,Engineer
102208,Sudhanshu,Ciolek,Senior Engineer
102212,Isaac,Bratten,Technique Leader
102214,Adib,Perng,Senior Staff
102217,Christ,Luks,Senior Engineer
102219,Pranav,Swiler,Senior Engineer
102220,Deborah,Poehlman,Technique Leader
102221,Manibrata,Orlowska,Senior Engineer
102225,Stella,Peral,Senior Staff
102228,Udaiprakash,Nannarelli,Senior Staff
102231,Leaf,Belinskaya,Engineer
102232,Roded,Kaiser,Senior Staff
102233,Xiadong,Chepyzhov,Senior Staff
102237,Stafford,Domenig,Senior Staff
102239,Jaroslava,Seuren,Engineer
102240,Shmuel,Rodite,Senior Engineer
102249,Bodo,Wallrath,Technique Leader
102252,Karlis,Chiodo,Senior Staff
102253,Pradeep,Koblitz,Staff
102257,Stella,Tsukune,Senior Engineer
102263,Ronghao,Wossner,Senior Engineer
102264,Koldo,Olano,Engineer
102266,Mohan,Undy,Senior Engineer
102277,Danae,Riexinger,Engineer
102280,Elvis,Sgarro,Senior Staff
102283,Elzbieta,Terwilliger,Engineer
102286,Cedric,Chachaty,Senior Staff
102288,Babette,Kusalik,Senior Staff
102289,Jaber,Simkin,Staff
102292,Fumiyo,Peltason,Technique Leader
102296,Valery,Baba,Engineer
102298,Tianruo,Selenyi,Engineer
102302,Tomoyuki,Wilfing,Senior Engineer
102314,Anneli,Maliniak,Engineer
102320,Bangqing,Sichman,Senior Engineer
102322,Garnet,Pesch,Engineer
102323,Baruch,Iivonen,Engineer
102327,Erez,Sadowski,Senior Staff
102333,Kendra,Stamatiou,Senior Staff
102336,Frazer,Schlenzig,Senior Engineer
102347,Remzi,Vural,Senior Engineer
102348,Chaitali,Francisci,Technique Leader
102349,Shigeichiro,Whitcomb,Engineer
102351,Jaana,Thebaut,Senior Staff
102353,Elrique,Veccia,Staff
102355,Hailing,Straney,Engineer
102363,Malu,Portugali,Staff
102371,Chenxi,Chenoweth,Senior Staff
102372,Maik,Jahnichen,Senior Engineer
102373,Marke,Muhling,Staff
102385,Mountaz,Sidou,Senior Engineer
102388,Takanari,Ponthieu,Staff
102389,Maia,Macedo,Technique Leader
102390,Sergi,Malinowski,Senior Engineer
102394,Qiwen,Demri,Senior Staff
102395,Kitty,Massonet,Senior Staff
102396,Jinpo,Macedo,Engineer
102397,Nadjib,Ravishankar,Technique Leader
102398,Jiann,Ossenbruggen,Engineer
102401,Mark,Rathonyi,Engineer
102403,Tua,Heystek,Senior Staff
102405,Kagan,Danlos,Senior Staff
102407,Masami,Falster,Engineer
102410,Boalin,Alpay,Staff
102415,Oguz,Basart,Senior Engineer
102417,Erzsebet,Zambonelli,Staff
102423,Kazuhiko,Sridhar,Senior Staff
102427,Idoia,Rindone,Senior Staff
102430,Mamdouh,Openshaw,Engineer
102431,Yaghout,Uludag,Engineer
102433,Arch,Peek,Senior Staff
102436,Takahira,Puppe,Technique Leader
102440,Yucai,Farrow,Senior Staff
102450,Elgin,Krupka,Senior Engineer
102451,Vugranam,Harbusch,Engineer
102454,Pranas,Peak,Engineer
102456,Leni,Kaminger,Staff
102460,Hideyuki,Welham,Staff
102465,IEEE,Chiola,Senior Staff
102467,Huei,Stanger,Engineer
102469,Isaac,Clouatre,Assistant Engineer
102470,Xiaoheng,Back,Senior Staff
102476,Insup,Tokunaga,Senior Engineer
102479,Serap,Facello,Senior Staff
102483,Qingxiang,Boissier,Senior Engineer
102488,Zeljko,Lambe,Staff
102491,Arnd,Lortz,Senior Engineer
102492,Piyawadee,Desikan,Senior Engineer
102494,Heping,Rosiles,Staff
102496,Ayonca,Hiraishi,Senior Engineer
102513,Augustine,Salvesen,Senior Engineer
102514,Arne,Huttel,Senior Engineer
102515,Elvis,Quaggetto,Engineer
102516,Aimee,Khalid,Senior Staff
102518,Mantis,Hofman,Senior Engineer
102519,Mabo,Picel,Senior Engineer
102520,Tetsurou,Remmers,Senior Engineer
102524,King,Kilgour,Senior Staff
102529,Waiman,Manders,Senior Staff
102533,Thanasis,Rehfuss,Staff
102534,Niteen,Servieres,Engineer
102539,Aram,Ozeki,Senior Engineer
102541,Arnould,Gaughan,Staff
102542,Subbu,Theuretzbacher,Senior Staff
102544,Naraig,Toyoshima,Senior Engineer
102545,Tommaso,Nourani,Senior Staff
102548,Tokuyasu,Kragelund,Senior Engineer
102550,Magy,Stassinopoulos,Engineer
102552,Danai,Delgrande,Senior Staff
102553,Aria,Taubenfeld,Senior Engineer
102572,Palash,Vernadat,Senior Engineer
102574,Kankanahalli,Macedo,Senior Engineer
102577,Baziley,Kilgore,Senior Engineer
102580,Shawna,Siepmann,Senior Staff
102591,Adas,Undy,Staff
102597,Waiman,Vidal,Senior Engineer
102605,Chinhyun,Basart,Senior Engineer
102608,Subbu,Thummel,Senior Staff
102609,Chaoyi,Felder,Engineer
102615,Xiaoheng,Rodham,Senior Engineer
102616,Gennadi,Lores,Engineer
102621,Jingling,Erez,Staff
102625,Marko,Schieder,Senior Engineer
102627,Bedrich,Businaro,Senior Engineer
102628,Piyawadee,Zastre,Senior Staff
102630,Chiradeep,Schnabel,Engineer
102631,Tru,Harbusch,Senior Staff
102632,Caolyn,Radwan,Senior Engineer
102642,Prasadram,Zongker,Engineer
102646,Randi,Zaccaria,Engineer
102654,Gregory,Makinen,Technique Leader
102660,Guttorm,Kavraki,Senior Engineer
102661,Arlette,Ranta,Engineer
102662,Aiman,Kolinko,Senior Staff
102665,Baruch,Linnainmaa,Senior Engineer
102673,Stamatina,Vigier,Senior Staff
102675,Kiyomitsu,Rando,Senior Engineer
102676,Aksel,Ariola,Senior Engineer
102677,Huei,Karcich,Senior Engineer
102678,Junichi,Szemeredi,Senior Staff
102681,Hirochika,Braccini,Senior Engineer
102682,Oscar,Reutenauer,Senior Staff
102689,Karlis,Merkl,Senior Staff
102692,Saniya,Lindenbaum,Staff
102700,Juichirou,Hedayat,Senior Engineer
102702,Olivera,Ferriere,Staff
102703,Yechiam,Radivojevic,Senior Engineer
102704,Slavian,Andreotta,Senior Staff
102707,Junichi,Back,Senior Staff
102708,Xinglin,Marletta,Senior Staff
102710,Divier,Szmurlo,Senior Engineer
102712,Pohua,Ventosa,Staff
102722,Mong,Kopetz,Engineer
102727,Kiyomitsu,Raczkowsky,Senior Staff
102728,Make,Jiang,Staff
102733,Marie,Angiulli,Senior Staff
102737,Fabrizio,Mitina,Senior Engineer
102738,Ramya,Tchuente,Senior Staff
102740,Guenter,Gide,Senior Engineer
102741,Palash,Naumovich,Senior Staff
102742,Raimond,Kruskal,Engineer
102747,Lorien,Gecsei,Senior Engineer
102748,Bernd,Farris,Engineer
102754,Mohua,Huhdanpaa,Senior Engineer
102756,Chirstian,Marsiglia,Engineer
102757,Arno,Pardalos,Senior Engineer
102759,Izaskun,Sadowski,Senior Staff
102762,Josyula,Setlzner,Senior Staff
102764,Marsja,Siochi,Staff
102765,Arnould,Lipner,Senior Staff
102766,Guiseppe,Dechter,Engineer
102768,Gretta,Conti,Staff
102777,Fumiko,Stille,Senior Engineer
102778,Bernice,Mitchem,Senior Engineer
102779,Guangming,Serov,Engineer
102786,Jaana,Maierhofer,Senior Staff
102790,Shigeu,Samarati,Senior Engineer
102793,Joydip,Benzaken,Senior Engineer
102795,Vincent,Oxenboll,Senior Engineer
102796,Sanjai,Kroon,Engineer
102801,Chanjung,Chachaty,Senior Engineer
102802,Mechthild,Speek,Senior Staff
102803,Giri,Servi,Senior Engineer
102804,Xiaoqiang,Kolvik,Technique Leader
102805,Mircea,Androutsos,Senior Engineer
102808,Qingxiang,Eiter,Senior Engineer
102809,Bikash,Chenoweth,Technique Leader
102810,Jiafu,Birsak,Senior Staff
102813,Leif,Selvestrel,Senior Engineer
102815,Shunichi,Scallan,Senior Staff
102816,Shichao,Mapelli,Assistant Engineer
102817,Masali,Anido,Engineer
102823,Guadalupe,Schusler,Assistant Engineer
102825,Herbert,Stranks,Senior Engineer
102826,Guozhong,Picco,Staff
102828,Divine,Fadgyas,Staff
102829,Tamiya,Lampe,Technique Leader
102830,Xinglin,Ullian,Engineer
102834,Mabhin,McClurg,Senior Engineer
102840,Haldun,Nooteboom,Senior Engineer
102845,Youjian,Slaats,Senior Engineer
102851,Xudong,Bruckman,Technique Leader
102852,Supot,Busillo,Senior Engineer
102853,Aamer,Walston,Senior Engineer
102855,Arlette,Viele,Technique Leader
102856,Bogdan,Peron,Senior Staff
102857,Mack,Tiemann,Senior Staff
102859,Nishit,Morrin,Senior Staff
102863,Amalendu,Badache,Engineer
102870,Marsal,Alpay,Senior Staff
102875,Conrado,Riexinger,Engineer
102882,Elgin,Masand,Senior Staff
102883,Adam,Garigliano,Engineer
102884,Dinkar,Valette,Staff
102894,Uriel,Lanzelotte,Engineer
102901,Constantino,Huttel,Senior Engineer
102903,Boalin,Nannarelli,Senior Engineer
102905,Lidong,Asrin,Senior Staff
102907,Rimli,Rosiles,Senior Engineer
102912,Teiji,Khalil,Senior Staff
102922,Kasidit,Nitsche,Technique Leader
102928,Hauke,Covnot,Senior Engineer
102935,Leen,Broder,Engineer
102937,Chanjung,Waeselynck,Senior Engineer
102941,Luigi,Erni,Senior Engineer
102942,Gretta,Vilarrasa,Senior Staff
102950,Atreye,Schauser,Senior Staff
102951,Masali,Pokrovskii,Senior Engineer
102953,Woody,Terlouw,Senior Engineer
102959,Houman,Auyong,Engineer
102962,Chirstian,Kobara,Senior Staff
102965,Gilbert,Engelmann,Senior Staff
102972,Junichi,Litecky,Engineer
102982,Siddarth,Noriega,Senior Staff
102983,Sailaja,Berztiss,Senior Engineer
102985,Becky,Erbe,Senior Engineer
102992,Sudhanshu,Mattern,Senior Staff
102993,Sverrir,Matzen,Senior Engineer
102996,Patricio,Riesenhuber,Senior Engineer
102999,Adamantios,Masand,Senior Engineer
103000,Xiong,Rajaraman,Senior Staff
103005,Rafael,Keustermans,Senior Engineer
103007,Zhiguo,Openshaw,Senior Staff
103008,Clyde,Gire,Senior Staff
103012,Anyuan,Gulak,Engineer
103013,Foong,Axelband,Senior Engineer
103019,Jungsoon,Wissmann,Staff
103022,Kenton,Gulla,Senior Staff
103024,Patricio,Jakobus,Senior Engineer
103033,Manu,Luff,Senior Engineer
103037,Gro,Malabarba,Senior Staff
103038,Boutros,Pluym,Engineer
103039,Premsyl,Camarinopoulos,Staff
103040,Kamran,Lorie,Senior Engineer
103042,Berthier,Masand,Senior Staff
103044,Idoia,Baik,Staff
103048,Yoshinari,Ciolek,Senior Staff
103050,Gunilla,Flowers,Senior Staff
103055,Mani,Reinhard,Senior Engineer
103058,Yongqiao,Zumaque,Senior Engineer
103059,Hatem,Mondadori,Technique Leader
103061,Karlis,Delaune,Senior Engineer
103071,Theirry,Nyrup,Senior Staff
103075,Adib,Hutton,Senior Engineer
103076,Thodoros,Stiles,Senior Staff
103083,Sachar,Szemeredi,Senior Engineer
103084,Clyde,Perl,Senior Engineer
103088,Nitsan,Bresenham,Engineer
103090,Jamaludin,Kinley,Staff
103091,Leszek,Portugali,Senior Engineer
103092,Mabry,Falby,Senior Engineer
103101,Janche,Falco,Engineer
103105,Claude,Hashii,Senior Engineer
103107,Bikash,Georgatos,Senior Staff
103122,Kankanahalli,Honiden,Engineer
103124,Ult,Dalton,Staff
103127,Hongzhu,Varker,Senior Staff
103128,Alenka,Crabtree,Senior Engineer
103129,Jianhua,Munoz,Senior Engineer
103130,Kiyokazu,Sundgren,Senior Engineer
103133,Marsja,Ullian,Senior Staff
103137,Clyde,Szmurlo,Senior Engineer
103143,Irene,Ghelli,Staff
103149,Nectarios,Bojadziev,Staff
103156,Yahiko,Schiper,Senior Staff
103157,Wuxu,Ballarin,Senior Staff
103158,Shen,Georgatos,Staff
103159,Greger,Chandrasekhar,Senior Engineer
103163,Siamak,Strandh,Assistant Engineer
103164,Valeska,Chiola,Senior Staff
103168,Fumitaka,Vickson,Engineer
103169,Zhenhua,Parascandalo,Staff
103173,Tsuneo,Pashtan,Staff
103176,Khue,Pelc,Senior Staff
103178,Tetsurou,Argence,Senior Engineer
103179,Kristin,Rosay,Staff
103184,Yongdong,Garnham,Engineer
103198,Alois,Yeung,Senior Engineer
103201,Shuky,Serov,Senior Staff
103206,Niteen,Sevcikova,Engineer
103208,Charmane,Cannard,Staff
103209,Adit,Zallocco,Senior Engineer
103215,Utpal,Wursthorn,Senior Staff
103219,Guenter,Muchinsky,Senior Engineer
103223,Jongsuk,Papadias,Senior Engineer
103224,Zeljko,Seghrouchni,Senior Engineer
103228,Adam,Wendorf,Engineer
103232,Huiqun,Merle,Staff
103234,Martine,Matzen,Senior Staff
103235,Kazuhito,Acton,Senior Engineer
103243,Horward,Muhlberg,Staff
103245,Sajjad,Cusworth,Senior Engineer
103247,Susanne,Usdin,Technique Leader
103252,Domenick,Baca,Technique Leader
103254,Rafail,Casley,Staff
103255,Felicidad,Chinal,Senior Engineer
103258,Nathan,Baaz,Senior Staff
103259,Remzi,Brattka,Senior Staff
103263,Hein,Rodier,Senior Engineer
103270,Moty,Openshaw,Senior Staff
103271,Trygve,Bamford,Senior Engineer
103275,Geoffry,Mateescu,Senior Engineer
103276,Takahito,Bernardinello,Senior Staff
103281,Atilio,Pleszkun,Senior Staff
103282,Randy,Trachtenberg,Senior Engineer
103283,Arunas,Walston,Engineer
103284,Guiseppe,Hofting,Senior Engineer
103294,Basant,Lodder,Senior Staff
103295,Shigehito,Sommer,Staff
103296,Remzi,Siochi,Senior Staff
103302,Renny,Iivonen,Assistant Engineer
103305,Sugwoo,Percebois,Staff
103313,Koichi,Llado,Senior Engineer
103322,Naftaly,Chartres,Staff
103325,Leah,Antonisse,Senior Engineer
103332,Zhanqiu,Guerreiro,Senior Engineer
103333,Satoru,Kamble,Senior Staff
103337,Yechiam,Munos,Engineer
103338,Munir,Wilharm,Senior Staff
103344,Sanjeeva,Whittlesey,Senior Engineer
103347,Claudi,Anger,Assistant Engineer
103349,Chiranjit,Saoudi,Senior Engineer
103350,George,Kranzdorf,Engineer
103351,Stein,Junot,Senior Engineer
103358,Takushi,Legleitner,Senior Staff
103360,Izaskun,Knightly,Senior Engineer
103362,Mana,Ertl,Technique Leader
103363,Dharmaraja,Gargeya,Staff
103366,Alain,Suermann,Engineer
103367,Supot,Isaac,Senior Engineer
103368,Larisa,Lieberherr,Senior Staff
103369,Xuejia,Mundy,Senior Staff
103371,Dines,Garnick,Staff
103375,Khue,Fioravanti,Senior Staff
103383,Baruch,Speer,Senior Staff
103389,Jouni,Farrel,Senior Staff
103393,Sreekrishna,Benzaken,Senior Engineer
103398,Nikolaos,Schreiter,Staff
103404,Saeed,Falby,Senior Staff
103406,Gino,Brookman,Staff
103413,Nitsan,Nitsch,Engineer
103415,Heng,Cronin,Senior Staff
103419,Marjo,Pettit,Senior Engineer
103424,Geoffrey,Knightly,Assistant Engineer
103426,Shigeaki,Koshiba,Senior Engineer
103427,Licheng,Dalton,Senior Engineer
103428,Masadi,Merks,Senior Staff
103430,Shuichi,Sigstam,Senior Engineer
103435,Sverrir,Ghazalie,Senior Engineer
103439,Arvind,Rosis,Engineer
103442,Marco,Servieres,Engineer
103460,Rajmohan,Duclos,Senior Staff
103463,Junsik,Flexer,Engineer
103467,Kwangyoen,Glinert,Senior Staff
103469,Christoper,Kalafatis,Staff
103476,Ulises,Rettelbach,Senior Engineer
103477,Xiong,Peng,Senior Staff
103480,Isaac,Eickenmeyer,Engineer
103484,Niclas,Velardi,Senior Engineer
103488,Moheb,Conde,Senior Engineer
103490,Claudi,Kropatsch,Senior Engineer
103493,Jaroslava,Felder,Engineer
103494,Youngkon,Conry,Staff
103504,Leaf,Axelband,Staff
103505,Wuxu,Merle,Senior Staff
103506,Marsal,Detkin,Staff
103512,Youjian,Bach,Staff
103517,Olivera,Haraldson,Senior Staff
103522,Narain,Jenevein,Engineer
103523,Visit,Servieres,Senior Engineer
103524,Jolita,Rosaz,Engineer
103529,Duke,Uhrik,Senior Engineer
103531,Ekawit,Navazio,Staff
103536,Sedat,Sifakis,Staff
103537,Adit,Grospietsch,Senior Staff
103538,Mountaz,Ushiama,Senior Engineer
103539,Jingling,Poulakidas,Senior Staff
103540,Heejo,Senzako,Staff
103542,Dmitry,Farrow,Technique Leader
103544,Jessie,Highland,Senior Engineer
103547,Carrsten,Suessmith,Engineer
103553,Shaleah,Gill,Senior Staff
103554,Sungwon,Pardalos,Staff
103555,Tayeb,Badache,Engineer
103558,Adel,Unni,Senior Staff
103563,Fan,Msuda,Senior Engineer
103566,Fumino,Pouyioutas,Senior Engineer
103567,Eberhardt,Perl,Senior Engineer
103568,Peternela,Camarinopoulos,Technique Leader
103569,Rayond,Rodier,Senior Engineer
103572,Adhemar,Azevdeo,Senior Engineer
103573,Mani,Erman,Senior Staff
103575,Ugo,Verhaegen,Senior Staff
103576,Suzette,Picci,Staff
103578,Shay,McClure,Senior Staff
103581,Sergi,Pocchiola,Senior Staff
103583,Arno,Gulla,Senior Staff
103585,Juichirou,Dusink,Senior Staff
103586,Kwee,Veevers,Engineer
103587,Shin,Pietracaprina,Engineer
103589,Ipke,Fujisaki,Senior Engineer
103591,Moni,Vakili,Senior Staff
103595,Zhensheng,Hutton,Senior Staff
103597,Chenxi,Geffroy,Senior Engineer
103602,Goh,Rullman,Engineer
103603,Alejandro,Quadeer,Engineer
103605,Alagu,Fraisse,Technique Leader
103607,Yannis,Roccetti,Senior Staff
103609,Krassimir,Wiegley,Senior Staff
103614,Kwun,Rodite,Staff
103618,Shih,Rajaraman,Engineer
103621,Yuqun,Vidya,Staff
103622,Leif,Bodoff,Senior Engineer
103624,Oldrich,Swen,Senior Engineer
103625,Ottavia,Kambil,Senior Engineer
103626,Eckart,Ferretti,Staff
103627,Arve,Lorin,Technique Leader
103635,Dayanand,Ebeling,Senior Engineer
103636,Dulce,Szilard,Senior Staff
103640,Valeska,Yetto,Senior Staff
103641,Aamer,Loncour,Engineer
103644,Harjit,Erdi,Technique Leader
103651,Shichao,Schapire,Senior Engineer
103653,Shridhar,Glowinski,Senior Engineer
103654,Udo,Lorho,Engineer
103657,Lenore,Diderrich,Senior Engineer
103658,Radhia,Fontan,Senior Engineer
103659,Remco,Feldmann,Senior Engineer
103661,Chinya,Rettelbach,Senior Engineer
103663,Bezalel,Edelhoff,Engineer
103664,Xiaoqiu,Codenie,Staff
103665,Tomoyuki,Monarch,Senior Engineer
103668,Remmert,Mitchem,Senior Engineer
103669,Qiwen,Schrooten,Engineer
103670,Bernice,Siepmann,Senior Staff
103673,Sigeru,Standera,Engineer
103679,Vasilii,Azuma,Staff
103681,Toney,Rosiles,Senior Staff
103682,Samphel,Shrader,Senior Engineer
103684,Munir,Perl,Senior Engineer
103687,Shirish,Stenning,Senior Engineer
103688,Vesna,Keustermans,Senior Staff
103690,Garnik,Boissier,Technique Leader
103696,Vidar,Kowalchuk,Senior Engineer
103697,Genki,Straney,Engineer
103699,Collette,Kandlur,Senior Engineer
103709,Parviz,Maierhofer,Senior Staff
103710,Yongdong,Przulj,Technique Leader
103711,Shaunak,Improta,Senior Staff
103713,Hironoby,Anido,Senior Engineer
103717,Kwangjo,Zhang,Staff
103718,Shooichi,Highland,Engineer
103719,Mrinalini,Piveteau,Senior Staff
103723,Noritoshi,Geffroy,Senior Staff
103729,Luisa,Yavatkar,Senior Engineer
103730,Quingbo,Roison,Senior Engineer
103731,Leandro,Cyre,Engineer
103733,Paraskevi,Ravishankar,Senior Engineer
103740,Emran,Mandell,Senior Staff
103741,Ranan,Loncour,Technique Leader
103742,Hironobu,Lorys,Staff
103745,Tsvetan,Merey,Staff
103752,Manton,Parveen,Senior Engineer
103753,Faiza,Fortenbacher,Senior Staff
103754,Ebru,Nicolson,Senior Engineer
103759,Rance,Rajaraman,Staff
103761,Kiyomitsu,Schahn,Senior Staff
103764,Berhard,Muchinsky,Senior Engineer
103766,Ronghao,Monkewich,Engineer
103772,Vidar,Pollacia,Senior Staff
103773,Radoslaw,Bonifati,Senior Engineer
103776,Franziska,Ashish,Senior Staff
103777,Khatoun,Erde,Staff
103778,Hiroyasu,Hashii,Senior Staff
103780,Elvis,Lukaszewicz,Senior Staff
103781,Arvin,Rajcani,Senior Staff
103782,Sigeru,Baez,Senior Staff
103785,Heejo,Kropatsch,Staff
103792,Tayeb,Tyugu,Senior Engineer
103800,Arunas,Rehfuss,Senior Engineer
103804,Pranay,DeMori,Senior Staff
103810,Gift,Falco,Engineer
103814,Arco,Brlek,Staff
103818,Gilbert,Vesel,Staff
103820,Venkatesan,Casperson,Senior Engineer
103833,Valdiodio,Tsukuda,Engineer
103835,Masasuke,Cyre,Senior Engineer
103842,Stevo,Luef,Staff
103843,Ewing,Gewali,Staff
103846,Nectarios,Kroon,Senior Engineer
103848,Mohua,Lienhardt,Senior Staff
103849,Luerbio,Bennet,Senior Engineer
103850,Oscal,Stenning,Staff
103855,Christophe,Peres,Technique Leader
103860,Augustine,Mundy,Engineer
103862,Christophe,Koblitz,Senior Engineer
103865,Eishiro,Pews,Senior Engineer
103869,Shaunak,Pollock,Senior Staff
103871,Lakshmi,Jumpertz,Engineer
103876,Mohammad,Suppi,Senior Engineer
103878,Uta,Brandsma,Staff
103884,Xiaoshan,Shokrollahi,Engineer
103885,Christophe,Heijenga,Senior Staff
103886,Edwin,Yemenis,Senior Engineer
103892,Ohad,Bouloucos,Senior Engineer
103896,Zhongwei,Uhrig,Senior Staff
103897,Vivian,Munos,Senior Engineer
103898,Saeed,Rosin,Senior Staff
103903,Zito,Peral,Senior Engineer
103905,Chiradeep,Bazelow,Staff
103912,Kankanahalli,Ibel,Senior Staff
103913,Shahid,Yurov,Senior Engineer
103916,Sashi,Stranks,Staff
103918,Seshu,Jenevein,Technique Leader
103921,Marsal,Benaini,Engineer
103926,Jiafu,Camarinopoulos,Senior Staff
103934,Clyde,Apsitis,Senior Engineer
103936,Chikako,Bolsens,Senior Engineer
103938,Toshimi,Frolund,Senior Engineer
103939,Ugo,Begiun,Senior Engineer
103947,Xinglin,Businaro,Engineer
103951,Eben,Luders,Senior Engineer
103954,Bernardo,Kisuki,Assistant Engineer
103960,Fusako,Brobst,Senior Staff
103961,Gurbir,Suermann,Staff
103963,Moty,Beutelspacher,Senior Engineer
103965,Sverrir,Baba,Senior Staff
103967,Vasilii,Yoshimura,Senior Staff
103971,Gritta,Journel,Senior Staff
103973,Claudi,Wolniewicz,Staff
103986,Kenroku,Tempesti,Senior Staff
103987,Aimee,Uhrik,Senior Engineer
103988,Mary,Griswold,Senior Staff
103990,Hilary,Polajnar,Senior Staff
103994,Lein,Callaway,Senior Staff
103996,Manton,Terekhov,Senior Engineer
103997,Gennady,Schaaf,Senior Staff
104002,Subbu,Passino,Staff
104005,Ibibia,Molenkamp,Senior Engineer
104009,Nevin,Kornyak,Engineer
104011,Masanao,Journel,Staff
104014,Honglan,Krohn,Senior Engineer
104015,Olivera,Levasseur,Engineer
104020,Divier,Berstel,Senior Engineer
104021,Yonghoan,Mondadori,Senior Engineer
104024,Lakshmi,Rousseau,Senior Engineer
104025,Arfst,Hammerschmidt,Engineer
104028,Eran,Matteis,Senior Staff
104029,Alper,Pagter,Staff
104035,Sivanarayana,Chandrasekhar,Senior Staff
104038,Kwun,Fujisaki,Engineer
104043,Tse,Swiss,Senior Staff
104044,Lunjin,Ranst,Staff
104047,Girolamo,Zweizig,Engineer
104049,Danny,Heijenga,Technique Leader
104052,Gadiel,Fritzsche,Senior Staff
104054,Uinam,Rothe,Senior Engineer
104055,Aamod,Rosch,Senior Engineer
104056,Yahiko,Bauknecht,Assistant Engineer
104060,Moriyoshi,Baca,Technique Leader
104073,Vitali,Peral,Senior Staff
104081,Yonghong,Spataro,Technique Leader
104085,Subir,Ranze,Senior Engineer
104086,Billur,Samarati,Senior Staff
104087,Vatsa,Zielinski,Engineer
104091,Shrikanth,Mawatari,Senior Staff
104092,Abdelaziz,Vitiello,Assistant Engineer
104093,Cristinel,Streng,Senior Staff
104094,Manohar,Emiris,Engineer
104099,Debaprosad,Bernardinello,Senior Staff
104101,Gladys,Schiper,Senior Staff
104110,Gaurav,Lupu,Senior Staff
104111,Malu,Krohm,Assistant Engineer
104114,Dzung,Bala,Technique Leader
104117,Prasadram,Raczkowsky,Staff
104122,Georg,Schreiter,Senior Engineer
104126,Torsten,Kolvik,Staff
104130,Kazuhira,Rodiger,Senior Engineer
104135,Yaghout,Servi,Staff
104140,Fei,Asrin,Senior Engineer
104143,Gino,Morton,Senior Engineer
104144,Gilbert,Staelin,Engineer
104145,Mang,Selvestrel,Senior Engineer
104153,Almudena,Chaudhury,Senior Staff
104154,Udi,Hedayat,Engineer
104157,Marco,Pusterhofer,Senior Engineer
104158,Paloma,Vasanthakumar,Engineer
104160,Kotesh,Kamber,Technique Leader
104163,Yishay,Ambroszkiewicz,Senior Staff
104165,Heping,Hainaut,Senior Staff
104166,Zhaofang,Beznosov,Senior Staff
104170,Marsal,Khalid,Engineer
104174,Ramzi,Shiratori,Senior Staff
104175,Sumali,Halloran,Senior Engineer
104180,Phillip,Kragelund,Staff
104184,Roselyn,Ventosa,Senior Engineer
104188,Zhaofang,Wilfing,Engineer
104190,Maia,Bisiani,Senior Staff
104196,Dulce,Norsworthy,Senior Staff
104199,Lalit,Kalafatis,Senior Staff
104203,Shigenori,Gyorkos,Staff
104205,Conal,Kemmerer,Senior Staff
104210,Ziyad,Schaaf,Technique Leader
104211,Khun,Biran,Staff
104212,Bedrich,Driscoll,Senior Staff
104216,Aram,Argence,Senior Engineer
104221,Kiyomitsu,Selvestrel,Senior Engineer
104222,Gretta,Wursthorn,Senior Engineer
104223,Mantis,Waymire,Senior Staff
104226,Fei,Chorvat,Engineer
104228,Xuejia,Kropp,Senior Engineer
104229,Atreye,Heping,Technique Leader
104231,Khedija,Callaway,Staff
104232,Jianhui,Lanphier,Senior Staff
104233,Cordelia,Kolvik,Engineer
104241,Jeong,Schapiro,Senior Staff
104247,Xinyu,Kuszyk,Senior Staff
104253,Miomir,Harbusch,Engineer
104254,Tuval,Lichtner,Senior Engineer
104258,Uma,Claffy,Staff
104263,Huei,Vigier,Engineer
104265,Gal,Berstel,Senior Staff
104266,Kiyokazu,Antonakopoulos,Engineer
104283,Fumiya,Winter,Senior Staff
104287,Angus,Giarratana,Senior Staff
104289,Chikara,Oskamp,Technique Leader
104294,Siddarth,Flowers,Senior Engineer
104298,Branimir,Serra,Engineer
104302,Taisook,Borstler,Senior Staff
104303,Kish,Schmiedel,Engineer
104306,Barton,Covnot,Engineer
104311,Alain,VanScheik,Senior Staff
104312,Suzette,Hettesheimer,Senior Staff
104313,Makato,Thisen,Senior Engineer
104315,Georgi,Woycyznski,Senior Staff
104316,Kristian,Demeyer,Senior Engineer
104326,Soenke,Kropatsch,Senior Staff
104328,Luerbio,Setlzner,Technique Leader
104329,Ranga,Nannarelli,Senior Engineer
104330,Paraskevi,Desikan,Staff
104333,Aiichiro,Syrotiuk,Senior Staff
104334,Salvador,Quittner,Engineer
104335,Tesuro,Lindqvist,Senior Staff
104336,Shigeu,Lagarias,Senior Engineer
104337,Niteen,Schwabacher,Staff
104338,Vitaly,Fargier,Senior Engineer
104352,Xiaoheng,Samarati,Senior Staff
104354,Dannz,Erev,Senior Engineer
104357,Eirik,Sethi,Senior Engineer
104360,Suebskul,McFarlin,Senior Staff
104361,Zhongwei,Msuda,Senior Engineer
104363,Mansur,Xiaoshan,Senior Staff
104364,Jordanka,Shanbhogue,Senior Staff
104366,Yaghout,Erman,Technique Leader
104367,Xinan,Pramanik,Engineer
104369,Elliott,Fandrianto,Senior Staff
104373,Danil,Setiz,Engineer
104376,Shahab,Rajaraman,Engineer
104381,Katsuyuki,Demian,Senior Engineer
104384,Huai,Suermann,Senior Engineer
104387,Yinlin,Gill,Senior Staff
104389,Kankanahalli,Gronowski,Senior Engineer
104391,Serge,Lichtman,Senior Staff
104392,Laurentiu,Kinley,Staff
104399,Dipankar,Schnelling,Senior Engineer
104402,Gonzalo,Molenaar,Staff
104404,Yoshinari,Usery,Senior Staff
104410,Shahaf,Valtorta,Engineer
104411,Zengping,Desikan,Senior Staff
104414,Gonzalo,Badr,Senior Staff
104419,Gererd,Schiettecatte,Senior Staff
104426,Hyuckchul,Kusalik,Staff
104427,Nathan,Krupka,Senior Staff
104431,Xuedong,Kenevan,Senior Staff
104432,Arun,Khalil,Staff
104435,Holgard,Kampfer,Staff
104437,Mrinalini,Vieri,Assistant Engineer
104450,Guther,Zeleznik,Staff
104452,Paloma,Lorin,Senior Engineer
104456,Shunichi,Munawer,Senior Engineer
104462,Tomofumi,Randt,Senior Staff
104464,Pasqua,Gien,Staff
104467,Anoosh,Panwar,Senior Engineer
104475,Aksel,Luks,Technique Leader
104478,Shrikanth,Goodrum,Technique Leader
104480,Arif,Randt,Senior Staff
104482,Nikolaos,Navazio,Engineer
104497,Mokhtar,Isard,Engineer
104498,Suvo,Cools,Engineer
104500,Henk,Kieras,Assistant Engineer
104502,Utpal,Garrabrants,Technique Leader
104503,Poornachandra,Kalefeld,Senior Engineer
104504,Waiman,Kilgore,Senior Engineer
104506,Hinrich,Sifakis,Senior Engineer
104508,Wilmer,Thummel,Senior Engineer
104510,Willard,Eppinger,Senior Staff
104514,Maren,Binding,Senior Staff
104515,Margareta,Hitomi,Senior Staff
104517,Kazuhide,Demri,Senior Staff
104518,Zorica,Strehl,Senior Staff
104520,Vishv,Neimat,Senior Staff
104522,Eishiro,Azuma,Senior Staff
104523,Leandro,Gyimothy,Engineer
104525,Berry,Gips,Assistant Engineer
104529,Yishay,Hitomi,Staff
104530,Jongsuk,Feldhoffer,Staff
104532,Shahid,Beeson,Engineer
104536,Shooichi,Ernst,Senior Staff
104537,Sadun,Schnelling,Technique Leader
104540,Erez,Fordan,Senior Engineer
104541,Leif,Zolotykh,Engineer
104542,Yahiko,Rosaz,Staff
104543,Shahid,Ecklund,Senior Staff
104549,Chaoyi,Sabnani,Assistant Engineer
104550,Barton,Krupka,Senior Engineer
104551,Byong,Hofman,Senior Engineer
104553,Moon,Comte,Staff
104557,Turgut,Kushnir,Technique Leader
104562,Sasan,Lanzelotte,Staff
104565,Shigehiro,Peck,Senior Engineer
104569,Szabolcs,Peris,Staff
104571,Tuval,Braccini,Senior Engineer
104577,Kellyn,Ibel,Senior Staff
104583,Odoardo,Kinley,Senior Staff
104587,Chanjung,Stranks,Senior Engineer
104588,Nigel,Portugali,Senior Staff
104589,Aria,Melichar,Senior Staff
104592,Gift,Chinin,Senior Staff
104593,Arno,Maksimenko,Senior Engineer
104594,Douadi,Cyre,Senior Engineer
104596,Patricio,Lipner,Engineer
104600,Ute,Passafiume,Senior Engineer
104604,Jungsoon,Mitchem,Engineer
104605,Sandeepan,Poulakidas,Staff
104607,Sungwon,Meszaros,Senior Staff
104610,Fusako,Peak,Senior Staff
104615,Berhard,Rothe,Senior Staff
104617,Boguslaw,Solares,Engineer
104625,Odoardo,Vendrig,Senior Engineer
104626,Patricio,Zaiane,Senior Staff
104629,Tzu,Basart,Senior Engineer
104637,Basant,dAstous,Senior Staff
104640,Chaosheng,Conia,Engineer
104642,Maren,Lichtner,Engineer
104644,Yuguang,Lieblein,Senior Engineer
104648,Cathie,DiGiano,Senior Engineer
104656,Margo,Walston,Senior Staff
104658,Mrinalini,Ratnakar,Assistant Engineer
104659,Subhash,Lieblein,Engineer
104660,Ravishankar,Cusworth,Senior Staff
104661,Dinah,Perin,Staff
104663,Sakthirel,Nannarelli,Engineer
104667,Armond,Hiltgen,Technique Leader
104670,Tzvetan,Cappelletti,Senior Engineer
104674,Janche,Wilharm,Senior Engineer
104677,Kwee,Spataro,Senior Staff
104680,Berto,Serre,Engineer
104681,Subhrajyoti,Denos,Engineer
104682,Toshimori,Speek,Senior Staff
104691,Abdulah,Garigliano,Senior Staff
104696,Lansing,Aseltine,Senior Staff
104706,Valeska,Syrzycki,Senior Engineer
104710,Munenori,Trogemann,Senior Staff
104711,Herb,Vural,Senior Engineer
104717,Phuoc,Rebaine,Senior Engineer
104718,Lorien,Brandsma,Senior Engineer
104720,Chrisa,Iacovou,Assistant Engineer
104721,Filipp,Felcyn,Engineer
104722,Van,Emmart,Staff
104723,Kazuyasu,Ponthieu,Senior Engineer
104728,Shahid,Ducloy,Senior Engineer
104730,Naftaly,Narahara,Senior Staff
104736,Shuky,Birke,Senior Engineer
104739,Zeljko,Eterovic,Engineer
104740,Vishwani,Ghalwash,Senior Staff
104742,Bodh,Haldar,Staff
104745,Hongzhu,Lichtner,Engineer
104747,Tooru,Yurov,Engineer
104748,Xianlong,Bennet,Senior Staff
104751,Mary,Puoti,Staff
104753,Along,Zongker,Technique Leader
104754,Fumitake,Molenkamp,Engineer
104755,Tetsurou,Zschoche,Senior Engineer
104760,Gian,Gulla,Technique Leader
104761,Rutger,Zongker,Staff
104765,Giordano,Samarati,Staff
104767,Venkatesan,Hinsberger,Senior Staff
104772,Yannik,VanScheik,Staff
104779,Sergi,Hartvigsen,Senior Engineer
104782,Jixiang,Sidou,Senior Staff
104783,Lech,Mullainathan,Senior Staff
104785,Przemyslawa,Porotnikoff,Senior Staff
104787,Udaiprakash,Limongiello,Engineer
104796,Moriyoshi,Koblitz,Senior Staff
104801,Fatemeh,Hardjono,Senior Staff
104805,Shuky,Figueira,Senior Engineer
104811,Wayne,Dulli,Senior Engineer
104812,Hideo,Fujisawa,Staff
104814,Candido,Compeau,Engineer
104815,Ramya,Skrikant,Senior Staff
104818,Terresa,Setlzner,Senior Engineer
104819,Rildo,Granlund,Senior Staff
104826,Kotesh,Junet,Senior Engineer
104829,Irene,Quittner,Senior Staff
104831,Itzchak,Peral,Engineer
104838,Kolar,Dalton,Senior Engineer
104846,Munehiro,Shackell,Senior Staff
104849,Ranga,Peha,Senior Staff
104850,Avishai,Michaeli,Senior Engineer
104852,Theirry,Munawer,Senior Engineer
104858,Jiong,Isaak,Staff
104860,Fumiyo,Krybus,Staff
104865,Odinaldo,Brookman,Engineer
104866,Anestis,Gelosh,Senior Staff
104870,Nectarios,Peltason,Senior Staff
104875,Francesca,Schrooten,Senior Engineer
104876,Adamantios,Zucker,Senior Engineer
104877,Arif,DasSarma,Senior Staff
104880,Conrado,Gulak,Engineer
104882,Gererd,Asrin,Technique Leader
104884,Chuanyi,Hasenauer,Senior Engineer
104885,Adel,Baek,Technique Leader
104894,Phule,Schaft,Senior Staff
104897,Marl,Merks,Engineer
104899,Haldon,Kushnir,Senior Staff
104911,Sanjai,Kruskal,Senior Staff
104919,Diederik,Munch,Senior Engineer
104921,Kellie,Chandrasekhar,Senior Engineer
104928,Phule,Codenie,Senior Engineer
104929,Radhia,Oppitz,Senior Staff
104930,Macha,Peac,Technique Leader
104931,Kristin,Delaune,Staff
104933,Chinho,Himler,Senior Staff
104936,Surveyors,Ruther,Senior Engineer
104939,Armond,Masamoto,Senior Engineer
104940,Tze,Ciolek,Senior Staff
104941,Yonghong,Schaap,Senior Engineer
104945,Gro,Polupanov,Senior Engineer
104948,Yongmao,Showalter,Staff
104950,Munir,Fordan,Senior Staff
104954,Torsten,Veccia,Assistant Engineer
104961,Shrikanth,Karnin,Senior Staff
104967,Hiroyasu,Gerlach,Staff
104969,Phillip,Luders,Senior Engineer
104974,Danel,Nergos,Staff
104977,Shounak,Yetim,Engineer
104979,Almudena,Journel,Senior Staff
104992,Toshimo,Bottner,Senior Staff
104993,Takahiro,Sluis,Senior Staff
104998,Syozo,Setia,Senior Engineer
105002,Jingling,Millington,Senior Staff
105003,Xiaocheng,Taubman,Senior Engineer
105006,Somnath,Dahlbom,Senior Staff
105010,Subbu,Chiodo,Staff
105013,Sanjit,Masand,Senior Engineer
105032,Isamu,McClurg,Senior Staff
105033,Takahira,Quadeer,Engineer
105034,Rosine,Desikan,Engineer
105040,Vojin,Erbe,Senior Engineer
105041,Paris,Gist,Senior Engineer
105044,Hairong,Pouyioutas,Staff
105053,Gian,Vernadat,Senior Staff
105060,Manu,Rosin,Senior Staff
105061,Ramzi,Trystram,Engineer
105063,Xiaoshan,Luon,Senior Engineer
105071,Jeong,Gluchowski,Staff
105072,Gennadi,Atchley,Engineer
105073,Miyeon,Pietracaprina,Staff
105075,Kiyotoshi,Keohane,Senior Engineer
105077,Khue,Clemencon,Senior Staff
105079,Shimshon,Janocha,Senior Staff
105081,Yechezkel,Gyorkos,Senior Engineer
105085,Mamdouh,Bach,Senior Staff
105091,Masaki,Perly,Staff
105092,Rasikan,Bernini,Engineer
105093,Lalit,Fontet,Senior Staff
105095,Steen,Leppanen,Senior Engineer
105100,Boguslaw,Fabrizio,Engineer
105103,Elvis,Zambonelli,Senior Engineer
105117,Shuky,Papsdorf,Engineer
105120,Dannz,Litzler,Senior Engineer
105122,Martins,Schaap,Senior Staff
105123,Bernd,Schwaller,Senior Staff
105125,Fumiko,Lamma,Technique Leader
105131,Sandeepan,Sidou,Senior Engineer
105132,Along,Rohrbach,Staff
105133,Olivera,Rande,Engineer
105135,Mircea,Haraldson,Technique Leader
105138,Siddarth,Peroz,Senior Staff
105139,Shooichi,Gide,Technique Leader
105143,Tse,Dulli,Senior Engineer
105145,Susanta,Birch,Engineer
105146,Martins,Katzenelson,Senior Staff
105148,Marsha,Schicker,Engineer
105152,Mikhail,Cesareni,Senior Staff
105153,Gurbir,Staudhammer,Engineer
105154,Lenore,Montemayor,Staff
105155,Augustine,Talmon,Senior Engineer
105156,Lalit,Ermel,Senior Staff
105162,Heon,Alencar,Senior Staff
105163,Arunachalam,Yetto,Senior Engineer
105167,Lillian,Comyn,Senior Staff
105172,Zhilian,Linnainmaa,Engineer
105180,Jouni,Broder,Senior Staff
105183,Makato,Erie,Senior Staff
105184,Mabo,Luck,Senior Staff
105185,Sivanarayana,Rothe,Senior Engineer
105189,Huan,Hofting,Senior Engineer
105198,Manu,Rosaz,Staff
105201,Karsten,Willoner,Technique Leader
105202,Susumu,Jording,Senior Staff
105204,Ennio,Schaad,Senior Staff
105208,Moon,Grospietsch,Senior Engineer
105211,Alois,Jarecki,Senior Engineer
105220,Uma,Georg,Engineer
105221,Tuval,Hatcliff,Senior Staff
105222,Gaetan,Weiland,Senior Engineer
105223,Jiakeng,Manders,Senior Engineer
105224,Bernd,Schrift,Engineer
105225,Leif,Kushner,Senior Staff
105226,Murthy,Menyhert,Staff
105228,Danco,Stroustrup,Staff
105234,Frederique,Navazio,Senior Engineer
105239,Bartek,Perl,Senior Staff
105241,Arra,Ulupinar,Senior Engineer
105247,Zdislav,Sigstam,Senior Staff
105257,Sajjan,Eastman,Senior Engineer
105259,Mohamadou,Wiegley,Engineer
105261,Domenick,Rullman,Senior Engineer
105262,Souichi,Hitomi,Senior Engineer
105264,Chrisa,Simkin,Senior Staff
105268,Lalit,Greenaway,Senior Engineer
105272,Nimmagadda,Lichtner,Engineer
105278,Hisao,Gyimothy,Senior Staff
105291,Nagui,Goldhammer,Senior Staff
105296,Conor,Peha,Staff
105297,Bikash,Ambroszkiewicz,Senior Staff
105302,Matt,Gyimothy,Senior Staff
105303,Lihong,Gulak,Staff
105304,Nikolaus,Steinauer,Senior Engineer
105310,Olivera,Ferriere,Senior Engineer
105311,Mohammad,Conry,Staff
105313,Richara,McFarlin,Senior Staff
105319,Tru,Rebaine,Senior Staff
105321,Maha,Codenie,Senior Engineer
105323,Younwoo,Aamodt,Senior Staff
105324,Uwe,Morton,Senior Staff
105325,Hideo,Kadhim,Senior Engineer
105326,Almudena,Comte,Engineer
105328,Alain,Hoppenstand,Technique Leader
105329,Shakhar,Speer,Staff
105332,Kenton,Sudbeck,Senior Engineer
105334,Breannda,Kuhnemann,Engineer
105336,Shalesh,Mitchem,Senior Engineer
105341,Zhensheng,Yoshizawa,Staff
105345,Yucai,Schauser,Staff
105346,Pradeep,Gluchowski,Senior Engineer
105357,Martien,Billawala,Senior Engineer
105365,Iara,Backhouse,Senior Engineer
105369,Augustine,Cooke,Staff
105370,Macha,Kakkar,Engineer
105372,Martial,Muniz,Senior Engineer
105375,Douadi,Simmen,Senior Engineer
105376,Yifei,Deverell,Staff
105377,Seongbin,Lambe,Senior Engineer
105380,Lijie,Ramras,Technique Leader
105385,Maris,Harnett,Staff
105388,Sarita,Lorch,Senior Engineer
105389,Mechthild,Fioravanti,Staff
105391,Vidya,Peac,Engineer
105395,Moti,Shackel,Senior Staff
105396,Sajjan,Strehl,Senior Staff
105399,Bernd,Maginnis,Engineer
105401,Babette,Anguita,Engineer
105406,Hongzhu,Viele,Senior Staff
105408,Adit,Gihr,Senior Engineer
105410,Foong,Morton,Senior Engineer
105416,Danco,Gente,Senior Engineer
105417,Rajmohan,Matzel,Senior Engineer
105421,Sadun,Schrooten,Senior Staff
105424,Gad,Tchuente,Assistant Engineer
105425,Minghong,Peir,Senior Staff
105428,Srinidhi,Salvesen,Staff
105430,Hairong,Pusterhofer,Staff
105431,Akeno,Gente,Senior Staff
105433,Toshiki,Tiemann,Engineer
105435,Spyrose,Coney,Engineer
105436,Kwun,Esposito,Senior Engineer
105437,Luerbio,Majewski,Senior Staff
105440,Anneli,Jansen,Senior Staff
105441,Abdelghani,Haldar,Senior Staff
105442,Sergi,Bratten,Senior Staff
105449,Renny,Eastman,Senior Staff
105451,Yuriy,Kisuki,Staff
105452,Juyoung,Welham,Staff
105466,Shih,Servi,Senior Staff
105474,Zito,Fairtlough,Engineer
105481,Taisook,Crooks,Senior Staff
105482,Brigham,Tetzlaff,Engineer
105485,Magy,Danner,Technique Leader
105487,Kolar,Wursthorn,Senior Staff
105488,Boriana,Schurmann,Senior Engineer
105489,Jasminko,Sadowski,Senior Staff
105493,Wayne,Remmele,Senior Staff
105498,Shuzo,Kohling,Senior Engineer
105500,Fun,Beznosov,Senior Staff
105514,Khatoun,Waleschkowski,Senior Staff
105515,Mototsugu,Kandlur,Senior Engineer
105516,Eishiro,Hebert,Engineer
105517,Haldun,Peac,Senior Staff
105518,Fusako,Kusakabe,Senior Staff
105521,Toshiko,Hofman,Senior Staff
105523,Ioana,Zeleznik,Engineer
105527,Paddy,Irland,Senior Engineer
105531,Harjit,Wiegley,Engineer
105532,Christophe,Sluis,Senior Engineer
105533,Zijian,Falby,Senior Engineer
105541,Otmar,Gils,Technique Leader
105542,Marko,Zhiwei,Senior Engineer
105543,TRUE,Fabrizio,Senior Engineer
105544,Feiyu,Mitsuhashi,Senior Engineer
105545,Martial,Shokrollahi,Engineer
105546,Dhritiman,Coombs,Senior Engineer
105547,Christoph,Kroha,Engineer
105549,Chuanti,Glowinski,Engineer
105554,Freyja,Rahier,Senior Engineer
105560,Dmitri,Zeleznik,Senior Engineer
105561,Mariangiola,Baja,Senior Engineer
105564,Jaihie,Parhami,Senior Engineer
105567,Marit,Sooriamurthi,Senior Engineer
105570,Jayesh,Pulkowski,Senior Engineer
105572,Vivian,Haldar,Senior Staff
105574,Boguslaw,Usdin,Senior Staff
105580,Radhika,Kilgore,Engineer
105581,Rasikan,Hanabata,Senior Engineer
105587,Kwun,Demri,Senior Engineer
105593,Kankanahalli,Liesche,Senior Staff
105595,Gino,Hmelo,Senior Staff
105601,Shridhar,Skafidas,Senior Staff
105603,Masoud,Sommer,Senior Staff
105613,Hironoby,Ressouche,Staff
105617,Naftali,Bolotov,Senior Staff
105618,Kazunori,Bugaenko,Staff
105623,Eben,Miculan,Engineer
105625,Valter,Haraldson,Senior Engineer
105626,Masato,Biran,Senior Engineer
105633,Dmitry,Androutsos,Engineer
105634,Szabolcs,Mullainathan,Staff
105635,Genevieve,Menyhert,Senior Engineer
105637,Remko,Tagansky,Senior Engineer
105642,Sailaja,Lukaszewicz,Senior Engineer
105646,Janalee,Pearson,Senior Staff
105654,Rafols,Vieri,Senior Engineer
105657,Xiaoqiang,Cappelletti,Senior Engineer
105660,Shahid,Garnier,Senior Engineer
105662,Jinpo,Hoogerwoord,Senior Staff
105663,Zhaofang,Kriebel,Senior Engineer
105665,Tonia,Falco,Senior Staff
105670,Arumugam,Rijsenbrij,Engineer
105674,Lalit,Kropatsch,Senior Engineer
105675,Mahendra,Nourani,Senior Staff
105680,Otilia,Mungall,Staff
105681,Pranav,Mikschl,Senior Engineer
105682,Kerhong,Juneja,Senior Staff
105683,Sachar,Beeson,Senior Staff
105686,Adin,Kroha,Senior Staff
105688,Vatsa,Demizu,Engineer
105693,Nishit,Haraldson,Senior Staff
105695,Eric,Blokdijk,Engineer
105696,Weicheng,Syang,Senior Engineer
105697,Chaosheng,Eldridge,Senior Staff
105701,Marsja,Danley,Technique Leader
105704,Serif,Gajiwala,Senior Staff
105705,Ghassan,Mellouli,Engineer
105706,Adhemar,Grandbois,Staff
105712,Danel,Kobuchi,Senior Staff
105716,Ipke,Milicia,Senior Engineer
105717,Aloke,Reinhard,Engineer
105719,Billur,Gulla,Senior Engineer
105722,Maik,Riefers,Staff
105726,Jagoda,Randt,Senior Staff
105736,Tua,Decleir,Engineer
105738,Qiwen,Jenevein,Senior Staff
105739,Zine,Journel,Senior Engineer
105740,Yuqun,Olivero,Engineer
105741,Jaana,Kandlur,Senior Engineer
105742,Sampalli,Valtorta,Staff
105748,Ortrud,Kugler,Staff
105753,Marsha,Haddadi,Senior Engineer
105756,Jianwen,Sundgren,Senior Staff
105760,Sashi,Munoz,Senior Staff
105763,Yonghong,Gajiwala,Staff
105764,Kwangho,Schach,Staff
105765,Nobuyoshi,Picel,Senior Staff
105766,Boutros,Callaway,Senior Staff
105768,Danny,Bashian,Senior Staff
105770,Yannik,Laventhal,Staff
105774,Mansur,Luga,Senior Staff
105775,Abdelaziz,Fontan,Senior Staff
105776,Lokesh,Chinen,Senior Engineer
105781,Billur,Rousseau,Senior Staff
105786,Ymte,Goodrum,Senior Engineer
105789,Qingxiang,Fordan,Senior Staff
105791,Jungsoon,Kading,Staff
105795,Chanjung,Gargeya,Senior Engineer
105800,Golgen,Baig,Senior Staff
105804,Candido,Winter,Senior Staff
105806,Marla,Jenevein,Senior Staff
105808,Idoia,Verhaegen,Engineer
105809,Remko,Frolund,Senior Engineer
105810,Subhankar,Shihab,Senior Engineer
105815,Jianhao,Schaaf,Staff
105817,Mihalis,Junot,Senior Engineer
105818,Gro,Hoogerwoord,Senior Staff
105831,Tristan,Hiraishi,Senior Staff
105835,Genta,Bernatsky,Engineer
105836,Marit,Farrar,Senior Staff
105839,Ziyad,Rosca,Senior Engineer
105841,Jessie,Spelt,Staff
105845,Aimee,Itschner,Engineer
105850,Shao,Bernardinello,Senior Engineer
105852,Filipe,Beetstra,Senior Staff
105853,Spyrose,Strehl,Senior Staff
105857,Jixiang,Beutelspacher,Senior Engineer
105860,Heeju,Juneja,Senior Engineer
105862,Masato,Jarecki,Senior Engineer
105876,Eldridge,Junet,Senior Engineer
105877,Moriyoshi,Ravishankar,Engineer
105878,Dhritiman,Malabarba,Senior Engineer
105879,Maha,Dehkordi,Staff
105884,Arvind,Esposito,Senior Engineer
105885,Stamatina,Basawa,Engineer
105886,Stafford,Mitchem,Senior Staff
105888,Sanjai,Hutter,Senior Staff
105889,Constantino,Blokdijk,Senior Staff
105891,Pohua,Brlek,Senior Engineer
105892,Noritoshi,Osgood,Staff
105899,Youpyo,Anandan,Staff
105906,Arunas,Ligten,Senior Engineer
105909,Freyja,Kieras,Staff
105910,Guozhong,Zaccaria,Engineer
105915,Marsal,Pearson,Senior Engineer
105920,Nectarios,Gyorkos,Senior Staff
105921,Willard,Gubsky,Senior Staff
105926,Shahid,Mansanne,Senior Staff
105927,Kolar,England,Technique Leader
105928,Neven,Wossner,Senior Engineer
105932,Nahla,Hebden,Senior Engineer
105934,Gor,Langford,Senior Staff
105935,Danai,Koshiba,Senior Staff
105939,Filipe,Gyorkos,Staff
105944,Yongmin,Deverell,Senior Engineer
105956,Sudharsan,Rodier,Staff
105961,Aamer,Lambe,Engineer
105962,Shawna,Nyanchama,Senior Staff
105965,Djelloul,Kolvik,Staff
105977,Fox,Cooley,Staff
105981,Bedir,Tyugu,Senior Engineer
105982,Jeong,Percebois,Engineer
105984,Junsik,Mersereau,Senior Engineer
105987,Vojin,Geffroy,Senior Staff
105988,Hirochika,Swick,Senior Staff
105989,Utpal,Suomi,Senior Engineer
105991,Ronnie,Raczkowsky,Senior Engineer
105992,Sverrir,Harnett,Engineer
105993,Baocai,Peak,Senior Engineer
105998,Herb,Sanella,Senior Engineer
106000,Kristina,Vidya,Senior Engineer
106001,Satosi,Matzke,Senior Engineer
106003,Przemyslawa,Kemmerer,Technique Leader
106007,Trygve,Ligten,Technique Leader
106011,Youpyo,Takanami,Senior Staff
106016,Mahmut,McClurg,Engineer
106024,Sverrir,Cummings,Staff
106027,Torsten,Falco,Senior Staff
106029,Shaunak,Kalorkoti,Senior Staff
106031,Hein,Peron,Senior Engineer
106032,Piyawadee,Cummings,Staff
106036,Radoslaw,Puppe,Senior Staff
106040,Atreye,Terekhov,Senior Staff
106042,Jiann,Calkin,Technique Leader
106044,Adamantios,Jeong,Senior Staff
106048,Urs,Schlumberger,Senior Engineer
106049,Tran,Zhang,Senior Staff
106053,Guther,dAstous,Engineer
106056,Freyja,Demian,Senior Engineer
106059,Janche,Staelin,Staff
106063,Florian,Baaz,Senior Staff
106065,Premal,Hmelo,Staff
106066,Giap,Daescu,Senior Staff
106073,Isamu,Chappelet,Senior Engineer
106075,Zhonghui,Greenaway,Technique Leader
106076,Mariangiola,Morrin,Senior Staff
106079,Tetsurou,Pileggi,Staff
106083,Jacopo,Panangaden,Engineer
106091,Mark,Nittel,Senior Staff
106095,Zengping,Staelin,Senior Staff
106098,Barry,Demke,Staff
106099,Jiang,Gire,Engineer
106104,Magdalena,Lueh,Staff
106107,Hidde,Undy,Senior Engineer
106109,Demos,Baaleh,Engineer
106110,Serenella,Gornas,Technique Leader
106113,Shigenori,Gill,Senior Engineer
106118,Xiaoqiang,Sidhu,Senior Staff
106121,Moni,Tiemann,Technique Leader
106129,Shuji,Kakkad,Senior Engineer
106131,Kolar,Goodrum,Senior Engineer
106132,Yinlin,Schapiro,Senior Engineer
106133,Guadalupe,Heijenga,Senior Staff
106134,Franziska,Kuzuoka,Engineer
106141,Premsyl,Stavenow,Senior Staff
106143,Kristina,Pashtan,Staff
106149,Quingbo,Matzel,Senior Engineer
106152,Arfst,Menhardt,Engineer
106157,Geoffry,Asser,Senior Staff
106161,Rafael,Baba,Senior Engineer
106163,Moto,Marwedel,Senior Engineer
106166,Sahrah,Lukaszewicz,Engineer
106169,Shridhar,Kroon,Engineer
106170,Giap,Nergos,Senior Staff
106175,Kazuhisa,Lunn,Senior Engineer
106176,Karsten,Thebaut,Senior Staff
106177,Zongyan,DuCasse,Senior Engineer
106186,Gonzalo,Sewelson,Senior Staff
106187,Kazuyasu,Rassart,Senior Staff
106189,Temple,Seghrouchni,Engineer
106190,Rosalyn,Kobuchi,Senior Staff
106191,Nishit,Hedayat,Staff
106192,Alejandra,Calkin,Senior Engineer
106197,Geraldo,Ciolek,Engineer
106198,Ayakannu,Uhrig,Senior Staff
106199,Martijn,Peng,Senior Engineer
106200,Lenore,Sooriamurthi,Staff
106206,Behnaam,Schlenzig,Senior Engineer
106212,Kristof,Pluym,Senior Engineer
106214,Valdiodio,Demir,Senior Engineer
106215,Raimond,Lyonns,Engineer
106222,Shim,Uludag,Senior Engineer
106223,Tamiya,Kriebel,Engineer
106225,Salvador,Gerlach,Senior Staff
106232,Luerbio,Hiltgen,Senior Engineer
106233,Sanjai,Bhattacharjee,Senior Engineer
106240,Shen,Ramras,Engineer
106244,Xiaoshan,Joslin,Assistant Engineer
106248,Yuchang,Lorcy,Engineer
106253,Along,Brodie,Senior Staff
106254,Gian,Lowrie,Senior Staff
106255,Luigi,Furedi,Senior Staff
106256,Yakichi,Michaeli,Senior Engineer
106257,Val,Assaf,Senior Engineer
106260,Augustine,Ranta,Engineer
106262,Mats,Dredge,Senior Engineer
106269,Wayne,Rissanen,Senior Engineer
106274,Sahrah,Wiegley,Staff
106277,Ingmar,Laventhal,Technique Leader
106278,Chanjung,Nooteboom,Senior Staff
106280,Idoia,Atrawala,Senior Staff
106283,Yongmao,Matzen,Staff
106286,Kenroku,Cronan,Senior Engineer
106288,Gil,Strandh,Senior Staff
106293,Froduald,Schicker,Senior Staff
106307,Gil,Lunn,Technique Leader
106311,Cordelia,Auyong,Engineer
106313,Haldon,Journel,Senior Staff
106315,Suvo,Rosenbaum,Senior Staff
106317,Lein,Busillo,Senior Staff
106318,Fumiyo,Antonisse,Assistant Engineer
106319,Jayson,Azulay,Senior Staff
106320,Lein,Gils,Senior Staff
106328,Khoa,Smeets,Senior Engineer
106331,Fumiko,Lorch,Senior Engineer
106334,Ravishankar,Marwedel,Staff
106340,Giordano,Plotkin,Assistant Engineer
106346,Perry,Cronan,Engineer
106347,Garnik,Manderick,Senior Engineer
106350,Denny,Constantine,Senior Staff
106355,Lena,Schmiedel,Senior Engineer
106361,Kristinn,Schrift,Staff
106363,Anneli,Thimonier,Senior Staff
106364,Bowen,Muhlberg,Senior Staff
106371,DAIDA,Ratzlaff,Staff
106375,Ziva,Pettey,Senior Engineer
106376,Sajjad,Poehlman,Engineer
106383,Yechezkel,Denny,Senior Staff
106396,Fay,Zumaque,Technique Leader
106397,Brewster,Koblick,Senior Staff
106404,Monique,Crooks,Assistant Engineer
106405,Val,Deville,Staff
106406,Duro,Leslie,Assistant Engineer
106411,Anyuan,Marletta,Senior Engineer
106414,Mansur,Ohori,Senior Staff
106417,Kwun,Clouatre,Senior Staff
106424,Stevo,Sidhu,Senior Staff
106425,Beshir,Rohrbach,Senior Engineer
106435,Collette,Christ,Senior Staff
106437,Yonghoan,Gajiwala,Senior Engineer
106440,Mong,Pulkowski,Engineer
106441,Erzsebet,Narahari,Senior Staff
106442,Mihalis,Yeung,Senior Staff
106447,Tadanori,Herber,Senior Staff
106450,Uma,Shokrollahi,Senior Engineer
106451,Jiong,Tibblin,Senior Staff
106457,Toshimitsu,Frezza,Engineer
106461,Elvia,Trogemann,Engineer
106462,Chanjung,Decaestecker,Technique Leader
106463,Janalee,Poulakidas,Senior Staff
106465,Nidapan,Guting,Senior Staff
106466,Wayne,Anick,Senior Engineer
106471,Teruyuki,Hettesheimer,Senior Staff
106478,Barna,Templeman,Senior Engineer
106482,Alselm,Selenyi,Senior Staff
106483,Maya,Brodal,Senior Staff
106484,Yuriy,Hiroyama,Senior Staff
106487,Khalil,Ramsey,Senior Engineer
106489,Adit,Morris,Staff
106493,Shirish,Dulay,Senior Staff
106497,Radoslaw,Matzen,Senior Engineer
106499,Qiwen,Pfau,Technique Leader
106501,Hyuncheol,Masamoto,Senior Staff
106504,Tremaine,Panangaden,Technique Leader
106508,Lijie,Orlowski,Senior Engineer
106510,Rasiah,Whitcomb,Senior Engineer
106515,Kish,Stamatiou,Engineer
106516,Charlene,Mullainathan,Senior Engineer
106520,Marla,Zaumen,Senior Staff
106521,Nidapan,Birke,Senior Staff
106523,Eben,Diderrich,Engineer
106527,Jaewon,Preusig,Senior Staff
106531,Shuky,Eiron,Senior Engineer
106532,Gift,Decleir,Technique Leader
106534,Shounak,Trogemann,Senior Engineer
106536,Ramachenga,Koblick,Engineer
106537,Shir,Merli,Staff
106541,Georgy,Anguita,Senior Staff
106547,Quingbo,dAstous,Senior Engineer
106548,Nechama,Masada,Staff
106552,Abdulla,Schaap,Senior Engineer
106555,Rosalyn,Gaughan,Engineer
106558,Otilia,Brobst,Senior Engineer
106559,Cristinel,Ghalwash,Staff
106560,Tsuneo,Baar,Technique Leader
106561,Xiaoheng,Tokunaga,Staff
106565,Chikara,Munawer,Engineer
106567,Weiye,Chepyzhov,Senior Engineer
106569,Tetsushi,Thorensen,Senior Engineer
106571,Marke,Gaughan,Engineer
106577,Florina,Orsini,Senior Staff
106582,Yinlin,Coney,Senior Engineer
106583,Sajjad,Merks,Senior Staff
106584,Petter,Heydon,Senior Engineer
106587,Heekeun,Ranka,Engineer
106588,Edwin,Leaver,Senior Engineer
106589,Krister,Weedman,Senior Engineer
106591,Huei,Mamelak,Senior Engineer
106592,Dipayan,Schade,Senior Staff
106605,Visit,Kulisch,Staff
106606,Yuuichi,Wynblatt,Senior Engineer
106611,Shir,Vecchi,Senior Engineer
106612,Mabhin,Yetim,Technique Leader
106616,Luigi,Braunschweig,Senior Engineer
106617,Vidya,Axelband,Senior Staff
106623,Abdelghani,Schaft,Senior Engineer
106629,Filipp,Haumacher,Senior Engineer
106630,Vojin,Maliniak,Senior Staff
106631,Phuoc,Raoux,Engineer
106633,Jinxi,Kugler,Senior Engineer
106634,Ingmar,Rettelbach,Senior Staff
106645,Mechthild,Murtagh,Senior Engineer
106647,Francoise,Escriba,Senior Staff
106648,Khue,Masamoto,Senior Engineer
106650,Monique,Itzfeldt,Technique Leader
106654,Remmert,Muhlberg,Senior Staff
106657,Goa,Mandell,Senior Staff
106659,Toshiko,Halloran,Senior Engineer
106661,Hongzue,Matteis,Engineer
106667,Stabislas,Anick,Senior Engineer
106669,Jaewoo,Mahmud,Engineer
106670,Uli,Provine,Senior Staff
106671,Yuguang,Garnick,Senior Staff
106678,Vishwani,Oppitz,Senior Staff
106679,Mahmut,Tasistro,Engineer
106680,Arie,Felcyn,Senior Staff
106684,Tayeb,Unno,Senior Staff
106687,Theron,Gniady,Technique Leader
106690,Shushma,Heyers,Senior Engineer
106698,Xiaoqiang,Haddadi,Technique Leader
106703,Gennady,Kuzuoka,Senior Engineer
106707,Zsolt,Boguraev,Senior Staff
106709,Mariusz,Peroz,Engineer
106711,Jaihie,Mandell,Staff
106715,Kwangho,Worfolk,Senior Engineer
106718,Adly,Makrucki,Senior Staff
106719,Ulises,Baca,Senior Staff
106721,Shigehiro,Furedi,Engineer
106722,Jolita,Underwood,Assistant Engineer
106725,Christoph,Coney,Staff
106730,Kannan,Kirkerud,Engineer
106736,Marla,Raczkowsky,Senior Engineer
106737,Shigeu,Rosay,Engineer
106743,Alselm,Erez,Engineer
106751,Sushant,Salvesen,Staff
106756,Arup,Suessmith,Staff
106764,Bedrich,Bernardinello,Senior Staff
106770,LiMin,Srimani,Senior Staff
106773,Tokuyasu,Simmel,Senior Engineer
106775,Yahiko,Sury,Senior Staff
106777,Gad,Speer,Senior Staff
106779,Akemi,Conta,Staff
106782,Pranav,Puppo,Senior Staff
106788,Taisook,Sgarro,Senior Staff
106790,Parke,Rodiger,Senior Engineer
106795,Arlette,Binding,Engineer
106797,Aran,Raoux,Senior Engineer
106798,Phillip,Dratva,Senior Engineer
106802,Baruch,Parhami,Senior Staff
106807,Lenore,McAlpine,Engineer
106815,Kwangjo,Varley,Staff
106819,Takahira,Coombs,Senior Staff
106824,Kokou,Atchley,Senior Engineer
106826,Slavian,Bennet,Senior Staff
106828,Clyde,Trumbly,Senior Staff
106832,Etsuo,Bail,Staff
106834,Nalini,Gips,Senior Staff
106836,Yurii,Ghemri,Senior Staff
106837,Elvia,Nitto,Senior Staff
106838,Hatem,Luke,Senior Staff
106843,Mansur,Miara,Senior Engineer
106845,Urs,Niizuma,Engineer
106846,Eldridge,Bahi,Senior Staff
106847,Nagui,Luft,Senior Engineer
106848,Paddy,Auyong,Senior Engineer
106850,Radhika,Puppe,Engineer
106852,Masali,Viele,Senior Engineer
106860,Otilia,Chvatal,Senior Engineer
106866,Fayez,Fiebach,Senior Engineer
106867,Arco,Papsdorf,Technique Leader
106868,Roselyn,Tagansky,Senior Engineer
106869,Claudi,Mullainathan,Senior Staff
106871,Gina,Varley,Senior Engineer
106875,Shigeaki,Hofmeyr,Senior Engineer
106876,Val,Rahier,Senior Staff
106877,Temple,Hemaspaandra,Senior Staff
106879,Susanna,DeMori,Engineer
106885,Krisda,Chaudhury,Senior Engineer
106886,Bader,Guardalben,Engineer
106890,Mingdong,Demian,Senior Staff
106891,Martial,Serna,Staff
106897,Susanna,Chaudhury,Senior Staff
106902,Mark,Pillow,Staff
106914,Ayakannu,Zuberek,Senior Staff
106916,Selwyn,Murillo,Senior Engineer
106925,Jiakeng,Rando,Assistant Engineer
106926,Maya,Harbusch,Technique Leader
106927,Tayeb,Lindenbaum,Senior Engineer
106928,Hongzhu,Merks,Senior Engineer
106930,Morris,Brlek,Senior Engineer
106933,Moni,Rahimi,Senior Staff
106935,Kazuhiko,Farrow,Senior Staff
106941,Ipke,Zambonelli,Staff
106942,Eckart,Klassen,Senior Staff
106943,Fai,Pintelas,Senior Engineer
106946,Oksana,Luiz,Senior Staff
106947,Mohua,Serra,Engineer
106949,Ortrun,Erva,Staff
106953,Navid,Riesenhuber,Senior Staff
106968,Debaprosad,Mansanne,Senior Engineer
106971,Sanjai,Marchesini,Senior Staff
106981,Maren,Vilarrasa,Senior Engineer
106983,Angus,Maliniak,Senior Engineer
106985,Adhemar,Pfau,Senior Engineer
106987,Naftali,Gist,Senior Staff
106988,Katsuo,Gaughan,Engineer
106992,Nathan,Denis,Senior Staff
106994,Becky,Penttonen,Senior Engineer
106996,Dhritiman,Glinert,Technique Leader
106998,Aiman,Hofman,Staff
106999,Marit,Hambrick,Staff
107000,Bowen,Uchoa,Technique Leader
107002,Christoper,Bratsberg,Engineer
107009,Pranjal,Harllee,Staff
107011,Gritta,Kitai,Staff
107012,Martine,Ertl,Senior Staff
107017,Nechama,Chartres,Senior Engineer
107018,Temple,Braunmuhl,Senior Engineer
107019,Noritoshi,Majewski,Senior Staff
107020,Janalee,Kuzuoka,Engineer
107025,Geoff,Sidje,Senior Engineer
107027,Ayonca,Poujol,Engineer
107032,Navid,Schlenzig,Senior Staff
107033,Sakthirel,Sidhu,Senior Engineer
107038,Saeko,Remmers,Technique Leader
107039,Pramod,Meriste,Staff
107047,Olivera,Ghelli,Senior Staff
107048,Yuchang,Litecky,Senior Engineer
107049,Fan,Jumpertz,Senior Engineer
107051,Shigeaki,Peyn,Senior Engineer
107052,Shaunak,Lowrie,Engineer
107053,Chinho,Macedo,Senior Staff
107062,Yaghout,Eldridge,Senior Staff
107065,Stafford,Pusterhofer,Staff
107067,Heekeun,Gecsel,Staff
107070,Anestis,Aamodt,Senior Engineer
107076,Serenella,Akiyama,Senior Engineer
107077,Faiza,Dichev,Senior Engineer
107082,Karlis,Wolniewicz,Senior Staff
107090,Stein,Ferretti,Senior Engineer
107097,Kitty,Badache,Staff
107101,Moni,Crabtree,Senior Engineer
107103,Ranga,Schapire,Senior Staff
107106,Dines,Orlowski,Senior Staff
107110,Wonhee,Lodder,Engineer
107113,Sushant,VanScheik,Senior Staff
107118,Jordanka,Skogmar,Senior Staff
107119,Brewster,Ouhyoung,Technique Leader
107127,Hailing,Madeira,Senior Engineer
107131,Lijie,Streng,Technique Leader
107134,Oscar,Rosti,Senior Engineer
107135,Frederique,Orlowski,Senior Engineer
107136,Sadun,Penz,Staff
107137,Shushma,Boissier,Senior Engineer
107145,Munehiko,Zielinski,Senior Staff
107151,Shigenori,Ratnaker,Senior Staff
107160,Wayne,Christianini,Senior Engineer
107164,Toshimi,Ghelli,Engineer
107171,Shridhar,Staudhammer,Senior Engineer
107172,Mechthild,Tempesti,Senior Staff
107173,Kellie,Luga,Senior Engineer
107178,Martins,Linnainmaa,Senior Engineer
107193,Indrajit,Foote,Senior Engineer
107195,Huei,Jenevein,Senior Staff
107199,Gadiel,Pauthner,Senior Staff
107203,Xiahua,Bain,Engineer
107205,Kasturi,Granlund,Senior Engineer
107209,Leszek,Zaiane,Senior Staff
107212,Yoshimitsu,Garnick,Senior Engineer
107224,Phuoc,Assaf,Staff
107225,Becky,Peck,Senior Engineer
107227,Supot,Birge,Engineer
107240,Ennio,Khalil,Staff
107245,Horward,Docker,Senior Staff
107246,Eran,Naudin,Senior Engineer
107249,Tamiya,Lanzelotte,Senior Engineer
107253,Aksel,Fontan,Engineer
107254,Dmitry,Simmen,Senior Engineer
107256,Tua,Milicia,Senior Engineer
107257,Rosine,Czaja,Staff
107258,Parviz,Zaumen,Staff
107261,Arunas,Murtha,Staff
107262,Feiyu,Butterworth,Engineer
107264,Josyula,Chinin,Senior Engineer
107268,Wojceich,Schnelling,Senior Engineer
107270,Jianhua,Krogh,Staff
107276,Maja,Badache,Senior Engineer
107277,Parto,Suppi,Senior Staff
107279,Dannz,Oxenboll,Technique Leader
107285,Valeri,Alameldin,Senior Staff
107287,Paraskevi,Spelt,Staff
107290,Reinhard,Jakobus,Senior Engineer
107292,Lokesh,Weiland,Senior Staff
107293,Haldon,Ballarin,Staff
107295,Arif,Isaac,Staff
107296,Adamantios,Mawatari,Engineer
107302,Zhensheng,Grandbois,Engineer
107306,Shridhar,Segond,Senior Staff
107307,Eberhardt,Boyle,Senior Staff
107319,Chenyi,Raoux,Engineer
107320,Giordano,Chepyzhov,Senior Engineer
107321,Szabolcs,Vesna,Senior Engineer
107325,Demin,Sherertz,Staff
107326,Tooru,Kornyak,Technique Leader
107327,Jahangir,Jeansoulin,Staff
107329,Shigenori,Kavvadias,Senior Staff
107330,Navid,Bednarek,Staff
107332,Dmitry,Emmart,Senior Staff
107333,Menkae,Frezza,Senior Staff
107335,Adas,Maraist,Technique Leader
107340,JiYoung,Peroz,Engineer
107341,Felicidad,Garnick,Senior Staff
107344,Kiyomitsu,Gelosh,Staff
107346,Arto,Kobuchi,Senior Staff
107347,Geoffrey,Whittlesey,Senior Staff
107348,Ung,Picci,Senior Engineer
107349,Aral,Iwayama,Engineer
107351,Leen,Bahi,Senior Staff
107359,Xiong,Lamma,Senior Staff
107366,Oscar,Feinberg,Senior Staff
107370,Dekang,Etalle,Engineer
107371,Khaled,Stenning,Senior Engineer
107380,Matt,Demos,Senior Staff
107383,Heon,Pargas,Senior Staff
107386,Nimmagadda,Uhrig,Engineer
107387,Oddvar,Perko,Senior Engineer
107390,Uri,Woycyznski,Senior Engineer
107391,Jaideep,Steinauer,Senior Engineer
107392,Chinho,Panangaden,Senior Engineer
107399,Yuqun,Ramamoorthy,Staff
107403,Heon,Maccarone,Engineer
107406,Chanjung,Bernick,Staff
107409,Junichi,Oskamp,Senior Staff
107413,Val,Markovitch,Engineer
107417,Along,Leijenhorst,Engineer
107422,Olivera,Crouzet,Senior Engineer
107424,Tsvetan,Skogmar,Senior Engineer
107425,Khaled,Bojadziev,Senior Engineer
107429,Takanari,Malinowski,Senior Engineer
107430,Saeed,Wossner,Staff
107431,Valeska,Munck,Technique Leader
107440,Shimshon,Dulli,Senior Engineer
107442,Toong,Mamelak,Senior Staff
107450,Vivian,Munck,Staff
107451,Roddy,Zastre,Senior Engineer
107452,Shridhar,Bharadwaj,Senior Staff
107456,Sushant,Gyorkos,Senior Staff
107458,Zengping,Taneja,Senior Engineer
107466,Goo,Champarnaud,Technique Leader
107468,Kellie,Pelz,Staff
107472,Sachio,Conti,Staff
107473,Masamitsu,Benveniste,Senior Engineer
107474,Taiji,Goodrum,Senior Staff
107476,Yongdong,Klyachko,Senior Staff
107477,Cullen,Eppinger,Senior Staff
107482,Keiichiro,Rosay,Staff
107487,Shiv,Vieri,Senior Engineer
107488,Moto,Swiler,Engineer
107491,Paris,Dichev,Senior Engineer
107492,Tesuro,Wendorf,Senior Staff
107494,Sudhanshu,Heijenga,Senior Engineer
107495,Jaber,Buchter,Staff
107496,Waiman,Chiola,Engineer
107500,Karoline,Masada,Senior Staff
107503,Kiyomitsu,Erev,Senior Staff
107504,Shao,Hoppenstand,Senior Engineer
107505,Vasilis,Ghemri,Engineer
107506,Kenroku,Guting,Senior Engineer
107508,Rajmohan,Mapelli,Senior Staff
107510,Sven,Riexinger,Senior Engineer
107512,Ute,Peot,Engineer
107514,Hidefumi,Ponthieu,Senior Staff
107517,Haldon,Nannarelli,Staff
107522,LiMin,Perly,Senior Staff
107525,Nikolaus,Schneeberger,Technique Leader
107526,Kwangjo,Setiz,Engineer
107529,Marsha,Demeyer,Engineer
107531,Marie,Kugler,Senior Engineer
107533,Dipayan,Siepmann,Staff
107535,Tomokazu,Krone,Senior Engineer
107540,Jaques,Soloway,Senior Staff
107544,Sachio,Weiland,Engineer
107545,Hisao,Picci,Senior Engineer
107550,Aris,DasSarma,Senior Engineer
107553,Janche,Nittel,Senior Engineer
107554,Zvonko,Conry,Senior Staff
107569,Theirry,Puppo,Engineer
107570,Zine,Lueh,Senior Staff
107579,Shaleah,McClure,Senior Engineer
107584,Marsal,Magliocco,Senior Staff
107593,Freyja,Schwaller,Senior Engineer
107595,Yuguang,Hockney,Staff
107597,Vasilis,Schaft,Senior Engineer
107599,Rayond,Khasidashvili,Staff
107603,Harngdar,Rusmann,Senior Engineer
107604,Giordano,Boyle,Senior Engineer
107610,Frederique,Hempstead,Senior Staff
107616,Kasturi,Kamber,Senior Engineer
107617,Alain,Gruenwald,Senior Staff
107618,Frazer,Highland,Senior Staff
107620,Gift,Katiyar,Senior Engineer
107623,Yagil,Kilgour,Senior Engineer
107624,Ortrun,Eickenmeyer,Engineer
107625,Quingbo,Schwabacher,Assistant Engineer
107629,Maia,Rassart,Senior Engineer
107636,Francesca,Bakhtari,Senior Engineer
107641,Seongbin,Lemarechal,Senior Engineer
107643,Hailing,Leppanen,Senior Engineer
107645,Armond,Iwayama,Senior Engineer
107648,Radhia,Wixon,Technique Leader
107653,Anyuan,Greibach,Senior Staff
107663,Mana,Nyrup,Technique Leader
107665,Alenka,Mayerwieser,Engineer
107666,Kiyokazu,Schlenzig,Senior Staff
107669,Shirish,Kermarrec,Senior Engineer
107670,Vishu,Picaronny,Senior Staff
107674,Xuejia,Saoudi,Senior Staff
107680,Nectarios,Perna,Senior Staff
107681,Youssef,Schwaller,Assistant Engineer
107682,Georgi,Leonhardt,Senior Engineer
107684,Uma,Chandrasekhar,Senior Staff
107687,Alper,Bottner,Staff
107689,Shaowen,Krybus,Staff
107693,Kenton,Bharadwaj,Staff
107695,Babette,Cmelik,Senior Engineer
107697,Jaewoo,Babb,Engineer
107698,Saddek,Kusakabe,Engineer
107699,Mohan,Sherertz,Senior Engineer
107702,Mayuri,Basagni,Engineer
107706,Haldon,Fordan,Technique Leader
107709,Terresa,Porenta,Engineer
107710,Jordanka,Oehlmann,Staff
107711,Theirry,Frezza,Technique Leader
107712,Sumant,Birjandi,Senior Staff
107716,Hideo,Rosen,Senior Engineer
107718,Ibibia,Dehkordi,Engineer
107720,Zhanqiu,Cools,Senior Engineer
107723,Gita,Shokrollahi,Senior Staff
107727,Chinhyun,Conte,Senior Staff
107732,Nigel,Encarnacion,Senior Engineer
107741,Emran,Demke,Engineer
107744,Arno,Karner,Senior Staff
107746,Kish,Barbanera,Staff
107747,Cathie,Erman,Senior Staff
107748,Serap,Picht,Senior Staff
107751,Adhemar,Fabrizio,Staff
107759,Golgen,Coorg,Senior Staff
107763,Katsuo,Hasham,Staff
107764,Moie,Mersereau,Engineer
107766,Sreekrishna,Maraist,Senior Staff
107776,Heeju,Bahl,Senior Staff
107780,Masasuke,Gewali,Senior Engineer
107782,Gadiel,Rajala,Senior Staff
107786,Ziva,Businaro,Senior Engineer
107791,Aram,Codenie,Staff
107794,Sudhanshu,Besancenot,Staff
107797,Wayne,Strandh,Senior Engineer
107800,Goncalo,Stenning,Senior Engineer
107803,Jeanna,Ferretti,Senior Staff
107806,Filipp,Sanella,Senior Engineer
107807,Narain,Granlund,Staff
107809,Mihalis,Facello,Senior Staff
107810,Richara,Trogemann,Senior Engineer
107811,Troy,Schrift,Senior Staff
107816,Xinyu,Validov,Senior Engineer
107817,Marsha,Velasco,Staff
107821,Ewing,Murtagh,Staff
107822,Hatem,Kroll,Senior Staff
107823,Nimmagadda,Bail,Senior Engineer
107825,Shounak,Hemaspaandra,Senior Engineer
107834,Shounak,Naumovich,Staff
107840,Krister,Hettesheimer,Senior Engineer
107841,Shaowen,Takkinen,Senior Staff
107845,Gretta,Suomi,Engineer
107852,Odysseas,Kroon,Staff
107856,Marin,Raczkowsky,Technique Leader
107858,Pragnesh,Cannane,Staff
107859,Ebru,Schlegelmilch,Staff
107871,Randy,Mukaidono,Technique Leader
107873,Nathan,Tsunoo,Senior Staff
107877,Karoline,Sudbeck,Technique Leader
107889,Chaoyi,Swab,Technique Leader
107892,Aral,Ambroszkiewicz,Senior Engineer
107895,Toshimitsu,Pappas,Senior Staff
107901,Munir,Honiden,Senior Staff
107905,Xudong,Alpin,Senior Staff
107913,Marsal,Homond,Senior Staff
107914,Shih,Pietrzykowski,Engineer
107916,Manohar,Bugrara,Senior Staff
107919,Makato,Passafiume,Staff
107924,Achilleas,Georgakopoulos,Senior Staff
107927,Mayuko,Zwicker,Senior Staff
107929,Ranan,Hagimont,Senior Engineer
107932,Aiman,Alvarado,Staff
107933,Weiye,Oaver,Senior Staff
107935,Odysseas,Walstra,Senior Engineer
107936,Sugwoo,Walstra,Senior Staff
107937,Apostol,Marzano,Senior Staff
107938,Moie,Gils,Engineer
107950,Kagan,Birke,Senior Staff
107951,Chirstian,Miyakawa,Engineer
107955,Kauko,Zhang,Senior Staff
107956,Oscal,Krichel,Engineer
107958,Zvonko,Boguraev,Engineer
107959,Kenton,Sankaranarayanan,Senior Staff
107962,Jiang,Ruemmler,Staff
107964,Yakichi,Theuretzbacher,Senior Staff
107965,Zeydy,Merel,Senior Engineer
107967,Miomir,Chepyzhov,Senior Staff
107968,Volkmar,Beetstra,Senior Staff
107969,Mahmut,Reutenauer,Senior Engineer
107975,Goncalo,Staudhammer,Senior Staff
107976,Valeska,Hashii,Senior Staff
107982,Tsuneo,Underwood,Senior Staff
107985,Hausi,Cools,Technique Leader
107990,Christoper,Puppo,Senior Staff
107996,Licheng,Nitta,Senior Staff
107997,Masoud,Perfilyeva,Senior Staff
108005,Owen,Eiron,Engineer
108007,Aimee,Smeets,Senior Staff
108018,Subhankar,Halevi,Senior Engineer
108019,Mamdouh,Eickenmeyer,Engineer
108020,Marin,Norsworthy,Technique Leader
108022,Brigham,Gist,Senior Staff
108023,Marke,Yetto,Senior Staff
108028,Przemyslawa,Hagimont,Senior Engineer
108033,Taegyun,Matteis,Technique Leader
108034,Bernd,Senzako,Engineer
108042,Jayson,Chinal,Staff
108045,Ranga,Sinicrope,Staff
108048,Zhenhua,Dredge,Staff
108049,Eberhardt,Cyre,Senior Engineer
108050,Hairong,Sommer,Senior Engineer
108052,Khosrow,Kuhnemann,Senior Engineer
108053,Abdelghani,Nilsson,Senior Staff
108060,Changho,Dayana,Senior Engineer
108063,Youssef,Swen,Engineer
108064,Shimshon,Otillio,Senior Engineer
108070,Khoa,Bennis,Senior Staff
108074,Leah,Tetzlaff,Senior Staff
108076,Alain,Granlund,Senior Engineer
108078,Horward,Demian,Engineer
108081,Lucien,Dulli,Senior Staff
108085,Khun,Molenkamp,Senior Staff
108089,Pranjal,Kawashima,Technique Leader
108092,Uzi,Edelhoff,Senior Engineer
108093,Kwok,Delgrossi,Senior Staff
108096,Arun,Bazzichi,Senior Engineer
108109,Alassane,Holburn,Senior Engineer
108114,Leon,Kobara,Senior Engineer
108117,Sampalli,Griswold,Senior Engineer
108119,Qingxiang,Melton,Senior Engineer
108120,Pramod,Fetvedt,Senior Engineer
108121,Yolla,Roccetti,Engineer
108122,Moti,Terkki,Senior Staff
108125,Jayson,Pagter,Senior Staff
108126,Izaskun,Shackell,Senior Engineer
108128,Leaf,Motley,Senior Engineer
108130,Kolar,Litecky,Engineer
108132,Sampalli,Swist,Senior Staff
108136,Seongbin,Koprowski,Senior Staff
108137,Panayotis,Ermel,Engineer
108138,Berto,Middleton,Senior Staff
108139,Marin,Mersereau,Senior Engineer
108141,Tristan,Zumaque,Senior Engineer
108142,Nevio,Kawashima,Staff
108144,Ult,Isard,Staff
108148,Szabolcs,Tyugu,Engineer
108149,Guoxiang,Basagni,Senior Staff
108150,Shrikanth,Peternell,Senior Engineer
108151,Shakhar,Leslie,Staff
108153,Lene,Puppo,Senior Staff
108161,Moie,Butterworth,Staff
108166,Akeno,Manders,Senior Engineer
108168,Haldon,Remmers,Senior Engineer
108176,Aksel,Piazza,Senior Engineer
108179,Constantijn,Crelier,Senior Engineer
108180,Eberhardt,Grospietsch,Staff
108181,Ulises,Passino,Senior Engineer
108184,Kien,Merks,Senior Engineer
108187,Martina,Hennings,Engineer
108188,Shen,Androutsos,Engineer
108197,Divine,Maraist,Senior Staff
108201,Mariangiola,Boreale,Senior Engineer
108204,Ibibia,Penz,Engineer
108205,Toshimori,Ambroszkiewicz,Senior Staff
108212,Masali,Versino,Senior Staff
108217,Mohan,Munoz,Senior Staff
108218,Akeel,Piveteau,Senior Engineer
108223,Henk,Cangellaris,Technique Leader
108227,Brigham,Przulj,Senior Engineer
108229,Junichi,Kroll,Senior Engineer
108235,Bokyung,Emden,Engineer
108237,Kazuhisa,Morris,Senior Engineer
108240,Masaki,Perl,Engineer
108241,Fumino,DiGiano,Senior Staff
108244,Torsten,Savasere,Senior Engineer
108245,Edwin,Wuwongse,Senior Engineer
108246,Lijie,Spinelli,Senior Staff
108247,Kazuhira,Lukaszewicz,Engineer
108251,Adhemar,Muhling,Engineer
108260,Itzchak,Griswold,Engineer
108262,Yannis,Alpay,Senior Engineer
108279,Kellie,Chepyzhov,Senior Engineer
108285,Kayoko,Bain,Senior Engineer
108290,Along,Tzvieli,Senior Staff
108292,Zsolt,Cardazo,Staff
108293,Sedat,Foong,Senior Engineer
108300,Arlette,Gyimothy,Senior Staff
108304,Khue,Tsukune,Senior Staff
108306,Chenye,Heijenga,Senior Staff
108307,Diederik,Suermann,Senior Staff
108317,Garnet,Rajcani,Engineer
108321,Yunming,Lorys,Senior Engineer
108325,Sudharsan,Puppo,Senior Engineer
108326,Mingsen,Kornatzky,Staff
108329,Basant,Hutton,Staff
108330,JoAnne,Jiafu,Staff
108332,Genevieve,Swick,Senior Engineer
108338,Sadok,Schauser,Senior Engineer
108342,Yuuichi,Muchinsky,Senior Engineer
108349,Aloys,Birta,Engineer
108355,Heeju,Middleton,Senior Staff
108358,Indrajit,Assaf,Senior Engineer
108360,Baocai,Bain,Senior Engineer
108363,Aloke,Luef,Staff
108364,Jiafu,Chelton,Senior Engineer
108367,Rimon,Rouquie,Senior Staff
108369,Boguslaw,Isaak,Engineer
108370,Hisao,Gilg,Senior Engineer
108372,Ger,Boissier,Senior Staff
108373,Venkatesan,Curless,Technique Leader
108374,Masasuke,Speckmann,Senior Engineer
108375,Greger,Ananiadou,Senior Staff
108379,Izaskun,Haldar,Senior Staff
108381,Shaz,Quadeer,Staff
108384,Barna,Ramsay,Engineer
108390,Udi,Delaune,Staff
108391,Naftali,Pocchiola,Senior Staff
108406,Patricia,Bach,Staff
108408,Jahangir,Theuretzbacher,Technique Leader
108409,Malu,Warwick,Senior Staff
108410,Sanjai,Smailagic,Senior Engineer
108414,Mabry,Stellhorn,Senior Engineer
108416,Yurii,Schaft,Staff
108420,Baruch,Pietrzykowski,Senior Staff
108423,Tomokazu,Hatcliff,Engineer
108427,Akeno,Savasere,Senior Staff
108433,Henk,Schaad,Senior Engineer
108440,Xiaoqiang,Conta,Senior Staff
108443,Lenore,Polajnar,Staff
108447,Jaques,Welham,Staff
108452,Nishit,Wilharm,Engineer
108453,Ipke,Chappelet,Engineer
108458,Shakhar,Noriega,Senior Engineer
108461,Aral,Sury,Senior Staff
108465,Kasidit,Lichtman,Staff
108466,Xuejun,Middleton,Senior Engineer
108474,Stella,Schaft,Senior Engineer
108477,Fox,Heering,Staff
108478,Abdelghani,Munos,Engineer
108483,Steve,Pappas,Senior Engineer
108495,Susuma,Dayana,Senior Engineer
108496,Yishai,Adachi,Staff
108498,Juichirou,Lanphier,Senior Engineer
108502,Munir,Spieker,Senior Engineer
108503,Krisda,Badr,Senior Engineer
108505,Arvin,Iwayama,Senior Engineer
108506,Hidefumi,Mawatari,Staff
108507,Marsja,Lund,Staff
108508,Leni,Lunt,Senior Engineer
108517,Shaibal,Matheson,Technique Leader
108518,Khue,Douceur,Senior Engineer
108523,Hongzhu,Lorho,Engineer
108524,Radhia,Chinal,Senior Engineer
108531,Tesuro,Stroustrup,Engineer
108536,Fumino,Baba,Senior Staff
108538,Gal,Strehl,Engineer
108539,Ymte,Syrotiuk,Senior Engineer
108541,Jordanka,Mapelli,Senior Staff
108548,Sajjad,Aingworth,Senior Staff
108551,Yahiko,Garnick,Staff
108557,Shounak,Eterovic,Senior Engineer
108561,Kasturi,Luft,Senior Engineer
108563,Shaibal,Reeker,Engineer
108569,Vidar,Siochi,Staff
108572,Giri,Shigei,Senior Engineer
108576,Dzung,Tsukuda,Assistant Engineer
108578,Heeju,Wendorf,Senior Engineer
108585,Badri,Vasanthakumar,Engineer
108586,Stamatina,Farrow,Senior Engineer
108588,Shahaf,Coney,Senior Engineer
108595,Bernice,Panwar,Engineer
108597,Kazuhira,Einsfeld,Senior Engineer
108601,Zsolt,Ghandeharizadeh,Senior Staff
108605,Lijie,Moffat,Technique Leader
108612,Ung,Joslin,Senior Engineer
108613,Jouni,Schmittgen,Staff
108616,Fan,Feldmann,Senior Engineer
108617,Hercules,Isard,Senior Engineer
108624,Collette,Castellani,Senior Staff
108627,Kenroku,Harbusch,Senior Staff
108630,Houman,Pelz,Staff
108631,Gunilla,Brattka,Senior Staff
108641,Atreye,Schueller,Senior Engineer
108654,Junsik,Mundy,Senior Staff
108656,Masanao,Rodiger,Senior Staff
108661,Dhritiman,Soicher,Senior Engineer
108664,Jaroslava,Rodham,Engineer
108665,Heeju,Parascandalo,Technique Leader
108668,Maia,Staelin,Senior Staff
108669,Jeanne,Garnham,Technique Leader
108671,Aris,Bugrara,Staff
108673,Along,Perry,Senior Staff
108676,Alassane,Angot,Senior Staff
108684,Yoshinari,Peternell,Senior Engineer
108685,Yoshinari,Aseltine,Engineer
108686,Chenxi,Gadepally,Senior Engineer
108692,Danco,Maquelin,Engineer
108693,Shan,Tempesti,Staff
108695,Mrinalini,Zeilberger,Senior Engineer
108700,Sarita,Stanfel,Senior Staff
108702,Kaijung,Demir,Senior Staff
108704,Kwee,Luef,Staff
108706,Udo,Schach,Senior Staff
108711,Sanjai,Kambil,Senior Staff
108713,Yinghua,Heering,Senior Engineer
108716,Adas,Leivant,Engineer
108717,Heng,Kitsuregawa,Senior Engineer
108721,Leucio,Pleszkun,Senior Staff
108722,Eishiro,Rikino,Senior Staff
108726,Gurbir,Engelmann,Staff
108729,Jiang,Vesel,Senior Staff
108731,Kazuhide,Zongker,Senior Staff
108737,Charlene,Cairo,Staff
108740,Eishiro,Szemeredi,Senior Staff
108746,Kwangyoen,Bodoff,Staff
108749,Owen,Stanger,Senior Engineer
108752,Vishwani,Frezza,Engineer
108753,Janalee,Terekhov,Engineer
108756,Anestis,Gruenwald,Technique Leader
108758,Yuichiro,Covnot,Senior Staff
108761,Nahid,Mandell,Technique Leader
108763,Sadegh,Cooke,Staff
108765,Nidapan,Fadgyas,Senior Engineer
108770,Ugo,Onuegbe,Senior Engineer
108775,Xinan,Melton,Staff
108776,Mooi,Skrikant,Senior Engineer
108777,Nimmagadda,Lubachevsky,Senior Engineer
108779,Frazer,Mikschl,Senior Engineer
108786,Weicheng,Murtafg,Senior Engineer
108794,Basil,Bamford,Senior Engineer
108798,DAIDA,Toyoshima,Technique Leader
108801,Supot,Landherr,Senior Engineer
108802,Marit,Angiulli,Senior Engineer
108808,Gal,Roisin,Senior Engineer
108816,Volkmar,Gurbaxani,Senior Staff
108819,Masato,Honglei,Senior Engineer
108822,Sachem,Senzako,Senior Engineer
108823,Teiji,Litzkow,Senior Engineer
108824,Kensyu,Pileggi,Engineer
108825,Kaijung,Danecki,Senior Engineer
108828,Arup,Denti,Senior Engineer
108829,Idoia,Miake,Senior Engineer
108831,Marla,Fujisaki,Senior Engineer
108833,Eirik,Milicic,Senior Engineer
108839,Denis,Felcyn,Senior Engineer
108840,Greger,Holburn,Engineer
108841,Otmar,Dayang,Senior Engineer
108842,Giordano,Heijenga,Staff
108845,Randy,Hemaspaandra,Senior Engineer
108850,Soenke,Honiden,Senior Staff
108867,Sushant,Suwa,Senior Staff
108871,Terresa,Middleton,Senior Staff
108872,Sham,Klerer,Senior Staff
108880,Berna,Rosen,Senior Staff
108881,Yurij,Detkin,Senior Engineer
108884,Basant,Deverell,Senior Staff
108887,Yuchang,Stranks,Senior Engineer
108891,Bikash,Chiodo,Staff
108893,Yuguang,Fandrianto,Senior Engineer
108896,Yakkov,Cronan,Senior Staff
108897,Florian,Gornas,Senior Staff
108899,Yakkov,McConalogue,Senior Engineer
108906,Hideyuki,Cronan,Assistant Engineer
108909,Isamu,Levergood,Engineer
108911,Shaz,Ramaiah,Senior Engineer
108913,Mingsen,Rindone,Staff
108915,Candido,Kalefeld,Senior Engineer
108925,Yonghoan,Serre,Staff
108931,Sudharsan,Valiente,Assistant Engineer
108935,Heather,Wilharm,Senior Engineer
108937,Feixiong,Homond,Engineer
108939,Lijia,Halloran,Senior Staff
108940,Barna,Baumann,Senior Engineer
108945,Baruch,Dolinsky,Senior Engineer
108946,Pasqua,Skafidas,Engineer
108947,Ottavia,Doering,Technique Leader
108949,Wilmer,Attimonelli,Senior Staff
108950,Xiaoshan,Mateescu,Senior Engineer
108951,Jessie,Radwan,Engineer
108954,Kellie,Vieri,Senior Engineer
108956,Domenick,Tibblin,Senior Engineer
108963,Sanjiv,Barvinok,Senior Engineer
108964,Kenton,Karnin,Engineer
108969,Kiyotoshi,Halevi,Senior Engineer
108971,Clyde,Feinberg,Senior Staff
108977,Otilia,Rettelbach,Technique Leader
108980,Kristina,Walston,Senior Staff
108985,Masanao,Bressoud,Senior Engineer
108987,Yishai,Hardjono,Staff
108993,Yongmin,Mitchem,Senior Staff
108994,Shahar,Bashian,Technique Leader
108997,Arch,Liesche,Senior Engineer
108998,Zhiguo,Chinen,Senior Engineer
109000,Shugo,Angot,Senior Engineer
109007,Arnd,Chimia,Engineer
109010,Shaibal,Yavatkar,Senior Engineer
109015,Girolamo,Yoshizawa,Senior Engineer
109028,Kenton,Seuren,Senior Engineer
109029,Bangqing,Ghazalie,Staff
109033,Tzu,Picco,Engineer
109034,Oscal,Atrawala,Senior Engineer
109036,Cullen,Usery,Technique Leader
109037,Susanne,Mawatari,Senior Engineer
109046,Huan,Fontan,Senior Engineer
109052,Xianlong,McFarlin,Senior Engineer
109053,Rosine,Kaiser,Senior Staff
109055,Marjo,Ratnaker,Senior Staff
109056,Abdelkader,Muhling,Senior Engineer
109059,Premsyl,Vendrig,Senior Engineer
109073,Shiv,Thorelli,Staff
109076,Tristan,Kriebel,Technique Leader
109080,Demin,Dratva,Senior Staff
109083,Moto,Merel,Staff
109088,Giap,Schaar,Senior Engineer
109090,Mircea,Bale,Engineer
109097,Maya,Jeong,Senior Staff
109098,Koldo,Bale,Staff
109101,Xianlong,Hennings,Staff
109105,Duri,Vieri,Engineer
109106,Akeno,Sichman,Engineer
109107,Arra,Stifter,Senior Engineer
109108,Goncalo,Besselaar,Senior Engineer
109111,Dietrich,Veevers,Senior Engineer
109114,Kwangyoen,Azevdeo,Engineer
109115,Aris,Stanfel,Senior Engineer
109116,Rosella,Chinen,Engineer
109117,Arnould,Garnier,Senior Staff
109121,Demin,Hoogerwoord,Senior Engineer
109125,Adly,Piveteau,Staff
109129,Gro,Oxenboll,Staff
109138,Theron,Fujisawa,Staff
109139,Spyrose,Stentiford,Staff
109141,Szabolcs,Busillo,Technique Leader
109147,Tetsushi,Dengi,Senior Engineer
109150,Jongsuk,Dayana,Senior Staff
109152,Seongbin,Ginneken,Technique Leader
109153,Rasikan,Ohori,Senior Engineer
109155,Serenella,Gill,Engineer
109159,Zito,Oxenboll,Engineer
109161,Aria,Manders,Senior Engineer
109164,Martijn,Slaats,Senior Engineer
109167,Uli,Harllee,Senior Staff
109168,Godehard,Lally,Senior Engineer
109169,Venkatesan,Jonsson,Senior Engineer
109171,Rafael,Grabner,Senior Engineer
109172,Adly,Ratzlaff,Senior Staff
109173,Dung,Maquelin,Senior Staff
109174,Sanjiv,Zschoche,Senior Engineer
109175,Hatsukazu,Kornyak,Senior Engineer
109180,Nevin,Rousseau,Senior Staff
109181,Rildo,Lally,Senior Staff
109182,Kwan,Cardazo,Senior Engineer
109184,Magy,Bala,Senior Engineer
109185,Heejo,Rullman,Assistant Engineer
109189,Billie,Codenie,Senior Staff
109193,Garnet,Scharstein,Senior Engineer
109196,Karoline,Demian,Staff
109204,Paris,Ratnakar,Engineer
109205,Shrikanth,Kuzuoka,Senior Staff
109206,LiMin,Fontan,Senior Staff
109218,Shakhar,Alblas,Senior Staff
109223,Jaewoo,Yoshimura,Senior Engineer
109231,Jianwen,Schiper,Senior Engineer
109235,Hugh,Asrin,Senior Staff
109243,Arvin,Kemmerer,Senior Engineer
109248,Sudharsan,Silva,Senior Staff
109255,Claudi,Crabtree,Staff
109261,Marla,Undy,Senior Staff
109263,Jessie,Erev,Senior Engineer
109264,Navin,Roison,Assistant Engineer
109267,Ziyad,Bardell,Technique Leader
109270,Amabile,Neiman,Senior Engineer
109273,Dinah,Lund,Staff
109275,Divine,Puppe,Senior Engineer
109280,Kirk,Rosay,Senior Engineer
109281,Moni,Bahk,Engineer
109284,Mingdong,Junot,Engineer
109285,Xudong,Nicolson,Senior Staff
109289,Jaewoo,Broomell,Senior Staff
109290,Shrikanth,Junot,Senior Staff
109291,Cullen,Theuretzbacher,Senior Engineer
109292,Atreye,Cronau,Senior Engineer
109293,Sachin,Androutsos,Engineer
109294,Udi,Savasere,Senior Engineer
109295,Magy,Waterhouse,Assistant Engineer
109303,Bojan,Rikino,Senior Engineer
109305,Dmitri,Fairtlough,Senior Staff
109306,Isaac,Pietrzykowski,Senior Staff
109310,Shaunak,Hofting,Senior Engineer
109311,Jianhui,Antonisse,Senior Staff
109316,Yinlin,Luck,Staff
109318,Gift,Brlek,Staff
109323,Shuho,Gomatam,Senior Engineer
109334,Tsutomu,Alameldin,Senior Staff
109341,Jungsoon,Kolvik,Engineer
109344,JiYoung,Perng,Senior Staff
109345,Isamu,Litecky,Senior Staff
109347,Kazuhiko,Angelopoulos,Engineer
109349,Stevo,Birrer,Staff
109350,Uli,Gihr,Senior Staff
109354,Vivian,Murtha,Staff
109355,Feiyu,Vuskovic,Senior Staff
109356,Carrsten,Puppo,Senior Engineer
109358,Ottavia,Halevi,Staff
109360,Arnould,Zeidenstein,Staff
109367,Filipp,Rousseau,Senior Staff
109369,Jenwei,Dymetman,Senior Engineer
109371,Gunilla,Penz,Engineer
109373,Becky,Pesch,Senior Engineer
109376,Guozhong,Smeets,Staff
109377,Arumugam,Conry,Senior Staff
109379,Ramya,Rindone,Senior Staff
109380,Kagan,Luan,Senior Staff
109381,Moon,Stasinski,Engineer
109389,Kwun,Pramanik,Senior Staff
109392,Sajjad,Picco,Senior Staff
109393,Bodo,Birrer,Senior Engineer
109395,Samphel,Pappas,Senior Engineer
109400,Arumugam,Borstler,Senior Staff
109402,Martijn,Roisin,Engineer
109413,Boguslaw,Otillio,Senior Engineer
109414,Niteen,Kalefeld,Senior Engineer
109421,Rosita,Birke,Staff
109425,Eric,Hettesheimer,Senior Staff
109427,Tremaine,Standera,Senior Staff
109433,Abdelwaheb,Dichev,Senior Staff
109436,Sanjit,Kamble,Senior Engineer
109445,Kazunori,Wendorf,Staff
109448,Subhankar,Socorro,Senior Engineer
109449,Marla,Champarnaud,Senior Staff
109451,Huei,Kropatsch,Senior Engineer
109455,Shaleah,Brookner,Staff
109457,Stevo,Rosiles,Staff
109465,Shaowei,Furedi,Senior Engineer
109470,Aram,Moffat,Staff
109481,Charmane,Heijenga,Senior Engineer
109483,Ziya,Schlumberger,Staff
109491,Percy,Monkewich,Senior Engineer
109493,Yannik,Fioravanti,Senior Engineer
109496,Mariusz,Esposito,Senior Staff
109502,Kamakshi,Langford,Staff
109504,Shai,Sewelson,Staff
109506,Divine,Kermarrec,Senior Staff
109508,Toshimi,Ramamoorthy,Senior Staff
109512,Shushma,Lalonde,Senior Staff
109514,Piyawadee,Zlotek,Senior Staff
109518,Mansur,Manders,Senior Engineer
109520,Rasikan,Lorin,Senior Engineer
109524,Mong,Merle,Staff
109528,Srinidhi,Kushnir,Senior Staff
109535,Hugo,Ernst,Engineer
109538,Moriyoshi,Gomatam,Senior Engineer
109539,Krisda,Swist,Senior Engineer
109549,Xinyu,Deville,Senior Engineer
109556,Sachio,Wilfing,Engineer
109559,Dekang,Serre,Senior Staff
109560,Ymte,Hoogerwoord,Senior Staff
109561,Radhika,Makinen,Senior Engineer
109565,Halsur,Kavvadias,Senior Engineer
109566,Mahendra,DasSarma,Staff
109570,Duke,Swift,Senior Engineer
109575,Jinxi,Kusalik,Senior Engineer
109581,Paraskevi,Shackel,Senior Engineer
109582,Ghassan,Panwar,Senior Staff
109584,Baoqiu,Sewelson,Senior Staff
109591,Itzchak,Verhoeff,Engineer
109599,Jinpo,Serra,Senior Engineer
109600,Xuejun,Chvatal,Staff
109602,Lucian,Panangaden,Senior Engineer
109607,Yonghong,Bressoud,Assistant Engineer
109610,Kotesh,Pelc,Senior Engineer
109612,Ingemar,Gopalakrishnan,Senior Engineer
109613,Radhia,Emiris,Senior Staff
109615,Chaosheng,Scallan,Assistant Engineer
109621,Bodh,Remmers,Engineer
109623,Parviz,Aingworth,Staff
109625,Luigi,Paciorek,Senior Engineer
109626,Bluma,Waschkowski,Senior Staff
109630,Mara,Syang,Senior Staff
109632,Heeju,Dayang,Staff
109635,Tamiya,Vanwelkenhuysen,Engineer
109639,Tamiya,Siprelle,Engineer
109642,Aron,Nanard,Senior Engineer
109643,Faiza,Ratzlaff,Senior Staff
109650,Chinya,Dredge,Engineer
109653,Bogdan,Simmen,Senior Engineer
109661,Chiranjit,Rothe,Technique Leader
109671,Nevio,Chinin,Senior Staff
109672,Maia,Zhiwei,Engineer
109673,Gian,Mapelli,Engineer
109674,Hidde,Azumi,Senior Staff
109675,Peer,McConalogue,Senior Staff
109678,Radhia,Onuegbe,Senior Staff
109681,Marsal,Ramaiah,Senior Engineer
109684,Boalin,Belinskaya,Staff
109685,Shigehiro,Georgakopoulos,Staff
109687,Khedija,Gecseg,Staff
109691,Paddy,Molberg,Senior Staff
109696,Poornachandra,Erdmenger,Senior Engineer
109699,Pintsang,Duclos,Senior Engineer
109701,Basil,Feinberg,Senior Engineer
109702,Jaihie,Maraist,Staff
109709,Susuma,Kaltofen,Senior Staff
109710,Miquel,Improta,Technique Leader
109712,Kazuhide,Stifter,Senior Staff
109715,Subhash,Miyakawa,Staff
109726,Douadi,Terekhov,Engineer
109727,Ramya,Gist,Senior Engineer
109729,Sorina,DiGiano,Senior Engineer
109730,Mats,Rubsam,Senior Engineer
109732,Valter,Condotta,Engineer
109734,Maya,Plessier,Senior Engineer
109736,Rasiah,Schach,Technique Leader
109740,Jacqueline,Bahl,Senior Staff
109744,Lansing,Hemaspaandra,Senior Staff
109747,Tadahiko,Rullman,Senior Staff
109748,Dayanand,Suessmith,Senior Engineer
109761,Sastry,Ressouche,Technique Leader
109772,Munehiko,Osgood,Senior Engineer
109773,Leandro,Rettelbach,Senior Staff
109775,Uli,Gill,Senior Staff
109777,Gro,Thorelli,Senior Engineer
109778,Yefim,Vitiello,Senior Staff
109779,Soenke,Stamatiou,Staff
109781,Arfst,Cummings,Senior Staff
109784,Arie,Streng,Technique Leader
109786,Candida,Gunderson,Assistant Engineer
109787,Shuho,Hebden,Senior Staff
109790,Torsten,Ravishankar,Senior Engineer
109793,Zhanqiu,Oppitz,Senior Engineer
109795,Francoise,Fujisaki,Senior Staff
109797,Jaewoo,Lipner,Staff
109798,Sanjay,Wendorf,Technique Leader
109799,Bouchung,Stanger,Senior Engineer
109801,Janalee,Sluis,Assistant Engineer
109804,Eldridge,Soicher,Senior Engineer
109809,Kazuhide,Cherinka,Senior Engineer
109811,Eric,Wendorf,Senior Engineer
109812,Fabrizio,Smeets,Staff
109818,Sajjad,Herber,Senior Staff
109820,Juichirou,Ghelli,Assistant Engineer
109822,Henk,Wiegley,Assistant Engineer
109824,Aleksander,Luit,Senior Staff
109827,Eckart,Strooper,Technique Leader
109829,Horward,Beznosov,Staff
109835,Gao,Nilsson,Staff
109837,Qiwen,Kusakari,Senior Staff
109838,Raimond,Stavenow,Senior Engineer
109846,Duke,Bolotov,Senior Engineer
109848,Fan,Kalloufi,Senior Staff
109851,Heping,Spell,Senior Staff
109852,Adel,Kusakabe,Senior Staff
109853,Kazuyasu,Melichar,Staff
109859,Kerryn,Knightly,Staff
109864,Khaled,Munck,Senior Staff
109867,Conor,Merle,Senior Engineer
109872,Ravishankar,Linares,Staff
109878,Goetz,Goldhammer,Senior Engineer
109884,Hongzhu,Pollock,Senior Engineer
109885,Mooi,Sessa,Senior Staff
109887,Odysseas,Bennis,Senior Staff
109889,Aiichiro,Lyonns,Engineer
109891,Shigenori,Mawatari,Senior Engineer
109894,Shin,Trelles,Senior Engineer
109895,Georgi,McClure,Staff
109898,Armond,Cardazo,Senior Engineer
109900,Gladys,Khalid,Senior Engineer
109902,Kersti,Terlouw,Senior Staff
109903,Gully,Kavraki,Senior Staff
109904,Jaber,Ariola,Senior Engineer
109905,Angus,Malabarba,Senior Engineer
109910,Guadalupe,McConalogue,Engineer
109912,Keiichiro,Silva,Senior Engineer
109915,Abdelghani,Cannane,Senior Staff
109922,Alair,Penttonen,Staff
109926,Tonia,Carrera,Engineer
109927,Haldun,Shanbhogue,Senior Engineer
109928,Arlette,Nergos,Senior Staff
109929,Jagoda,Vitiello,Staff
109930,Chaoyi,Reutenauer,Senior Engineer
109937,Jouni,Sooriamurthi,Engineer
109938,Kinh,Isard,Senior Engineer
109939,Hercules,Magalhaes,Senior Staff
109940,Tristan,Lyonns,Staff
109942,Willard,Orsini,Senior Staff
109947,Martijn,Zockler,Engineer
109949,Gian,Chinal,Senior Engineer
109950,Youssef,Colorni,Technique Leader
109951,Nahla,Pell,Senior Engineer
109966,Khatoun,Valette,Senior Staff
109970,Irene,Masaki,Senior Engineer
109973,Shigenori,Kemmerer,Staff
109978,Demin,Clemencon,Engineer
109979,Sumant,Kaelbling,Senior Engineer
109984,Shan,Vesna,Senior Staff
109987,Nitsan,Ginneken,Senior Staff
109990,Rosalie,Parfitt,Senior Staff
109991,Jinxi,Reistad,Senior Engineer
109992,Cheong,Heering,Staff
109993,Danel,Furudate,Senior Staff
109996,Dines,Gelosh,Senior Staff
109997,Miquel,Borovoy,Senior Engineer
109998,Mizuhito,Heping,Staff
109999,Janche,Coombs,Technique Leader
110183,Shirish,Ossenbruggen,Staff
110386,Shem,Kieras,Technique Leader
110765,Rutger,Hofmeyr,Technique Leader
111133,Hauke,Zhang,Manager
111534,Hilary,Kambil,Manager
111692,Tonny,Butterworth,Staff
200008,Zeydy,Hutter,Senior Staff
200009,Gererd,Capobianchi,Senior Staff
200010,Petter,Pelz,Staff
200012,Kwun,Poujol,Senior Engineer
200013,Kannan,Czap,Senior Engineer
200019,Sham,Danley,Engineer
200027,Nathalie,Godskesen,Senior Staff
200030,LiMin,Schonegge,Senior Engineer
200031,Rafail,Esposito,Senior Engineer
200035,Yifei,Begiun,Senior Staff
200041,Vishwani,Linares,Senior Staff
200047,Charlene,Miculan,Senior Staff
200048,Ronghao,Remmele,Senior Engineer
200050,Kensyu,Thorelli,Senior Engineer
200054,Rildo,Cronan,Senior Engineer
200057,Gay,Dayana,Engineer
200060,Faiza,Limongiello,Engineer
200061,Bouchung,Imataki,Technique Leader
200066,Lobel,Prampolini,Engineer
200069,Chuanyi,Maraist,Senior Staff
200070,Yurii,Sury,Senior Engineer
200071,Karsten,Boyle,Senior Staff
200074,Muzhong,Birjandi,Senior Staff
200076,Rafail,Flanders,Senior Engineer
200078,Nahid,Sury,Senior Engineer
200079,Candida,Riefers,Senior Staff
200088,Malu,Kaiser,Senior Staff
200089,Sampalli,Kuhnemann,Senior Staff
200100,Kazuhito,Akaboshi,Senior Staff
200103,Debaprosad,Baby,Engineer
200108,Abdelwaheb,Chvatal,Senior Engineer
200116,Eben,Nivat,Senior Staff
200117,Uri,Conta,Engineer
200120,Shrikanth,Kenevan,Staff
200128,Oscar,Lakshmanan,Senior Engineer
200130,Syozo,Schwaller,Senior Staff
200133,Serif,Schlegelmilch,Senior Staff
200136,Tristan,Facello,Technique Leader
200137,Takahito,Legleitner,Senior Staff
200140,Yaghout,Grospietsch,Senior Engineer
200147,Snehasis,Lyonns,Engineer
200148,Sajjan,Schapire,Engineer
200150,Bilhanan,Famili,Staff
200151,Guangming,Verhoeff,Senior Engineer
200152,Rutger,Sgarro,Staff
200158,Shigenori,Sgarro,Senior Staff
200159,Deborah,Zaiane,Staff
200162,Debaprosad,Alencar,Technique Leader
200166,Huan,Feldmann,Staff
200170,Pranav,Frijda,Engineer
200171,Hilari,Gyorkos,Senior Staff
200173,Premal,Hemaspaandra,Engineer
200178,Bangqing,Riesenhuber,Senior Engineer
200183,Berhard,Kakkar,Staff
200185,Fay,Standera,Senior Staff
200189,Xuejun,Ballarin,Engineer
200194,Nobuyoshi,Zwicker,Senior Staff
200196,Xuejia,Akazan,Senior Engineer
200201,Makato,Ouhyoung,Senior Engineer
200202,Maria,Radwan,Senior Staff
200206,Leandro,Valiente,Engineer
200212,Erez,Suomi,Senior Staff
200216,Jianhua,Merey,Engineer
200218,Radhika,Lichtman,Senior Staff
200221,Hinrich,Marquardt,Senior Staff
200225,Gay,Stiles,Senior Staff
200226,Kitty,Salinas,Engineer
200227,Tru,Jumpertz,Senior Engineer
200238,Nahla,Naudin,Assistant Engineer
200247,Chaoyi,Beznosov,Senior Staff
200250,Arvin,Facello,Senior Staff
200251,King,Vasanthakumar,Engineer
200256,Greger,Hockney,Senior Staff
200260,Tse,Radivojevic,Senior Engineer
200262,Kazuyasu,Tetzlaff,Staff
200264,Barna,Cusworth,Senior Engineer
200266,Yongqiao,Erbe,Senior Staff
200274,Heekeun,England,Senior Staff
200275,Van,Honglei,Senior Staff
200281,Cheong,Schach,Senior Staff
200282,Chuanyi,Carrera,Senior Engineer
200287,Bowen,Edelhoff,Senior Staff
200289,Thodoros,Schurmann,Senior Staff
200295,Kirk,Lammel,Senior Staff
200306,Francoise,Slutz,Engineer
200309,Mahendra,DasSarma,Engineer
200311,Yunming,Sidje,Engineer
200316,Morrie,Fioravanti,Engineer
200317,Aleksandar,Angel,Engineer
200319,Gudjon,Erde,Senior Engineer
200323,Almudena,Rosch,Engineer
200324,Masamitsu,McDermid,Senior Engineer
200329,Kwee,Vakili,Senior Staff
200331,Mohamadou,Back,Staff
200332,Feipei,Goldhammer,Engineer
200333,Honesty,Kruskal,Senior Engineer
200334,Basem,Bojadziev,Senior Engineer
200337,Stella,Wiegley,Senior Engineer
200342,Ger,Goldhammer,Senior Staff
200348,Abdulla,Back,Senior Engineer
200352,Yucel,Jansen,Senior Engineer
200353,Shawna,Zirintsis,Senior Staff
200355,Moon,Dredge,Senior Engineer
200357,Utz,Junet,Senior Staff
200362,Hilari,Stanfel,Engineer
200364,Boriana,Akazan,Senior Staff
200365,Shiv,Tramer,Engineer
200368,Yuichiro,Kornyak,Technique Leader
200370,Rafail,Trumbly,Senior Engineer
200371,Shin,Seuren,Senior Engineer
200373,Berthier,Morton,Engineer
200380,Foong,Kriebel,Senior Engineer
200382,Mansur,Pauthner,Senior Staff
200385,Adamantios,Rissanen,Assistant Engineer
200386,Roddy,Ranze,Senior Engineer
200388,Sanjeeva,Lamma,Technique Leader
200394,Luise,Axelband,Senior Staff
200396,Aris,Barbanera,Senior Staff
200399,Hairong,Krohn,Senior Engineer
200400,Goo,Negoita,Senior Staff
200407,Duke,Kropf,Engineer
200409,Josyula,Carrere,Staff
200411,Jaewon,Yurek,Senior Staff
200413,Luigi,Linares,Senior Staff
200414,Arch,Keirsey,Senior Engineer
200417,Ishfaq,Hennebert,Technique Leader
200418,Serif,Terlouw,Engineer
200423,Giao,Koblick,Senior Staff
200424,Sugwoo,Stroustrup,Senior Engineer
200433,Gilbert,Bolotov,Senior Staff
200434,Mabry,Boguraev,Assistant Engineer
200435,Vincent,Kroll,Senior Staff
200443,Goh,Einsfeld,Senior Staff
200454,Hirochika,Fargier,Engineer
200455,Aksel,Businaro,Senior Staff
200457,Sudhanshu,Breugel,Senior Engineer
200458,Arve,Osgood,Senior Staff
200460,Adit,Guting,Engineer
200463,Make,Wossner,Staff
200464,Mantis,Chelton,Senior Staff
200473,Xiahua,Angelopoulos,Senior Staff
200475,Aamod,Verhaegen,Engineer
200476,Vishwani,Frezza,Senior Engineer
200477,Weidon,Mahnke,Engineer
200479,Neven,Syrotiuk,Staff
200486,Vidar,Junet,Senior Staff
200491,Chinhyun,Bain,Senior Engineer
200492,Mizuhito,Leonhardt,Staff
200493,Aiichiro,Peng,Senior Engineer
200496,Gil,Yoshizawa,Staff
200499,Rafail,Bultermann,Senior Staff
200503,Kersti,Schapire,Senior Staff
200504,Dmitri,Farris,Senior Engineer
200511,Duke,Gilg,Staff
200512,Christophe,Engberts,Senior Staff
200514,Saeed,Wossner,Senior Engineer
200516,Jeanne,Muhlberg,Senior Engineer
200517,Alejandro,Veldwijk,Senior Engineer
200518,Kwangsub,Masamoto,Senior Engineer
200526,Divine,Czaja,Engineer
200535,Vugranam,Isard,Senior Staff
200536,Sugwoo,Speek,Senior Staff
200538,Tsuneo,Pepe,Senior Staff
200543,Sanjai,Ushiama,Senior Staff
200547,Adil,Foong,Senior Staff
200551,Uli,Pena,Engineer
200553,Shen,Stroustrup,Engineer
200556,Dulce,Spieker,Senior Engineer
200558,Along,Griswold,Staff
200561,Mana,Setia,Senior Engineer
200563,Weiye,Qiwen,Staff
200564,Elrique,Kenevan,Senior Staff
200565,Chinhyun,Cronin,Senior Engineer
200574,Quingbo,Luke,Engineer
200575,Izaskun,Kuzuoka,Senior Staff
200576,Mario,Yeung,Staff
200586,Geraldo,Beznosov,Senior Engineer
200590,Chikara,Keustermans,Senior Staff
200591,Jaewoo,Highland,Engineer
200592,Fay,Thibadeau,Senior Staff
200593,Kagan,Henders,Staff
200596,Kamran,Woycyznski,Senior Engineer
200597,Adly,Saoudi,Senior Engineer
200598,Werner,Gimbel,Senior Engineer
200600,Behnaam,Oppitz,Senior Staff
200601,Susuma,Lindqvist,Senior Staff
200605,Serenella,Rikino,Staff
200612,Dannz,Veevers,Senior Staff
200618,Berna,Panienski,Staff
200629,Itzchak,McFarlin,Technique Leader
200632,TRUE,Mattern,Senior Staff
200636,Venkatesan,Iisaka,Engineer
200639,Jianhui,dAstous,Engineer
200645,Chuanyi,Guardalben,Staff
200653,Amalendu,Mitchem,Technique Leader
200655,Almudena,Benaini,Senior Engineer
200657,Boalin,Markovitch,Technique Leader
200658,Nathan,Gire,Senior Staff
200666,Weicheng,Dusink,Senior Staff
200681,Aris,Badr,Senior Engineer
200684,Srinidhi,Cullers,Senior Staff
200687,Berto,Stassinopoulos,Senior Engineer
200695,Geraldo,Zongker,Senior Engineer
200697,Takahiro,Doering,Senior Staff
200700,Krister,Ducloy,Senior Staff
200702,Mary,Eldridge,Senior Engineer
200714,JoAnne,Sudbeck,Senior Staff
200715,Gretta,Schwabacher,Senior Staff
200716,Bodh,Billingsley,Engineer
200720,Shooichi,Dengi,Staff
200722,Nahla,Delgrande,Senior Staff
200724,Hatem,DiGiano,Senior Engineer
200725,Nikolaos,Buchter,Engineer
200727,Mamdouh,Brlek,Engineer
200729,Emdad,Lorys,Staff
200731,Takanari,Ressouche,Engineer
200738,Mads,Bach,Senior Engineer
200740,Remzi,Onuegbe,Senior Engineer
200743,Annemarie,Roohalamini,Senior Staff
200746,Tremaine,Lorho,Staff
200747,Kazuhiro,Kugler,Senior Staff
200749,Terresa,Haraldson,Senior Engineer
200750,Jeane,Kusakabe,Senior Staff
200752,Hausi,Wiegley,Senior Engineer
200754,Khatoun,Camarinopoulos,Technique Leader
200757,Piyush,Engelmann,Engineer
200761,Yahiko,Ohori,Senior Staff
200768,Minghong,Schmittgen,Senior Staff
200776,Sigeru,Merlo,Senior Staff
200780,Heon,Ramras,Senior Staff
200783,Aloys,McFarlan,Engineer
200785,Aemilian,Schlenzig,Staff
200790,Chenxi,Carrere,Senior Staff
200792,Eirik,McFarlin,Senior Engineer
200794,Maia,Silva,Staff
200797,Pragnesh,Kilgore,Senior Engineer
200798,Godehard,Kossowski,Senior Engineer
200801,Tomokazu,Chorvat,Senior Staff
200802,Katsuo,Manders,Senior Staff
200804,Susanta,Baba,Senior Engineer
200805,Souichi,Velasco,Engineer
200809,Arvin,Basawa,Senior Staff
200813,Radhika,Ranon,Senior Engineer
200814,Shai,Hegner,Senior Staff
200815,Cathie,Vieth,Senior Staff
200820,Morris,Chinen,Staff
200823,Arvind,Ertl,Staff
200828,Adib,Reinhart,Senior Staff
200831,Leandro,Koshiba,Staff
200834,Jiang,Hatcliff,Senior Staff
200842,Nishit,Manders,Staff
200848,Luisa,Trumbly,Senior Engineer
200849,Venkatesan,Ozeki,Senior Engineer
200850,Bernd,Koblitz,Senior Staff
200852,Sverrir,Varley,Senior Staff
200853,Mari,Rosis,Senior Engineer
200854,Lene,Asmuth,Senior Engineer
200855,Berthier,Rodiger,Senior Staff
200859,Deniz,Melter,Staff
200860,Gino,Brickell,Staff
200863,Shuky,Kroon,Staff
200864,Arco,Bhattacharjee,Staff
200870,Zhensheng,Senzako,Senior Engineer
200872,Bangqing,Thambidurai,Senior Staff
200875,Mohua,Rosay,Staff
200880,Francesca,Matheson,Senior Staff
200889,Subhrajyoti,Viele,Engineer
200890,Lidong,Setia,Assistant Engineer
200891,Arvin,Detkin,Assistant Engineer
200898,Keiichiro,Sommer,Senior Staff
200899,Ranan,Schwartzburd,Senior Staff
200904,Ziva,Cincotta,Staff
200906,Pradeep,Kusakari,Senior Engineer
200909,Neven,Krogh,Senior Staff
200914,IEEE,Setiz,Senior Engineer
200918,Koldo,Narwekar,Technique Leader
200923,Boguslaw,Angiulli,Senior Engineer
200926,Arunas,Radivojevic,Senior Staff
200931,Guoxiang,Stille,Senior Staff
200935,Ulf,Ozery,Senior Staff
200943,Anwar,Furudate,Senior Engineer
200949,Gretta,Ramsay,Senior Engineer
200951,Shalesh,Brender,Senior Staff
200952,Khedija,Hutter,Senior Engineer
200953,Tadahiro,Lagarias,Senior Engineer
200954,Bojan,Garnier,Senior Staff
200956,Alassane,Kadhim,Senior Staff
200958,Khatoun,Rabehasaina,Staff
200959,Dhritiman,Speek,Senior Engineer
200962,Goh,Melter,Senior Staff
200965,Nevio,Fiutem,Staff
200967,Xiaobin,Brodal,Technique Leader
200971,Ferdinand,Jullig,Senior Staff
200980,Francesca,Swen,Technique Leader
200984,Niranjan,Picht,Senior Staff
200985,Shichao,Gecseg,Senior Staff
200987,Sashi,Reinhart,Senior Engineer
200995,Chuanyi,Aumann,Staff
200997,Turgut,Ernst,Senior Engineer
200998,DeForest,Simkin,Staff
200999,Ger,Streng,Senior Engineer
201003,Gully,Gaughan,Senior Engineer
201007,Yonghong,Scharstein,Senior Staff
201014,Geoff,Siprelle,Senior Staff
201015,Kerhong,Yoshimura,Staff
201019,Janalee,Thimonier,Senior Engineer
201022,Basil,Baez,Technique Leader
201023,Goh,Mellouli,Staff
201034,Ioana,Montemayor,Senior Staff
201039,Fabrizio,Cappelletti,Senior Engineer
201045,Uma,Huttel,Senior Staff
201051,Serap,Rosca,Senior Staff
201058,Yuriy,Verspoor,Senior Engineer
201068,Utpal,Bratten,Technique Leader
201070,Rayond,Billawala,Staff
201073,Paris,Hiraishi,Senior Staff
201075,Szabolcs,Rousseau,Staff
201083,Freyja,Gulik,Staff
201085,Yurij,Clemencon,Staff
201089,Felicidad,Luon,Senior Engineer
201091,Susanna,Cangellaris,Senior Staff
201092,Alejandro,Hedayat,Senior Engineer
201094,Martial,Passafiume,Engineer
201098,Laurentiu,Kushner,Engineer
201100,Doohun,Streng,Engineer
201104,Taegyun,Sadowski,Senior Engineer
201109,Gita,Hertweck,Senior Staff
201110,Kazuhiko,Bratten,Senior Staff
201111,Mabo,Rajcani,Senior Staff
201120,Navin,Akaboshi,Senior Engineer
201122,Kristen,Camarinopoulos,Technique Leader
201123,Baoqiu,Choobineh,Staff
201124,Gurbir,Pulkowski,Engineer
201125,Bedir,Wolniewicz,Senior Engineer
201126,Jaewoo,Kitsuregawa,Senior Engineer
201127,Parke,Reeker,Senior Staff
201131,Shalesh,Erie,Engineer
201132,Tadahiko,Showalter,Senior Staff
201133,Chaitali,Stiles,Senior Staff
201134,Youngkon,Sommer,Senior Engineer
201135,Shaw,Jahnichen,Senior Staff
201141,Jiafu,Zielinski,Senior Staff
201147,Abdelghani,Biran,Engineer
201148,Sanjeeva,Gecsel,Senior Engineer
201150,Chaosheng,Miculan,Assistant Engineer
201153,Uwe,Hopewell,Engineer
201154,Mansur,Janocha,Senior Staff
201156,Eben,Erdi,Senior Engineer
201157,Jasminko,Fontan,Staff
201162,Bowen,Hegner,Senior Engineer
201163,Almudena,Perry,Senior Engineer
201165,Jianwen,Kemmerer,Senior Staff
201168,Henk,Camurati,Staff
201169,Ashish,Syrzycki,Senior Staff
201171,Zhenhua,Hofmeyr,Engineer
201173,Martien,Vecchi,Senior Engineer
201176,Masami,Auyong,Senior Staff
201178,Kristof,Conta,Senior Staff
201190,Zdislav,Melski,Technique Leader
201191,Kitty,Basagni,Staff
201192,Mohan,Duclos,Engineer
201194,Oksana,Mersereau,Senior Staff
201195,Torsten,Trogemann,Senior Staff
201201,Joydip,Basawa,Senior Staff
201205,Shaunak,Haddadi,Senior Engineer
201209,Basem,Fargier,Senior Staff
201212,Irena,Majewski,Senior Staff
201213,Constantijn,Flexer,Senior Engineer
201217,Ebru,Comyn,Staff
201224,Aksel,Isaak,Senior Engineer
201225,Dinah,Anick,Senior Staff
201226,Snehasis,Rusterholz,Senior Engineer
201228,Shem,Jayawardene,Senior Staff
201231,Chenyi,Flexer,Engineer
201238,Karlis,Makrucki,Senior Staff
201246,Yucel,Marchesini,Senior Engineer
201248,Nahla,Randi,Senior Staff
201250,Yuguang,Marchesini,Senior Engineer
201252,Sreenivas,Billingsley,Senior Staff
201256,Takanari,Undy,Senior Engineer
201259,Nikolaos,Muhlberg,Senior Engineer
201264,Aron,Perry,Senior Engineer
201265,Sajjan,Crooks,Senior Staff
201266,Uma,Rissanen,Senior Staff
201269,Pranav,Brookman,Senior Engineer
201272,Masasuke,Preusig,Engineer
201276,Jiang,Nittel,Senior Staff
201277,Mack,Boissier,Senior Staff
201278,Aloys,Cherinka,Senior Engineer
201280,Adit,Varley,Senior Engineer
201283,Brendon,Rahimi,Senior Staff
201285,Bojan,Conta,Senior Staff
201286,Abdelkader,Siprelle,Engineer
201287,Herb,Marshall,Senior Staff
201293,Danae,Yetim,Senior Staff
201297,Chaosheng,Hennebert,Staff
201298,Weiye,Luit,Staff
201300,Chinya,Imataki,Senior Engineer
201303,Shigeu,Garnham,Technique Leader
201305,Byong,Khalid,Senior Engineer
201306,Mani,Landherr,Senior Staff
201309,Mandell,Rosiles,Staff
201310,Billie,Gelosh,Staff
201313,Susanta,Zweizig,Engineer
201320,Marsja,Kugler,Staff
201324,Zvonko,Stanfel,Senior Engineer
201326,Naraig,Erman,Technique Leader
201327,Demos,Pluym,Senior Staff
201328,Divier,Carrere,Staff
201331,Aleksandar,Mamelak,Senior Staff
201333,Mircea,Perl,Senior Engineer
201342,Ramachenga,Maierhofer,Senior Engineer
201346,Bouchung,Orlowska,Senior Engineer
201348,Renee,Esposito,Senior Engineer
201351,Heeju,Peak,Senior Staff
201352,Zeljko,Bressoud,Senior Engineer
201355,Valery,Prochazka,Assistant Engineer
201358,Toshimitsu,Erdmenger,Senior Staff
201362,Pradeep,Luck,Senior Staff
201366,Masanao,Farris,Technique Leader
201368,Vishu,Baumann,Senior Engineer
201372,Elgin,Kitai,Senior Staff
201374,Luigi,Fendler,Senior Engineer
201378,IEEE,Cappelli,Senior Engineer
201379,Jagoda,Karnin,Technique Leader
201381,Sadok,Basawa,Senior Engineer
201383,Changho,Garnick,Senior Engineer
201384,Dinah,Narahara,Engineer
201385,Saniya,Vecchio,Senior Engineer
201392,Dhritiman,Kavanagh,Engineer
201399,Khosrow,Kropatsch,Engineer
201400,Feipei,Koblick,Technique Leader
201406,Gilbert,Raney,Senior Engineer
201410,Renny,Gils,Technique Leader
201412,Jagoda,Gammage,Senior Staff
201418,Rimli,Cyne,Senior Staff
201423,Phule,Parveen,Engineer
201424,Leon,Frijda,Engineer
201426,Garnet,Sudkamp,Senior Staff
201429,Kristine,Gecsel,Senior Engineer
201430,Mary,Melski,Engineer
201433,Tonny,Journel,Senior Staff
201435,Kazunori,Awdeh,Staff
201436,Duro,Porotnikoff,Senior Engineer
201442,Perla,Uhrig,Engineer
201444,Hongzhu,Businaro,Senior Engineer
201453,Guttorm,Hainaut,Senior Engineer
201454,Eberhardt,Dredge,Senior Staff
201456,Udi,Swab,Engineer
201462,Jolita,Erva,Senior Staff
201465,Etsuo,Peyn,Senior Engineer
201466,Vitali,Ladret,Staff
201478,Hilari,Renear,Engineer
201479,Jordanka,Puoti,Engineer
201480,Stabislas,Duclos,Senior Staff
201487,Paris,Besselaar,Senior Staff
201489,Neven,DiGiano,Engineer
201490,Elrique,Masaki,Senior Staff
201492,Shrikanth,Demizu,Senior Staff
201496,Waiman,Weedman,Assistant Engineer
201499,Dipankar,Rosen,Senior Engineer
201507,Sergi,Hebden,Senior Staff
201517,Yoshinari,Jayawardene,Senior Staff
201523,Marjo,Buescher,Senior Engineer
201524,Felicidad,Flasterstein,Senior Engineer
201525,Mircea,Krohm,Engineer
201527,Shem,Mitsuhashi,Senior Staff
201531,Sukumar,Erni,Senior Staff
201533,Saeko,Kuzuoka,Senior Staff
201536,Shalesh,Birke,Senior Engineer
201537,Hinrich,Benaini,Senior Staff
201541,Nevin,Range,Engineer
201542,Leen,Wixon,Senior Staff
201544,Krister,Zaiane,Staff
201547,Sampalli,Juneja,Senior Staff
201549,Yolla,Sadowski,Staff
201556,Gina,Cappelletti,Senior Staff
201557,Odoardo,Sifakis,Senior Staff
201559,Hailing,Gyimothy,Senior Engineer
201560,Brendon,Varley,Senior Staff
201563,Huei,Vadhan,Senior Staff
201564,Kazuhide,Angelov,Senior Engineer
201568,Rajmohan,Peot,Senior Staff
201573,Nikolaus,Herath,Senior Engineer
201574,Zissis,Bade,Engineer
201576,Herbert,Levergood,Staff
201583,Boutros,Woycyznski,Senior Staff
201588,Phillip,Poulakidas,Engineer
201592,Masaki,Pargaonkar,Engineer
201597,Kamran,Basart,Staff
201600,Xinan,Fasbender,Senior Engineer
201603,Vincent,Lores,Senior Engineer
201613,Zeljko,Shrader,Senior Engineer
201614,Mingsen,Swick,Senior Staff
201618,Hyuncheol,Riesenhuber,Senior Staff
201621,Kagan,Plump,Senior Staff
201622,Kotesh,Lorie,Staff
201625,Seshu,Hemaspaandra,Engineer
201628,Chaoyi,Massonet,Senior Engineer
201632,Remmert,Plumb,Staff
201633,Shigehito,Vidal,Senior Staff
201635,Constantine,Lundstrom,Staff
201641,Yechezkel,Benzaken,Senior Engineer
201643,Xinan,Mukaidono,Technique Leader
201645,Gino,Olano,Senior Staff
201650,Shaunak,Dymetman,Technique Leader
201651,Isaac,Yetim,Senior Engineer
201657,Jamaludin,Facello,Senior Engineer
201658,Shaw,Iivonen,Engineer
201662,Khalid,Cronau,Senior Engineer
201665,Troy,Alencar,Senior Staff
201670,Jessie,Perz,Engineer
201671,Adam,Lambe,Engineer
201672,Yinlin,Pietracaprina,Staff
201678,Alper,McFarlan,Senior Engineer
201681,Hitofumi,Tetzlaff,Senior Engineer
201685,Ishfaq,Tsukuda,Senior Engineer
201686,Brewster,Comte,Senior Engineer
201688,Khatoun,Masamoto,Engineer
201690,Uli,Valtorta,Engineer
201692,Mara,Snedden,Staff
201693,Lalit,Kaelbling,Staff
201695,Jouni,Junot,Senior Engineer
201698,Danai,Billingsley,Technique Leader
201699,Aamod,Lorie,Staff
201700,Aran,Lovengreen,Engineer
201701,Yishai,Tasistro,Senior Engineer
201703,Hercules,Coors,Senior Engineer
201714,Lokesh,Hinsberger,Senior Engineer
201717,Adin,Gimbel,Assistant Engineer
201720,Shuky,Percebois,Senior Staff
201724,Danco,Maierhofer,Senior Engineer
201725,Yucai,Strehl,Senior Engineer
201729,Fuqing,Nilsson,Senior Engineer
201731,Atreyi,Eterovic,Senior Staff
201733,Kirk,Melichar,Engineer
201736,Randi,Falster,Senior Staff
201742,Dung,Erva,Senior Staff
201750,Dharmaraja,Silva,Senior Engineer
201756,Mart,Oxman,Staff
201759,Boaz,Grabner,Senior Engineer
201760,Arunas,Monkewich,Staff
201761,Toshimi,Crouzet,Senior Engineer
201765,Rafail,Jansen,Engineer
201770,Weijing,Rodham,Senior Staff
201773,Krassimir,Linares,Senior Engineer
201775,Luerbio,Itschner,Senior Staff
201777,Wonhee,Perl,Senior Staff
201778,Kshitij,Kropp,Senior Engineer
201780,Franziska,Pardalos,Staff
201782,Nidapan,Provine,Senior Engineer
201785,Jiann,Uchoa,Senior Engineer
201789,Sreekrishna,Sethi,Engineer
201794,Garnet,Mersereau,Senior Engineer
201796,Zengping,Poehlman,Senior Engineer
201803,Alagu,Kabayashi,Senior Staff
201804,Xuejun,Pelc,Engineer
201810,Sadegh,Syang,Engineer
201814,Yechezkel,Raney,Senior Staff
201815,Guther,Cooke,Senior Engineer
201819,Jaihie,Taubman,Senior Staff
201821,Arne,Eterovic,Senior Engineer
201829,Tadahiko,Heydon,Senior Staff
201837,Masamitsu,Ermel,Technique Leader
201840,Adam,Narwekar,Staff
201845,Vitali,Rosin,Staff
201848,Elvis,Ebeling,Senior Staff
201854,Lunjin,Varman,Senior Engineer
201857,Piyush,Lanzelotte,Senior Engineer
201860,Demin,Sewelson,Senior Engineer
201863,Indrajit,Birjandi,Assistant Engineer
201867,Gonzalo,Ginneken,Senior Staff
201869,Aluzio,Mansanne,Senior Staff
201878,Mani,Binding,Staff
201879,Paloma,Crelier,Senior Staff
201884,Chikara,Matzat,Engineer
201887,Wuxu,Chenney,Engineer
201890,Yuguang,Zaiane,Senior Engineer
201891,Siamak,Pelz,Senior Staff
201892,Chenyi,Theuretzbacher,Senior Engineer
201896,Fusako,Kohling,Senior Engineer
201901,Toshiki,Ciolek,Staff
201904,Toshimori,Krider,Senior Staff
201907,Mechthild,Hinsberger,Senior Engineer
201911,Sanjay,Yeung,Senior Staff
201914,Mohamadou,Veccia,Senior Staff
201916,Salvador,Prampolini,Senior Engineer
201917,Arlette,Billingsley,Engineer
201921,Xuejun,Heystek,Senior Engineer
201923,Lenore,Homond,Senior Staff
201926,Woody,Lipner,Senior Engineer
201931,Chirstian,Anily,Technique Leader
201932,Mizuhito,Covnot,Senior Engineer
201933,Xianlong,Ranst,Staff
201936,Remmert,Ishibashi,Senior Staff
201939,Kankanahalli,Shihab,Technique Leader
201943,Aruna,Peral,Senior Staff
201944,Shooichi,Guting,Senior Engineer
201948,Yongqiao,Legleitner,Engineer
201950,Vasilis,Bennis,Senior Engineer
201953,Hercules,Waeselynck,Senior Engineer
201956,Kazuhito,Biron,Senior Engineer
201957,Moheb,Iisaku,Senior Engineer
201958,Georg,Morton,Senior Engineer
201959,Kazuhito,Yurek,Senior Engineer
201964,Val,Kropp,Engineer
201974,Yuchang,Georgakopoulos,Senior Engineer
201976,Achilleas,Rosay,Engineer
201979,Takanari,Dymetman,Senior Staff
201981,Hsiangchu,Emmart,Senior Staff
201983,Janche,Radhakrishnan,Senior Staff
201985,Suebskul,Tomescu,Senior Engineer
201988,Shridhar,Heijenga,Senior Engineer
201989,Maja,Schmezko,Senior Staff
201992,Prasadram,Journel,Senior Staff
201993,Shigehito,Kroll,Staff
201996,Mitsuyuki,Kakkad,Senior Staff
201997,Aran,Baez,Senior Staff
201998,Weiwu,Lueh,Engineer
202000,Erzsebet,Passino,Senior Engineer
202001,Dzung,Parveen,Engineer
202003,Baoqiu,Nivat,Senior Staff
202004,Ayakannu,Gladwell,Senior Staff
202005,Domenick,Neiman,Senior Engineer
202006,Gritta,Peac,Engineer
202013,Tremaine,Luders,Senior Staff
202014,Mara,Bernatsky,Senior Staff
202019,Menkae,Picaronny,Senior Staff
202023,Mabhin,Radivojevic,Senior Engineer
202026,Maria,Peternell,Senior Staff
202027,Arve,Puoti,Senior Staff
202033,Nishit,Oaver,Senior Engineer
202035,Suzette,Zumaque,Senior Engineer
202036,Ottavia,Desikan,Staff
202037,Kiyomitsu,Azuma,Senior Staff
202038,Bluma,Streit,Engineer
202039,Frederique,Ghazalie,Senior Engineer
202042,Margareta,Strehl,Senior Staff
202053,Danil,Axelband,Senior Engineer
202054,Wonhee,Hofmeyr,Senior Staff
202056,Breannda,Falster,Senior Engineer
202059,Kazuhide,Pietracaprina,Senior Staff
202060,Kasturi,Magalhaes,Senior Staff
202063,Xiaoqiu,Flanders,Staff
202067,Youngkon,Mandelberg,Senior Engineer
202071,Charmane,Moehrke,Senior Engineer
202075,Stafford,Peternell,Staff
202076,Zeljko,Frolund,Senior Engineer
202078,Odinaldo,Marzano,Engineer
202081,Geraldo,Luke,Senior Staff
202083,Kwok,Heinisuo,Senior Staff
202084,Aamer,Birch,Engineer
202085,DAIDA,Danley,Senior Staff
202091,Weiru,Rothenberg,Staff
202093,Filipp,Bellone,Staff
202095,Muzhong,Bakhtari,Senior Staff
202096,Leucio,Baak,Senior Staff
202097,Uinam,Esteva,Senior Staff
202102,Oldrich,Siprelle,Senior Engineer
202103,Uli,Savasere,Senior Staff
202105,Taegyun,Lienhardt,Senior Engineer
202111,Irene,Breugel,Senior Staff
202119,Adib,Passino,Senior Staff
202120,Toshiki,Brookman,Engineer
202126,Taegyun,Merli,Engineer
202129,Shao,Luef,Senior Staff
202134,Etsuo,Swab,Senior Engineer
202142,LiMin,Varley,Senior Engineer
202144,Atreye,Reutenauer,Senior Engineer
202145,Lubomir,Ghandeharizadeh,Senior Engineer
202149,Pragnesh,Bridgland,Senior Staff
202153,Zhiwei,Suermann,Senior Staff
202154,Adin,Azulay,Engineer
202155,Zejun,Bage,Staff
202156,Arunas,Rathonyi,Assistant Engineer
202161,Takahira,Kusalik,Senior Engineer
202163,Fayez,Dayana,Senior Staff
202165,Hyuckchul,Melter,Senior Staff
202168,Moss,Michaels,Senior Engineer
202173,Ekawit,Veeraraghavan,Senior Staff
202175,Dzung,Akaboshi,Technique Leader
202179,Emran,Munch,Senior Engineer
202181,Masami,Egerstedt,Staff
202182,Nalini,Luce,Engineer
202184,Abdelwaheb,Papadias,Senior Engineer
202185,Anyuan,Slaats,Technique Leader
202189,Chuanti,Hopewell,Senior Engineer
202190,Aemilian,Braccini,Senior Engineer
202193,Carrsten,Mitzlaff,Senior Engineer
202194,Masako,Covnot,Senior Engineer
202210,Changho,Perko,Engineer
202211,Izaskun,Janocha,Senior Engineer
202213,Yolla,Luit,Engineer
202222,Marsja,Turnbull,Technique Leader
202223,Marit,Waschkowski,Senior Staff
202232,Mack,Lalonde,Senior Engineer
202234,Gregory,Peek,Senior Staff
202236,Arie,Naudin,Senior Staff
202243,Hidde,Lindenbaum,Senior Staff
202246,Froduald,Danecki,Senior Engineer
202257,Yakichi,Koshino,Engineer
202265,Moon,Winter,Staff
202268,Siamak,Juneja,Senior Staff
202271,Josyula,Benner,Staff
202276,Arif,Morrin,Senior Engineer
202281,Serif,Ramras,Engineer
202288,Chrisa,Felcyn,Assistant Engineer
202289,Xuejun,Barreiro,Senior Engineer
202296,Ung,Zhang,Senior Staff
202297,Genta,Simmel,Senior Engineer
202301,Charmane,Auyong,Senior Engineer
202304,Perry,VanScheik,Senior Engineer
202309,Sariel,Masand,Senior Staff
202310,Krister,Perko,Senior Staff
202315,Kirk,Mersereau,Senior Staff
202316,Stella,Shiratori,Staff
202320,Claude,Carrere,Technique Leader
202328,Heather,Himler,Senior Engineer
202329,Sungwon,Stille,Staff
202331,Kokou,Kamber,Senior Staff
202335,Jiang,Hedayat,Technique Leader
202336,Guangming,Anido,Senior Staff
202337,Horward,Passino,Senior Engineer
202339,Zine,Schaaf,Senior Staff
202353,Zhiwei,Pashtan,Senior Engineer
202355,Hatsukazu,Demeyer,Staff
202357,Make,Hedayat,Engineer
202358,Martial,Whitcomb,Senior Engineer
202360,Indrajit,Jeong,Senior Staff
202362,Lalit,Baak,Senior Engineer
202364,Alassane,Riefers,Senior Engineer
202367,Tua,Gruenwald,Senior Engineer
202369,Roded,Kusakari,Senior Staff
202370,Basant,Swan,Engineer
202372,Bernardo,Msuda,Senior Staff
202375,Marke,Garnick,Engineer
202377,Reinhard,Zaiane,Senior Staff
202378,Sadun,Tanemo,Engineer
202379,Valeska,Bennet,Engineer
202385,Xuedong,Azumi,Senior Staff
202386,Nadjib,Marshall,Senior Staff
202393,Kazuhira,Butterworth,Senior Engineer
202397,Rafael,Matzke,Senior Staff
202407,Oscal,Suessmith,Senior Staff
202409,Alper,Kossowski,Senior Staff
202415,Kamakshi,Heering,Senior Engineer
202416,Yurij,Pouyioutas,Staff
202417,Mohan,DuBourdieux,Senior Engineer
202418,Xumin,Vuskovic,Senior Staff
202420,Shaleah,Wuwongse,Engineer
202423,Bikash,Veeraraghavan,Senior Staff
202427,TRUE,Ghandeharizadeh,Technique Leader
202431,Elvis,Syang,Senior Engineer
202432,Aloys,Heering,Engineer
202433,Baziley,Katzenelson,Senior Engineer
202435,Bokyung,Schonegge,Senior Engineer
202437,Barna,Schaar,Senior Staff
202438,Abdulah,Antonisse,Senior Engineer
202441,Palash,Mitsuhashi,Senior Engineer
202444,Shaleah,Baer,Senior Engineer
202446,Abdelghani,Rouquie,Engineer
202449,Susumu,Baezner,Senior Engineer
202452,Guiseppe,Nanard,Engineer
202453,Paddy,Kieras,Senior Engineer
202455,Debaprosad,Bernardinello,Staff
202456,Xianlong,Hegner,Engineer
202458,Sariel,Zockler,Engineer
202468,Bouchung,Bauknecht,Senior Staff
202470,Martial,Leaver,Engineer
202472,Weiru,Karnin,Senior Engineer
202473,Sigeru,Perry,Senior Staff
202475,Uriel,Showalter,Engineer
202479,Ingmar,Undy,Engineer
202481,Cathie,Gaughan,Senior Staff
202482,Jianhui,Ellozy,Senior Staff
202483,Rosalie,Backhouse,Staff
202489,Maria,Piveteau,Engineer
202490,Ishfaq,Budinsky,Engineer
202491,Kristian,Mamelak,Staff
202492,Nobuyoshi,Kornatzky,Senior Staff
202499,Alejandro,Fendler,Senior Staff
202500,Ult,Speel,Senior Staff
202503,Masako,Halloran,Senior Engineer
202504,Caolyn,DasSarma,Technique Leader
202507,Ziva,Marquardt,Engineer
202508,Remco,Cangellaris,Staff
202515,Weidon,Openshaw,Senior Engineer
202516,Vishwani,Zykh,Technique Leader
202517,Shunichi,Peres,Senior Engineer
202519,Jaewoo,Eppinger,Senior Engineer
202521,Sanjai,Vickson,Senior Engineer
202531,Kwangho,Butner,Senior Engineer
202532,Valeska,Leijenhorst,Engineer
202539,Fuqing,Brookman,Engineer
202542,Valeri,Hiraishi,Senior Staff
202543,Conal,Einsfeld,Engineer
202549,Deborah,Thombley,Senior Engineer
202553,Limsoon,Krichel,Senior Staff
202558,Reuven,Curless,Senior Staff
202559,Sukumar,Ozeki,Engineer
202560,Qiwen,Rohrbach,Senior Engineer
202567,Visit,Capobianchi,Senior Engineer
202575,Wuxu,Christ,Senior Staff
202584,Teruyuki,Vieth,Senior Staff
202588,Ranan,Matzke,Staff
202590,Ishfaq,Genther,Engineer
202593,Leucio,Rodier,Engineer
202599,Yechezkel,Stavenow,Senior Engineer
202605,Hercules,Merel,Senior Staff
202606,Djenana,Jervis,Senior Staff
202607,Demin,Panangaden,Senior Staff
202609,Luisa,Salvesen,Technique Leader
202610,Berhard,Bage,Senior Engineer
202613,Sanjai,Improta,Engineer
202614,Constantino,Chleq,Senior Staff
202617,Marla,Perl,Engineer
202625,Shuichi,Carrera,Senior Engineer
202626,Berna,Schreiter,Senior Staff
202627,Katsuyuki,Reeker,Engineer
202635,Yongmao,Gulla,Senior Engineer
202641,Mountaz,Argence,Engineer
202642,Zorica,Bondorf,Senior Engineer
202644,Shai,Bennis,Technique Leader
202647,Shaowei,Kusalik,Senior Staff
202649,Abdelghani,Daescu,Staff
202651,Jeane,Sichman,Senior Staff
202655,Marlo,Peng,Engineer
202656,Fun,Zongker,Senior Staff
202660,Vasilis,Rehfuss,Technique Leader
202661,Luise,Schueller,Senior Staff
202665,Mrinalini,Krider,Senior Engineer
202669,Percy,Chiodo,Technique Leader
202670,Apostol,Ullian,Staff
202671,Volkmar,Grabner,Senior Staff
202673,Alois,Peres,Engineer
202677,LiMin,Decaestecker,Senior Engineer
202678,Ziya,Rousseau,Assistant Engineer
202679,Persi,Birnbaum,Senior Staff
202681,Christfried,Linares,Senior Engineer
202686,Nigel,Legleitner,Senior Engineer
202687,Adib,Zirintsis,Technique Leader
202688,Soenke,Suppi,Senior Engineer
202691,Mohit,Kenevan,Staff
202692,Cristinel,Munke,Senior Staff
202696,Deniz,Pramanik,Senior Staff
202700,Nahid,Navazio,Staff
202701,Elgin,Molenkamp,Senior Engineer
202706,Slavian,Showalter,Senior Engineer
202711,Hein,Rosen,Technique Leader
202712,Anyuan,Kirkerud,Senior Engineer
202716,Georg,Murtha,Senior Engineer
202717,Moriyoshi,Wielonsky,Senior Engineer
202718,Qingxiang,Swan,Senior Engineer
202725,Oldrich,Bierbaum,Senior Engineer
202727,Fumiyo,Constantine,Senior Engineer
202730,Chenxi,Gruenwald,Staff
202731,Chiradeep,Ciolek,Engineer
202736,Aloke,Asmuth,Senior Staff
202738,Berni,Markovitch,Technique Leader
202745,Kristinn,Kinley,Senior Engineer
202747,Nitsan,Marciano,Staff
202749,Ravishankar,Deville,Senior Staff
202750,Constantijn,Frolund,Senior Engineer
202752,Mahmut,Garnham,Assistant Engineer
202758,Christoper,Cunliffe,Staff
202762,Moss,Gill,Engineer
202769,Nobuyoshi,Riesenhuber,Senior Engineer
202773,Matk,Aloia,Assistant Engineer
202774,Byong,Kropf,Engineer
202776,Demos,Roisin,Senior Engineer
202787,Zhiguo,Rattan,Senior Staff
202794,Baziley,Kadhim,Engineer
202795,Yunming,Lienhardt,Staff
202809,Mariangiola,Anido,Senior Engineer
202810,Duangkaew,Riexinger,Senior Engineer
202811,Sanjai,Isaac,Senior Engineer
202813,Gritta,Baer,Staff
202814,Youssef,Herber,Senior Engineer
202825,Gennadi,Ressouche,Staff
202827,Minghong,Roohalamini,Senior Staff
202835,Divine,Larfeldt,Senior Engineer
202837,Kiyotoshi,Marchegay,Senior Engineer
202847,Martijn,Kermarrec,Senior Engineer
202853,Sandeepan,Uchoa,Senior Staff
202854,Mohamadou,Massonet,Staff
202858,Margareta,Herber,Senior Engineer
202873,Navid,Ciolek,Senior Engineer
202878,Shaz,Baar,Engineer
202879,Lalit,Falck,Senior Staff
202881,Eirik,Raoux,Engineer
202883,Mohd,Sluis,Senior Staff
202884,Chaitali,Sridhar,Senior Engineer
202885,Collette,Selvestrel,Senior Engineer
202887,Jianwen,Randt,Engineer
202890,Aiman,Nicolson,Technique Leader
202893,Hairong,Cappelli,Senior Engineer
202896,Genki,Varker,Senior Engineer
202897,Gino,Mitsuhashi,Staff
202902,Insup,Marrevee,Senior Engineer
202903,Along,Salverda,Engineer
202905,Sham,Birdsall,Technique Leader
202906,Sanjay,Reinhard,Engineer
202907,Jianhui,Soloway,Senior Staff
202909,Sukumar,Taubman,Staff
202910,Luigi,Vesna,Senior Staff
202915,Chiranjit,Spelt,Senior Engineer
202921,Frazer,Brookner,Senior Engineer
202922,Djelloul,Shackel,Senior Engineer
202923,Kien,Leaver,Senior Engineer
202931,Goa,Conry,Senior Staff
202933,Zvonko,Gecsei,Engineer
202934,Evgueni,Panwar,Senior Engineer
202937,Heejo,Schlegelmilch,Senior Staff
202941,Phuoc,Sinitsyn,Senior Staff
202944,Billur,Montemayor,Engineer
202945,Kwee,McAlpine,Senior Engineer
202948,Haldon,Bruckman,Staff
202949,Jeanna,Bahr,Senior Engineer
202953,Jaber,Luon,Staff
202958,Chaoyi,Hebden,Senior Staff
202963,Kinh,Chelton,Senior Staff
202964,Danny,Baja,Senior Staff
202965,Kellyn,Czaja,Engineer
202967,Mary,Hasenauer,Senior Engineer
202969,Valeri,Brender,Senior Engineer
202971,Fun,Dayana,Senior Staff
202972,Bojan,Frijda,Engineer
202976,Radhia,Malabarba,Staff
202977,Tomokazu,Matzen,Senior Staff
202978,Valery,Solares,Senior Staff
202982,Takahito,Ritcey,Senior Staff
202988,Izaskun,Zwicker,Senior Engineer
202996,Tze,Hutter,Senior Staff
202997,Sumali,Ranon,Assistant Engineer
203000,Tooru,Ibel,Senior Staff
203003,Valeska,Roohalamini,Senior Staff
203007,Yunming,Lyonns,Senior Engineer
203010,Samphel,Passafiume,Engineer
203012,Guangming,Msuda,Senior Engineer
203013,Eran,Ritcey,Senior Engineer
203015,Giordano,Sury,Senior Engineer
203016,Hongzhu,Harllee,Staff
203020,Marla,Brendel,Engineer
203021,Munenori,Chinin,Engineer
203024,Billur,Zongker,Senior Engineer
203026,Ranga,Llado,Senior Engineer
203030,Mabhin,Schade,Senior Engineer
203032,Lorien,Rassart,Engineer
203033,Hugh,Hartvigsen,Senior Engineer
203036,Matt,Boudaillier,Senior Engineer
203041,Djelloul,Sessa,Senior Engineer
203050,Chandrasekaran,Georg,Senior Staff
203051,Kiyotoshi,Meriste,Senior Staff
203053,Shrikanth,Luke,Staff
203054,Hausi,Krohn,Senior Staff
203056,Satyanarayana,Rosay,Senior Staff
203065,Weiwu,Matteis,Technique Leader
203069,Hidekazu,DiGiano,Senior Staff
203075,Susumu,Camurati,Engineer
203078,Valery,Desikan,Senior Staff
203079,Karsten,Oxman,Senior Staff
203084,Cathie,Chelton,Senior Engineer
203085,George,Decleir,Senior Engineer
203086,Fabrizio,Oberman,Senior Staff
203088,Hairong,Braunschweig,Senior Staff
203091,Stepehn,Murtafg,Senior Staff
203096,Brigham,Asmuth,Senior Staff
203101,Khaled,Waeselynck,Senior Engineer
203104,Anestis,Mapelli,Senior Staff
203108,Kwok,Itzigehl,Senior Staff
203110,Mostafa,Crooks,Senior Staff
203114,Yongmin,Gulik,Senior Staff
203117,Genki,Mukaidono,Senior Staff
203118,Aran,Lalonde,Senior Staff
203122,Maria,Boudaillier,Senior Engineer
203124,Genta,Ranon,Engineer
203125,Deniz,Prenel,Senior Engineer
203126,Baziley,England,Senior Staff
203131,Ulises,Suwa,Senior Staff
203132,Hsiangchu,Ranst,Senior Engineer
203134,Xiahua,Gonthier,Senior Staff
203137,Mats,Ebeling,Senior Staff
203138,Maren,Matzen,Senior Engineer
203139,Jaideep,Trelles,Senior Engineer
203142,Domenico,Adachi,Engineer
203149,Aleksandar,Borstler,Senior Engineer
203154,Ger,Baik,Senior Engineer
203155,Shakhar,Karner,Senior Engineer
203159,Kristian,Przulj,Senior Staff
203171,Marla,Angiulli,Senior Staff
203180,Faiza,Peac,Senior Staff
203181,Aleksander,Heering,Senior Engineer
203185,Toshiko,Dusink,Engineer
203187,Xinan,Orsini,Senior Staff
203188,Fox,Busillo,Senior Engineer
203189,Peternela,Rusterholz,Senior Staff
203194,Mooi,Usery,Senior Staff
203198,Fumiyo,Hertweck,Senior Engineer
203211,Kiam,Conry,Assistant Engineer
203214,Paraskevi,Kilgour,Senior Staff
203216,Seongbin,Hofman,Senior Staff
203219,Tadahiko,Wursthorn,Senior Staff
203222,Wojceich,Barinka,Engineer
203223,Renee,Skogmar,Senior Staff
203227,Nigel,Dalphin,Senior Engineer
203229,Toong,Sudbeck,Senior Engineer
203231,Quingbo,Clemencon,Senior Engineer
203235,Francoise,Schusler,Staff
203238,Fei,Zallocco,Senior Staff
203240,Tomokazu,Ranze,Assistant Engineer
203241,Venkatesan,Cools,Senior Engineer
203242,Edwin,Malinowski,Senior Engineer
203244,Hitofumi,Sudbeck,Engineer
203246,Fen,Schrift,Technique Leader
203247,Anoosh,Heiserman,Senior Staff
203248,Mokhtar,Denna,Senior Staff
203250,Satoru,Fujisaki,Senior Staff
203254,Gopalakrishnan,Goldhammer,Staff
203258,Shaw,Garigliano,Engineer
203263,Navid,Koshiba,Senior Engineer
203267,Gift,Wixon,Senior Engineer
203268,Uno,Poujol,Senior Staff
203269,Isaac,Velardi,Senior Engineer
203275,Jayson,Zielinski,Senior Engineer
203280,Miquel,Spelt,Senior Staff
203281,Morrie,Smailagic,Engineer
203286,Hisao,Ginesta,Assistant Engineer
203288,Subhrajyoti,Denny,Senior Staff
203289,Utpal,Akazan,Engineer
203294,Akeno,Gubsky,Senior Engineer
203296,Saeed,Peron,Technique Leader
203297,Kwok,Ginneken,Senior Engineer
203299,Girolamo,Binkley,Staff
203302,Jaber,Byoun,Senior Staff
203305,Naftali,Huttel,Senior Staff
203308,Pantung,Stentiford,Senior Engineer
203309,Constantine,Tsukuda,Senior Staff
203316,Edwin,Muhlberg,Senior Engineer
203318,Xudong,Cooley,Senior Engineer
203319,Caolyn,Ramsay,Staff
203326,Nidapan,Karcich,Staff
203330,Masanao,Linares,Senior Engineer
203331,Mohammed,Raney,Senior Engineer
203333,Vojin,Pehl,Staff
203337,Masako,Meszaros,Senior Engineer
203339,Qiwen,Cummings,Engineer
203342,Uta,Wissmann,Senior Staff
203343,Heon,Rajala,Assistant Engineer
203346,Rildo,Liesche,Staff
203351,Ibibia,Grandbois,Engineer
203359,Tsvetan,Iwayama,Assistant Engineer
203360,Surveyors,Merks,Senior Engineer
203364,Spyrose,Herber,Senior Staff
203370,Vincent,Clemencon,Engineer
203372,Tommaso,Prampolini,Senior Engineer
203373,Domenico,Zultner,Engineer
203376,Rajmohan,Curless,Senior Staff
203377,Giordano,Lanteri,Senior Engineer
203380,Danil,Hofting,Senior Engineer
203382,Martial,Denny,Staff
203383,Renee,Argence,Senior Engineer
203385,Subhrajyoti,Maginnis,Senior Staff
203388,Evgueni,Coorg,Senior Staff
203390,Lech,Babu,Senior Engineer
203395,Leaf,Apsitis,Staff
203397,Sarita,Papsdorf,Senior Staff
203398,Inderjeet,Ritzmann,Senior Engineer
203401,Shalesh,Ducloy,Senior Engineer
203405,Alper,Giaccio,Senior Staff
203411,Abdelwaheb,Isard,Senior Staff
203423,Mori,Kading,Engineer
203433,Zhonghui,Zizka,Engineer
203434,Yannik,Boreale,Senior Staff
203436,Shushma,Usdin,Senior Engineer
203438,Gift,Thisen,Engineer
203444,Leah,Vieri,Senior Staff
203446,Kristen,Molenaar,Engineer
203448,Nirmal,Parhami,Engineer
203451,Janche,Schmittgen,Engineer
203455,Peer,Serdy,Senior Engineer
203456,Iara,Moehrke,Senior Staff
203459,Lunjin,Juneja,Senior Staff
203463,Ingmar,Nicolson,Senior Staff
203465,Martina,Taneja,Senior Staff
203469,Kazuyasu,Jarecki,Engineer
203476,Abdulla,Flasterstein,Senior Staff
203480,Marla,Cooley,Engineer
203481,Chiradeep,Kriebel,Senior Engineer
203483,Ziya,Azumi,Senior Engineer
203484,Guttorm,Gyimothy,Senior Staff
203486,Xinyu,Backhouse,Senior Engineer
203488,Stevo,Rosenbaum,Senior Staff
203491,Masasuke,Paludetto,Senior Staff
203493,Ulf,Camarinopoulos,Senior Engineer
203498,Shiv,Hettesheimer,Senior Engineer
203504,Becky,Rosiles,Senior Engineer
203509,Yonghong,Binkley,Senior Staff
203518,Menkae,Escriba,Staff
203522,Make,Biros,Senior Staff
203523,Yannis,Atrawala,Staff
203525,Inderjeet,Snyers,Senior Staff
203533,Magdalena,Chenney,Engineer
203539,Francesca,Bodoff,Senior Engineer
203541,Youjian,Brookman,Senior Engineer
203542,Xiaopeng,Krychniak,Senior Staff
203550,Gudjon,Wynblatt,Engineer
203555,Hairong,Brlek,Senior Staff
203566,Thanasis,Zultner,Senior Engineer
203569,Dipayan,Flowers,Senior Engineer
203570,Arumugam,Walstra,Senior Staff
203576,Kaijung,Iwayama,Engineer
203577,Niteen,Glowinski,Senior Staff
203578,Vojin,Codenie,Senior Staff
203586,Chrisa,Cappelletti,Senior Staff
203588,Youngkon,Hartvigsen,Senior Engineer
203591,Miomir,Stenning,Engineer
203593,Leszek,Kirkerud,Senior Staff
203594,Mariangiola,Alvarado,Senior Engineer
203595,Aria,Ariola,Senior Staff
203596,Bedir,Deverell,Staff
203600,Fai,Journel,Senior Staff
203602,Souichi,Zongker,Senior Engineer
203604,Gian,Constantine,Engineer
203608,Menkae,Kroll,Senior Staff
203613,Perla,Cronan,Senior Staff
203615,Kersti,Vasanthakumar,Senior Engineer
203616,Shaleah,Lally,Senior Staff
203619,Shaibal,Awdeh,Staff
203621,Honglan,Morrin,Senior Engineer
203626,Kamakshi,Driscoll,Senior Staff
203627,Minghong,Bashian,Senior Staff
203630,Fayez,Murillo,Staff
203631,Nakhoon,Schaaf,Staff
203632,Prasadram,Boreale,Senior Engineer
203639,Mircea,Farrag,Engineer
203644,Oldrich,Onuegbe,Senior Staff
203645,Tadahiro,Syang,Senior Staff
203646,Tetsushi,Soloway,Senior Staff
203656,Chinhyun,Brodal,Senior Staff
203657,Georg,Pocchiola,Staff
203658,Rafols,Baek,Senior Engineer
203667,Mabry,Conia,Senior Staff
203669,Youssef,England,Technique Leader
203670,Gila,Kakkar,Senior Staff
203672,Aram,Pettis,Senior Engineer
203673,Feixiong,Xiaoshan,Senior Staff
203676,Perla,Molenaar,Staff
203683,Kazuhito,Delgrande,Engineer
203688,Hairong,Polajnar,Senior Staff
203690,Zeljko,Soloway,Staff
203691,Radoslaw,Yamaashi,Staff
203693,Sungwon,Pezzoli,Senior Staff
203695,Teiji,Tasistro,Senior Staff
203699,Bernice,Ghemri,Senior Staff
203702,Abdulla,Glowinski,Staff
203705,Subhash,McFarlan,Senior Staff
203710,Srinidhi,Speek,Technique Leader
203711,Pantung,Weiland,Senior Engineer
203716,Utz,Adachi,Engineer
203722,Sushant,Hoppenstand,Senior Staff
203731,Gita,Hettesheimer,Senior Staff
203732,Heping,Mahmud,Engineer
203735,Christfried,Picht,Technique Leader
203739,Moie,Butner,Senior Engineer
203749,Gudjon,Kaltofen,Senior Engineer
203750,Aiichiro,Schicker,Senior Engineer
203751,Xiong,Constantine,Senior Staff
203759,Heon,Reutenauer,Senior Staff
203769,Dzung,Lukaszewicz,Senior Staff
203770,Qunsheng,Luiz,Senior Staff
203771,Wonhee,Peek,Staff
203773,Shaowei,Makrucki,Senior Staff
203775,Shirish,Mitzlaff,Senior Engineer
203777,Tomofumi,Mayerwieser,Senior Engineer
203783,Luerbio,Bernini,Senior Staff
203790,Jaewoo,Vecchio,Senior Engineer
203791,Jianwen,Macedo,Technique Leader
203792,Hatim,Mahmud,Senior Staff
203796,Domenico,Pews,Senior Staff
203798,Nobuyoshi,Suomi,Senior Engineer
203800,Krassimir,Schreiter,Engineer
203801,Uzi,Gecsel,Engineer
203802,Berry,Aamodt,Senior Staff
203807,Ibibia,Gils,Senior Staff
203808,Masaru,Atrawala,Senior Staff
203816,Avishai,Akazan,Engineer
203818,Mostafa,Bergere,Engineer
203821,Ger,Gist,Senior Engineer
203826,George,Bernardinello,Staff
203831,Arunachalam,Angot,Senior Engineer
203834,Erzsebet,Kitai,Staff
203836,Bartek,Bazelow,Senior Staff
203839,Berthier,Hagimont,Senior Engineer
203840,Masoud,Antonakopoulos,Engineer
203841,Rimon,Leivant,Engineer
203842,Goetz,Staelin,Engineer
203843,Abdulah,Famili,Technique Leader
203847,Francoise,Krupka,Technique Leader
203848,Danel,Domenig,Senior Staff
203849,Aleksander,Melichar,Staff
203856,Angel,Hiroyama,Senior Staff
203861,Kiyotoshi,Hebert,Senior Staff
203862,Sariel,Malinowski,Senior Staff
203863,Atreye,Quaggetto,Engineer
203867,Vatsa,Baez,Staff
203869,Yoshimitsu,Shiratori,Senior Engineer
203870,Sanjai,Haldar,Senior Engineer
203873,Magdalena,Yeung,Senior Staff
203880,Tse,Isaak,Engineer
203883,Mart,Staylopatis,Senior Engineer
203893,Elliott,Pardalos,Engineer
203896,Sumali,Ibel,Engineer
203898,Odysseas,Mateescu,Senior Engineer
203900,Gully,Magalhaes,Engineer
203914,George,Beutelspacher,Senior Staff
203923,Serenella,VanScheik,Senior Staff
203933,Bowen,Fortenbacher,Senior Staff
203940,Toshimitsu,Raczkowsky,Senior Staff
203944,Akeel,Piancastelli,Engineer
203950,Temple,Pardalos,Senior Engineer
203953,Lucian,Pokrovskii,Senior Staff
203954,Bezalel,Assaf,Engineer
203955,Yishay,Esposito,Staff
203957,Kyoichi,Ouhyoung,Engineer
203958,Nadjib,Brobst,Senior Staff
203959,Jasminko,Milicia,Senior Engineer
203963,Kiyotoshi,Shrader,Senior Engineer
203964,Kauko,Quaggetto,Senior Staff
203967,Teiji,Genther,Senior Engineer
203971,Gou,Ponthieu,Engineer
203972,Perla,Ebeling,Senior Engineer
203975,Arnd,Ernst,Technique Leader
203981,Alexius,Cunliffe,Staff
203987,Apostol,Stanfel,Senior Staff
203993,Magy,Azulay,Staff
204007,Hatim,Conti,Senior Engineer
204011,Kazuhiko,Massonet,Senior Engineer
204013,Mayuri,Armand,Senior Engineer
204014,Mack,Parveen,Engineer
204015,Rosalyn,Penttonen,Assistant Engineer
204018,Godehard,Kemmerer,Staff
204019,Zhigen,Etalle,Senior Staff
204021,Yongqiao,Cincotta,Engineer
204024,Alenka,Eterovic,Senior Staff
204026,Elvia,Buescher,Assistant Engineer
204027,Alagu,Olano,Senior Staff
204029,Shaowen,Litzkow,Senior Staff
204031,Basil,Litzkow,Senior Staff
204034,Arco,Botman,Senior Engineer
204039,Shaibal,Skogmar,Senior Staff
204044,Shin,Dymetman,Engineer
204048,Jaroslava,Maccarone,Engineer
204055,Kauko,Stiles,Staff
204061,Dzung,Hofman,Engineer
204062,Kerhong,Fadgyas,Senior Staff
204066,Rafail,Antonakopoulos,Engineer
204067,Brigham,Pews,Senior Staff
204068,Hyuncheol,Choobineh,Staff
204070,Weijing,Wursthorn,Senior Engineer
204073,Srinidhi,Zongker,Staff
204084,Selwyn,Kitsuregawa,Engineer
204090,Brigham,Collette,Senior Staff
204091,Akeno,Brender,Senior Staff
204094,Ashish,Rossi,Senior Staff
204097,Ung,Staudhammer,Engineer
204104,Patricio,Usdin,Senior Staff
204106,Sailaja,Leuchs,Technique Leader
204110,Shaw,Kalsbeek,Staff
204114,Fayez,Poehlman,Senior Engineer
204116,Bader,Streng,Engineer
204128,Yakichi,Brookner,Engineer
204131,Kazuhira,Luit,Senior Staff
204134,Xiaobin,Hofmeyr,Senior Staff
204142,Xiping,Valette,Senior Staff
204143,Manton,Heping,Senior Staff
204148,Jinpo,Borstler,Senior Staff
204149,Moti,Kusakabe,Senior Staff
204150,Akemi,Zykh,Staff
204155,Xiaopeng,Kroft,Senior Engineer
204157,Danel,Gomatam,Senior Staff
204159,Tzvetan,Shiratori,Senior Staff
204160,Szabolcs,Carrere,Senior Staff
204169,Weiyi,Ozery,Senior Engineer
204170,Rosalie,Marakhovsky,Senior Staff
204172,Xuejun,Valette,Senior Engineer
204175,Yucai,Fortenbacher,Engineer
204183,Kristinn,Junot,Senior Engineer
204187,Wayne,Simmel,Senior Staff
204194,Khue,Peak,Engineer
204206,Nathalie,Picci,Senior Staff
204208,Trygve,Onuegbe,Senior Engineer
204214,Golgen,Kleiser,Senior Engineer
204219,Sakthirel,Halloran,Senior Staff
204220,Xiaoshan,Bain,Senior Staff
204230,Remzi,Griswold,Senior Staff
204231,Ziya,Kolinko,Senior Engineer
204235,Oscar,Tzvieli,Assistant Engineer
204237,Gay,Kumaresan,Senior Staff
204240,Zsolt,Borovoy,Engineer
204242,Mansur,Ellozy,Senior Engineer
204248,Makato,Reghbati,Senior Staff
204254,Billur,Famili,Senior Engineer
204259,Xiaoqiu,Denis,Senior Staff
204268,Froduald,Backhouse,Engineer
204272,Marke,Angelov,Technique Leader
204273,Guenter,Validov,Engineer
204277,Gina,Wilharm,Engineer
204279,Heejo,Baer,Senior Engineer
204282,Malu,Koshino,Senior Staff
204287,Rayond,Rande,Senior Staff
204291,Hongzue,Lueh,Senior Staff
204292,Khaled,Argence,Senior Staff
204296,Ioana,Perna,Engineer
204307,Kamakshi,Demri,Senior Engineer
204309,Masaru,Sullins,Staff
204313,Hongzue,Khalil,Senior Engineer
204314,Ashish,Condotta,Engineer
204327,Jixiang,Simmen,Senior Engineer
204330,Danco,Stanfel,Senior Engineer
204337,Brewster,Erol,Assistant Engineer
204339,Arnd,Mellouli,Senior Engineer
204352,Sedat,Flowers,Senior Engineer
204364,Franziska,Denna,Engineer
204366,Marl,Karner,Engineer
204367,Mitsuyuki,Henders,Senior Engineer
204376,Rosli,Nivat,Staff
204377,Shai,Auyong,Staff
204378,Leaf,Stranks,Senior Engineer
204392,Utz,Diderrich,Engineer
204393,Marsal,Taubenfeld,Senior Staff
204395,Magdalena,Felder,Senior Engineer
204399,Uta,Peak,Senior Engineer
204405,Snehasis,Gurbaxani,Senior Staff
204409,Sushant,Chiola,Senior Engineer
204412,Jessie,Luan,Senior Staff
204413,Edwin,Ashish,Senior Staff
204416,Anwar,Bail,Senior Engineer
204427,Jeong,Jakobus,Engineer
204428,Yuping,Chandrasekhar,Engineer
204430,Arnd,Vieth,Assistant Engineer
204435,Bluma,Czaja,Senior Engineer
204440,Gal,Kumaresan,Senior Engineer
204444,Yannis,Lorin,Senior Staff
204447,Ramalingam,Seiwald,Senior Staff
204448,Florian,Garrabrants,Assistant Engineer
204449,Sverrir,Piveteau,Senior Staff
204452,Maris,Ibel,Senior Engineer
204454,Sadok,Bennet,Technique Leader
204457,Frederique,Boudaillier,Senior Engineer
204459,Yonghong,Kopetz,Senior Engineer
204463,Chanjung,Reghbati,Senior Engineer
204469,Ramya,Cmelik,Senior Staff
204472,Mats,Flasterstein,Senior Engineer
204474,Ekawit,Borstler,Staff
204475,Kellie,Ramsey,Engineer
204478,Toshiko,Decleir,Senior Staff
204483,Khoa,Eterovic,Staff
204484,Baziley,Gruenwald,Senior Engineer
204497,Chuanyi,Chvatal,Senior Staff
204502,Sergi,Schrooten,Engineer
204508,Duri,Junot,Senior Engineer
204517,Aron,Polajnar,Senior Staff
204518,Saeko,Selvestrel,Technique Leader
204519,Utz,Haldar,Senior Engineer
204524,Mahendra,Schreiter,Senior Engineer
204526,Vojin,Kulisch,Senior Staff
204528,Jessie,Smailagic,Technique Leader
204530,Changho,Fritzsche,Senior Staff
204531,Dinkar,Trelles,Senior Staff
204532,Odoardo,Jenevein,Senior Staff
204534,Khalid,Melton,Senior Engineer
204535,Harjit,Irland,Senior Engineer
204536,Franziska,Harnett,Engineer
204537,JoAnne,Raczkowsky,Senior Engineer
204540,Lene,Wroclawski,Senior Staff
204542,Lucian,Bael,Senior Engineer
204545,Weiwu,Shihab,Senior Staff
204547,Stevo,Rajaraman,Engineer
204548,Pranas,Matzen,Senior Engineer
204550,Mari,Anick,Staff
204554,Mayumi,Zolotykh,Engineer
204558,Yoshinari,Ponthieu,Engineer
204560,Sariel,Badache,Senior Engineer
204562,Baruch,Gelosh,Senior Staff
204564,Randy,Pulkowski,Engineer
204567,Kristin,Plavsic,Senior Engineer
204569,Wojceich,Valette,Engineer
204571,Uli,Raczkowsky,Senior Engineer
204572,Anneke,Bojadziev,Senior Staff
204573,Kensei,Cmelik,Senior Engineer
204576,Jamaludin,Kenevan,Engineer
204578,Almudena,Picco,Engineer
204579,Yechezkel,Litzkow,Technique Leader
204583,Richard,Setiz,Senior Engineer
204594,Elvis,Onuegbe,Engineer
204595,Shuzo,Baig,Senior Engineer
204602,Hairong,Rehfuss,Senior Engineer
204603,Cullen,Janetzko,Senior Engineer
204608,Martine,Marchesini,Engineer
204609,Aamer,Peris,Senior Engineer
204619,Slavian,Lundstrom,Engineer
204623,Hongzhu,Heyers,Staff
204631,Nathan,Reeker,Assistant Engineer
204635,Monique,Hemaspaandra,Staff
204638,Sachem,Byoun,Engineer
204645,Duangkaew,Gilg,Senior Engineer
204648,Uli,Hambrick,Senior Staff
204651,Nahla,Montemayor,Staff
204652,Heng,Manderick,Senior Engineer
204661,Doohun,Atchley,Senior Engineer
204664,Hatsukazu,Cools,Senior Engineer
204666,Huiqun,Deverell,Engineer
204667,Froduald,Nittel,Senior Staff
204674,Barton,Kropp,Senior Engineer
204675,Ingemar,Hofmeyr,Staff
204679,Masaru,Marchegay,Senior Staff
204686,Kiyotoshi,Bashian,Engineer
204690,Aloke,Cummings,Senior Engineer
204691,Palash,Huhdanpaa,Senior Engineer
204692,Licheng,Pollacia,Senior Engineer
204693,Aran,Litzkow,Engineer
204698,Fai,Lowrie,Senior Engineer
204702,Byong,Jiang,Staff
204703,Sreekrishna,Spataro,Senior Staff
204706,Denis,Joslin,Engineer
204708,Martial,Bazelow,Staff
204709,Falguni,Delgrande,Senior Staff
204710,Gino,Cichocki,Senior Engineer
204711,Sungwon,Kragelund,Staff
204734,Sungwon,Sifakis,Technique Leader
204738,Taegyun,Matzov,Engineer
204745,Oscar,Masaki,Senior Engineer
204747,Zita,Stenning,Senior Engineer
204751,Jaroslava,Frijda,Senior Engineer
204757,Kensei,Vigier,Staff
204769,Vidar,Alvarado,Senior Engineer
204775,Ioana,Whitcomb,Engineer
204777,Sorina,Brookner,Engineer
204783,Zissis,Majewski,Senior Staff
204784,Elvia,Manders,Senior Staff
204790,Marla,Copas,Staff
204792,Masoud,Falster,Senior Engineer
204793,Heejo,Vickson,Senior Staff
204799,Guiseppe,VanScheik,Senior Engineer
204801,Guangming,Irland,Staff
204805,Nimmagadda,Crouzet,Senior Engineer
204806,Randi,Murtafg,Senior Staff
204807,Anneli,Argence,Staff
204808,Olivera,Salverda,Senior Staff
204809,Yannis,Atrawala,Staff
204810,Debatosh,Bolotov,Senior Engineer
204812,Alexius,Zedlitz,Senior Engineer
204815,Masaru,Spataro,Senior Staff
204816,Arif,Facello,Senior Staff
204817,Zvonko,Gimbel,Staff
204821,Yakichi,Huttel,Staff
204828,Kristine,Skrikant,Senior Engineer
204832,Eckart,Axelband,Senior Engineer
204833,Edwin,Skafidas,Senior Staff
204837,Uzi,Menhoudj,Senior Engineer
204838,Kannan,Akazan,Engineer
204842,Ramachenga,Zumaque,Senior Engineer
204843,Uwe,Farrar,Senior Engineer
204846,Yannis,Karunanithi,Engineer
204847,Shaz,Minakawa,Engineer
204852,Demos,Lupu,Senior Staff
204857,Lidong,Matzke,Technique Leader
204866,Tomofumi,Niizuma,Staff
204868,Van,Plessier,Staff
204870,Rafail,Loncour,Senior Engineer
204871,Xiaoqiu,Knightly,Senior Engineer
204872,Kwangyoen,Garnick,Senior Staff
204874,Qunsheng,Legleitner,Engineer
204877,Guther,Gornas,Senior Engineer
204880,Aris,Crouzet,Senior Staff
204881,Bodh,Zultner,Engineer
204884,Mikhail,Bugrara,Senior Staff
204888,Sigeru,Lanphier,Staff
204890,Kristin,Reistad,Senior Engineer
204902,Eric,Ruemmler,Senior Staff
204904,Mong,Leaver,Senior Engineer
204913,Dines,Takanami,Senior Staff
204915,Parke,Lyonns,Technique Leader
204918,Mack,Bennis,Senior Engineer
204919,Nakhoon,Kavvadias,Senior Staff
204920,Kellyn,Journel,Engineer
204921,Rayond,Brodal,Senior Staff
204922,Marin,Fendler,Senior Staff
204923,Subhada,Raney,Staff
204925,Danny,Lagarias,Senior Engineer
204933,Marlo,Standera,Engineer
204935,Sachio,Lamparter,Engineer
204938,Collette,Verspoor,Technique Leader
204941,Tianruo,Peot,Engineer
204943,Jiakeng,Hartvigsen,Senior Engineer
204946,Bilhanan,Rehfuss,Senior Engineer
204947,Yechiam,Wuwongse,Senior Engineer
204952,Utpal,Plessier,Senior Engineer
204954,Surveyors,Fortenbacher,Engineer
204961,Rance,Picel,Senior Engineer
204967,Mohit,Menyhert,Senior Staff
204969,Yuqun,Gronowski,Senior Engineer
204971,Xinglin,Champarnaud,Engineer
204975,Bezalel,Salvesen,Senior Staff
204976,Franziska,Oppitz,Senior Staff
204977,Martina,Perl,Staff
204978,Kiyomitsu,Paludetto,Senior Engineer
204981,Chaosheng,Baranowski,Engineer
204982,Susanta,Kornyak,Senior Staff
204983,Weiwu,Gils,Engineer
204992,Jessie,Marshall,Staff
204993,Szabolcs,Zucker,Technique Leader
204998,Ohad,Macedo,Engineer
205004,Masadi,Lueh,Engineer
205012,Shahab,Naudin,Staff
205013,Sasan,Wilfing,Senior Staff
205020,Otilia,Oskamp,Staff
205021,Mariangiola,Lally,Senior Engineer
205022,Gill,Rehfuss,Senior Engineer
205024,Amstein,Papastamatiou,Senior Engineer
205026,Akeno,Kulisch,Senior Engineer
205028,Niclas,Janetzko,Engineer
205034,Sanjay,Chappelet,Senior Engineer
205037,Ferdinand,Speek,Senior Staff
205038,Mari,Chvatal,Senior Engineer
205039,Shaibal,Kitsuregawa,Senior Engineer
205040,Hatim,Raoux,Senior Engineer
205050,Tesuya,Monarch,Engineer
205053,Geraldo,Callaway,Staff
205055,Barry,Furudate,Staff
205056,Chenxi,Deyuan,Engineer
205057,Mostafa,Usdin,Assistant Engineer
205063,Dharmaraja,Butner,Staff
205066,Sashi,Munos,Staff
205070,Qingxiang,Gelosh,Senior Staff
205071,Tommaso,Stanfel,Engineer
205074,Alselm,Berendt,Senior Staff
205075,Yunming,Piveteau,Senior Engineer
205077,Teiji,Erdmenger,Senior Staff
205081,Hirochika,Reinhard,Engineer
205084,Deborah,Shiratori,Technique Leader
205089,Claude,Weedman,Senior Staff
205091,Genevieve,Fontan,Engineer
205092,Masako,Spieker,Senior Staff
205096,Billur,Demian,Engineer
205101,Gully,Krichel,Senior Engineer
205112,Masanao,Quaggetto,Senior Staff
205117,Kwangho,Haddadi,Engineer
205119,Chrisa,Kilgore,Senior Engineer
205132,Adhemar,Demian,Senior Engineer
205138,Ramachenga,Simmel,Engineer
205142,Heping,Stamatiou,Senior Staff
205146,Mary,Billingsley,Senior Staff
205150,Denis,Murthy,Senior Engineer
205153,Mingsen,Doering,Engineer
205154,Chirstian,Menyhert,Engineer
205156,Saniya,Guerreiro,Senior Engineer
205157,Ashish,Wursthorn,Senior Engineer
205159,Vitaly,Simmen,Senior Staff
205160,Tzvetan,Mamelak,Engineer
205161,Divier,Kisuki,Senior Staff
205163,Vishwani,Sadowski,Senior Engineer
205165,Cullen,Comte,Senior Engineer
205180,Berna,Liesche,Senior Staff
205184,Guadalupe,Dechter,Senior Engineer
205187,Shaleah,Schueller,Staff
205198,Xiaoqiu,Luga,Senior Engineer
205202,Alagu,Stemann,Staff
205203,Yinlin,Gente,Senior Staff
205206,Itzchak,Chappelet,Senior Engineer
205207,Ramalingam,Borstler,Senior Staff
205212,Chaoyi,Ghalwash,Senior Engineer
205215,Tonny,Manders,Assistant Engineer
205216,Jayesh,Hanratty,Senior Engineer
205222,Mabry,Camarinopoulos,Senior Staff
205223,Jianhao,Chenoweth,Senior Engineer
205225,Duro,Ouhyoung,Senior Engineer
205227,Pohua,Swiler,Technique Leader
205232,Xiaoqiang,Ladret,Senior Staff
205233,Adib,Paludetto,Senior Staff
205235,Willard,Itschner,Senior Staff
205236,Bernd,Frijda,Engineer
205244,Yonghoan,Heuter,Senior Staff
205245,Angus,Raczkowsky,Senior Engineer
205248,Aamer,Imataki,Senior Engineer
205251,Fai,Mullainathan,Senior Staff
205252,Djenana,Parveen,Senior Engineer
205255,Suebskul,Kitai,Technique Leader
205258,Jamaludin,Bottner,Senior Staff
205260,Moon,Besselaar,Senior Engineer
205261,Oscar,Pusterhofer,Senior Engineer
205262,Sergi,Munch,Senior Engineer
205263,Masadi,Iwayama,Engineer
205265,Vishwani,Onuegbe,Senior Engineer
205266,Volkmar,Marquardt,Senior Engineer
205272,Zhenbing,Kuhnemann,Senior Engineer
205273,Ravishankar,Sigstam,Senior Engineer
205276,Urs,Benzmuller,Senior Staff
205281,Menkae,Kalefeld,Engineer
205283,Peternela,Eickenmeyer,Engineer
205294,Udaiprakash,Lunn,Senior Engineer
205295,Kristinn,Jonsson,Senior Engineer
205297,Aral,Weedon,Senior Engineer
205298,Bader,Litzkow,Senior Staff
205304,Volkmar,Preusig,Engineer
205307,Gritta,Trelles,Staff
205309,Bilhanan,Cronan,Senior Staff
205313,Make,Duclos,Senior Staff
205317,Percy,Milicic,Senior Staff
205318,Bernd,Lakshmanan,Senior Engineer
205320,Weiwu,Barreiro,Senior Staff
205325,Serenella,Harllee,Senior Staff
205329,Pintsang,Demke,Engineer
205330,Foong,Kornatzky,Senior Engineer
205331,Nigel,Melski,Senior Engineer
205332,Gita,Baar,Staff
205333,Marke,Cochrane,Senior Staff
205336,Dinah,Eterovic,Staff
205341,Hirochika,Kusakabe,Engineer
205343,Kiyokazu,Brobst,Senior Engineer
205345,Sachem,Kavraki,Senior Engineer
205346,Rance,Henseler,Senior Engineer
205347,Idoia,Macedo,Engineer
205350,Masasuke,Murrill,Senior Engineer
205352,Takahiro,Gecsel,Senior Engineer
205353,Val,Buchter,Engineer
205356,Alexius,Himler,Senior Staff
205357,Radhia,Engelmann,Senior Engineer
205359,Serge,Bresenham,Senior Staff
205360,Gonzalo,Veevers,Engineer
205361,Owen,Siepmann,Senior Engineer
205364,Nikolaus,Chimia,Senior Staff
205367,TRUE,Cromarty,Technique Leader
205368,Shan,Bazzichi,Senior Engineer
205370,Geoffry,Marchesini,Senior Staff
205378,Macha,Hiyoshi,Senior Engineer
205379,Herbert,Koshino,Engineer
205381,Mana,Lung,Engineer
205383,Moti,Businaro,Technique Leader
205388,Stein,Uehara,Senior Engineer
205389,Mario,Poupard,Technique Leader
205393,Mandell,Shobatake,Engineer
205395,Jianhui,Perl,Staff
205409,Sasan,Birrer,Senior Staff
205417,Shunichi,Chleq,Senior Engineer
205428,Leon,Zucker,Staff
205436,Yuqun,Vesel,Engineer
205439,Poorav,Compeau,Senior Engineer
205441,Gill,Syrotiuk,Senior Staff
205445,Mihalis,Slutz,Senior Staff
205446,Soenke,Braccini,Staff
205450,Feiyu,Lung,Senior Staff
205452,Pascal,Koshiba,Senior Staff
205469,Zsolt,Perko,Senior Staff
205471,Bernd,Vasanthakumar,Senior Staff
205472,Sudhanshu,Winter,Senior Engineer
205474,Bedir,Piveteau,Engineer
205475,Ute,Schach,Senior Engineer
205476,Hairong,Ruemmler,Senior Engineer
205478,Reinhard,Nittel,Senior Staff
205479,Pranjal,Conia,Staff
205484,Atreye,Yoshimura,Senior Engineer
205488,Vugranam,Billingsley,Staff
205489,Surveyors,Laventhal,Senior Engineer
205492,Wojceich,Lorch,Engineer
205494,Gaurav,Dolinsky,Senior Staff
205495,Kendra,Perry,Engineer
205498,Ramya,Makrucki,Senior Engineer
205503,Steen,Hmelo,Senior Staff
205504,Moni,Gruenwald,Senior Staff
205524,Dante,Reistad,Senior Engineer
205525,Supot,Brender,Senior Staff
205526,Ayakannu,Eugenio,Assistant Engineer
205528,Shichao,Shiratori,Senior Engineer
205529,Troy,Karner,Technique Leader
205537,Tadahiko,Hoppenstand,Senior Staff
205538,Seshu,Majewski,Senior Engineer
205542,Shuho,Roison,Staff
205544,Anyuan,Hemaspaandra,Senior Engineer
205551,DAIDA,Levasseur,Senior Staff
205553,LiMin,Jeansoulin,Senior Staff
205555,Shaw,Desikan,Senior Engineer
205557,Oscar,Mungall,Senior Staff
205559,Herbert,Portugali,Engineer
205567,Ugo,Zeidenstein,Senior Staff
205568,Abdelghani,Aingworth,Senior Staff
205570,Debaprosad,Weedman,Senior Staff
205580,Arunachalam,Koblitz,Engineer
205582,Zhigen,Panienski,Senior Engineer
205586,JoAnne,Cappello,Staff
205588,Moheb,Menhardt,Senior Engineer
205592,Houman,Weisert,Senior Staff
205597,Kwan,Schonegge,Senior Engineer
205600,Van,Riesenhuber,Staff
205605,Rimon,Vural,Engineer
205606,Jiang,Champarnaud,Assistant Engineer
205608,Gilbert,Morris,Senior Engineer
205611,Ramya,Plump,Senior Staff
205612,Yakichi,Yurov,Senior Engineer
205614,Perry,Lieberherr,Senior Engineer
205615,Gonzalo,Borovoy,Engineer
205616,Babette,Plotkin,Engineer
205617,Masako,Rehfuss,Technique Leader
205618,Mona,Zultner,Senior Staff
205619,Souichi,Provine,Senior Engineer
205621,Ranan,Schmezko,Senior Staff
205622,Tonny,Whittlesey,Staff
205624,Jolita,Lally,Senior Engineer
205629,Guiseppe,Genin,Staff
205630,Xuejun,Litecky,Engineer
205631,Shih,Erman,Staff
205635,Subhash,Ravishankar,Engineer
205637,Udi,Przulj,Engineer
205638,Lubomir,Peir,Senior Engineer
205639,Remmert,Beilner,Senior Staff
205643,Kiyotoshi,Liesche,Senior Engineer
205645,Tonia,Stroustrup,Senior Engineer
205650,Yucai,Bonifati,Senior Engineer
205651,Slavian,Benantar,Senior Engineer
205653,Serif,Fiebach,Engineer
205656,Hauke,Cairo,Senior Staff
205662,Ung,Wixon,Senior Engineer
205670,Hidefumi,Jeong,Technique Leader
205673,Tesuya,Biros,Senior Engineer
205680,Jaana,Bazzichi,Technique Leader
205686,Uwe,Zirintsis,Senior Staff
205688,Sanjoy,Sambasivam,Engineer
205690,Toshimi,Warwick,Senior Staff
205700,Gay,Luit,Staff
205702,Ayonca,Fiebach,Senior Staff
205705,Jenwei,Gustavson,Senior Staff
205712,Susuma,Daescu,Senior Staff
205713,Gennady,Makinen,Senior Engineer
205714,Anwar,Ellozy,Senior Engineer
205716,Roselyn,Vecchi,Senior Staff
205717,Shem,Thorelli,Staff
205718,Sumali,DuCasse,Senior Engineer
205719,Maria,Jullig,Senior Staff
205722,Guenter,Staelin,Senior Engineer
205723,Josyula,Crooks,Senior Staff
205724,Kenroku,Swiss,Engineer
205727,Niranjan,Lubachevsky,Senior Engineer
205728,Hatem,Marquardt,Staff
205731,Alexius,Shokrollahi,Senior Staff
205733,Suzette,Tokunaga,Senior Staff
205736,Hilary,Thisen,Staff
205737,Nishit,Masamoto,Engineer
205738,Mong,Stroustrup,Senior Engineer
205741,Takahiro,Staudhammer,Senior Engineer
205745,Basem,Giarratana,Engineer
205746,Laurentiu,Mitchem,Senior Staff
205749,Mikhail,Viele,Senior Staff
205750,Marl,Heusch,Senior Engineer
205753,Keiichiro,Gonthier,Senior Engineer
205754,Mohammad,Heping,Engineer
205760,Alexius,Hettesheimer,Senior Staff
205761,Bowen,Melter,Senior Engineer
205778,Yakichi,Itzfeldt,Senior Engineer
205779,Adhemar,Kuhnemann,Senior Staff
205781,Moto,Awdeh,Engineer
205782,Shen,Brandsma,Senior Engineer
205788,Samphel,Bouloucos,Senior Staff
205790,Shirish,Jeansoulin,Engineer
205791,Billie,Grabner,Engineer
205794,Vitali,Szilard,Staff
205796,Arne,DuCasse,Senior Staff
205798,Suzette,Lowrie,Senior Engineer
205810,Lenore,Chiola,Senior Staff
205812,Nathan,Fraisse,Senior Engineer
205819,Stevo,Radwan,Staff
205820,Nagui,Kusakabe,Senior Engineer
205826,Diederik,Schauser,Senior Staff
205831,Mahmut,Alameldin,Staff
205832,Tianruo,Conta,Engineer
205836,Yuping,Thombley,Staff
205838,Ziva,Crabtree,Senior Engineer
205839,Mori,Gulik,Senior Engineer
205843,Chenye,Peek,Senior Engineer
205849,Masali,Walston,Senior Staff
205850,Hiroyasu,Staudhammer,Senior Staff
205853,Kristen,Akiyama,Engineer
205855,Mads,Zhang,Senior Engineer
205856,Toshimi,Cheshire,Senior Engineer
205857,Nitsan,Janetzko,Staff
205860,Gopalakrishnan,Rosar,Senior Engineer
205870,Paloma,Heiserman,Staff
205871,Geoffry,Butner,Senior Staff
205872,Kitty,Greibach,Senior Staff
205876,Gonzalo,Roccetti,Senior Engineer
205879,Guther,Zastre,Senior Staff
205881,Nahid,Vendrig,Senior Staff
205886,Jianwen,Janocha,Senior Staff
205888,Sorina,Simmen,Engineer
205890,Georgi,Chenoweth,Senior Staff
205892,Jiafu,Nitsch,Senior Engineer
205894,Nalini,Barriga,Engineer
205895,Steve,Garnick,Senior Staff
205896,Surveyors,Zeilberger,Senior Engineer
205899,Radoslaw,Mundy,Senior Staff
205903,Xiong,Matzel,Senior Engineer
205907,Muneo,Schahn,Engineer
205910,Maja,Rabehasaina,Technique Leader
205912,Suebskul,Masada,Engineer
205918,Lihong,Ghandeharizadeh,Senior Staff
205920,Mechthild,Roccetti,Engineer
205921,Bangqing,Chartres,Senior Staff
205924,Alain,Ventosa,Senior Engineer
205927,Sudhanshu,Zykh,Staff
205928,Domenico,Esteva,Senior Engineer
205931,Renny,Escriba,Senior Staff
205932,Etsuo,Basart,Assistant Engineer
205933,Kasidit,Chinin,Staff
205938,Remco,Mandelberg,Senior Staff
205941,Dung,Fetvedt,Technique Leader
205942,Snehasis,Schaap,Engineer
205944,Kwangho,Nitsch,Engineer
205945,Ottavia,Larfeldt,Senior Engineer
205946,Nectarios,Makinen,Staff
205948,Zhigen,Vesna,Senior Staff
205952,Sastry,Hebert,Assistant Engineer
205958,Behnaam,Plump,Senior Staff
205962,Jouni,Miculan,Senior Staff
205963,Yechiam,Curless,Senior Engineer
205968,Gilbert,Kuzuoka,Senior Engineer
205974,Mona,Gajiwala,Senior Engineer
205975,Lillian,Hardjono,Senior Engineer
205978,Dmitry,Vidal,Senior Staff
205982,Domenico,Swab,Senior Engineer
205986,Shan,Wiegley,Staff
205993,Pranay,Birch,Senior Engineer
206000,Atreye,Schapire,Senior Staff
206001,Rosalie,Merli,Engineer
206004,Christfried,Pfau,Engineer
206009,Dinah,Alvarado,Senior Engineer
206011,Reinhold,Giaccio,Senior Engineer
206014,Premsyl,Walstra,Senior Staff
206016,Suzette,Garrabrants,Senior Staff
206018,Takahiro,Baca,Senior Engineer
206029,Atilio,Debuse,Staff
206034,Junsik,Birrer,Staff
206035,Kinh,Eiron,Senior Engineer
206041,Gay,Demir,Senior Engineer
206053,Tsuneo,Alblas,Senior Staff
206055,Freyja,Magliocco,Technique Leader
206059,Jaana,Levergood,Senior Engineer
206065,Garnik,Spataro,Senior Staff
206066,Uzi,Chenoweth,Senior Staff
206067,Manton,Itzigehl,Senior Engineer
206076,Mang,Staelin,Senior Engineer
206079,Masaru,Rabejac,Engineer
206083,Khoa,Hebden,Engineer
206084,Leif,Kropatsch,Senior Engineer
206089,Lein,Karnin,Senior Engineer
206091,Zhaofang,Knightly,Staff
206098,Giri,McFarlin,Senior Engineer
206099,Gully,Portugali,Senior Staff
206100,Chuanti,Ghemri,Senior Engineer
206105,Fumiya,Wuwongse,Staff
206110,Shaz,Haddadi,Senior Staff
206114,Masadi,Peha,Senior Staff
206122,Munenori,Bazelow,Engineer
206125,Utz,Sankaranarayanan,Senior Engineer
206126,Berhard,Weisert,Senior Engineer
206135,Lillian,Coors,Senior Staff
206136,Malu,Morrow,Staff
206146,Becky,Merkl,Senior Engineer
206147,Chiranjit,Serov,Senior Engineer
206149,Yurii,Mellouli,Senior Engineer
206151,Visit,Binding,Engineer
206159,Ebru,Gimbel,Engineer
206163,Iara,Maginnis,Senior Staff
206164,Minghong,Vernadat,Senior Staff
206165,LiMin,Hmelo,Staff
206168,Serap,Matzat,Senior Staff
206173,Chaosheng,Radivojevic,Senior Staff
206174,Vidya,Boguraev,Senior Engineer
206175,Abdelwaheb,Pashtan,Senior Engineer
206177,Hironoby,Kaelbling,Senior Staff
206180,Piyush,Luga,Senior Engineer
206181,Yagil,Benzaken,Senior Staff
206185,Yolla,Gonthier,Senior Engineer
206190,Parviz,Gill,Senior Engineer
206191,Chaitali,Asrin,Senior Engineer
206193,Kerryn,Senzako,Senior Staff
206199,Rafail,Hashii,Technique Leader
206205,Munir,Lagarias,Staff
206211,Golgen,Schapire,Senior Staff
206215,Taiji,Kaiser,Senior Engineer
206216,Georgy,Guerreiro,Senior Engineer
206220,Nalini,Chenney,Staff
206223,Masanao,Meszaros,Senior Engineer
206227,Feixiong,Schmittgen,Senior Engineer
206230,Eckart,Gire,Senior Engineer
206231,Christoper,Kroon,Senior Staff
206238,Huan,Sevcikova,Senior Engineer
206240,Oksana,Zykh,Senior Engineer
206241,Kazuhira,Danecki,Senior Staff
206245,Sreenivas,Velardi,Senior Staff
206246,Zejun,Gniady,Engineer
206249,Nathan,Morrin,Engineer
206250,Temple,Ernst,Engineer
206251,Izaskun,Sinicrope,Engineer
206257,Monique,Emmerich,Senior Engineer
206259,Boguslaw,Mellouli,Senior Engineer
206260,Sadok,Peir,Senior Engineer
206262,Alejandro,Bugrara,Staff
206272,Xinan,Miake,Senior Engineer
206274,Tadanori,Tiemann,Staff
206277,Candida,Toyoshima,Senior Staff
206281,Adly,Matzat,Staff
206285,Parke,Farrar,Assistant Engineer
206286,Arno,Pocchiola,Senior Engineer
206287,Visit,Valette,Staff
206288,Sverrir,Vrecion,Engineer
206289,Herb,Pusterhofer,Senior Engineer
206296,Kwangjo,Landherr,Senior Staff
206298,Limsoon,Melter,Senior Staff
206301,Huiqun,Yavatkar,Senior Engineer
206302,Ramzi,Marwedel,Senior Engineer
206308,Val,Homond,Staff
206313,Snehasis,Hutter,Senior Engineer
206324,Elvis,Schrooten,Senior Engineer
206327,Oscal,Tetzlaff,Senior Staff
206332,Houman,Luit,Senior Engineer
206335,Katsuyuki,Eldridge,Senior Staff
206338,Arlette,Aamodt,Senior Staff
206339,Kamran,Emmart,Engineer
206341,Mana,Streng,Engineer
206343,Aris,Erie,Staff
206346,Syozo,Hitomi,Senior Engineer
206350,Shaunak,Luit,Staff
206351,Huei,Perly,Senior Engineer
206354,Gennadi,Kawashima,Senior Engineer
206355,Aleksander,Picci,Engineer
206357,Steve,Kavraki,Technique Leader
206360,Dayanand,Baezner,Engineer
206362,Yechezkel,Seghrouchni,Senior Staff
206368,Kamakshi,Azadmanesh,Engineer
206369,Changho,Kadhim,Senior Engineer
206374,Venkatesan,Godskesen,Senior Staff
206381,Horward,Peltason,Senior Staff
206387,Chinho,Melton,Senior Engineer
206390,Lena,Boissier,Senior Engineer
206398,Elrique,Velardi,Engineer
206399,Macha,Hasham,Senior Engineer
206406,Gretta,Heinisuo,Staff
206409,Mingzeng,Baig,Staff
206411,Shigeichiro,Vidal,Senior Engineer
206412,Geoffrey,Frezza,Senior Engineer
206416,Ronnie,Kopetz,Senior Staff
206418,Marco,Vickson,Senior Engineer
206427,Nobuyoshi,Otillio,Senior Staff
206432,Masaru,Levasseur,Engineer
206435,Mariangiola,Picco,Staff
206437,Jamaludin,Snedden,Senior Staff
206438,Akeno,Bressoud,Engineer
206439,Atreye,Pellegrinelli,Senior Staff
206442,Munenori,Kuhnemann,Senior Staff
206444,Boalin,Fiebach,Staff
206445,Khosrow,Dusink,Staff
206447,Feixiong,Conte,Engineer
206449,Zhonghui,Rajala,Staff
206452,Insup,Woycyznski,Senior Engineer
206456,Roselyn,Vuskovic,Senior Engineer
206463,Saeko,Roohalamini,Staff
206466,Werner,Kugler,Staff
206468,Hidefumi,Crouzet,Engineer
206470,Shaowei,Larfeldt,Senior Engineer
206472,Taiji,Ranta,Engineer
206473,Moheb,Sherertz,Engineer
206477,Quingbo,Chartres,Engineer
206481,Goncalo,dAstous,Senior Staff
206486,Felicidad,Demian,Senior Staff
206487,Gila,Miake,Staff
206501,Kamakshi,Vrecion,Senior Engineer
206507,Bernt,Gonthier,Senior Engineer
206512,Mantis,Gelosh,Senior Engineer
206518,Wilmer,Falster,Staff
206520,Gor,Selenyi,Senior Engineer
206526,Hauke,Chepyzhov,Senior Staff
206527,Aleksandar,Selvestrel,Engineer
206529,Malu,Stasinski,Senior Engineer
206530,Xuedong,Roison,Senior Staff
206531,Monique,Holburn,Senior Engineer
206532,Peternela,Birdsall,Senior Staff
206533,Ekawit,Genther,Technique Leader
206536,Zhigen,Kruskal,Engineer
206539,Jaroslava,Eterovic,Senior Engineer
206540,Udi,Peir,Senior Engineer
206544,Boriana,Rijsenbrij,Senior Engineer
206550,Rosli,Hofman,Senior Staff
206553,Dzung,Yetto,Engineer
206554,Geraldo,Vesel,Senior Staff
206559,Ronghao,Erde,Senior Engineer
206560,Howell,Yetim,Technique Leader
206564,Mona,McFarlan,Senior Staff
206566,Kristinn,Grandbois,Senior Engineer
206568,Denis,Beeson,Senior Engineer
206570,Tristan,Schmezko,Staff
206576,Chenxi,Chepyzhov,Staff
206577,Gurbir,Baak,Engineer
206578,Deborah,Onuegbe,Staff
206586,Navid,Lores,Staff
206592,Mona,Bach,Senior Staff
206593,Fumino,Thiria,Senior Staff
206599,Kwangjo,Demir,Technique Leader
206604,Adil,Rajala,Senior Engineer
206607,Byong,Jonsson,Staff
206611,Qingxiang,Isard,Senior Staff
206612,Ferdinand,Bale,Engineer
206613,Rosine,Yurov,Staff
206625,Naraig,Frolund,Senior Engineer
206628,Jeong,Rissland,Senior Engineer
206631,Kenroku,Leslie,Senior Engineer
206632,Yongmao,Passino,Senior Engineer
206634,Fumino,Jiang,Senior Staff
206636,Adit,Ritcey,Senior Staff
206637,Jahangir,Schlenzig,Senior Engineer
206639,Gad,Openshaw,Senior Engineer
206648,Dhritiman,Lindqvist,Senior Engineer
206653,Sumant,Landherr,Staff
206654,Arnd,Biron,Senior Staff
206655,Mohan,Cairo,Assistant Engineer
206660,Jinxi,Engberts,Senior Engineer
206661,Lucien,Collavizza,Staff
206666,Seongbin,Rassart,Senior Engineer
206668,Jaana,Rabejac,Senior Staff
206674,Byong,Nilsson,Staff
206678,Gio,Marrakchi,Engineer
206680,IEEE,Erdi,Staff
206686,Shin,Mondadori,Senior Staff
206691,Gennady,Cincotta,Senior Staff
206692,Surveyors,Melter,Senior Staff
206697,Billie,Quaggetto,Staff
206706,Abdelaziz,Klyachko,Engineer
206707,Constantino,Gerlach,Engineer
206710,Ravishankar,Barriga,Engineer
206711,Visit,Oskamp,Senior Staff
206713,Zhiguo,Orsini,Senior Engineer
206714,Alejandro,Vakili,Staff
206718,Koldo,Ramaiah,Senior Staff
206719,Heping,Docker,Senior Staff
206729,Kaijung,Ligten,Engineer
206731,Phuoc,Ramras,Senior Engineer
206732,Renny,Furedi,Senior Engineer
206733,Nigel,Narahara,Senior Staff
206737,Shalesh,Farrow,Senior Staff
206739,Gennadi,Dusink,Engineer
206744,Kenton,Radivojevic,Staff
206746,Khoa,Honiden,Senior Engineer
206747,Alselm,Manders,Senior Staff
206749,Arto,Billingsley,Engineer
206758,Elvia,Aumann,Senior Staff
206759,Syozo,Cullers,Technique Leader
206760,Feixiong,Baumann,Senior Staff
206762,Lakshmi,Matheson,Senior Engineer
206763,Elvia,Schaad,Senior Engineer
206764,Charmane,Vesna,Senior Engineer
206765,Alselm,Zobel,Engineer
206770,Urs,Portugali,Technique Leader
206771,Ferdinand,Lores,Senior Engineer
206774,Moto,Setlzner,Engineer
206777,Constantine,Gilg,Engineer
206782,Jouni,Hopewell,Engineer
206792,Chinya,Panienski,Assistant Engineer
206794,Mang,Provine,Senior Engineer
206801,Shirish,Gill,Engineer
206802,Hatem,Kulisch,Senior Staff
206803,Gay,Kaiserswerth,Technique Leader
206804,Uinam,Pokrovskii,Senior Engineer
206808,Danil,Stasinski,Staff
206809,Oksana,Simmen,Senior Engineer
206812,Abdelghani,Gyimothy,Senior Engineer
206813,Genta,Poujol,Senior Staff
206815,Insup,Frolund,Senior Staff
206816,Dharmaraja,Falby,Senior Engineer
206817,Xudong,Hiltgen,Senior Staff
206827,Badri,Selvestrel,Senior Engineer
206829,Mario,Monarch,Senior Staff
206834,Vishu,Rohrbach,Engineer
206838,Jouni,Osgood,Staff
206840,Demos,Tomescu,Engineer
206842,Zeydy,Sabnani,Engineer
206844,Sudhanshu,Coney,Staff
206847,Luise,Akazan,Senior Staff
206848,Pintsang,Raney,Senior Engineer
206851,Chiranjit,Maliniak,Senior Staff
206854,Fumiyo,Theuretzbacher,Engineer
206855,Yurii,Streit,Technique Leader
206856,Ranan,Emmart,Senior Staff
206859,Hairong,Syang,Engineer
206860,Kazuhide,Pargaonkar,Staff
206864,Shai,Waymire,Engineer
206872,Marc,Stafford,Senior Staff
206873,Cedric,Kilgour,Senior Staff
206878,Demos,Irland,Senior Engineer
206886,Radoslaw,Xiaoshan,Senior Engineer
206889,Theirry,Walston,Senior Engineer
206890,Zhilian,Valtorta,Senior Engineer
206894,Bernd,Bail,Senior Engineer
206895,Mandell,Parfitt,Senior Engineer
206896,Bedrich,Ouhyoung,Engineer
206902,Shounak,Trelles,Staff
206905,Ult,Fandrianto,Senior Staff
206906,Lokesh,Suomi,Senior Staff
206911,Gritta,Lyonns,Staff
206914,Genta,Pell,Senior Engineer
206916,Pradeep,Businaro,Engineer
206917,Berhard,Melton,Senior Staff
206921,Takushi,Castellani,Senior Engineer
206929,Shuzo,Weedon,Senior Engineer
206935,Toshimi,Syrotiuk,Senior Staff
206941,Syozo,Rusmann,Senior Engineer
206942,Tesuro,Billawala,Senior Staff
206943,Jeanna,Swick,Senior Staff
206949,Hideyuki,Farrag,Senior Staff
206952,Jeanna,Kadhim,Senior Engineer
206954,Baruch,Collette,Senior Staff
206955,Mingzeng,Jeong,Senior Staff
206959,Mandell,Sullins,Staff
206967,Duke,Aamodt,Staff
206972,Francoise,Hegner,Engineer
206974,Maia,Sadowsky,Senior Engineer
206976,Masako,Gluchowski,Engineer
206981,Dung,Mamelak,Staff
206986,Mack,Kopetz,Engineer
206987,Oldrich,Radwan,Staff
206995,Bernd,Nollmann,Senior Staff
206999,Vivian,Colorni,Senior Staff
207001,Kristine,Macedo,Senior Engineer
207005,Masadi,Reeken,Staff
207008,Maik,Serdy,Senior Engineer
207009,Moni,Angelov,Senior Engineer
207011,Vatsa,Denny,Senior Staff
207012,Masamitsu,Goodrum,Senior Engineer
207014,Shaowei,Saoudi,Engineer
207016,Lenore,Mondadori,Senior Engineer
207025,Barry,Hanratty,Engineer
207027,Huiqun,Gecseg,Staff
207035,Kirk,Ciolek,Technique Leader
207038,Djenana,Scharstein,Senior Staff
207041,Piyush,Bierbaum,Engineer
207050,Navin,Khasidashvili,Senior Engineer
207053,Jaihie,Camarinopoulos,Senior Engineer
207056,Volkmar,Lorcy,Technique Leader
207065,Moss,Auyong,Staff
207071,Elvis,Schnelling,Senior Staff
207073,Owen,Lamparter,Staff
207077,Kristinn,Serdy,Staff
207078,Idoia,Highland,Senior Engineer
207080,Hitofumi,Malinowski,Technique Leader
207084,Carrsten,Bergere,Engineer
207087,Pranjal,Codenie,Senior Engineer
207090,Stein,Uhrig,Senior Staff
207092,Hein,Schwabacher,Senior Staff
207095,Jiann,Hashii,Senior Engineer
207100,Ingmar,Eickenmeyer,Senior Staff
207106,Jianhui,Bolsens,Engineer
207118,Lijia,Siochi,Senior Engineer
207120,Hideyuki,Varley,Technique Leader
207130,Basem,Waschkowski,Senior Staff
207137,Flemming,Schurmann,Staff
207138,Guiseppe,Ruther,Senior Staff
207147,Syozo,Ertl,Engineer
207148,Zhiguo,Ullian,Senior Engineer
207150,Arno,Pena,Senior Staff
207151,Yuguang,Luby,Senior Engineer
207153,Itzchak,Speer,Staff
207154,Almudena,Wendorf,Staff
207162,Yucai,Kruskal,Senior Staff
207163,Chaosheng,Krider,Senior Engineer
207164,Youngkon,Nations,Staff
207166,Guadalupe,Heijenga,Engineer
207167,Mohd,Genin,Staff
207168,Koldo,Mayerwieser,Staff
207173,Steen,Besancenot,Engineer
207176,Shuzo,Polajnar,Senior Engineer
207177,Chrisa,Impagliazzo,Senior Engineer
207178,Masasuke,Muniz,Senior Engineer
207181,Honesty,Tomescu,Engineer
207186,Mansur,Szemeredi,Senior Staff
207188,Hideyuki,Bouloucos,Technique Leader
207190,Dinkar,Mitzlaff,Senior Engineer
207197,Yuriy,Ellozy,Senior Staff
207198,Shahaf,Heystek,Senior Engineer
207201,Leen,Trystram,Senior Staff
207208,Susanne,Shackel,Senior Engineer
207210,Guttorm,Rousseau,Engineer
207215,Randi,Pfau,Engineer
207223,Garnet,Marshall,Engineer
207225,Susanne,Furudate,Senior Engineer
207227,Debaprosad,Kriebel,Technique Leader
207232,Mostafa,Uchoa,Technique Leader
207233,Harngdar,Bazzichi,Senior Engineer
207243,Monique,Maccarone,Senior Engineer
207256,Changho,Grandbois,Senior Engineer
207263,Ult,Czaja,Senior Staff
207268,Elvia,Papadias,Senior Staff
207274,Guozhong,Schusler,Staff
207276,Ramalingam,Oaver,Assistant Engineer
207279,Hugo,Zultner,Senior Staff
207280,Rosita,Bouloucos,Staff
207282,Sanjoy,Macedo,Engineer
207291,Van,Cronan,Senior Staff
207293,Mack,Versino,Senior Staff
207294,Goa,Radwan,Staff
207295,Aiichiro,Motley,Assistant Engineer
207296,Karsten,Rodham,Senior Staff
207302,Patricia,Murillo,Senior Staff
207303,Sedat,Cromarty,Staff
207304,Visit,Erie,Technique Leader
207307,Constantine,Brodie,Senior Engineer
207311,Houman,Pietracaprina,Senior Staff
207313,Lein,Gilg,Senior Engineer
207315,Yuuichi,Redmiles,Technique Leader
207317,Francoise,Naudin,Senior Staff
207318,Arnould,Marletta,Staff
207319,Hitofumi,Sundgren,Senior Engineer
207323,Uli,Pehl,Senior Engineer
207326,Indrajit,Bressoud,Senior Engineer
207327,Anoosh,Luck,Senior Staff
207331,Adhemar,Berstel,Technique Leader
207333,Janalee,Sambasivam,Senior Staff
207340,Valeska,Cesareni,Staff
207353,Masaki,Melter,Staff
207355,Diederik,Facello,Engineer
207357,Debaprosad,Schade,Senior Engineer
207370,Morrie,Edelhoff,Senior Engineer
207373,Augustine,Babu,Staff
207375,Honesty,Fujisaki,Senior Engineer
207380,Kamran,Beznosov,Senior Engineer
207381,Shridhar,Cooman,Senior Engineer
207383,Utz,Coullard,Senior Engineer
207391,Kazuhira,Frezza,Staff
207392,Piyawadee,Denna,Senior Staff
207396,Jongsuk,Provine,Engineer
207397,Zhenhua,Nastansky,Senior Staff
207406,Rimli,Zhang,Senior Staff
207411,Premal,Levergood,Senior Staff
207416,Gaurav,Kuhnemann,Senior Staff
207425,Zhonghui,Kilgour,Senior Engineer
207426,Mats,Panangaden,Assistant Engineer
207429,Wuxu,Lamba,Staff
207431,Marla,Uchoa,Senior Staff
207434,Huan,Sevcikova,Senior Engineer
207437,Kristen,Prenel,Senior Engineer
207439,Zongyan,Pouyioutas,Senior Engineer
207440,Abdelaziz,Kropatsch,Senior Staff
207441,Vitali,Lorcy,Senior Engineer
207448,Kristof,Dredge,Senior Staff
207452,Alper,Dehkordi,Staff
207454,Moon,Radivojevic,Senior Engineer
207455,Hyuckchul,Kisuki,Engineer
207458,Gregory,Chenney,Senior Staff
207460,Sadok,Oskamp,Senior Staff
207461,Remco,Peek,Senior Staff
207462,Margo,DiGiano,Senior Staff
207468,Ortrun,Schueller,Senior Staff
207474,Fumitaka,Gustavson,Senior Engineer
207486,Vatsa,Badache,Senior Staff
207489,Collette,Irland,Senior Engineer
207510,Achilleas,Czaja,Senior Engineer
207512,Valeska,Basagni,Senior Staff
207514,Malu,Haumacher,Staff
207515,Danny,Puppo,Senior Engineer
207518,Jeanna,Reinhart,Senior Staff
207519,Huan,Leonhardt,Engineer
207523,Chaosheng,Picaronny,Senior Engineer
207532,Lidong,Jeansoulin,Senior Staff
207536,Arch,Rusterholz,Assistant Engineer
207538,Shuzo,Deverell,Senior Staff
207539,Dzung,Lalonde,Senior Engineer
207544,Kensyu,Hardjono,Senior Staff
207548,Beshir,Gips,Senior Staff
207549,Youssef,Mattern,Technique Leader
207552,Patricia,Velasco,Senior Staff
207558,Rance,Itschner,Senior Staff
207563,Tremaine,Bahl,Senior Staff
207570,Kerhong,Peroz,Senior Staff
207576,Gor,Bala,Senior Staff
207580,Parto,Harbusch,Staff
207582,Giri,Langford,Staff
207583,Shigeu,Mukaidono,Senior Staff
207584,Basant,Schlumberger,Senior Engineer
207585,Limsoon,Picel,Senior Engineer
207587,Irena,Kitai,Senior Staff
207590,Dipankar,Ferriere,Senior Engineer
207597,Murthy,Kusakari,Senior Engineer
207599,Arnd,Sundgren,Staff
207609,Tianruo,Hettesheimer,Staff
207614,Nadjib,Ozeri,Senior Engineer
207618,Weicheng,Salvesen,Engineer
207621,Licheng,Heijenga,Senior Engineer
207629,Sashi,Hardjono,Engineer
207638,Odoardo,Brobst,Engineer
207639,Ashish,Hettesheimer,Senior Staff
207644,Otmar,Cronau,Staff
207645,Terresa,Ernst,Senior Staff
207648,Demos,Snedden,Senior Staff
207650,Dhritiman,Peron,Senior Engineer
207652,Subhrajyoti,Wegerle,Senior Staff
207658,Kiyokazu,Whitcomb,Senior Engineer
207660,Weidon,Klyachko,Senior Engineer
207661,Hairong,Leslie,Senior Staff
207662,Mori,Narahari,Senior Engineer
207672,Shan,Luga,Technique Leader
207676,Yuqun,Casley,Senior Engineer
207678,Claude,Gargeya,Engineer
207679,Vasilis,Rosti,Senior Staff
207682,Sangeeta,Terlouw,Assistant Engineer
207683,Gilbert,Luft,Senior Staff
207684,Vishu,Camurati,Senior Staff
207685,Christoph,Peltason,Senior Staff
207686,Chinhyun,Schnelling,Senior Staff
207688,Juichirou,Marshall,Senior Engineer
207691,Genevieve,Pena,Senior Engineer
207693,Mamdouh,Heijenga,Senior Engineer
207699,Elgin,Schlenzig,Engineer
207701,Yuping,Lodder,Senior Engineer
207706,Paraskevi,Mateescu,Engineer
207711,Ayonca,Bratsberg,Senior Staff
207712,Harjit,Bolsens,Senior Staff
207715,Giap,Serre,Staff
207716,Yaghout,Stemann,Senior Staff
207720,Godehard,Koprowski,Senior Engineer
207726,Aron,Menhardt,Senior Engineer
207728,Emdad,Codenie,Engineer
207733,Koichi,Hooghiemstra,Senior Engineer
207734,Kensei,Strooper,Senior Staff
207738,Saeko,Rahier,Senior Engineer
207746,LiMin,Etalle,Senior Engineer
207759,Hugo,Chaudhury,Engineer
207760,Hidde,Atchley,Staff
207761,Vatsa,Beeson,Senior Engineer
207762,Pohua,Bodoff,Senior Engineer
207765,Qunsheng,Strehl,Staff
207766,Gou,Rajala,Senior Staff
207769,Salvador,Marwedel,Senior Staff
207770,Temple,Dratva,Senior Staff
207771,Babette,Lindqvist,Senior Staff
207772,Bowen,Luke,Senior Engineer
207773,Padma,Deyuan,Senior Engineer
207774,KayLiang,Trachtenberg,Senior Staff
207780,Dinah,Schade,Engineer
207782,Neven,Ananiadou,Senior Staff
207784,Lillian,Pardalos,Senior Engineer
207785,Ennio,Hoogerwoord,Staff
207792,Shir,Himler,Senior Engineer
207793,Magdalena,Passafiume,Senior Engineer
207794,Ingmar,Jayawardene,Senior Staff
207795,Yannis,Noriega,Senior Staff
207798,Munir,Gyorkos,Senior Staff
207800,Arumugam,Chandrasekhar,Senior Engineer
207801,Navid,Plumb,Senior Staff
207808,Alper,Peyn,Technique Leader
207812,Gad,Milicic,Engineer
207815,Fumiya,Servi,Engineer
207816,Gor,Ozeki,Staff
207820,Caolyn,Buescher,Senior Engineer
207823,Masadi,Conde,Senior Engineer
207824,Rosella,Clouatre,Senior Staff
207825,Doohun,Henders,Senior Engineer
207827,Remco,Tasistro,Senior Staff
207832,Poornachandra,McClurg,Senior Engineer
207834,Huei,Lalonde,Senior Staff
207840,Danel,Zuberek,Senior Engineer
207841,Gadiel,Edelhoff,Senior Engineer
207849,Giordano,Olivero,Staff
207852,Saniya,Valiente,Engineer
207854,Kazuhito,Assaf,Senior Staff
207855,Susanta,Baca,Senior Engineer
207856,Adit,Terkki,Senior Staff
207858,Changho,Lyonns,Engineer
207860,Maja,Rodite,Senior Engineer
207861,Idoia,Picht,Staff
207864,Mingzeng,Steinauer,Senior Staff
207870,Toshiko,Czap,Engineer
207873,Yoshimitsu,Kabayashi,Senior Engineer
207876,Kwangho,Engelmann,Senior Engineer
207877,Kazunori,Bresenham,Technique Leader
207878,Bernt,Danley,Senior Staff
207894,Tzu,Papadias,Senior Staff
207898,Djenana,Gist,Technique Leader
207904,Nadjib,Rando,Staff
207905,Manibrata,Orsini,Senior Engineer
207906,Hausi,Kobara,Senior Engineer
207914,Dung,Broder,Technique Leader
207915,Sibyl,Pleszkun,Senior Engineer
207929,Fatemeh,Koshino,Senior Engineer
207930,Elzbieta,Menhoudj,Senior Staff
207932,Heeju,Moehrke,Engineer
207941,Florian,Emmerich,Senior Staff
207945,Arlette,Herber,Engineer
207947,Basil,Lamma,Senior Staff
207948,Gregory,Bratsberg,Staff
207949,Yagil,Lores,Engineer
207951,Tsutomu,Vingron,Staff
207953,Arne,Markovitch,Engineer
207954,Zhigen,Brobst,Staff
207955,Geoffry,Pillow,Senior Staff
207960,Aron,Uludag,Staff
207963,Teruyuki,Vickson,Technique Leader
207969,Macha,Verhoeff,Senior Staff
207975,Mang,Iisaku,Senior Engineer
207976,Gritta,Champarnaud,Senior Staff
207977,Wayne,Hellwagner,Senior Engineer
207987,Caolyn,Bondorf,Senior Engineer
207988,Gianluca,Chenney,Senior Engineer
207999,Fumiko,Matzen,Senior Staff
208003,Geoffrey,Coors,Senior Engineer
208009,Mari,Jervis,Senior Staff
208012,Heping,Bolsens,Senior Staff
208014,Ebru,Demian,Technique Leader
208018,Shahar,Plump,Senior Engineer
208019,Jayson,Ginesta,Senior Staff
208020,Adil,Boudaillier,Senior Engineer
208023,Karsten,Pearson,Senior Engineer
208028,Ewing,Marakhovsky,Senior Engineer
208031,Ingemar,Hertweck,Senior Engineer
208032,Hideo,Benzmuller,Senior Staff
208035,Marco,Asser,Technique Leader
208037,Fumitaka,Weedman,Senior Staff
208040,Mabo,Kadhim,Senior Engineer
208044,Pranav,Swiss,Senior Engineer
208046,Panayotis,Baranowski,Senior Engineer
208049,Miomir,Hedayat,Staff
208050,Karoline,Heiserman,Staff
208053,Marc,Zongker,Senior Engineer
208056,Arvin,Liesche,Engineer
208065,Teiji,Hammerschmidt,Engineer
208066,Shakhar,Demeyer,Senior Engineer
208067,Hauke,Herbst,Staff
208069,Richara,Kropp,Engineer
208071,Hailing,Zuberek,Engineer
208073,Kerryn,Yurek,Senior Engineer
208080,Anwar,Bridgland,Senior Engineer
208082,Giap,Ozeki,Senior Staff
208083,Kwok,Comellas,Senior Engineer
208084,Chikara,Masand,Technique Leader
208086,Utpal,Barinka,Senior Engineer
208087,Xianlong,Lueh,Senior Staff
208093,Olivera,Leslie,Senior Engineer
208094,Kousuke,Kaiserswerth,Senior Staff
208098,Wilmer,Merli,Senior Staff
208100,Feixiong,Xiaoshan,Senior Engineer
208101,Xiaopeng,Bhattacharjee,Technique Leader
208107,Bikash,Fargier,Senior Staff
208109,Lijia,Schauser,Senior Engineer
208111,Volkmar,Rathonyi,Senior Staff
208114,Kazunori,Denny,Senior Staff
208118,Noritoshi,Baek,Senior Engineer
208119,Danny,Azulay,Senior Staff
208132,Sven,Krider,Senior Engineer
208133,Ronghao,Talmor,Senior Engineer
208134,Sangeeta,Crabtree,Senior Engineer
208136,Djelloul,Servi,Senior Engineer
208139,Kazuhira,Schusler,Engineer
208141,Shai,Edelhoff,Senior Staff
208142,Jenwei,Nittel,Senior Staff
208148,Taisook,Riexinger,Staff
208149,Pranay,Boguraev,Engineer
208151,Kristine,Ramsak,Senior Engineer
208152,Bogdan,Miyakawa,Senior Staff
208154,Tsuneo,Sgarro,Senior Staff
208162,Insup,Neimat,Senior Staff
208169,Shen,Coullard,Engineer
208171,Martial,Demke,Senior Engineer
208177,Dante,Brodie,Senior Staff
208186,Eberhardt,Dratva,Senior Staff
208189,Berthier,Reinhard,Senior Engineer
208190,Marsja,Azuma,Senior Engineer
208191,Abdelghani,Ligten,Senior Engineer
208196,Lucian,Kumaresan,Senior Staff
208197,Junichi,Alvarado,Senior Staff
208200,Fabrizio,Linares,Senior Engineer
208202,Zhongwei,Piazza,Staff
208204,Mara,Swab,Senior Engineer
208209,Kersti,Matzat,Staff
208212,Bangqing,Lagarias,Senior Staff
208213,Hidde,Brookner,Senior Engineer
208215,Percy,Furudate,Senior Staff
208216,Goetz,Schueller,Senior Engineer
208218,Masaru,Morrey,Engineer
208219,Candida,Kaminger,Senior Staff
208220,Shigehito,Beidas,Senior Engineer
208221,Kellyn,Deverell,Senior Engineer
208225,Jasminko,Marrevee,Assistant Engineer
208227,Bodo,Merro,Senior Staff
208235,Jagoda,Lally,Senior Engineer
208239,Amalendu,Czap,Senior Engineer
208244,Richara,Crelier,Senior Engineer
208245,Chanjung,Sigstam,Senior Engineer
208249,Yuchang,Esposito,Senior Engineer
208256,Hugh,Mungall,Senior Engineer
208257,Lakshmi,Kamber,Senior Engineer
208258,Nathalie,Remmers,Engineer
208269,Yuguang,Sury,Senior Staff
208273,Kagan,Radhakrishnan,Senior Staff
208277,Sashi,Alblas,Senior Engineer
208282,Ferdinand,Vitiello,Senior Staff
208293,Siddarth,Merks,Senior Engineer
208297,Kellyn,Chartres,Senior Engineer
208304,Uri,Molberg,Senior Engineer
208306,Guozhong,Otillio,Engineer
208308,Nevin,Zielinski,Engineer
208311,Gil,Reistad,Engineer
208317,Yakkov,Douceur,Engineer
208318,Rutger,Egerstedt,Assistant Engineer
208326,Sungwon,Schwabacher,Assistant Engineer
208328,Kamran,Schaad,Staff
208334,Mani,Linares,Senior Staff
208335,Shaz,Prenel,Senior Staff
208336,Ranga,Ibel,Staff
208340,Etsuo,Butner,Senior Staff
208344,Youssef,Gerteisen,Staff
208345,Elliott,Azadmanesh,Technique Leader
208346,Dharmaraja,Lorho,Senior Engineer
208354,Siamak,Boguraev,Senior Staff
208356,Elliott,Laurillard,Senior Engineer
208357,Chiradeep,Lamparter,Staff
208358,Keung,Pokrovskii,Senior Staff
208370,Genta,Murtha,Assistant Engineer
208374,Indrajit,Denis,Senior Engineer
208375,Zeydy,Thiria,Senior Staff
208376,Abdulah,Solovay,Staff
208383,Kendra,Bouloucos,Engineer
208392,TRUE,Lamparter,Senior Staff
208393,Gill,Furedi,Senior Staff
208394,Jixiang,Yetto,Engineer
208401,Tua,Masamoto,Senior Engineer
208407,Arto,Kirkerud,Senior Staff
208409,Toshiki,Nicolson,Senior Staff
208413,Takahira,Pena,Senior Staff
208416,Kendra,Braunschweig,Senior Engineer
208417,Mani,Ponthieu,Senior Staff
208427,Satosi,Ouhyoung,Staff
208433,Jaewon,Serre,Technique Leader
208435,Arfst,Toyoshima,Senior Staff
208436,Adhemar,Denny,Senior Staff
208446,Poornachandra,Lampe,Staff
208455,Chanjung,Hofstetter,Senior Engineer
208456,Stabislas,Herbst,Senior Staff
208457,Pohua,Yoshimura,Senior Staff
208463,Ipke,Pillow,Senior Staff
208464,Sanjeeva,Narahara,Staff
208470,Marke,Vickson,Senior Engineer
208473,Toshimitsu,Msuda,Senior Engineer
208475,Shahid,Zaiane,Senior Engineer
208479,Teiji,Chinal,Staff
208482,Vasilii,Schwartzburd,Senior Engineer
208483,Pradeep,Simkin,Senior Staff
208484,Inderjeet,Schapiro,Engineer
208486,Chenye,Iwayama,Staff
208488,Naftaly,Strooper,Staff
208490,Masasuke,Schicker,Senior Engineer
208494,Sumali,Pellegrinelli,Technique Leader
208498,Avishai,Rosin,Engineer
208500,Boaz,Yurek,Senior Staff
208501,Clyde,Chiodo,Senior Staff
208504,Heekeun,Mitsuhashi,Senior Engineer
208506,Danil,Ishibashi,Senior Staff
208511,Shai,Valtorta,Senior Engineer
208524,Gilbert,Gien,Senior Engineer
208525,Adam,DiGiano,Senior Staff
208528,Sukumar,Polupanov,Senior Staff
208531,Dmitry,Peyn,Senior Staff
208533,Tzvetan,Massonet,Senior Staff
208539,Masaki,Casley,Senior Staff
208544,Garnik,Lienhardt,Technique Leader
208545,Chandrasekaran,Validov,Senior Engineer
208546,Piyush,Garnier,Senior Staff
208548,Alassane,Kusalik,Engineer
208549,Jordanka,Babu,Senior Engineer
208553,Shichao,Terekhov,Senior Engineer
208557,Zhenhua,Servieres,Engineer
208559,Luerbio,Zeilberger,Senior Engineer
208562,Atreyi,Negoita,Senior Staff
208563,Haldun,Sury,Staff
208573,Xiaoheng,Olivero,Staff
208576,Alper,Rodham,Senior Engineer
208577,Gennady,Peral,Assistant Engineer
208581,Naftaly,Colorni,Staff
208582,Hideyuki,Khamsi,Staff
208583,Utpal,Lorho,Senior Engineer
208586,Remko,Czap,Senior Engineer
208589,Sarita,Busillo,Senior Engineer
208597,Tua,Rosch,Senior Staff
208599,Marko,Camarinopoulos,Senior Staff
208604,Rafail,Gulik,Senior Engineer
208607,Gal,Rajala,Senior Staff
208611,Elvis,Valiente,Senior Engineer
208612,Eckart,McDermid,Senior Staff
208617,Nahla,Onuegbe,Senior Engineer
208619,Gererd,Danlos,Senior Engineer
208621,Iara,Liedekerke,Assistant Engineer
208622,Ute,Ponthieu,Senior Engineer
208631,Amstein,Schlumberger,Senior Engineer
208638,Khatoun,Zobel,Staff
208645,Khaled,Itschner,Technique Leader
208649,Mooi,Kenevan,Technique Leader
208655,Yannik,Rodham,Senior Engineer
208659,Kristinn,Ventosa,Senior Engineer
208660,Narain,Larfeldt,Senior Engineer
208682,Jasminko,Sidje,Senior Staff
208684,Kristin,Brizzi,Senior Engineer
208685,Lokesh,Morris,Engineer
208686,Gadiel,Farrag,Senior Staff
208688,Rosita,Peac,Senior Engineer
208689,Hideo,Barvinok,Senior Staff
208690,Tsuneo,Feldmann,Senior Staff
208691,Yakichi,Cherinka,Senior Staff
208692,Yoshinari,Brlek,Senior Staff
208694,Padma,Famili,Senior Staff
208696,Wonhee,Bridgland,Staff
208699,Sachio,Isaak,Senior Staff
208705,Ayonca,Hebert,Engineer
208707,Jenwei,Heping,Engineer
208709,Uma,Esposito,Engineer
208710,Faiza,Schmezko,Senior Engineer
208714,Nishit,Meszaros,Engineer
208715,Kauko,Rothenberg,Senior Engineer
208717,Sadok,Himler,Staff
208722,Bernd,Perl,Senior Engineer
208724,Yongdong,Schnelling,Technique Leader
208725,Gilbert,Baig,Senior Staff
208726,Mary,Barinka,Senior Engineer
208735,Niranjan,Narlikar,Senior Staff
208740,Gonzalo,Giveon,Senior Staff
208741,Amalendu,Sadowski,Senior Staff
208742,Heather,Ruther,Staff
208745,Raimond,Rathonyi,Senior Engineer
208746,Hatsukazu,Schaaf,Staff
208750,Leif,Thummel,Staff
208751,Teunis,Brookner,Assistant Engineer
208762,Chikara,Zwicker,Senior Engineer
208766,Masadi,Ashish,Senior Staff
208770,Shrikanth,Monkewich,Engineer
208771,Nidapan,Bellmore,Senior Engineer
208775,Kiyotoshi,Underwood,Senior Engineer
208779,Along,Hainaut,Senior Staff
208781,Alois,Gunderson,Staff
208785,Narain,Brookner,Senior Staff
208786,Jingling,Streit,Senior Staff
208787,Tayeb,Armand,Senior Staff
208791,Doowon,Strooper,Senior Engineer
208795,Ayakannu,Pargas,Senior Staff
208802,Berthier,Attimonelli,Staff
208804,Harngdar,Comyn,Engineer
208806,Chinya,Naudin,Engineer
208807,Zita,Shobatake,Senior Engineer
208816,Mandell,Menyhert,Senior Staff
208822,Bezalel,Kavvadias,Senior Engineer
208826,Rance,Speckmann,Senior Staff
208831,Zhiwei,Senzako,Senior Staff
208833,Bojan,Remmele,Senior Engineer
208840,Sangeeta,Badr,Staff
208842,Kien,Jansch,Senior Staff
208845,Rosella,Danlos,Senior Staff
208846,Mooi,Weedman,Engineer
208847,Shim,Demizu,Technique Leader
208849,Fei,Lanphier,Staff
208851,Marl,Kropf,Senior Staff
208854,Krassimir,Zhang,Staff
208855,Genki,Baranowski,Engineer
208862,Mokhtar,Kampfer,Senior Engineer
208864,Rasiah,Rebaine,Staff
208865,Nirmal,Taubenfeld,Senior Engineer
208875,Syozo,Garnham,Senior Engineer
208877,Yinghua,Shihab,Senior Engineer
208878,Vitali,Tetzlaff,Senior Engineer
208883,Herb,Munos,Engineer
208885,Sumant,Bugaenko,Staff
208886,Huan,Isaac,Senior Staff
208888,Radhika,Heuter,Engineer
208889,Boutros,Zumaque,Technique Leader
208894,Peer,Murtafg,Senior Engineer
208898,Ebru,Homond,Engineer
208900,Jayson,Frezza,Senior Staff
208902,Shigeaki,Thummel,Senior Staff
208904,Bojan,Emden,Senior Engineer
208905,Chenye,Ramsey,Senior Staff
208908,Girolamo,Uludag,Senior Engineer
208909,Teruyuki,Narlikar,Senior Staff
208910,Arif,Calkin,Engineer
208911,Tsvetan,Ghandeharizadeh,Engineer
208915,Masato,Ernst,Staff
208917,Miomir,Perin,Senior Engineer
208918,Huai,Rodham,Senior Staff
208920,Roddy,Tibblin,Senior Staff
208926,Ugo,Lindenbaum,Staff
208935,Karoline,Stroustrup,Engineer
208936,Gunilla,Michaels,Senior Staff
208940,Hideo,Comte,Senior Engineer
208942,Yurii,Miculan,Senior Engineer
208943,Mark,Roccetti,Senior Engineer
208947,Danil,Hockney,Senior Engineer
208951,Gennady,Uhrig,Senior Staff
208956,Kwok,Plump,Senior Staff
208964,Zvonko,Androutsos,Staff
208966,Gregory,Cooley,Senior Staff
208969,Susuma,Beetstra,Staff
208972,Phuoc,Marwedel,Senior Staff
208975,Giordano,Honglei,Senior Engineer
208978,Shaowei,Provine,Senior Staff
208979,Candida,Werthner,Technique Leader
208980,Wanqing,Baak,Senior Engineer
208982,Rutger,Sinitsyn,Senior Engineer
208985,Guther,Schmiedel,Senior Engineer
208994,Haldon,Fujisaki,Senior Staff
208996,Stamatina,Vecchi,Engineer
208998,Hideo,Masada,Assistant Engineer
208999,Piyawadee,Rodiger,Staff
209000,Khedija,Buescher,Engineer
209005,Kazunori,Iivonen,Engineer
209006,Masami,Hofman,Senior Staff
209008,Lidong,Ranft,Senior Staff
209010,Jianwen,Belinskaya,Technique Leader
209015,Xumin,Bharadwaj,Senior Staff
209021,Stafford,Guerreiro,Senior Engineer
209026,Szabolcs,Maksimenko,Senior Engineer
209027,Shmuel,Lampe,Senior Engineer
209030,Jamaludin,Serre,Assistant Engineer
209031,Laurentiu,Schaap,Senior Staff
209032,Renee,Macedo,Senior Engineer
209033,Patricio,Percebois,Senior Engineer
209035,Foong,Syang,Staff
209037,Boalin,Veccia,Assistant Engineer
209040,Hyuncheol,Ranta,Technique Leader
209041,Munehiko,Ranst,Staff
209043,Seshu,Flexer,Senior Engineer
209045,Kazuhiro,Staelin,Staff
209046,Ennio,Kriebel,Senior Engineer
209049,Gian,Spieker,Senior Engineer
209053,Fan,Rothenberg,Senior Staff
209060,Lenore,Benveniste,Staff
209061,Licheng,Zhang,Senior Engineer
209062,Charlene,Oxman,Senior Staff
209066,Fayez,Leijenhorst,Senior Staff
209070,Shahab,McClure,Staff
209073,Frazer,Jayawardene,Technique Leader
209083,Kersti,Zaiane,Senior Engineer
209084,Tsvetan,Falco,Staff
209086,Kazuhiko,Hedayat,Senior Staff
209087,Amabile,Sudbeck,Staff
209089,Zengping,Bolotov,Staff
209094,Moriyoshi,Piancastelli,Technique Leader
209096,Eben,Guenter,Senior Engineer
209110,Filipe,Mullainathan,Senior Engineer
209112,Nigel,Joslin,Senior Engineer
209116,Kenton,Genther,Senior Staff
209121,Greger,Ramalingam,Senior Engineer
209126,Marsja,Portugali,Senior Engineer
209127,Annemarie,Luon,Senior Engineer
209133,Krister,Usdin,Senior Engineer
209140,Mabhin,Maksimenko,Senior Staff
209143,Matk,Picht,Senior Staff
209146,Ziva,Rindone,Senior Engineer
209147,Arra,Asser,Senior Staff
209151,Siddarth,Olivero,Assistant Engineer
209153,Vincent,Fraisse,Staff
209155,Owen,Seghrouchni,Engineer
209157,Mizuhito,Ranst,Senior Engineer
209163,Moni,Verspoor,Senior Engineer
209167,Dhritiman,Koyama,Senior Engineer
209168,Guttorm,Tsukune,Senior Staff
209170,Somnath,Chinal,Senior Engineer
209174,Kiam,Vidal,Senior Staff
209179,Kazunori,Gaughan,Senior Engineer
209181,Basil,Strandh,Senior Engineer
209183,Susanne,Huttel,Senior Engineer
209187,Shigeaki,Usery,Senior Staff
209189,Takanari,Portugali,Senior Engineer
209192,Francesca,Nittel,Engineer
209194,Owen,Snedden,Senior Engineer
209205,Somnath,Vanwelkenhuysen,Engineer
209212,Bouchung,Trumbly,Engineer
209215,Branimir,Janocha,Senior Engineer
209217,Gita,Leslie,Senior Staff
209218,Utz,Kopetz,Engineer
209219,Mitchel,Rohrbach,Senior Engineer
209222,Anyuan,Ginesta,Senior Engineer
209230,Shounak,Sewelson,Engineer
209232,Seongbin,Poupard,Engineer
209233,Fai,Mandell,Senior Staff
209237,Sajjan,Casley,Engineer
209241,Suebskul,Trogemann,Technique Leader
209249,Gal,Jarecki,Senior Engineer
209252,Giordano,Bultermann,Senior Engineer
209253,Vidya,Schaft,Senior Engineer
209257,Wojceich,Schapiro,Senior Engineer
209258,Udi,Morrow,Engineer
209260,Maya,Ouhyoung,Senior Staff
209262,Domenico,Felcyn,Senior Engineer
209263,Shigeichiro,Picht,Staff
209277,Lein,Ratzlaff,Engineer
209278,Sverrir,Lanzelotte,Engineer
209279,Roddy,Bail,Senior Staff
209280,Shahaf,Merle,Senior Engineer
209287,Sahrah,Shimshoni,Engineer
209288,Sandeepan,Penttonen,Senior Engineer
209291,Hilari,Trogemann,Senior Staff
209293,Jessie,Masada,Senior Engineer
209297,Chaoyi,Gronowski,Senior Staff
209300,Ronghao,Karner,Senior Engineer
209304,Marc,Stille,Senior Engineer
209306,Tadahiro,Honglei,Engineer
209307,Sudharsan,Ciolek,Senior Engineer
209312,Junichi,Colorni,Senior Staff
209313,Naraig,Lupu,Senior Staff
209314,Aksel,Mukaidono,Staff
209316,Jaana,Kuszyk,Senior Engineer
209317,Tsuneo,Taubman,Senior Staff
209320,Candida,Piancastelli,Senior Staff
209322,Xumin,Frezza,Senior Engineer
209325,Shih,Goldhammer,Senior Engineer
209329,Remzi,Benzmuller,Senior Engineer
209331,Neelam,Marquardt,Technique Leader
209333,Jolita,Lamma,Senior Staff
209334,Werner,Karunanithi,Senior Staff
209336,Mabhin,Polajnar,Staff
209337,Nishit,Brickell,Senior Engineer
209341,Chanjung,Kulisch,Senior Engineer
209345,Pohua,Linares,Senior Engineer
209349,Zijian,Plessier,Staff
209350,Weiwu,Collavizza,Staff
209354,Filipe,Bail,Senior Engineer
209355,Aran,Czap,Senior Engineer
209356,Tesuro,Jansen,Senior Staff
209357,Alejandra,Nilsson,Senior Engineer
209359,Subhash,Luby,Engineer
209360,Duke,Stifter,Senior Staff
209364,Manibrata,Casperson,Senior Engineer
209365,King,England,Senior Engineer
209377,Gererd,Legleitner,Senior Engineer
209381,Satosi,Danecki,Senior Staff
209383,Elvia,Iisaku,Senior Engineer
209385,Mona,Pfau,Senior Engineer
209390,Wojceich,Taubman,Assistant Engineer
209392,Elvis,Kandlur,Senior Staff
209393,Thodoros,Lakshmanan,Senior Staff
209394,Tristan,Sundgren,Staff
209395,Reuven,Passino,Senior Engineer
209396,Martijn,Cronan,Senior Staff
209399,Hisao,Perelgut,Assistant Engineer
209401,Guozhong,Suessmith,Senior Engineer
209408,Nevin,Sanella,Staff
209410,Subhash,Cronau,Senior Engineer
209412,Danil,Gubsky,Senior Engineer
209418,Faiza,Thimonier,Senior Engineer
209419,Vugranam,Kabayashi,Staff
209425,Nidapan,Muniz,Senior Staff
209431,Serap,Baer,Senior Engineer
209436,Barton,Benaini,Senior Staff
209439,Gay,Hemaspaandra,Senior Staff
209442,Demos,Marzano,Staff
209445,Zhiwei,Deville,Senior Staff
209453,Idoia,Iisaku,Senior Staff
209460,Magdalena,Penn,Staff
209462,Rimli,Jeong,Staff
209463,Arun,Masand,Senior Staff
209466,Shaowei,Mandell,Engineer
209467,Shan,Vieth,Senior Staff
209469,Dipankar,Vieri,Senior Engineer
209470,Zito,Farris,Staff
209472,Val,Ponthieu,Senior Staff
209474,Yannik,Luiz,Assistant Engineer
209478,Kasidit,Nitta,Senior Staff
209486,Vugranam,Tokunaga,Senior Engineer
209490,Martijn,Mundy,Senior Staff
209492,Mabo,Asmuth,Staff
209496,Ronnie,Sadowski,Engineer
209502,Holgard,Sudbeck,Senior Staff
209505,Yuriy,Glowinski,Senior Staff
209512,Makato,Hoogerwoord,Senior Staff
209516,Hitomi,Kaiser,Senior Engineer
209520,Makato,Gronowski,Senior Staff
209523,Padma,Panangaden,Senior Engineer
209526,Subhash,Kobara,Engineer
209534,Jiang,Aloia,Engineer
209535,Hirochika,Chinal,Staff
209539,Aloys,Erde,Senior Engineer
209543,Heng,Porenta,Senior Engineer
209544,Fumiya,Kobuchi,Senior Engineer
209545,Ayonca,Bade,Senior Staff
209552,Genki,Isaak,Senior Engineer
209554,Kazuhiro,Bondorf,Senior Engineer
209560,Sumant,Taubman,Senior Engineer
209562,Gina,Keirsey,Senior Staff
209568,Nidapan,Esteva,Senior Engineer
209574,Mariusz,Pettit,Assistant Engineer
209575,Zita,Kambil,Senior Engineer
209577,Shaz,Viele,Staff
209582,Shuho,Rindone,Senior Engineer
209587,Nalini,Thiran,Senior Engineer
209589,Genki,Baumann,Senior Staff
209602,Stamatina,Foong,Senior Staff
209604,Samphel,Shrader,Staff
209606,Aloys,Badr,Staff
209607,Cheong,Wuwongse,Engineer
209610,Deniz,Rouquie,Senior Engineer
209614,Bouchung,Encarnacion,Senior Engineer
209615,Kwangjo,Sankaranarayanan,Staff
209617,Sarita,Lund,Senior Staff
209621,Zhaofang,Kushner,Senior Staff
209622,Radoslaw,Luit,Senior Engineer
209624,Mohammad,Cyne,Staff
209628,Falguni,Schmittgen,Senior Staff
209631,Tristan,Impagliazzo,Senior Staff
209639,Maren,Braccini,Senior Staff
209648,Larisa,Lipner,Senior Engineer
209650,Leni,Koblick,Assistant Engineer
209653,Subhankar,Kohling,Engineer
209654,Aksel,Stiles,Senior Staff
209655,Shaibal,Ligten,Senior Staff
209656,Ger,Oehlmann,Senior Staff
209657,Narain,Lunn,Technique Leader
209659,Mari,Ecklund,Senior Engineer
209670,Lubomir,Sewelson,Senior Staff
209672,Basant,Pellegrinelli,Senior Staff
209674,Krassimir,Kroft,Senior Engineer
209684,Danae,Couchot,Engineer
209685,Deniz,Knightly,Senior Engineer
209691,Jiafu,Feinberg,Senior Engineer
209703,Wuxu,Meszaros,Senior Engineer
209713,Nahla,Heping,Senior Engineer
209714,Lein,Tsukune,Staff
209717,Thanasis,Mellouli,Engineer
209719,Serap,DuBourdieux,Senior Engineer
209720,Chikara,Callaway,Senior Engineer
209721,Shaw,Heemskerk,Senior Staff
209722,Lidong,Syrotiuk,Staff
209724,Xianlong,Viele,Senior Staff
209734,Hein,Garigliano,Engineer
209742,Yannik,Lipner,Engineer
209748,Masami,Varker,Senior Staff
209749,Garnet,Barinka,Senior Staff
209751,Cristinel,Rosch,Senior Engineer
209752,Amabile,Gulak,Senior Staff
209758,Mariangiola,Pietracaprina,Engineer
209764,Ipke,Fandrianto,Engineer
209767,Weiye,Pettit,Senior Engineer
209771,Vitali,Muniz,Senior Staff
209773,Jaques,Vendrig,Senior Engineer
209775,Zhonghui,Francisci,Engineer
209777,Ravishankar,Condotta,Engineer
209778,Przemyslawa,Walstra,Senior Staff
209785,Arie,Zeilberger,Senior Staff
209786,Unal,Dehkordi,Engineer
209791,Mabhin,Garnham,Senior Staff
209792,Yoshinari,Bernick,Senior Engineer
209796,Khatoun,Lampe,Staff
209799,Honesty,Caine,Senior Staff
209805,Aran,Francisci,Senior Engineer
209808,Reinhold,Calkin,Senior Engineer
209810,Mostafa,Merli,Technique Leader
209811,Gao,Turnbull,Senior Engineer
209814,Mihalis,Vuskovic,Engineer
209817,Arunas,Vecchi,Senior Engineer
209827,Hailing,Sgarro,Technique Leader
209828,Vatsa,Brender,Engineer
209829,Froduald,Rosca,Staff
209831,Chuanyi,Zyda,Engineer
209832,Tru,Holburn,Senior Staff
209834,Nitsan,Alvarado,Senior Engineer
209843,Snehasis,Swen,Technique Leader
209859,Deniz,Bolotov,Assistant Engineer
209860,Perla,Engberts,Technique Leader
209868,Duke,Rusmann,Senior Staff
209872,Breannda,Kaiser,Senior Staff
209877,Kristian,Dredge,Senior Staff
209879,Gen,Radhakrishnan,Senior Engineer
209885,Chenxi,Brendel,Senior Engineer
209889,Jungsoon,Kitsuregawa,Senior Engineer
209890,Ronghao,Radivojevic,Staff
209891,Masadi,Deville,Senior Engineer
209899,Lucien,Nicolson,Senior Engineer
209906,Joydip,Fadgyas,Senior Staff
209908,Yoshimitsu,Porenta,Senior Staff
209911,Guenter,Rusterholz,Staff
209914,Dekang,Hanabata,Assistant Engineer
209915,Lillian,Pashtan,Senior Engineer
209937,Erez,Bage,Senior Engineer
209938,Tokuyasu,Wroclawski,Senior Engineer
209948,Dekang,Dolinsky,Senior Staff
209949,Wanqing,Kornyak,Senior Staff
209950,Sampalli,Jahnichen,Engineer
209951,Somnath,Lortz,Senior Staff
209955,Martins,Rosaz,Staff
209959,Zongyan,Markovitch,Engineer
209962,Brewster,Ramaiah,Senior Staff
209964,Fuqing,DasSarma,Senior Staff
209977,Doowon,Anily,Staff
209981,Pranay,Cronan,Senior Engineer
209984,Girolamo,Chiodo,Senior Staff
209986,Tuval,Morrin,Engineer
209995,Luisa,Wynblatt,Senior Staff
209997,Nevin,Servi,Senior Engineer
209998,Shaunak,Comellas,Engineer
210002,Anyuan,Zschoche,Engineer
210007,DAIDA,Rosiles,Senior Engineer
210010,Youssef,Linnainmaa,Engineer
210011,Baoqiu,Schueller,Engineer
210016,Qingxiang,Fendler,Senior Staff
210019,Moni,Portugali,Staff
210025,Yagil,Giaccio,Engineer
210027,Aleksander,Roison,Engineer
210028,Khatoun,Hiraishi,Engineer
210030,Guther,Heuser,Senior Staff
210033,Chanjung,Ghandeharizadeh,Senior Engineer
210035,Morrie,Condotta,Senior Staff
210042,Alejandra,Hitomi,Senior Staff
210044,Ymte,Bergere,Senior Staff
210050,Pranjal,Kusakari,Senior Staff
210066,King,Vernadat,Senior Engineer
210067,Mark,Bresenham,Technique Leader
210075,Kazuhiko,Pellegrinelli,Senior Engineer
210076,Vidya,Perna,Technique Leader
210079,Junsik,Gustavson,Technique Leader
210080,Premal,Perl,Staff
210084,Hitofumi,Lenart,Senior Staff
210090,Shigeu,Ladret,Senior Staff
210091,Jaques,Christ,Engineer
210096,Herbert,Karner,Technique Leader
210097,Hercules,Bernatsky,Senior Engineer
210098,Mingzeng,Milicic,Staff
210101,Menkae,Bottner,Staff
210102,Shugo,Barvinok,Senior Engineer
210107,Aral,Rattan,Senior Staff
210109,Hugo,Krone,Senior Staff
210110,Falguni,Jullig,Senior Engineer
210114,Phillip,Snedden,Senior Engineer
210116,Marlo,Bolsens,Senior Engineer
210119,Seongbin,Picaronny,Staff
210126,Goa,Hartvigsen,Senior Engineer
210128,Olivera,Dayana,Senior Staff
210129,Aamer,Frijda,Senior Engineer
210132,Baocai,Schiettecatte,Senior Staff
210135,Karsten,Poulakidas,Senior Engineer
210139,Dulce,Whitcomb,Engineer
210149,Mandell,Katiyar,Technique Leader
210152,Haldun,Hemaspaandra,Engineer
210153,Unal,Lanteri,Senior Staff
210154,Kristine,Salverda,Senior Staff
210155,Eirik,Koblitz,Senior Staff
210156,Dmitri,Azulay,Senior Engineer
210158,Sreekrishna,Chenney,Staff
210160,Byong,Trelles,Senior Engineer
210166,Lena,Awdeh,Senior Engineer
210167,Kish,Schaap,Senior Staff
210169,Georgi,Schaaf,Senior Engineer
210172,Pantung,Haddadi,Staff
210180,Jianhua,Vural,Engineer
210181,Kasturi,Janocha,Senior Engineer
210182,Patricio,Junet,Senior Staff
210187,Randi,Rosaz,Senior Engineer
210194,Sanjit,Flowers,Senior Engineer
210197,Jaques,Spelt,Senior Staff
210201,KayLiang,Parascandalo,Staff
210205,Richard,Cronan,Senior Staff
210206,Bikash,Munck,Senior Staff
210208,Shaleah,Feldhoffer,Senior Staff
210212,Jongsuk,Vitiello,Senior Staff
210214,Youpyo,Kavraki,Staff
210216,Fumitake,Feldmann,Senior Engineer
210217,Subbu,Shigei,Engineer
210219,Serif,Encarnacion,Senior Staff
210224,Felicidad,Thombley,Staff
210228,Nectarios,Rikino,Senior Staff
210229,Fen,Kusakabe,Senior Engineer
210230,Chikako,Bage,Engineer
210231,Jianhao,Lorie,Senior Engineer
210233,Qunsheng,Gornas,Senior Staff
210241,Poornachandra,Papsdorf,Engineer
210245,Alenka,Mungall,Senior Engineer
210246,Pradeep,Gecsei,Engineer
210247,Giao,Sewelson,Engineer
210251,Fay,Frezza,Senior Engineer
210252,Mohammed,Rissanen,Senior Engineer
210253,Jixiang,Scallan,Senior Engineer
210260,Manton,Rossi,Engineer
210263,Florian,Benantar,Senior Engineer
210269,Huan,Hitomi,Senior Staff
210273,Lena,Cmelik,Engineer
210277,Yoshimitsu,Carrere,Senior Engineer
210278,Mahmut,Maginnis,Senior Staff
210279,Iara,Auria,Staff
210280,Xuejun,Munoz,Engineer
210281,Slavian,Poupard,Senior Engineer
210283,Xiong,Sluis,Staff
210284,Vasilis,Kavvadias,Senior Engineer
210286,Bouchung,Schapiro,Senior Engineer
210287,Shushma,Krohm,Engineer
210288,Oscar,DasSarma,Senior Staff
210289,Roddy,Benantar,Engineer
210291,Tze,Stenning,Senior Engineer
210296,Aiman,Deville,Engineer
210301,Karoline,Suri,Senior Staff
210302,Arun,Norsworthy,Senior Staff
210305,Jamaludin,Perez,Senior Engineer
210308,Maik,Chiodo,Senior Staff
210313,Larisa,Leaver,Staff
210315,Zhanqiu,Sabnani,Senior Engineer
210319,Mechthild,Roohalamini,Senior Staff
210320,Unal,Mattern,Senior Engineer
210321,Izaskun,Picco,Senior Engineer
210323,Heng,Gluchowski,Senior Engineer
210327,Bojan,Bade,Senior Staff
210330,Bernardo,Andreotta,Senior Engineer
210332,Golgen,Beerel,Staff
210335,Nigel,Redmiles,Staff
210336,Noritoshi,Pero,Engineer
210337,Utz,Rosch,Senior Staff
210340,Marsja,Masamoto,Staff
210341,Tesuro,Ranon,Senior Staff
210342,Bedrich,Perng,Senior Engineer
210347,Junichi,Kowalchuk,Senior Staff
210348,Pranjal,Vilarrasa,Senior Engineer
210349,Persi,Pettey,Staff
210354,Mihalis,Badr,Engineer
210367,Stepehn,Gornas,Engineer
210368,Jianhao,Peres,Engineer
210373,Kazuyasu,Improta,Senior Staff
210374,Yuriy,Angot,Senior Engineer
210386,Chinho,Gustavson,Senior Engineer
210387,Elvia,Heuter,Senior Engineer
210396,Wilmer,Kemmerer,Senior Engineer
210397,Mayuko,Colorni,Senior Engineer
210398,Shaibal,Ouhyoung,Senior Engineer
210400,Chikara,Hempstead,Staff
210411,Lucian,Janetzko,Senior Engineer
210413,Idoia,Uehara,Senior Staff
210418,Alejandro,Krogh,Senior Engineer
210427,Aleksander,Fritzsche,Senior Staff
210430,Zito,Matzke,Senior Staff
210431,Giao,Diderrich,Senior Staff
210434,Subhada,Swist,Senior Engineer
210437,Aleksandar,Pettis,Senior Staff
210448,Richara,Busillo,Senior Engineer
210450,Vitaly,Perfilyeva,Senior Engineer
210457,Muzhong,Iisaku,Engineer
210464,Toshiko,Stellhorn,Senior Engineer
210465,Felicidad,Brattka,Senior Staff
210470,Laurentiu,Sichman,Staff
210473,Aram,Terlouw,Engineer
210477,DeForest,Keirsey,Senior Engineer
210478,Kwangsub,Mitina,Senior Engineer
210479,Divier,Rosen,Engineer
210480,Aloys,Brendel,Engineer
210481,Rasiah,Bamford,Senior Engineer
210482,Chenye,Perfilyeva,Senior Engineer
210484,Masasuke,Gihr,Senior Engineer
210485,Mitchel,Codenie,Senior Staff
210488,Kiyotoshi,Frezza,Engineer
210492,Lidong,Straney,Engineer
210493,Arie,Lieblein,Senior Engineer
210495,Akemi,Llado,Engineer
210496,Abdelwaheb,Karunanithi,Staff
210499,Pintsang,Peron,Senior Staff
210500,Chriss,Barinka,Senior Staff
210501,Jamaludin,Zedlitz,Assistant Engineer
210503,Adin,Unno,Senior Staff
210504,Xuedong,Falck,Senior Staff
210509,Shichao,Braunschweig,Senior Staff
210513,Shen,Heystek,Engineer
210520,Inderjeet,Perri,Staff
210523,Taisook,Sabnani,Senior Engineer
210527,Danco,Mersereau,Engineer
210528,Steve,Ponthieu,Senior Staff
210531,Wayne,Delaune,Senior Engineer
210532,Udo,Famili,Senior Staff
210539,Raimond,Mayerwieser,Engineer
210543,Zhensheng,Terwilliger,Senior Staff
210544,Shen,Baalen,Senior Engineer
210545,Vincent,Waymire,Senior Staff
210549,Macha,Kermarrec,Staff
210550,Weicheng,Tyugu,Senior Engineer
210551,Marc,Lukaszewicz,Engineer
210552,Surveyors,Selvestrel,Senior Engineer
210553,Xinglin,Suermann,Senior Staff
210554,Piyawadee,Beidas,Senior Staff
210558,Bokyung,Sigstam,Senior Staff
210560,Leah,Yoshizawa,Staff
210563,Remco,Nastansky,Staff
210568,Geraldo,Ertl,Staff
210569,Abdelwaheb,Gunderson,Assistant Engineer
210571,Hirochika,Peot,Senior Staff
210575,Oscar,Lung,Senior Staff
210580,Yahiko,Maliniak,Senior Staff
210585,Mohammed,Foote,Senior Staff
210588,Gian,Bain,Engineer
210590,Uli,Plavsic,Senior Engineer
210591,Herbert,Hashii,Senior Engineer
210600,Berthier,Tomescu,Staff
210602,Frederique,Takkinen,Senior Engineer
210611,Soenke,Lupu,Senior Engineer
210618,Shunichi,Wolniewicz,Staff
210620,Anyuan,Bierman,Staff
210621,Oscar,Piveteau,Engineer
210623,Eldridge,Pettis,Senior Staff
210624,Poornachandra,Aloia,Senior Engineer
210630,Randy,Schade,Engineer
210635,Przemyslawa,Bridgland,Senior Staff
210637,Mariangiola,Jonsson,Staff
210638,Xianlong,Bach,Engineer
210641,Ult,Luby,Engineer
210644,Hsiangchu,Panangaden,Senior Staff
210647,Neven,Berstel,Engineer
210651,Toney,Eiron,Senior Staff
210655,Naftaly,Gyorkos,Senior Engineer
210656,Pranay,Terlouw,Staff
210657,Zdislav,Erva,Senior Staff
210664,Reinhard,Garrabrants,Senior Engineer
210665,Billur,Hutton,Senior Engineer
210669,Kersti,Borovoy,Senior Staff
210670,Hugo,Ranst,Engineer
210671,Serap,Tsukuda,Senior Staff
210673,Dipankar,Restivo,Senior Staff
210677,Gor,Oehlmann,Senior Staff
210678,Subbu,Asmuth,Senior Engineer
210682,Bernardo,Jonsson,Senior Engineer
210683,Chanjung,Mundy,Senior Engineer
210685,Isamu,Christ,Senior Engineer
210687,Aiichiro,Panwar,Engineer
210689,Zongyan,Zuberek,Staff
210690,Hilary,Berstel,Engineer
210691,Mara,Schonegge,Senior Engineer
210697,Gino,Diderrich,Engineer
210699,Hiroyasu,Kragelund,Senior Staff
210702,Carrsten,Jeong,Technique Leader
210705,Takahiro,Jonsson,Engineer
210710,Nevio,Farrar,Senior Staff
210711,King,Orlowski,Staff
210713,Susuma,Vakili,Senior Engineer
210718,Nikolaos,Kalafatis,Senior Engineer
210721,Ayonca,Oppitz,Staff
210723,Aria,Saoudi,Senior Staff
210725,Katsuo,Kulisch,Senior Engineer
210730,Gully,Stafford,Technique Leader
210731,Renee,Benantar,Senior Staff
210738,Eric,Miyakawa,Engineer
210739,Alper,Anger,Senior Staff
210744,Zhongwei,Matteis,Senior Engineer
210746,Shaibal,Siepmann,Staff
210747,Doohun,Bratten,Senior Staff
210751,Sanjeeva,Syrotiuk,Senior Staff
210753,Masanao,Serot,Technique Leader
210758,Parviz,Chinen,Senior Engineer
210764,Eberhardt,Fujisaki,Senior Staff
210765,Yuguang,Leppanen,Staff
210772,Kotesh,Penttonen,Engineer
210774,Shih,Baca,Senior Engineer
210777,Hideo,Gihr,Staff
210778,Kaijung,Tyugu,Senior Engineer
210779,Shaunak,Waleschkowski,Senior Engineer
210781,Yongdong,Shigei,Staff
210783,Magdalena,Mattern,Senior Engineer
210787,Subhada,Setiz,Technique Leader
210790,Zorica,Kabayashi,Engineer
210792,Ziyad,Botman,Technique Leader
210793,Aluzio,Snedden,Senior Engineer
210794,Kellyn,Quaggetto,Staff
210796,Evgueni,Miara,Staff
210797,Sastry,Orsini,Staff
210802,Christoph,Perz,Senior Staff
210807,Yuqun,Zucker,Staff
210809,Erzsebet,Cincotta,Senior Staff
210814,Chikako,Schade,Senior Staff
210815,Elvis,Ghemri,Engineer
210821,Jayesh,Piancastelli,Senior Engineer
210826,Xiaoheng,Luca,Engineer
210831,Freyja,Lenart,Assistant Engineer
210837,Sailaja,Varman,Senior Staff
210839,Divier,Luders,Staff
210842,Demin,Iwayama,Senior Engineer
210846,Sadun,Schiper,Senior Engineer
210856,Taegyun,Shobatake,Senior Staff
210857,Denis,Serot,Staff
210860,Danel,Masand,Senior Engineer
210865,Olivera,Koyama,Senior Staff
210870,Bernd,Rikino,Senior Staff
210875,Mahendra,Weisert,Senior Engineer
210876,Wayne,Yamaashi,Senior Staff
210877,Trygve,Iacovou,Engineer
210883,Miquel,Kropf,Staff
210885,Mack,Gerteisen,Senior Staff
210888,Hidekazu,Argence,Senior Staff
210889,Kiyokazu,Schmittgen,Senior Staff
210891,Mahmut,Ranze,Senior Engineer
210892,Kazuhira,Murillo,Assistant Engineer
210897,Turgut,Snyers,Senior Staff
210899,Marsal,Plesums,Senior Staff
210902,Kristian,Quadeer,Senior Staff
210903,Bokyung,Gerlach,Senior Staff
210908,Nadjib,Mullainathan,Senior Staff
210911,Taisook,Diderrich,Senior Engineer
210915,Mong,Velasco,Senior Engineer
210918,Elvia,Oxenboll,Senior Engineer
210920,Along,Baik,Senior Engineer
210925,Abdelkader,Linnainmaa,Senior Staff
210931,Fumitake,Slutz,Senior Staff
210935,JoAnna,Prochazka,Senior Engineer
210940,Pasqua,Akaboshi,Senior Staff
210943,Christfried,Sommen,Senior Engineer
210948,Ferdinand,Siprelle,Senior Staff
210953,Zeljko,Paciorek,Engineer
210960,Caolyn,Binding,Engineer
210961,Arch,Merro,Senior Staff
210963,Sergi,Hasham,Staff
210964,Bedrich,Narahara,Technique Leader
210966,Mrinalini,Hammerschmidt,Engineer
210972,Avishai,Pollacia,Senior Engineer
210975,Erzsebet,Marzano,Senior Engineer
210976,Khue,Kinley,Senior Staff
210984,Toshiki,Angel,Senior Engineer
210985,Reinhard,Bauknecht,Senior Staff
210989,Shakhar,Kroha,Engineer
210995,Karsten,Muhlberg,Senior Staff
210997,Ghassan,Cummings,Assistant Engineer
211007,Goo,Grandbois,Staff
211008,Ziva,Vecchi,Staff
211009,Unal,Barriga,Senior Staff
211011,Willard,Picco,Staff
211022,Mohua,Danley,Senior Engineer
211024,Yifei,Lunn,Engineer
211027,Youssef,Itzigehl,Senior Engineer
211031,Shaibal,Bodoff,Senior Staff
211032,Candido,Yetto,Senior Engineer
211033,Pranav,Lung,Senior Engineer
211040,Jaihie,Nitsch,Senior Staff
211042,Hidekazu,Ertl,Senior Engineer
211044,DeForest,Bonifati,Senior Staff
211045,Sibyl,Murtafg,Assistant Engineer
211046,Yunming,Pietracaprina,Staff
211047,Fayez,Plotkin,Senior Engineer
211060,Christoper,Liedekerke,Staff
211063,Rafols,Mahmud,Senior Staff
211069,Seongbin,Anger,Senior Engineer
211070,Fen,Fordan,Senior Staff
211071,Satyanarayana,Katzenelson,Senior Engineer
211077,Shahid,Alencar,Senior Engineer
211085,Ohad,Merel,Senior Engineer
211088,Duri,Koblitz,Staff
211097,Ymte,Rassart,Senior Engineer
211098,Thanasis,Benaini,Technique Leader
211109,Shaunak,Manderick,Senior Engineer
211115,Zhilian,Plesums,Engineer
211122,Subhada,Gerlach,Staff
211124,Aluzio,Famili,Senior Engineer
211127,Mabry,Gulik,Senior Engineer
211128,Ayonca,Trachtenberg,Staff
211133,Oscal,Ozery,Senior Engineer
211136,Yechiam,Levasseur,Senior Staff
211138,Mrinalini,Kalsbeek,Technique Leader
211143,Amabile,Kusakabe,Staff
211144,Mrinalini,Rathonyi,Engineer
211148,Valeri,Khamsi,Senior Engineer
211149,Leah,Pargas,Engineer
211151,Gaetan,Hertweck,Engineer
211153,Youssef,Servieres,Senior Staff
211154,Miquel,Bennet,Engineer
211157,Deniz,Levasseur,Senior Engineer
211163,Ranga,Joslin,Senior Staff
211169,Slavian,Speer,Senior Engineer
211170,Sakthirel,Tiemann,Senior Staff
211171,Xudong,Setiz,Senior Engineer
211176,Eckart,Swiler,Technique Leader
211182,Kayoko,Chandrasekhar,Senior Staff
211185,Frederique,Haddadi,Senior Staff
211188,Xiaobin,Alblas,Senior Staff
211193,Yannis,Schapiro,Senior Engineer
211201,Doohun,Munro,Engineer
211207,Gino,Schmiedel,Senior Staff
211208,Radhia,Erie,Senior Engineer
211209,Yoshimitsu,Jansen,Engineer
211211,Giri,Delgrange,Senior Engineer
211212,Hugo,Cooley,Senior Staff
211213,Ute,Braccini,Engineer
211214,Heeju,Syang,Senior Engineer
211215,Pramod,Rossi,Senior Staff
211218,Gen,Fontan,Senior Staff
211221,Piyush,Shackel,Engineer
211234,Taisook,Rousseau,Senior Staff
211237,Franziska,Dengi,Senior Staff
211238,Supot,Raney,Assistant Engineer
211239,Ute,Heering,Senior Staff
211240,Sachin,Fraisse,Engineer
211242,Giri,Larfeldt,Senior Engineer
211250,Paloma,Luca,Senior Engineer
211262,Valter,Zizka,Assistant Engineer
211264,Mart,Schneeberger,Senior Staff
211276,Saeko,Llado,Senior Staff
211278,Elvis,Rodham,Staff
211280,Masato,Rothenberg,Senior Staff
211282,Randy,Lamma,Senior Engineer
211288,Oguz,Diderrich,Senior Engineer
211291,Pohua,Munoz,Senior Staff
211293,Malu,Champarnaud,Senior Engineer
211299,Jaber,Molberg,Senior Engineer
211301,Khalid,Aingworth,Senior Engineer
211304,Bowen,Hainaut,Staff
211307,Hauke,Skogmar,Senior Engineer
211309,Brewster,Vendrig,Engineer
211312,Arup,Biron,Senior Engineer
211320,Ayonca,Middleton,Staff
211323,Margo,Collavizza,Senior Staff
211325,Guadalupe,Sigstam,Engineer
211329,Lenore,Klerer,Senior Engineer
211332,Laurentiu,Shihab,Staff
211333,Geoffry,Tetzlaff,Senior Staff
211343,Fuqing,Toyoshima,Engineer
211345,Shunichi,Swiler,Senior Engineer
211350,Deborah,Zeilberger,Staff
211351,Berna,Narwekar,Engineer
211357,Shakhar,Pardalos,Engineer
211359,Tsvetan,Gaughan,Staff
211361,Garnet,Candan,Senior Staff
211366,Yuqun,Giarratana,Engineer
211375,Jeane,Conry,Senior Engineer
211376,Sandeepan,Eiter,Senior Staff
211389,Feiyu,Muniz,Senior Staff
211390,Jianwen,Doering,Senior Engineer
211391,Gao,Karner,Senior Engineer
211393,Kazuyasu,Merlo,Senior Engineer
211394,Huican,Nicolson,Senior Staff
211398,Vishwani,Thorensen,Senior Engineer
211402,Youssef,Schmiedel,Engineer
211405,Haldon,Bouloucos,Engineer
211407,Saeed,Rajala,Senior Staff
211410,Nevin,Pagter,Senior Engineer
211418,Yahiko,Geffroy,Senior Staff
211419,Temple,Thibadeau,Engineer
211427,Yechiam,Bala,Senior Staff
211430,Udo,Gyimothy,Staff
211433,Fei,Vitiello,Senior Engineer
211439,Billie,Pelz,Engineer
211440,Eran,Bael,Senior Engineer
211452,Brewster,Mandelberg,Engineer
211454,Rosine,Usery,Engineer
211456,Steve,Narlikar,Staff
211469,Mrinalini,Lunt,Senior Engineer
211470,Domenico,Lorcy,Senior Staff
211479,Arvind,Reghbati,Senior Staff
211480,Apostol,Alencar,Staff
211486,Byong,Zucker,Senior Staff
211488,Zita,Awdeh,Senior Engineer
211492,Arch,Openshaw,Senior Staff
211494,Jasminko,Melichar,Senior Staff
211498,Zsolt,Hambrick,Technique Leader
211501,Nagui,Monarch,Senior Staff
211503,Maja,Peternell,Engineer
211504,Jaewon,Ouhyoung,Senior Staff
211507,Yifei,Pelz,Technique Leader
211510,Abdelkader,Demir,Senior Engineer
211517,Rance,Schapiro,Senior Staff
211521,Randy,Luft,Staff
211524,Elgin,Xiaoshan,Senior Staff
211534,Jianhua,Cardazo,Senior Staff
211535,Shichao,Zschoche,Technique Leader
211541,Perry,Albarhamtoshy,Senior Engineer
211542,Fan,Perly,Senior Staff
211544,Vitaly,Litvinov,Technique Leader
211545,Hideo,VanScheik,Engineer
211546,Kristen,Polajnar,Senior Staff
211547,Roddy,Sethi,Engineer
211558,Selwyn,Casperson,Senior Engineer
211559,Macha,Flowers,Technique Leader
211568,Maha,Escriba,Senior Staff
211571,Takahira,Pehl,Staff
211576,Gilbert,Oaver,Staff
211579,Odinaldo,Ossenbruggen,Senior Staff
211583,Idoia,Acton,Staff
211584,Sangeeta,Jarecki,Senior Engineer
211589,Temple,Barbanera,Senior Engineer
211590,Jessie,Basagni,Engineer
211594,Candida,Karlin,Staff
211596,Indrajit,Naumovich,Staff
211597,Tianruo,Linares,Senior Engineer
211599,Heekeun,Picaronny,Engineer
211602,Hidekazu,Cools,Senior Engineer
211604,Ayakannu,Heiserman,Assistant Engineer
211616,Bezalel,Monkewich,Engineer
211618,Tetsurou,Rabehasaina,Senior Engineer
211621,Sampalli,Ellozy,Senior Engineer
211626,Becky,Fraisse,Staff
211627,Alexius,Berendt,Staff
211636,Lucien,Lueh,Senior Staff
211637,Kwee,Khamsi,Senior Staff
211640,Danil,Egerstedt,Engineer
211644,Menkae,Trogemann,Senior Staff
211648,Along,Frolund,Senior Engineer
211649,Stamatina,Chaudhury,Senior Staff
211655,Giap,Aingworth,Senior Engineer
211665,Claude,Farrel,Engineer
211666,Nechama,Dratva,Senior Engineer
211668,Sigeru,Jarecki,Senior Engineer
211672,Mabhin,Georg,Staff
211675,Yunming,Kalloufi,Senior Staff
211677,Eberhardt,Standera,Senior Engineer
211678,Katsuyuki,Munoz,Senior Staff
211679,Abdulla,Sooriamurthi,Senior Staff
211680,Teunis,Millington,Senior Staff
211681,Valeri,Haddadi,Senior Staff
211688,Hidefumi,Kobuchi,Senior Engineer
211698,Giao,Muniz,Senior Engineer
211703,Mart,Mattern,Senior Staff
211704,Lene,Spataro,Staff
211710,Sigeru,Senzako,Engineer
211711,Subhada,Onuegbe,Engineer
211715,Vishu,Tomescu,Senior Staff
211716,Roded,Lores,Senior Staff
211717,Kitty,Biros,Senior Engineer
211721,Guttorm,Fetvedt,Senior Engineer
211735,Uwe,Busillo,Senior Engineer
211744,Hausi,Maccarone,Senior Engineer
211748,Stafford,Matteis,Staff
211750,Rosalyn,Matheson,Staff
211757,Jianhui,Paludetto,Senior Staff
211761,Kinh,Naumovich,Engineer
211763,Sachem,Schicker,Senior Engineer
211764,Ziyad,Selenyi,Senior Engineer
211766,Nechama,Maksimenko,Staff
211767,Sariel,Pokrovskii,Senior Staff
211768,Aron,Avouris,Staff
211773,Horward,Atrawala,Senior Staff
211774,Zhaofang,Stentiford,Senior Engineer
211775,Uriel,Haddadi,Staff
211778,Srinidhi,Zallocco,Senior Engineer
211779,Teunis,Anandan,Staff
211781,Thanasis,Hofting,Staff
211783,Alain,Walstra,Engineer
211786,Kwangyoen,Serra,Senior Staff
211787,Matt,McFarlin,Senior Staff
211788,Mitsuyuki,Oskamp,Senior Staff
211798,Mona,Yavatkar,Senior Engineer
211800,Remzi,Melter,Technique Leader
211801,Srinidhi,Merel,Senior Staff
211809,Rasiah,Ritzmann,Engineer
211811,Sumali,Eppinger,Senior Engineer
211814,Charlene,Perry,Engineer
211819,Maik,Rosin,Senior Engineer
211822,Duangkaew,Ellozy,Engineer
211824,Mountaz,Ertl,Senior Staff
211829,Sudhanshu,Vernadat,Engineer
211830,Sandeepan,Grospietsch,Senior Staff
211831,Kensyu,Rahier,Staff
211837,Billur,Porotnikoff,Senior Engineer
211838,Ziya,Provine,Senior Staff
211840,Takanari,Silva,Engineer
211841,Zongyan,Arlazarov,Senior Engineer
211844,Naftali,Heyers,Senior Staff
211849,Jaideep,Giarratana,Senior Engineer
211851,Cheong,Poulakidas,Senior Staff
211852,Lakshmi,Yemenis,Engineer
211854,Eishiro,Rosar,Engineer
211859,Gill,Krybus,Engineer
211862,Arvin,Kavanagh,Staff
211872,Hiroyasu,Boudaillier,Senior Staff
211874,Shir,Schreiter,Senior Staff
211875,Venkatesan,Azevdeo,Staff
211881,Adamantios,Holburn,Senior Engineer
211886,Sajjad,Etalle,Technique Leader
211896,Kyoichi,Showalter,Senior Engineer
211897,Perry,Lalonde,Senior Engineer
211901,Oscar,Birjandi,Senior Engineer
211904,Shichao,Nishimukai,Senior Staff
211916,Prodip,Ramsey,Technique Leader
211919,Itzchak,Asser,Senior Staff
211920,Sahrah,Adachi,Senior Staff
211925,Christophe,Rodiger,Technique Leader
211926,Stevo,Gide,Engineer
211928,Abdelwaheb,Kopetz,Staff
211930,Karsten,Serdy,Engineer
211931,Sailaja,Maksimenko,Senior Staff
211935,Sandeepan,Melski,Senior Engineer
211950,Suzette,Conde,Senior Staff
211955,Goncalo,Perri,Senior Staff
211957,Wojceich,Silva,Senior Staff
211963,Giao,Janocha,Senior Engineer
211969,Boguslaw,Zongker,Engineer
211973,Denny,Nitta,Engineer
211974,Dinah,Salinas,Staff
211975,Chaitali,Rosaz,Senior Engineer
211978,Ottavia,Ritcey,Technique Leader
211984,Nimmagadda,Kalefeld,Staff
211987,Giri,Rehfuss,Staff
211990,Lenore,Farrar,Senior Staff
211997,Sachio,Decleir,Senior Staff
211999,Frederique,Demian,Technique Leader
212009,Shaowen,Boguraev,Senior Engineer
212015,Pascal,Kinley,Senior Staff
212023,Rosalyn,Taneja,Engineer
212032,Georg,Swist,Senior Engineer
212040,Bangqing,Lunt,Senior Staff
212041,Zvonko,Figueira,Technique Leader
212042,Sigeru,Brizzi,Senior Staff
212045,Fayez,Denos,Senior Engineer
212046,Mana,Lindenbaum,Senior Staff
212050,Manton,Rissland,Senior Staff
212053,Randy,Gecsel,Staff
212056,Sangeeta,Perna,Senior Engineer
212058,Anneke,Ramsak,Senior Engineer
212064,Tayeb,Constantine,Senior Staff
212065,Jiang,Perng,Assistant Engineer
212066,Francoise,Schwartzburd,Senior Staff
212072,Lorien,Billingsley,Engineer
212080,Nathan,Cronau,Senior Engineer
212082,Gilbert,Ginesta,Senior Engineer
212094,Alassane,Schmezko,Senior Staff
212095,Goncalo,Baez,Engineer
212098,Piyawadee,Bugrara,Assistant Engineer
212102,Shahid,Stranks,Senior Engineer
212110,Odinaldo,Fontan,Senior Engineer
212112,Radhakrishnan,Fraisse,Senior Staff
212113,Leucio,Miara,Senior Staff
212116,Shir,Leivant,Senior Staff
212117,Gill,Hutter,Senior Staff
212118,Marke,Bach,Senior Engineer
212120,Sailaja,Schneeberger,Senior Staff
212124,Tzvetan,Foong,Senior Staff
212125,Xuedong,Rossi,Senior Engineer
212134,Halsur,Kalloufi,Senior Engineer
212136,IEEE,Muhlberg,Senior Engineer
212137,Marko,Kenevan,Senior Engineer
212139,Nikolaus,Norsworthy,Senior Staff
212140,Morrie,Papadias,Senior Engineer
212141,Slavian,Leijenhorst,Senior Staff
212146,Charlene,Radivojevic,Senior Staff
212153,Monique,Goodrum,Senior Staff
212155,Danil,Marquardt,Senior Staff
212157,Shrikanth,Binkley,Senior Staff
212159,Hinrich,Heyers,Senior Staff
212161,Inderjeet,Lukaszewicz,Senior Engineer
212164,Boalin,Kinley,Assistant Engineer
212166,Val,Barbanera,Senior Engineer
212167,Utpal,Terlouw,Senior Staff
212168,Licheng,Rathonyi,Assistant Engineer
212171,Valdiodio,Greibach,Senior Engineer
212173,Tianruo,Erva,Senior Staff
212177,Barun,Shrader,Staff
212178,Alagu,Lodder,Senior Staff
212181,Zhiwei,Sundgren,Senior Staff
212183,Cordelia,Hettesheimer,Senior Engineer
212184,Lihong,Berztiss,Engineer
212188,Kiam,Arlazarov,Staff
212191,Narain,Besancenot,Senior Engineer
212192,Sedat,Alpin,Engineer
212193,Kendra,Sadowski,Technique Leader
212199,Zorica,Fadgyas,Engineer
212204,Tran,Jeansoulin,Senior Staff
212205,Golgen,Mungall,Engineer
212208,Garnet,Mitina,Staff
212209,Tran,Munch,Senior Staff
212210,Lokesh,Vakili,Senior Staff
212213,Jaideep,Ozery,Staff
212214,Basim,Bamford,Senior Staff
212215,Marie,Oehlmann,Staff
212217,Manibrata,Demos,Engineer
212219,Yahiko,Solovay,Senior Engineer
212221,Parviz,Birta,Senior Staff
212228,Moti,Percebois,Staff
212230,Aluzio,Rohrbach,Senior Staff
212236,Jianhui,Papsdorf,Senior Staff
212243,Kwangho,Guenter,Senior Engineer
212244,Muneo,Conte,Staff
212249,Lunjin,Tramer,Staff
212250,Tonia,Pettey,Senior Engineer
212258,Nevin,Menhardt,Technique Leader
212259,Vishu,Slaats,Senior Staff
212260,Hsiangchu,Baek,Senior Engineer
212261,Debatosh,Luff,Senior Engineer
212262,Bernt,Mellouli,Senior Staff
212268,Stamatina,Asser,Senior Engineer
212270,Lucien,Khasidashvili,Senior Staff
212271,Michaela,Rosay,Senior Engineer
212282,Licheng,Zeidenstein,Senior Engineer
212289,Lena,Bruckman,Staff
212290,Zhigen,Caine,Senior Engineer
212291,Persi,Honiden,Senior Engineer
212292,Krisda,Zucker,Senior Staff
212295,Shahid,Lukaszewicz,Senior Engineer
212296,Boguslaw,Pulkowski,Senior Engineer
212298,Cathie,Conia,Technique Leader
212307,Leni,Kirkerud,Senior Staff
212309,Ayakannu,Steinauer,Senior Staff
212317,Maris,Koprowski,Engineer
212319,Haldun,Vesel,Staff
212325,Nevio,Gischer,Engineer
212330,Jouko,Oxenboll,Staff
212333,Parto,Keirsey,Senior Staff
212334,Franziska,Bellmore,Senior Engineer
212336,Jacqueline,Litzkow,Senior Staff
212338,Kamakshi,Leijenhorst,Senior Staff
212340,Kokou,Erol,Senior Engineer
212341,Maya,Lenart,Senior Engineer
212346,Arve,Akaboshi,Engineer
212348,Gad,Butterworth,Technique Leader
212349,Jacqueline,Hoppenstand,Senior Staff
212352,Giap,Peha,Technique Leader
212355,Ortrun,Lubachevsky,Senior Engineer
212365,Leon,Champarnaud,Senior Staff
212367,Khatoun,Krider,Senior Engineer
212369,Zongyan,Teitelbaum,Senior Staff
212371,Nadjib,Varker,Engineer
212375,Leucio,Gniady,Senior Engineer
212382,Greger,Sullins,Senior Engineer
212385,Sukumar,Ohori,Senior Engineer
212389,Radhia,Hammerschmidt,Staff
212392,Poornachandra,Quittner,Senior Engineer
212394,Zhaofang,Raczkowsky,Senior Engineer
212406,Shigehiro,Suwa,Engineer
212407,Branimir,Merle,Senior Engineer
212409,Youpyo,Litzkow,Senior Engineer
212411,Tadanori,Waymire,Staff
212413,Sanjiv,Limongiello,Staff
212414,Vitali,Rijsenbrij,Engineer
212416,Yonghoan,Schoegge,Engineer
212419,Mang,Ruemmler,Engineer
212423,Reinhold,Demke,Senior Staff
212425,Aiichiro,Leonhardt,Staff
212430,Chinya,Perly,Senior Engineer
212433,Zhensheng,Brodal,Senior Engineer
212434,Shaowen,Baumann,Staff
212436,Kyoichi,Ranft,Senior Staff
212440,Valdiodio,Pardalos,Senior Engineer
212441,Masaru,Ouhyoung,Senior Engineer
212455,Thanasis,Gewali,Engineer
212460,Tua,Mandell,Senior Staff
212465,Aran,Parascandalo,Senior Staff
212479,Serge,Feldhoffer,Senior Engineer
212482,Lubomir,Angiulli,Staff
212486,Lillian,Otillio,Senior Staff
212487,Toong,Cannane,Senior Staff
212488,Zijian,Sommen,Senior Engineer
212490,Caolyn,Cullers,Engineer
212496,Shigehiro,Whittlesey,Staff
212498,Pranav,Fairtlough,Senior Staff
212501,Aksel,Bridgland,Senior Staff
212506,Mohammad,Suomi,Engineer
212510,Kagan,Jenevein,Engineer
212513,Adam,Speckmann,Senior Staff
212514,Babette,Tchuente,Staff
212516,Taizo,Tasistro,Senior Staff
212519,Miomir,Muniz,Engineer
212521,Duangkaew,Borstler,Senior Staff
212522,Amabile,Pavlopoulou,Technique Leader
212523,Zhiguo,Rosiles,Senior Engineer
212534,Sariel,Pocchiola,Technique Leader
212535,Kiyotoshi,Sevcikova,Senior Engineer
212539,Fayez,Pearson,Senior Engineer
212545,Masali,Bahi,Senior Staff
212548,Snehasis,Crouzet,Staff
212549,Leni,Collavizza,Technique Leader
212550,Arch,Cappelli,Staff
212555,Dannz,Joslin,Senior Staff
212560,Shietung,Pappas,Staff
212565,Dulce,Meriste,Senior Engineer
212567,Marjo,Veeraraghavan,Senior Engineer
212579,Bernice,Comte,Senior Staff
212591,Sigeru,Ravishankar,Senior Staff
212593,Conor,Thebaut,Senior Engineer
212595,Raimond,Schusler,Senior Staff
212602,Tua,Chiodo,Senior Engineer
212604,Hongzhu,McAffer,Engineer
212606,Mitsuyuki,Ballarin,Senior Staff
212607,Miquel,Suomi,Senior Engineer
212618,Haldun,Anido,Senior Staff
212620,Mayumi,Lally,Engineer
212629,Shuho,Uehara,Senior Staff
212635,Carrsten,Krichel,Senior Engineer
212642,Mandell,Brookman,Staff
212643,Tetsurou,Malinowski,Senior Engineer
212644,Garnik,Theuretzbacher,Staff
212649,Nadjib,Maraist,Senior Engineer
212650,Rafael,Beeson,Senior Staff
212653,Geoffrey,Nyrup,Senior Engineer
212655,Doohun,Stranks,Engineer
212659,Shim,Vilarrasa,Senior Engineer
212660,Saeko,Papsdorf,Senior Engineer
212662,Keiichiro,Picel,Senior Staff
212664,Arunas,Atrawala,Senior Staff
212667,Shichao,Linares,Staff
212670,Eran,Iacovou,Assistant Engineer
212673,Utpal,Mundy,Senior Engineer
212674,Xiping,Schurmann,Engineer
212677,Subbu,Demeyer,Senior Engineer
212678,Nikolaus,Cappello,Staff
212679,Luigi,Heering,Staff
212684,Atreyi,Parveen,Senior Staff
212685,Juyoung,Debuse,Staff
212687,Tomoyuki,Brlek,Senior Staff
212692,Abdulah,Pardalos,Senior Engineer
212697,Yongmao,Raney,Assistant Engineer
212699,Aleksander,Bierbaum,Senior Engineer
212705,Mori,Rothe,Senior Staff
212706,Fai,Remmers,Senior Engineer
212707,Vatsa,Baig,Engineer
212708,Adhemar,Hofstetter,Senior Staff
212713,Xuejia,Butner,Senior Engineer
212718,Ult,Zirintsis,Senior Staff
212722,Bouchung,Sommen,Assistant Engineer
212723,Haldon,Nooteboom,Senior Staff
212726,Frederique,Ramsey,Senior Engineer
212728,Marsja,Pillow,Staff
212730,Moss,Savasere,Senior Engineer
212731,Martien,Besancenot,Senior Staff
212737,Eckart,Mitchem,Senior Staff
212739,Pradeep,Frolund,Engineer
212742,Gal,Melter,Senior Staff
212750,Sajjan,Bednarek,Senior Engineer
212752,Zejun,Maksimenko,Senior Engineer
212755,Sibyl,Cmelik,Senior Staff
212758,Phule,Stasinski,Senior Engineer
212762,Kauko,Lung,Senior Staff
212765,Marco,Schaar,Senior Staff
212772,Kamran,Baumann,Technique Leader
212775,Zeljko,Wynblatt,Senior Staff
212778,Kagan,Osgood,Senior Engineer
212779,Turgut,Cairo,Technique Leader
212780,Yuchang,Asser,Staff
212784,Satyanarayana,Demos,Senior Staff
212788,Makato,Kavvadias,Senior Engineer
212789,Oksana,Oaver,Senior Engineer
212791,Adly,Setia,Senior Engineer
212796,Troy,Eiron,Senior Staff
212798,Lalit,Reinhart,Senior Engineer
212799,Abdelkader,Falby,Senior Engineer
212800,Lihong,Hardjono,Senior Staff
212801,Aram,Sifakis,Staff
212806,Keiichiro,Papadias,Senior Staff
212821,Atreye,Vingron,Senior Staff
212826,Leucio,Malabarba,Senior Staff
212830,Dines,Lenart,Senior Engineer
212836,Hauke,Kulisch,Senior Engineer
212839,Clyde,Stavenow,Senior Engineer
212840,Oksana,Oxenboll,Senior Staff
212843,Danel,Engelmann,Staff
212845,Aemilian,Motley,Technique Leader
212854,Pranay,Hennings,Technique Leader
212855,Pramod,Basart,Senior Engineer
212856,Kayoko,Bach,Senior Engineer
212861,Khun,Markovitch,Senior Staff
212867,Genta,Fujisaki,Assistant Engineer
212871,Zhanqiu,Range,Staff
212876,Stepehn,Simmel,Senior Staff
212880,Sreekrishna,Hofting,Engineer
212883,Denis,Hedayat,Senior Staff
212888,Ferdinand,Hasham,Senior Engineer
212892,Surveyors,Gubsky,Engineer
212893,Perla,Conti,Senior Engineer
212902,Shounak,Speckmann,Staff
212905,Zhonghui,McClure,Senior Engineer
212906,Sumant,Menhoudj,Senior Engineer
212911,Chiranjit,Griswold,Senior Engineer
212917,Weiye,Cesareni,Senior Engineer
212921,Kwangsub,Goodrum,Senior Staff
212922,Mohua,Bernardeschi,Technique Leader
212940,Nahid,Syrzycki,Engineer
212941,Dharmaraja,Sury,Senior Staff
212942,Xinyu,DuBourdieux,Staff
212944,Goh,Thummel,Engineer
212946,Kwun,Eiter,Senior Staff
212949,Dinkar,Heusch,Engineer
212950,Udi,Schiettecatte,Engineer
212958,Herb,Randi,Senior Engineer
212963,King,Ramalingam,Senior Staff
212965,Adil,Fioravanti,Staff
212968,Hidde,Businaro,Engineer
212969,Tzu,Ecklund,Senior Engineer
212978,Samphel,Monkewich,Staff
212982,Oguz,Covnot,Senior Staff
212983,Anneli,Kakkar,Senior Staff
212985,Akeno,Papsdorf,Staff
212989,Kasturi,Billawala,Engineer
212990,Ebbe,Lunn,Senior Engineer
212991,Jovan,Delgrande,Senior Staff
212992,Xiong,Ferretti,Engineer
212993,Uno,Gaughan,Assistant Engineer
212994,Huai,Genin,Senior Engineer
212997,Sumant,Zaccaria,Senior Engineer
212999,Bernt,Azevdeo,Engineer
213001,Pragnesh,Cummings,Engineer
213005,Werner,Khalil,Senior Staff
213006,Gino,Biran,Senior Engineer
213010,Magy,Lupu,Senior Engineer
213017,Younwoo,Binding,Staff
213019,Tuval,Usery,Senior Engineer
213024,Dipankar,Levasseur,Senior Engineer
213025,Kinh,Nourani,Senior Staff
213028,Koichi,Hutton,Engineer
213035,Shuichi,Nitsche,Senior Staff
213039,Oldrich,Docker,Senior Staff
213040,Rimon,Coors,Senior Engineer
213045,Lijia,Garnick,Senior Staff
213050,Miquel,Casperson,Senior Engineer
213053,Chiradeep,Redmiles,Senior Engineer
213059,Mitchel,Seiwald,Senior Staff
213061,Zeljko,Leuchs,Senior Staff
213064,Kamakshi,Otillio,Senior Engineer
213065,Aris,Zweizig,Senior Staff
213066,Udi,Skogmar,Senior Engineer
213069,Sajjad,Mikschl,Staff
213071,Jacqueline,Demian,Senior Staff
213073,Huai,Heemskerk,Senior Staff
213076,Leni,Prampolini,Staff
213083,Wonhee,Nishimukai,Senior Staff
213085,Gonzalo,Poulakidas,Engineer
213090,Aleksandar,Sudkamp,Senior Staff
213096,Mandell,Takanami,Senior Staff
213098,Martijn,Christ,Senior Staff
213101,Sajjad,Benveniste,Senior Staff
213103,Tomofumi,Chinen,Engineer
213105,Basim,Steenbeek,Senior Engineer
213107,Tadahiro,Reeker,Technique Leader
213113,Shigeichiro,Hammerschmidt,Senior Engineer
213116,Kagan,Hainaut,Senior Staff
213119,Mokhtar,Karner,Engineer
213126,Maia,Kolvik,Senior Staff
213135,Gadiel,Danlos,Engineer
213137,Kensei,Muniz,Senior Staff
213142,Douadi,Pehl,Senior Engineer
213143,Shirish,Riefers,Engineer
213144,Patricio,Luon,Senior Staff
213145,Hausi,Meriste,Senior Staff
213149,Wonhee,Gyorkos,Senior Engineer
213155,Mayuri,Kermarrec,Staff
213158,Frederique,Marquardt,Staff
213159,Arto,Picco,Senior Staff
213163,Sarita,Ullian,Engineer
213164,Tadahiko,Maccarone,Senior Engineer
213165,Hironobu,Pell,Technique Leader
213171,Kshitij,Hashii,Senior Staff
213174,Muneo,Poupard,Senior Engineer
213179,Teiji,Vernadat,Engineer
213180,Aiman,Heuser,Senior Engineer
213196,Geoff,Chaudhury,Senior Staff
213201,Kinh,Perng,Senior Engineer
213206,Domenick,Gubsky,Senior Staff
213209,Huiqun,Plessier,Senior Engineer
213212,Kazuhito,Lieblein,Senior Staff
213213,Zongyan,Rodite,Senior Engineer
213214,Vidya,Lalonde,Senior Engineer
213228,Itzchak,Iwayama,Senior Staff
213232,Halsur,Rodham,Senior Engineer
213235,Laurentiu,Wrigley,Technique Leader
213236,Marl,Rahier,Senior Engineer
213237,Radhika,Tagansky,Senior Engineer
213243,Shay,Marshall,Senior Engineer
213247,Steve,Tagansky,Senior Staff
213248,Along,Sudkamp,Senior Staff
213253,Wonhee,Kading,Senior Engineer
213258,Kersti,Carrere,Senior Staff
213266,Yinghua,Georgakopoulos,Senior Staff
213268,Anoosh,Pouyioutas,Staff
213271,Djenana,Acton,Senior Staff
213274,Hugo,Quadeer,Senior Staff
213275,Chenxi,Sankaranarayanan,Senior Staff
213288,Remzi,Levergood,Senior Engineer
213290,Georgy,Makinen,Staff
213293,Rafols,Streng,Technique Leader
213295,Torsten,Panwar,Engineer
213303,Abdulla,Budinsky,Engineer
213305,Takahira,Farris,Staff
213308,Ramachenga,Leijenhorst,Senior Staff
213310,Quingbo,Apsitis,Senior Engineer
213312,Aron,McFarlan,Technique Leader
213314,Fumitake,Ventosa,Technique Leader
213316,Richard,Kading,Senior Staff
213317,Kellie,Juneja,Senior Staff
213319,Mart,Tyugu,Engineer
213323,Kiyotoshi,Teitelbaum,Senior Engineer
213327,Shiv,Alpin,Senior Engineer
213332,Shir,Hebden,Staff
213333,Idoia,Mullainathan,Senior Engineer
213334,Mikhail,Kolinko,Staff
213339,Zhigen,Slobodova,Senior Engineer
213342,Randy,Knightly,Senior Engineer
213353,Diederik,Gecsel,Senior Staff
213356,Ayonca,Naumovich,Staff
213357,Collette,Businaro,Engineer
213360,Debaprosad,Antonakopoulos,Senior Engineer
213362,Emdad,Vendrig,Senior Engineer
213367,Werner,Jeong,Senior Engineer
213371,Rimon,Luft,Engineer
213375,Lillian,Matzke,Senior Engineer
213378,Hatsukazu,Pardalos,Senior Staff
213387,Jacopo,England,Senior Engineer
213388,Dines,Servi,Senior Staff
213389,Terresa,Melter,Engineer
213391,Weidon,Gunderson,Senior Staff
213393,Hauke,Rossi,Technique Leader
213395,Goo,Hitomi,Senior Staff
213401,Branimir,Gulak,Technique Leader
213407,Gino,Mandell,Senior Staff
213409,Chiranjit,Kowalchuk,Senior Engineer
213414,Mingsen,Merel,Senior Staff
213419,Marie,Gyorkos,Senior Staff
213426,Demin,Lenart,Senior Staff
213429,Sadun,Ballarin,Assistant Engineer
213430,Djelloul,Larfeldt,Senior Engineer
213436,Zdislav,Prenel,Senior Staff
213438,Gritta,Kobara,Engineer
213439,Masadi,Duclos,Senior Engineer
213445,Zvonko,Trachtenberg,Senior Engineer
213452,Lobel,Thimonier,Engineer
213454,Mona,Potthoff,Senior Staff
213455,Chenye,Lorho,Senior Staff
213460,Tsvetan,Farrel,Senior Engineer
213475,Fumitake,Mikschl,Engineer
213480,Dinah,Srimani,Senior Staff
213481,Remco,Binkley,Engineer
213482,Huei,Chaudhury,Senior Staff
213484,Keiichiro,Demian,Staff
213487,Harjit,Vanwelkenhuysen,Senior Staff
213490,Gino,Bugrara,Engineer
213491,Sashi,Kaiser,Senior Engineer
213492,Subhrajyoti,Bahi,Senior Staff
213497,Leucio,Legleitner,Engineer
213498,Christfried,Gire,Senior Engineer
213508,Somnath,Binding,Senior Engineer
213509,Sariel,Sidou,Technique Leader
213510,Marke,Wissmann,Senior Staff
213513,Bluma,Zyda,Senior Engineer
213515,Fai,Masamoto,Engineer
213517,Yuchang,Pfau,Senior Staff
213524,Bingning,Coney,Staff
213525,Kamran,Hellwagner,Senior Staff
213526,Fox,Srimani,Senior Staff
213529,Shaibal,Schusler,Senior Engineer
213532,Mayumi,Ertl,Senior Staff
213533,Hyuncheol,Encarnacion,Staff
213540,Amstein,Motley,Engineer
213543,Martien,Puppe,Senior Engineer
213548,Florina,Selvestrel,Engineer
213549,Aiman,Sidou,Engineer
213550,Lene,Schlumberger,Senior Engineer
213558,Vidya,Gunderson,Senior Engineer
213567,Pasqua,Redmiles,Senior Engineer
213573,Basim,Fairtlough,Engineer
213578,Masamitsu,Rosay,Senior Engineer
213592,Kwok,Schaaf,Engineer
213598,Berhard,Godskesen,Senior Engineer
213601,Nidapan,Schoegge,Staff
213611,Mahmut,Barriga,Senior Engineer
213614,Cathie,Matzen,Engineer
213617,Deborah,Hiltgen,Senior Engineer
213620,Gita,Picco,Senior Engineer
213623,Valeri,Hambrick,Senior Engineer
213631,Yongmin,Beilner,Engineer
213634,Conal,Conte,Engineer
213640,Moss,Botman,Senior Staff
213644,Jianhua,Chenoweth,Senior Staff
213646,Perla,Polajnar,Senior Staff
213647,Douadi,Sethi,Senior Staff
213648,Maria,Docker,Engineer
213658,Troy,Narahara,Engineer
213659,Gino,Vidal,Staff
213662,Parke,Rosen,Technique Leader
213667,Martina,Birch,Senior Engineer
213668,Vivian,Yurek,Staff
213670,Fei,Dolinsky,Assistant Engineer
213673,Chikako,Foong,Senior Engineer
213677,Ziya,Haraldson,Staff
213686,Chuanyi,Masamoto,Senior Staff
213687,Arne,Crelier,Senior Staff
213690,Arve,Lanzelotte,Senior Engineer
213691,Diederik,Schmezko,Engineer
213693,Martine,Gopalakrishnan,Engineer
213698,Subhankar,Avouris,Engineer
213699,Samphel,Nooteboom,Senior Engineer
213701,Chandrasekaran,Marletta,Staff
213704,Debaprosad,Fontan,Senior Staff
213705,Munehiro,Bennet,Senior Engineer
213710,Paloma,Avouris,Staff
213712,Remzi,Sankaranarayanan,Engineer
213714,Panayotis,Crabtree,Staff
213723,Menkae,Trelles,Staff
213726,Houman,Makrucki,Engineer
213728,Kazuhisa,Emden,Senior Staff
213730,Seongbin,Angelov,Senior Staff
213731,Nagui,Gustavson,Engineer
213734,Boaz,Sessa,Senior Staff
213735,Jungsoon,Rosaz,Senior Staff
213736,Selwyn,Reistad,Engineer
213741,Kotesh,Lally,Senior Staff
213747,Ger,Siegrist,Senior Engineer
213749,Harjit,Tchuente,Assistant Engineer
213750,Zhiwei,Fortenbacher,Engineer
213754,Kauko,Ventosa,Engineer
213756,Jaideep,Awdeh,Senior Staff
213759,Luerbio,Bahi,Senior Staff
213760,Moni,Greibach,Senior Engineer
213763,Herbert,Broder,Senior Staff
213766,Girolamo,Hiyoshi,Senior Staff
213773,Arif,Waleschkowski,Senior Engineer
213777,Heng,Bael,Engineer
213778,Licheng,Pintelas,Senior Staff
213779,Shooichi,Improta,Staff
213781,Reuven,Reistad,Senior Staff
213783,Tze,Benantar,Senior Engineer
213784,Premsyl,Takanami,Senior Staff
213786,Adas,Deyuan,Senior Staff
213788,Fabrizio,Azadmanesh,Senior Staff
213798,Dzung,Randt,Senior Engineer
213800,Mang,Erez,Senior Engineer
213801,Aruna,Alameldin,Senior Staff
213802,Paris,Lindenbaum,Staff
213803,Yonghong,Lamba,Senior Engineer
213806,Seongbae,VanScheik,Senior Staff
213808,Masaki,Shumilov,Staff
213809,Shichao,Alpin,Senior Engineer
213810,Chuanti,Sommen,Senior Staff
213813,Tsuneo,Matzat,Senior Staff
213814,Hisao,Shimshoni,Senior Engineer
213817,Utpal,Ramaiah,Senior Staff
213820,Nahum,Baranowski,Staff
213823,Shih,Lorho,Senior Engineer
213826,Subhash,Chenoweth,Engineer
213827,Monique,Journel,Senior Engineer
213831,Stafford,Radwan,Engineer
213833,Faiza,Botman,Senior Staff
213834,Shuji,Impagliazzo,Senior Staff
213835,Tommaso,Rothenberg,Senior Engineer
213839,Danny,Kakkar,Senior Staff
213842,Fusako,Detkin,Senior Engineer
213843,Chaoyi,Plump,Senior Staff
213844,Paloma,Jumpertz,Senior Staff
213846,Arnd,Jansch,Engineer
213849,Annemarie,Gilg,Senior Engineer
213851,Vivian,Fairtlough,Senior Engineer
213860,Kellyn,Onuegbe,Technique Leader
213862,Parviz,Fairtlough,Senior Staff
213863,Nimmagadda,Saoudi,Senior Engineer
213864,Marl,Isard,Senior Staff
213865,Adhemar,Ramsak,Senior Engineer
213867,Leni,Thimonier,Senior Staff
213870,Shim,Gubsky,Senior Staff
213871,Mahmut,Eugenio,Staff
213874,Girolamo,Panangaden,Senior Engineer
213875,Shaibal,Fiebach,Technique Leader
213877,Temple,Swick,Senior Engineer
213879,Xiaoqiang,Dusink,Senior Staff
213883,Rosine,Nergos,Engineer
213886,Mikhail,Lupu,Senior Engineer
213892,Gregory,Birke,Senior Engineer
213900,Aran,Denos,Engineer
213901,Ebbe,Wynblatt,Technique Leader
213902,Yoshinari,Ratzlaff,Staff
213904,Mari,Kropatsch,Senior Staff
213905,Sverrir,Motley,Staff
213906,Sven,Gerteisen,Senior Staff
213914,Jeong,Klerer,Senior Staff
213916,Cordelia,Boissier,Senior Staff
213918,Pohua,Parascandalo,Technique Leader
213920,Nevio,Neimat,Senior Staff
213927,Neelam,Serdy,Staff
213931,Teruyuki,Bottner,Senior Staff
213932,Parto,Schieder,Staff
213935,Rosita,Kaminger,Technique Leader
213941,Lakshmi,Masada,Staff
213943,Arlette,Swab,Staff
213944,Goetz,Bondorf,Staff
213945,Qiwen,Imataki,Engineer
213947,Shir,Desikan,Technique Leader
213955,Gianluca,Shackel,Senior Staff
213958,Bingning,Kossowski,Senior Staff
213960,Stella,Rahier,Engineer
213961,Jaideep,Weedon,Senior Engineer
213962,Pranjal,Rahier,Senior Staff
213964,Shawna,Limongiello,Senior Staff
213965,Ramalingam,Denny,Senior Staff
213966,Mayumi,Schade,Senior Engineer
213967,Gal,Candan,Senior Staff
213973,Nevio,Guerreiro,Engineer
213976,Leah,Sidou,Senior Engineer
213978,Jaewon,Eterovic,Senior Engineer
213981,Kazuyasu,Melski,Staff
213983,Arup,Angot,Senior Engineer
213984,Susanta,Madeira,Engineer
213988,Kellyn,Krichel,Technique Leader
213990,Ung,Simmen,Senior Engineer
213991,Miyeon,Erbe,Senior Staff
213997,Kerhong,Lambe,Senior Engineer
213998,Jiong,Navazio,Engineer
213999,Bogdan,Vigier,Senior Engineer
214000,Muneo,Staudhammer,Senior Engineer
214002,Sampalli,Sundgren,Senior Engineer
214007,Naraig,Suomi,Senior Engineer
214008,Zhigen,Thimonier,Technique Leader
214010,Steen,Melski,Senior Engineer
214011,Chuanti,Hemaspaandra,Staff
214013,Tokuyasu,Herath,Senior Engineer
214014,Geraldo,Verhaegen,Technique Leader
214021,Leah,Gammage,Senior Engineer
214023,Aamer,Rosen,Engineer
214024,Zhilian,Kroll,Senior Engineer
214026,Constantijn,Brodal,Staff
214033,Genevieve,Junet,Senior Staff
214035,Shigehiro,Emiris,Staff
214047,Mari,Bernatsky,Senior Staff
214049,Billie,Nannarelli,Engineer
214052,Yechezkel,Masaki,Senior Staff
214057,Basim,Adachi,Senior Engineer
214059,Shahar,McFarlin,Technique Leader
214071,Jordanka,Goldhammer,Senior Engineer
214076,DeForest,Gide,Staff
214078,Surveyors,Merli,Senior Staff
214085,Saeed,Baaz,Staff
214086,Gal,Landherr,Technique Leader
214087,Zdislav,Thambidurai,Engineer
214090,Tsvetan,Janocha,Senior Staff
214094,Makato,Bernardeschi,Staff
214097,Hideyuki,Kroon,Senior Staff
214099,Holgard,Prenel,Senior Engineer
214104,Khoa,Kalorkoti,Assistant Engineer
214105,Krisda,Bhattacharjee,Senior Engineer
214108,Chiradeep,Ellozy,Senior Staff
214110,Maria,Nyanchama,Staff
214113,Shawna,Openshaw,Senior Engineer
214120,Sudhanshu,Kriebel,Senior Staff
214121,Saddek,Luks,Senior Engineer
214124,Xiaoqiang,Munro,Senior Staff
214127,Marsal,Gien,Staff
214129,Keiichiro,Lorin,Staff
214138,Pranav,Ramsay,Technique Leader
214139,Lidong,Mahnke,Staff
214144,Duke,Oppitz,Engineer
214145,Steen,Ravishankar,Senior Staff
214146,Behnaam,Picci,Senior Staff
214147,Jianhua,Tzvieli,Senior Engineer
214148,Masoud,Bisiani,Engineer
214155,Achilleas,Randt,Engineer
214159,Khedija,Fabrizio,Senior Engineer
214161,Tsz,Strehl,Senior Staff
214166,Goncalo,Worfolk,Senior Engineer
214167,Zvonko,Reinhart,Senior Staff
214169,Fen,Nicolson,Assistant Engineer
214171,Sergi,Saoudi,Engineer
214178,Froduald,Bruckman,Senior Engineer
214183,Nathalie,Parfitt,Senior Staff
214186,Sivanarayana,Matzov,Senior Staff
214189,Panayotis,Junot,Senior Engineer
214191,Arnould,Lampe,Technique Leader
214193,Shaleah,Backhouse,Engineer
214198,Sumant,Bahl,Engineer
214204,Alexius,Glowinski,Senior Staff
214208,Ramachenga,Iacovou,Senior Staff
214209,Kersti,Peir,Senior Engineer
214211,Miomir,Peres,Senior Engineer
214216,Stabislas,Billawala,Senior Engineer
214220,Woody,Bahi,Senior Engineer
214221,Baruch,Kilgore,Senior Staff
214227,Makato,Jansen,Technique Leader
214234,Idoia,Ramaiah,Assistant Engineer
214237,Reinhold,Kaminger,Technique Leader
214241,Toshimo,Strandh,Senior Engineer
214244,Sushant,Merkl,Engineer
214245,Kwan,Encarnacion,Senior Engineer
214252,Katsuo,Granlund,Senior Staff
214258,Insup,Farrar,Senior Engineer
214261,Terresa,Munch,Senior Engineer
214270,Uri,Egerstedt,Senior Staff
214274,DeForest,Ishibashi,Engineer
214279,Muzhong,Bahk,Senior Staff
214281,Toshiki,Erez,Staff
214282,Yurii,Kragelund,Senior Staff
214284,Masanao,Slaats,Staff
214302,Xiadong,Siegrist,Technique Leader
214305,Shridhar,Erez,Staff
214307,Adam,Lamma,Senior Engineer
214311,Bodh,Potthoff,Senior Staff
214312,Teiji,Raoux,Senior Staff
214317,Thodoros,Kugler,Staff
214322,Billie,Milicic,Engineer
214323,Gianluca,Yetim,Engineer
214324,Uta,Felder,Engineer
214326,Gianluca,Grabner,Senior Engineer
214327,Jaewoo,Solares,Senior Staff
214335,Sven,Mamelak,Staff
214338,Mountaz,Rahimi,Assistant Engineer
214347,Duangkaew,Denny,Technique Leader
214350,Sanjit,McAffer,Senior Engineer
214357,Uno,Coney,Senior Engineer
214358,Ravishankar,Pileggi,Senior Staff
214360,Hyuncheol,Halloran,Staff
214364,Kwangho,Siksek,Staff
214365,Steen,Vernadat,Senior Engineer
214366,Nectarios,DasSarma,Staff
214369,Udaiprakash,Nannarelli,Senior Staff
214370,Przemyslawa,Polupanov,Senior Engineer
214371,Steve,McAlpine,Staff
214376,Jingling,Krogh,Engineer
214381,Jacopo,Lamma,Senior Engineer
214385,Mechthild,Yemenis,Senior Staff
214394,Faiza,DeMori,Senior Staff
214395,Luerbio,Gihr,Senior Engineer
214397,Taiji,Szemeredi,Senior Staff
214401,Jiakeng,Sanella,Senior Staff
214402,Shooichi,Murtha,Staff
214406,Isamu,Nitsch,Senior Staff
214408,Adas,Krider,Staff
214414,Xuedong,Koyama,Senior Engineer
214417,Alselm,Czap,Engineer
214419,Bowen,Kopetz,Senior Engineer
214422,JoAnna,Larfeldt,Senior Engineer
214430,Kirk,Hofman,Senior Engineer
214436,Ashish,Panangaden,Staff
214440,Vitali,Yemenis,Senior Engineer
214441,Padma,Sgarro,Senior Staff
214443,Zhongwei,Cooman,Senior Engineer
214444,Lokesh,Bach,Senior Engineer
214445,Shaw,Decleir,Engineer
214446,Barry,Mersereau,Assistant Engineer
214447,Krisda,Ariola,Engineer
214448,Gay,Baby,Senior Engineer
214451,Tristan,Scallan,Senior Staff
214454,Danny,Ponthieu,Senior Engineer
214456,Eran,Baik,Senior Staff
214461,Barun,Middleton,Senior Engineer
214465,Koldo,Cesareni,Staff
214470,Ortrun,Yoshizawa,Assistant Engineer
214473,Honglan,Benaini,Senior Engineer
214482,Henk,Staelin,Staff
214484,Dinah,Doering,Senior Staff
214491,Ulf,Cromarty,Senior Engineer
214494,Alper,Codenie,Senior Engineer
214496,Gunilla,Halevi,Staff
214499,Takahira,Schade,Senior Staff
214506,Vishv,Fortenbacher,Senior Engineer
214508,Arvin,Limongiello,Senior Engineer
214511,Masaki,Marquardt,Senior Engineer
214512,Ishfaq,Munck,Senior Engineer
214513,Waiman,Taubenfeld,Engineer
214519,Sadun,Ushiama,Engineer
214520,Oscar,Ponthieu,Senior Staff
214522,Otmar,Flanders,Senior Engineer
214525,Dipayan,Khalid,Senior Staff
214531,Remmert,Hutton,Senior Staff
214535,Sampalli,Demir,Senior Engineer
214538,Vidya,Zirintsis,Engineer
214540,Boaz,Butner,Senior Staff
214543,Kazuhito,Ghandeharizadeh,Senior Staff
214546,Sanjoy,Kaelbling,Senior Engineer
214553,Claude,Madeira,Engineer
214556,Yinghua,Tagansky,Senior Staff
214560,Pradeep,Erez,Senior Staff
214563,Basil,Ramras,Senior Engineer
214569,Arie,Peek,Technique Leader
214570,Kiyokazu,Apsitis,Engineer
214572,Yucel,Yavatkar,Staff
214575,Sudharsan,Schonegge,Senior Engineer
214577,Vidya,Conry,Senior Staff
214578,Kensei,Anger,Senior Engineer
214580,Xiaoqiu,Daescu,Engineer
214591,Mohua,Luders,Staff
214592,Charmane,Lagarias,Engineer
214593,Volkmar,Vural,Senior Staff
214601,Boguslaw,Schmezko,Staff
214605,Mario,Rosenbaum,Senior Engineer
214606,Youngkon,Erni,Senior Engineer
214608,Nalini,Fujisawa,Assistant Engineer
214616,Phillip,Paciorek,Engineer
214619,Halsur,Ranka,Senior Staff
214622,Shaw,Peha,Staff
214623,Genta,Wegerle,Senior Staff
214628,Shao,Kambil,Staff
214631,Kazuyasu,Bharadwaj,Senior Engineer
214637,Prasadram,Botman,Senior Engineer
214642,Breannda,Bahr,Senior Engineer
214646,Zdislav,Lortz,Senior Engineer
214653,Mohammed,Gelosh,Technique Leader
214655,Rosalie,Hanabata,Senior Staff
214657,Yurii,Papsdorf,Senior Engineer
214662,Toshimitsu,Peral,Engineer
214663,Bangqing,Baez,Senior Engineer
214665,Mana,Eickenmeyer,Assistant Engineer
214666,Srinidhi,Stassinopoulos,Assistant Engineer
214670,Kamakshi,Lyonns,Senior Staff
214674,Zissis,Saoudi,Senior Staff
214675,Sadun,Horswill,Senior Engineer
214679,Shahar,Sifakis,Senior Engineer
214681,Edwin,Dulli,Engineer
214682,Jaroslava,Neimat,Senior Staff
214683,Kayoko,Ozeri,Senior Engineer
214685,Lubomir,Whitcomb,Engineer
214689,Kristin,Baaleh,Senior Engineer
214693,Garnet,Kuzuoka,Senior Engineer
214694,Akeno,Schade,Senior Staff
214697,Bluma,Awdeh,Engineer
214704,Mingsen,Mundy,Technique Leader
214706,Marlo,Kitai,Senior Staff
214715,Pragnesh,Perly,Senior Engineer
214716,Hironobu,Makrucki,Senior Staff
214719,Tristan,Skrikant,Senior Engineer
214720,Tadahiro,Luders,Senior Staff
214725,Nigel,Weedon,Senior Engineer
214727,Berthier,Koprowski,Senior Engineer
214731,Masami,Kobuchi,Senior Engineer
214732,Goncalo,Masamoto,Senior Engineer
214738,Caolyn,Cunliffe,Senior Engineer
214739,Shuho,Khasidashvili,Senior Staff
214741,Xiahua,Piazza,Senior Engineer
214744,Gill,Dehkordi,Senior Staff
214746,Mohan,Ishibashi,Senior Staff
214747,Rutger,Grospietsch,Staff
214749,Suebskul,Hiltgen,Staff
214752,Janche,Zaumen,Senior Engineer
214753,Stafford,dAstous,Senior Engineer
214757,Morris,Riesenhuber,Staff
214758,Remmert,Bruckman,Senior Engineer
214760,Xiaopeng,Zobel,Senior Engineer
214765,Jongsuk,Keustermans,Senior Staff
214768,Yakichi,Guardalben,Engineer
214769,Augustine,Peir,Staff
214779,Denis,Nitsche,Senior Staff
214784,Aram,Schiper,Assistant Engineer
214785,Arif,Sigstam,Senior Engineer
214786,Richara,Vidya,Senior Engineer
214788,Sadun,Zschoche,Senior Engineer
214791,Mana,Ligten,Senior Engineer
214794,Val,Ibel,Senior Staff
214795,Xuedong,Merks,Senior Engineer
214796,Leah,Cronau,Senior Staff
214798,Marlo,Yavatkar,Engineer
214802,Sibyl,Bharadwaj,Senior Staff
214806,Toney,Caine,Staff
214809,Munehiro,Fendler,Engineer
214811,Serap,Kalloufi,Senior Engineer
214812,Marl,Nannarelli,Staff
214813,Irene,Parfitt,Staff
214816,Owen,Dayang,Senior Engineer
214822,Tamiya,Itzfeldt,Engineer
214823,Aleksandar,Azulay,Senior Engineer
214825,Mack,Osgood,Senior Staff
214826,Susuma,Merey,Senior Engineer
214838,Kannan,Pocchiola,Senior Staff
214841,Mingzeng,Goodrum,Senior Engineer
214842,Nikolaus,Businaro,Senior Staff
214845,Shahid,Giarratana,Senior Engineer
214850,Shrikanth,Leuchs,Technique Leader
214851,Lunjin,Weisert,Senior Engineer
214855,Kwangho,Georg,Senior Engineer
214856,Denis,Luga,Staff
214858,Yongdong,Kushner,Senior Engineer
214862,Ziva,Basagni,Senior Staff
214865,Xuejia,Yavatkar,Senior Engineer
214870,Munehiro,Ashish,Technique Leader
214874,Hironoby,Ventosa,Senior Staff
214876,Shuho,Domenig,Senior Staff
214879,Arfst,Hennings,Senior Staff
214885,Debaprosad,Kroft,Engineer
214888,Francesca,Broder,Senior Engineer
214892,Shim,Ducloy,Senior Staff
214901,Sivanarayana,Juneja,Senior Engineer
214908,Ziya,Shanbhogue,Technique Leader
214909,Aksel,Serov,Senior Engineer
214910,Gully,Braccini,Engineer
214915,Jeong,Bade,Staff
214916,Zissis,Alblas,Technique Leader
214917,Malu,Tzvieli,Senior Engineer
214920,Ipke,Caine,Senior Staff
214921,Hsiangchu,Byoun,Senior Engineer
214925,Giao,Penn,Senior Engineer
214931,Sariel,Lalonde,Senior Engineer
214935,Makato,Hiroyama,Senior Engineer
214937,Debatosh,Birch,Senior Staff
214938,Anestis,Chenoweth,Senior Engineer
214940,Goa,Maginnis,Senior Engineer
214942,Serge,Besancenot,Senior Engineer
214950,Weijing,Ferriere,Staff
214954,Marko,Mandell,Senior Engineer
214955,Yunming,Puppo,Senior Staff
214956,Zhigen,Perry,Engineer
214958,Fatemeh,Carrera,Staff
214960,Yolla,Koblick,Senior Staff
214965,Toshiki,Zeleznik,Engineer
214969,Huei,Coorg,Engineer
214970,Arfst,Belinskaya,Senior Staff
214973,Susanta,Conde,Senior Engineer
214981,Licheng,Reistad,Staff
214982,KayLiang,Garnick,Senior Engineer
214984,Tomofumi,Yurov,Senior Staff
214990,Lubomir,Erie,Staff
215001,Matk,Rajcani,Engineer
215007,Georgy,Radwan,Senior Staff
215008,Mechthild,Alpin,Senior Engineer
215014,Matt,Kriebel,Engineer
215016,Uinam,Sullins,Senior Engineer
215019,Jolita,Fadgyas,Senior Engineer
215020,Xiadong,Flexer,Engineer
215021,Horward,Staylopatis,Senior Engineer
215022,Yuriy,Sommer,Senior Engineer
215023,Supot,Piancastelli,Technique Leader
215025,Radhika,Brodal,Staff
215027,Shigeichiro,Cannard,Senior Staff
215029,Basant,Brender,Senior Staff
215031,Shem,Menyhert,Senior Staff
215033,Kwun,Ranka,Assistant Engineer
215037,JoAnne,Sundgren,Senior Staff
215038,Christfried,Assaf,Staff
215039,Boutros,Stellhorn,Senior Engineer
215044,Jacopo,Sinicrope,Senior Staff
215050,Hongzue,Genther,Senior Engineer
215055,Percy,Percebois,Senior Engineer
215065,Lena,Anandan,Senior Staff
215067,Gil,Dolinsky,Senior Staff
215068,Abdulla,Tramer,Engineer
215069,Nakhoon,Erva,Engineer
215074,Xiping,Karner,Assistant Engineer
215085,Vasilii,Covnot,Senior Staff
215091,Mayuri,Andreotta,Engineer
215096,Jiafu,Zumaque,Senior Engineer
215097,Mads,Baumann,Senior Staff
215098,Arve,Fujisawa,Staff
215101,Mark,Baaz,Senior Staff
215102,Horward,Puoti,Senior Staff
215103,Dipankar,Keohane,Assistant Engineer
215104,Giap,Guting,Senior Staff
215105,Arno,Baby,Senior Staff
215109,Irena,Matzke,Senior Staff
215111,Sajjad,Dahlbom,Senior Engineer
215113,Chikara,Imataki,Senior Engineer
215116,Val,Holburn,Engineer
215123,Sangeeta,Angelopoulos,Staff
215124,Gaetan,Waschkowski,Senior Staff
215125,Patricio,Monarch,Senior Engineer
215126,Jouni,Snedden,Engineer
215129,Hisao,Cromarty,Senior Staff
215132,Karoline,Perz,Senior Engineer
215137,Collette,Deyuan,Senior Staff
215142,Danil,Kushner,Senior Staff
215155,Hideyuki,Erdi,Engineer
215156,Kensei,Conti,Engineer
215159,Eishiro,Ranon,Senior Engineer
215162,Eckart,Schoegge,Senior Staff
215165,Junichi,Motley,Engineer
215168,Houman,Hellwagner,Senior Staff
215169,Aksel,Kawashima,Senior Staff
215172,Sukumar,Vigier,Senior Engineer
215174,Kiam,Rodite,Staff
215177,Siamak,Tomescu,Senior Staff
215178,Arvin,Rikino,Senior Engineer
215179,Aleksander,Soicher,Senior Staff
215183,Torsten,Roccetti,Engineer
215188,Temple,Zhiwei,Senior Staff
215191,Gil,Cochrane,Senior Engineer
215193,Prodip,Ginneken,Staff
215201,Xiping,Rodite,Senior Staff
215204,Cristinel,Rothenberg,Engineer
215206,Boalin,Fontet,Senior Staff
215212,Sigeru,Birnbaum,Senior Engineer
215218,Shiv,Cappello,Staff
215222,JiYoung,Baby,Senior Staff
215227,Guangming,Delgrossi,Senior Staff
215228,Annemarie,Rando,Staff
215231,Sashi,Emden,Senior Engineer
215233,Constantijn,Schiettecatte,Senior Staff
215243,Jaana,Quadeer,Staff
215244,Duangkaew,Farrow,Senior Engineer
215245,Tomofumi,Pouyioutas,Technique Leader
215247,Tonny,Hellwagner,Senior Staff
215248,Dmitri,Sinicrope,Senior Engineer
215249,Amalendu,Legleitner,Engineer
215253,Niranjan,Conde,Engineer
215256,Bojan,Copas,Senior Staff
215262,Naraig,Meszaros,Senior Engineer
215263,Hyuckchul,Cappelli,Assistant Engineer
215266,Oguz,Underwood,Senior Engineer
215275,Thanasis,Lenart,Senior Engineer
215277,Ewing,Bach,Senior Staff
215278,Uzi,Negoita,Engineer
215281,Tomofumi,Onuegbe,Senior Engineer
215282,Panayotis,Stasinski,Senior Staff
215285,Kazuhira,Osgood,Staff
215289,Eckart,Anger,Senior Engineer
215290,Yakkov,Boissier,Senior Staff
215291,Haldun,Raoux,Engineer
215294,Macha,Haumacher,Senior Engineer
215295,Vincent,Haddadi,Senior Staff
215297,Chiranjit,Thombley,Senior Engineer
215310,Sampalli,Dalton,Engineer
215315,Kousuke,Chartres,Senior Staff
215324,Nahid,Range,Staff
215326,Danae,Furudate,Staff
215328,Kristen,Genther,Senior Engineer
215329,Gregory,Doering,Senior Engineer
215334,Perla,Tempesti,Senior Staff
215335,Shuky,Kalafatis,Senior Staff
215338,Hidde,Rodier,Senior Engineer
215339,Wuxu,Zlotek,Engineer
215340,Zhonghui,Petersohn,Senior Engineer
215341,Aimee,Mukaidono,Senior Engineer
215345,Toshimori,Hertweck,Senior Staff
215349,Caolyn,Waymire,Engineer
215350,Fox,Kieras,Engineer
215355,Amabile,Pehl,Senior Engineer
215360,Francesca,Meszaros,Senior Staff
215361,Oddvar,Heuter,Senior Engineer
215365,Marko,Pokrovskii,Engineer
215368,Arvin,Honiden,Senior Engineer
215370,Kristina,Leuchs,Senior Staff
215371,Yahiko,Chinin,Senior Staff
215373,Barry,Simmel,Senior Staff
215374,Hatim,Szilard,Senior Engineer
215377,Djelloul,Dengi,Engineer
215379,Martina,Muntz,Senior Engineer
215382,Sreenivas,Perko,Senior Engineer
215383,Xuejun,Kushner,Senior Staff
215402,Sanjiv,Prochazka,Staff
215410,Mabhin,Rosch,Senior Staff
215420,Shaunak,Wielonsky,Senior Engineer
215426,Nagui,Beeson,Staff
215431,Ute,Coney,Senior Staff
215432,Doowon,Hoogerwoord,Senior Engineer
215438,Bernd,Magalhaes,Senior Engineer
215446,Seongbae,Middleton,Senior Staff
215449,Kwangjo,Casley,Senior Staff
215455,Shakhar,Kropatsch,Staff
215459,Krisda,Staudhammer,Senior Staff
215463,Yifei,Wuwongse,Senior Engineer
215467,Xinyu,Capobianchi,Staff
215468,Karsten,Awdeh,Senior Staff
215469,Hideyuki,Hopewell,Senior Engineer
215471,Nechama,Dehkordi,Senior Engineer
215474,Berna,Atchley,Senior Staff
215475,Phuoc,Rousseau,Senior Engineer
215480,Guther,Perly,Senior Engineer
215482,Samphel,Peac,Senior Staff
215483,Tayeb,Schieder,Staff
215484,Mokhtar,Morrin,Staff
215485,Arra,Schusler,Engineer
215499,Boriana,Cherinka,Senior Engineer
215501,Unal,Spieker,Engineer
215502,Satoru,Gladwell,Staff
215504,Aram,Miake,Senior Staff
215506,Berto,Puppo,Engineer
215507,Kwangho,Hardjono,Engineer
215510,Henk,Cooman,Senior Staff
215511,Jaroslava,Waterhouse,Senior Engineer
215513,Sigeru,Litzkow,Staff
215517,Duke,Wallrath,Assistant Engineer
215521,Weiyi,Peha,Senior Engineer
215523,Feixiong,Emmerich,Staff
215528,Jacopo,Rijckaert,Engineer
215534,Pohua,Prenel,Senior Engineer
215547,Palash,Varley,Senior Staff
215549,Mara,Georgatos,Senior Staff
215557,Nikolaus,Birnbaum,Senior Staff
215561,Premsyl,Cromarty,Senior Engineer
215567,Gennady,Bernick,Senior Staff
215571,Rafols,Sherertz,Senior Staff
215575,Tran,Hofting,Senior Engineer
215576,Takushi,Anger,Senior Staff
215577,Naraig,Merel,Assistant Engineer
215578,Younwoo,Schurmann,Staff
215581,Karoline,Gulak,Staff
215583,Maya,Curless,Senior Staff
215586,Honesty,Tibblin,Senior Staff
215588,Hercules,Poupard,Senior Engineer
215590,Noritoshi,Stellhorn,Engineer
215591,Mamdouh,Nyanchama,Senior Staff
215594,Xudong,Schusler,Staff
215596,Arumugam,Marletta,Senior Staff
215599,Shushma,Kruskal,Staff
215600,Fay,Lampe,Senior Staff
215601,Xiaobin,Doering,Senior Staff
215610,Ute,Kawashima,Senior Staff
215611,Collette,Covnot,Engineer
215612,Ortrud,Oxenboll,Senior Engineer
215613,Kwangyoen,Goodrum,Senior Engineer
215616,Sachar,Aloisi,Technique Leader
215620,Aiichiro,Baik,Senior Engineer
215622,Huican,Reinhart,Staff
215623,Hongzhu,Ghazalie,Senior Engineer
215626,Murthy,Schusler,Senior Engineer
215634,Goetz,Thummel,Senior Staff
215636,Gao,Reinhart,Senior Staff
215643,Nidapan,Staelin,Senior Engineer
215644,Surveyors,Angot,Staff
215648,Jeanna,Jahnichen,Senior Engineer
215654,Zvonko,Jakobus,Senior Engineer
215656,Shawna,Sankaranarayanan,Senior Staff
215664,Aleksandar,Verhoeff,Senior Staff
215666,Oguz,Perly,Senior Staff
215667,Keiichiro,Bratten,Engineer
215680,Lokesh,Billingsley,Engineer
215681,Mariusz,Liedekerke,Senior Engineer
215685,Filipe,Nooteboom,Senior Engineer
215693,Hidefumi,Emmart,Technique Leader
215695,Jasminko,Wendorf,Technique Leader
215696,Nigel,Iisaka,Senior Staff
215697,Tooru,Bardell,Technique Leader
215698,JiYoung,Kowalchuk,Engineer
215700,Toong,Beutelspacher,Assistant Engineer
215703,Basim,Kenevan,Senior Staff
215711,Bartek,Danner,Senior Staff
215713,Radhakrishnan,Engberts,Senior Staff
215715,Ziva,Kirkerud,Engineer
215717,Hidekazu,Stavenow,Engineer
215718,Weiwu,Luan,Senior Staff
215723,Laurentiu,Ermel,Engineer
215726,Khosrow,Michaels,Senior Staff
215728,Harjit,Choobineh,Senior Staff
215729,Girolamo,Demri,Staff
215730,Amalendu,Peek,Senior Engineer
215731,Xiping,Emmerich,Senior Engineer
215732,Navin,Docker,Assistant Engineer
215733,Falguni,Krybus,Senior Engineer
215734,Gina,Bahi,Technique Leader
215739,Masaki,Scallan,Senior Engineer
215741,Haldon,Melski,Engineer
215742,Shirish,Kakkad,Senior Engineer
215745,Lidong,Suppi,Senior Staff
215747,Fan,Czap,Senior Engineer
215750,Muneo,Raoux,Senior Engineer
215763,Serenella,Werthner,Technique Leader
215769,Rimli,Angelopoulos,Senior Engineer
215771,Kwangho,Skrikant,Senior Staff
215773,Ravishankar,Nannarelli,Senior Engineer
215774,Mabo,Schicker,Staff
215776,Adas,Ashish,Senior Engineer
215778,Yonghoan,Terwilliger,Engineer
215782,Elzbieta,Schiper,Engineer
215783,Sverrir,Prochazka,Senior Staff
215785,Zita,Tetzlaff,Senior Staff
215790,Youpyo,Khalil,Senior Engineer
215793,Tran,Niizuma,Senior Staff
215794,Horward,Heemskerk,Senior Engineer
215799,Clyde,Engelmann,Staff
215801,Alejandra,Underwood,Senior Engineer
215803,Danco,Gronowski,Staff
215819,Shounak,Douceur,Engineer
215824,Janche,Seuren,Senior Engineer
215826,Vasilii,Swick,Senior Engineer
215829,Boaz,Jumpertz,Senior Engineer
215831,Halsur,Ferriere,Senior Engineer
215833,Mads,Parhami,Senior Engineer
215848,Arnd,Chenoweth,Senior Staff
215852,Insup,Rosti,Senior Staff
215855,Fan,Snedden,Senior Engineer
215858,Abdelaziz,Nishimukai,Senior Engineer
215864,Mihalis,Detkin,Staff
215865,Jaber,Apsitis,Senior Staff
215870,Cedric,Lindqvist,Senior Staff
215871,Naraig,Lores,Senior Engineer
215873,Tonny,Wolniewicz,Technique Leader
215875,Jaewon,Barreiro,Senior Engineer
215889,Toshiko,Akiyama,Assistant Engineer
215890,Denis,Kroon,Senior Engineer
215895,Sajjan,Azumi,Senior Staff
215900,Yoshimitsu,Chvatal,Senior Engineer
215903,Guenter,Gomatam,Senior Engineer
215910,Stepehn,Cardazo,Technique Leader
215914,Emdad,Byoun,Engineer
215916,Fumitaka,Hoppenstand,Engineer
215917,Mohua,Valette,Senior Engineer
215924,Bojan,Rotem,Senior Staff
215929,Tran,Muchinsky,Staff
215935,Chikako,Anger,Engineer
215936,Diederik,Figueira,Senior Engineer
215939,Xinglin,Felder,Engineer
215941,Atilio,Herber,Technique Leader
215946,Josyula,Barbanera,Senior Engineer
215947,Eran,Billawala,Senior Engineer
215950,Baoqiu,Kusakari,Engineer
215957,JoAnna,Sichman,Senior Engineer
215960,Elvia,Chelton,Engineer
215962,Marek,Renear,Senior Staff
215963,Luigi,Chinen,Staff
215966,Kayoko,Angot,Senior Engineer
215967,Guangming,Fasbender,Engineer
215968,Teiji,Erni,Senior Engineer
215970,Odoardo,Bahl,Engineer
215971,Weiyi,Byoun,Staff
215974,Shay,Karlin,Senior Staff
215975,Kenroku,Spieker,Engineer
215980,Dipayan,Irland,Senior Engineer
215981,Sudhanshu,Perin,Senior Staff
215986,Moni,Reutenauer,Senior Staff
215989,Kersti,Hofting,Senior Engineer
215997,Troy,Stamatiou,Senior Engineer
215998,Kwangho,Bojadziev,Senior Staff
216000,Gal,Melichar,Senior Staff
216001,Utz,Uludag,Technique Leader
216009,Guoxiang,Kermarrec,Senior Engineer
216014,Hyuncheol,Perez,Senior Staff
216016,Zhonghui,Schwaller,Senior Engineer
216018,Oscal,Etalle,Engineer
216020,Taiji,Gurbaxani,Senior Engineer
216025,Aiichiro,Sessa,Senior Staff
216027,Hatim,Underwood,Senior Engineer
216028,Guadalupe,Hofmeyr,Senior Engineer
216032,Alain,Senzako,Senior Engineer
216033,Sanjiv,Melter,Senior Staff
216034,Marit,Pollacia,Senior Engineer
216035,Margareta,Krider,Engineer
216036,Giao,Peris,Senior Engineer
216038,Nahla,Alameldin,Senior Engineer
216047,Gil,Cooke,Senior Engineer
216055,Dante,Manderick,Engineer
216056,Teruyuki,Kopetz,Staff
216058,Zhigen,Curless,Senior Engineer
216061,Gio,Stassinopoulos,Staff
216065,Rafael,Pews,Senior Staff
216066,Eirik,Tibblin,Engineer
216070,Youjian,Penn,Engineer
216071,Guadalupe,Edelhoff,Senior Engineer
216072,Kwee,Rindone,Senior Staff
216075,Nimmagadda,Kranzdorf,Senior Staff
216078,Mary,Danecki,Technique Leader
216080,Ymte,Scharstein,Staff
216082,Xuedong,Fiutem,Senior Staff
216087,Alair,Itzfeldt,Staff
216090,Chenyi,Marchesini,Engineer
216092,Mohua,Ermel,Senior Engineer
216094,Prodip,Rosca,Senior Staff
216102,Baziley,Vingron,Senior Staff
216104,Xinyu,Kitai,Senior Staff
216113,Falguni,Anguita,Engineer
216116,Yuuichi,Petersohn,Senior Staff
216124,Hinrich,Randt,Staff
216127,Steve,Farrag,Technique Leader
216128,Syozo,Schneeberger,Senior Engineer
216129,Aimee,Schaaf,Engineer
216130,Magy,Kitsuregawa,Staff
216131,Paloma,Schaft,Senior Staff
216132,Hironoby,Rodiger,Senior Staff
216138,Giordano,Shanbhogue,Senior Engineer
216143,Jacopo,Iisaka,Staff
216144,Goo,Norsworthy,Senior Staff
216145,Neelam,Herber,Engineer
216146,Kazuyasu,Angelopoulos,Staff
216148,Phillip,Beausoleil,Senior Engineer
216151,Toney,Iisaku,Staff
216153,Masato,Boguraev,Senior Engineer
216160,Nathan,Kusakari,Engineer
216164,Francoise,Buescher,Senior Staff
216165,Bouchung,Solovay,Staff
216176,Florian,Calkin,Senior Engineer
216177,Nagui,Mattern,Senior Engineer
216180,Kristin,Ranka,Technique Leader
216181,Susuma,Biran,Senior Staff
216183,Maria,Kambil,Engineer
216185,Gurbir,Antonisse,Senior Staff
216186,Kazuhito,Schaar,Technique Leader
216187,JoAnna,Billawala,Senior Staff
216189,Yishay,Benner,Technique Leader
216191,Yuuichi,Bernick,Technique Leader
216193,Arne,Rosen,Staff
216199,Kiyomitsu,Boreale,Engineer
216204,Xiong,Stasinski,Engineer
216205,Annemarie,Joslin,Senior Staff
216218,Shahar,Langford,Senior Staff
216223,Zhilian,Koshino,Staff
216229,Jungsoon,Furudate,Technique Leader
216230,Adib,Kabayashi,Technique Leader
216232,Shounak,Seghrouchni,Senior Engineer
216233,Sushant,Crooks,Senior Engineer
216234,Volkmar,Cyne,Staff
216236,Remko,Milicic,Senior Engineer
216238,Weijing,Leppanen,Senior Engineer
216241,Arfst,Lortz,Senior Engineer
216244,Hilari,Wursthorn,Senior Staff
216248,Steve,Dredge,Senior Engineer
216250,Jaana,Zweizig,Senior Staff
216254,Shuji,Acton,Staff
216262,Narain,Sidou,Staff
216263,Sushant,Iisaku,Senior Staff
216268,Avishai,Ferretti,Senior Staff
216270,Jeong,Kohling,Technique Leader
216274,Herbert,Murrill,Senior Engineer
216275,Shirish,Einsfeld,Senior Engineer
216276,Zissis,Ginesta,Assistant Engineer
216278,Masadi,Lorie,Engineer
216281,Sarita,Luit,Senior Staff
216283,Sorina,Capobianchi,Engineer
216284,Maris,Vigier,Senior Engineer
216291,Patricia,Kuszyk,Senior Engineer
216294,Keiichiro,Kalefeld,Senior Staff
216295,Kerhong,Siegrist,Staff
216300,Kristian,Loncour,Senior Engineer
216301,Yannis,Kilgour,Senior Staff
216309,Candida,Osgood,Staff
216315,Yuuichi,Magalhaes,Senior Engineer
216318,Guozhong,Maierhofer,Engineer
216320,Dayanand,Bugaenko,Staff
216321,Masami,Lores,Senior Staff
216326,Pantung,Zizka,Senior Staff
216327,Morris,Heuter,Senior Engineer
216328,Fox,Rajaraman,Senior Staff
216332,Stevo,Narlikar,Staff
216344,Tse,Orlowski,Senior Staff
216348,Gro,Ernst,Senior Engineer
216349,Nathan,Greibach,Senior Engineer
216354,Nishit,Argence,Senior Engineer
216357,Ishfaq,Alencar,Engineer
216358,Szabolcs,Apsitis,Staff
216359,Dipayan,Orlowska,Senior Staff
216362,Mori,Murthy,Senior Staff
216363,Miyeon,Reeken,Senior Staff
216364,Kauko,Slutz,Senior Engineer
216365,Paraskevi,Feinberg,Senior Staff
216367,Kwangjo,Marchesini,Engineer
216370,Rafols,Parhami,Senior Engineer
216377,Chaoyi,Rabehasaina,Senior Staff
216386,Adamantios,Tanemo,Senior Staff
216388,Jasminko,Duclos,Staff
216389,Garnik,Naudin,Engineer
216390,Sergi,Keustermans,Technique Leader
216392,Ziyad,Baer,Senior Staff
216393,Masami,Hockney,Senior Staff
216395,Sakthirel,Ohori,Senior Staff
216397,Feixiong,Brodal,Senior Staff
216400,Ashish,Sommer,Technique Leader
216402,Masako,Broomell,Senior Engineer
216405,Jaewoo,Champarnaud,Engineer
216412,LiMin,Clouatre,Senior Engineer
216415,Gererd,Vadhan,Engineer
216418,Lech,Strehl,Assistant Engineer
216421,Masaru,Solovay,Staff
216422,Manibrata,Crooks,Senior Engineer
216423,Boaz,Lorcy,Senior Engineer
216431,Hidde,Bamford,Senior Staff
216439,Khun,Eiter,Engineer
216440,Arve,Miyakawa,Engineer
216443,Troy,Pero,Senior Engineer
216444,Alassane,Piazza,Engineer
216447,Nectarios,Stentiford,Engineer
216449,Radhika,Billingsley,Senior Engineer
216450,Arunachalam,Bruckman,Engineer
216452,Odinaldo,Raney,Engineer
216453,Gonzalo,Heinisuo,Senior Engineer
216456,Tesuya,Stafford,Senior Staff
216460,Tetsushi,Gerteisen,Senior Engineer
216468,Gila,Cronan,Engineer
216474,Kristian,Swist,Senior Engineer
216477,Arnould,Scharstein,Senior Engineer
216480,Wanqing,Emiris,Senior Engineer
216486,Rajmohan,Ballarin,Staff
216496,Holgard,Shihab,Senior Engineer
216499,Marco,Pettis,Senior Engineer
216500,Angus,Eldridge,Senior Engineer
216503,Martial,Kaiserswerth,Engineer
216514,Constantine,Mahmud,Senior Engineer
216522,Younwoo,Morton,Technique Leader
216528,Randi,Iivonen,Senior Staff
216529,Almudena,Crouzet,Technique Leader
216530,Jiann,Marrakchi,Senior Staff
216532,Dung,Merli,Senior Engineer
216536,Luerbio,Granlund,Staff
216539,Gita,Lieberherr,Senior Engineer
216545,Sorina,Danley,Engineer
216549,Menkae,Raney,Senior Staff
216551,Bezalel,Karnin,Staff
216552,Felicidad,Granlund,Senior Staff
216554,Ewing,Litzler,Senior Engineer
216555,Shen,Fadgyas,Senior Engineer
216559,Munir,Heinisuo,Senior Staff
216562,Mikhail,Jansen,Engineer
216563,Oddvar,Brookman,Engineer
216567,Tesuro,Crouzet,Engineer
216570,Fumiya,Lubachevsky,Senior Staff
216572,Insup,Stavenow,Assistant Engineer
216576,Toney,Francisci,Senior Engineer
216578,Koichi,Plesums,Engineer
216580,Susuma,Facello,Senior Staff
216583,Shir,Dehkordi,Staff
216585,Kyoichi,Krohm,Senior Engineer
216592,Ramzi,Emmerich,Senior Engineer
216599,Marsja,Pettey,Senior Staff
216600,Shigeo,Demeyer,Senior Staff
216602,Stamatina,Peron,Senior Staff
216605,Baziley,Hemaspaandra,Senior Staff
216608,Tuval,Gronowski,Senior Staff
216612,Yagil,Iisaku,Senior Engineer
216615,Yechiam,Busillo,Senior Engineer
216618,Ranan,Sidhu,Staff
216619,Ulises,Reistad,Staff
216625,Ziyad,Ressouche,Senior Engineer
216641,Florian,Ginneken,Senior Engineer
216642,Kazuhiko,Mondadori,Senior Staff
216643,Luisa,Camurati,Senior Engineer
216647,Tru,Bugaenko,Senior Staff
216653,Stella,Veeraraghavan,Senior Staff
216658,Bogdan,Scallan,Senior Staff
216659,Munehiko,Carrera,Senior Staff
216660,Luerbio,Clemencon,Senior Staff
216668,Kellie,Rodite,Senior Staff
216670,Sreenivas,Paludetto,Senior Staff
216674,Theron,Pehl,Senior Engineer
216678,Khatoun,Laurillard,Senior Staff
216679,Remco,Kitsuregawa,Engineer
216683,Mayuko,Rattan,Senior Staff
216684,Sugwoo,Wendorf,Senior Staff
216688,Sorina,Gewali,Senior Engineer
216689,Remmert,Zaumen,Senior Engineer
216703,Visit,Zolotykh,Senior Engineer
216704,Krister,Roison,Technique Leader
216706,Becky,Ghazalie,Engineer
216708,Leni,Perly,Staff
216711,Kazuhide,Ventosa,Engineer
216713,Sudhanshu,Lanzelotte,Technique Leader
216714,Kristina,Murrill,Engineer
216716,Adam,Pettit,Senior Engineer
216718,Manibrata,Brookner,Senior Engineer
216720,Xinan,Etalle,Senior Engineer
216722,Leen,Sudbeck,Senior Engineer
216727,Conrado,Peot,Engineer
216728,Arvind,Zschoche,Senior Staff
216729,Kwan,Chinal,Engineer
216730,Mamdouh,Assaf,Senior Staff
216734,Yakkov,Swist,Senior Engineer
216743,Maha,Koshiba,Engineer
216748,Salvador,Jervis,Senior Staff
216750,Charmane,Farris,Engineer
216752,Mack,Motley,Senior Engineer
216753,Van,Snyers,Senior Staff
216754,Mang,Herber,Senior Engineer
216769,Peer,Rissland,Senior Engineer
216770,Tomoyuki,Klerer,Assistant Engineer
216771,Bartek,Hofting,Senior Staff
216774,Susumu,Perng,Staff
216778,Yunming,Wegerle,Senior Staff
216780,Wonhee,Dulin,Engineer
216783,Armond,Quaggetto,Senior Staff
216784,Masasuke,Ventosa,Senior Engineer
216785,Fumiyo,Honiden,Senior Engineer
216789,Eben,Ghemri,Engineer
216791,Qingxiang,Rabejac,Senior Staff
216794,Hongzhu,Rijckaert,Engineer
216797,Berna,Orlowska,Senior Engineer
216798,Rimon,Nitsch,Senior Staff
216801,Heon,Vasanthakumar,Senior Staff
216802,Arve,Chinal,Senior Staff
216803,Ute,Zyda,Engineer
216804,Aiman,Narahari,Technique Leader
216808,Yongmao,Zallocco,Senior Engineer
216809,Moni,Winter,Senior Staff
216812,Premal,Marsiglia,Senior Engineer
216813,Atreye,Lorys,Senior Staff
216815,Rasikan,Kobara,Senior Staff
216825,Tzu,Krupka,Senior Staff
216826,Aral,Bellmore,Staff
216827,Sadegh,Quittner,Staff
216828,Nidapan,Gill,Engineer
216830,Debatosh,Wossner,Senior Staff
216832,Gritta,Mahmud,Staff
216835,Reinhard,Passafiume,Senior Staff
216839,Uinam,Sethi,Senior Staff
216840,Zissis,Cooley,Staff
216843,Eckart,Erdmenger,Senior Engineer
216845,Marc,Servi,Senior Engineer
216854,Kirk,Reeker,Senior Engineer
216856,Gill,Usery,Technique Leader
216858,Boriana,Perko,Senior Engineer
216860,Akeel,Monkewich,Senior Engineer
216869,Takushi,Shimshoni,Senior Engineer
216871,Youngkon,Peroz,Senior Engineer
216873,Cheong,Birsak,Engineer
216879,Heng,Vakili,Technique Leader
216881,Rajmohan,Bernardinello,Senior Staff
216882,Remco,Bahr,Senior Engineer
216885,Fumiya,Leuchs,Senior Engineer
216887,Taizo,Jayawardene,Senior Staff
216889,Shakhar,Ballarin,Engineer
216892,Hugh,Murthy,Staff
216893,Abdulah,Gill,Engineer
216894,Anwar,Stroustrup,Senior Engineer
216896,Suebskul,Pelc,Engineer
216898,Chiradeep,Schwartzburd,Senior Engineer
216904,Khosrow,Leivant,Engineer
216905,Arun,Decaestecker,Technique Leader
216906,Zdislav,Braunschweig,Senior Engineer
216915,Arunachalam,Rajaraman,Staff
216927,Susumu,Welham,Senior Staff
216930,Marco,Skogmar,Senior Staff
216934,Nagui,Krzyzanowski,Senior Engineer
216935,Arfst,Stranks,Senior Engineer
216939,Khedija,Gustavson,Staff
216944,Abdelwaheb,Silva,Engineer
216947,Utz,Vernadat,Engineer
216948,Dhritiman,Vingron,Engineer
216953,Piyawadee,Belinskaya,Technique Leader
216959,Shimshon,Reistad,Senior Staff
216965,Badri,Birke,Senior Staff
216969,Rutger,Siegrist,Staff
216974,Yuguang,Matzen,Staff
216975,Branimir,Salverda,Senior Engineer
216978,Changho,Kavraki,Staff
216979,Muzhong,Suomi,Engineer
216984,Maya,Swen,Senior Staff
216986,Xiaoqiang,Heystek,Senior Engineer
216988,Abdulla,Hempstead,Senior Engineer
216992,Lalit,Kalloufi,Senior Staff
216996,Gift,Jansen,Senior Engineer
216997,Basem,Spinelli,Senior Engineer
217002,Dipayan,Ginesta,Senior Engineer
217003,Fumiya,Busillo,Senior Engineer
217005,Percy,Ghemri,Senior Engineer
217008,Mokhtar,Makinen,Staff
217014,Doowon,Wissmann,Engineer
217016,Teunis,Kopetz,Senior Staff
217022,Shin,Stifter,Senior Engineer
217023,Shay,Pleszkun,Staff
217024,Valdiodio,Peternell,Engineer
217025,Chuanti,Demos,Engineer
217030,Mariusz,Sundgren,Senior Staff
217044,Dines,Gyimothy,Technique Leader
217055,Basil,Narahari,Senior Engineer
217062,Candido,Cappello,Senior Engineer
217063,Patricio,Suomi,Engineer
217070,Aksel,Gargeya,Senior Staff
217072,Naftali,Hiroyama,Senior Staff
217074,Dipankar,Codenie,Senior Staff
217078,Parviz,Huhdanpaa,Staff
217081,Mamdouh,Buescher,Senior Engineer
217084,Oddvar,Camarinopoulos,Staff
217094,JiYoung,Crabtree,Engineer
217096,Xiaoqiang,Ulupinar,Staff
217099,Jolita,Cyne,Senior Staff
217104,Cullen,Standera,Staff
217105,Khedija,Soloway,Senior Staff
217106,Yuping,Cannane,Senior Engineer
217107,Doowon,Auria,Engineer
217109,Arra,Ossenbruggen,Senior Engineer
217114,Cheong,Spelt,Engineer
217118,Goncalo,Seiwald,Senior Staff
217119,Heng,Heystek,Senior Engineer
217125,Tuval,Maliniak,Staff
217126,Rance,Rusmann,Technique Leader
217128,Shooichi,Winter,Staff
217135,Boalin,Thummel,Assistant Engineer
217136,Felicidad,Morrin,Senior Staff
217139,Shaowen,Driscoll,Senior Staff
217142,Shir,Kaminger,Senior Engineer
217144,Aris,Picht,Senior Engineer
217147,Taegyun,Lampe,Senior Staff
217154,Fuqing,Mondadori,Staff
217155,Divier,Middleton,Senior Engineer
217156,Shaowen,Mansanne,Senior Staff
217158,Yonghoan,Turnbull,Engineer
217163,Mohua,Schaap,Senior Engineer
217167,Vishu,Vural,Engineer
217168,Mahmut,Heystek,Senior Engineer
217173,Torsten,Krichel,Senior Staff
217175,Howell,Lortz,Engineer
217179,Kerhong,Khasidashvili,Senior Engineer
217184,Marco,Gargeya,Engineer
217187,Duri,Hedayat,Senior Engineer
217188,Leszek,Bach,Senior Staff
217191,Udi,Bauknecht,Senior Staff
217194,Goetz,Junot,Senior Staff
217198,Luigi,Chinen,Senior Staff
217199,Miomir,Saoudi,Senior Staff
217200,Xinyu,Hutter,Senior Engineer
217201,Serif,Papadias,Senior Staff
217204,Yefim,Lukaszewicz,Senior Engineer
217205,Nahum,Smeets,Staff
217208,Dante,Zaccaria,Technique Leader
217209,Hugh,Shackell,Senior Staff
217211,Kensyu,Besselaar,Assistant Engineer
217223,Tsutomu,Tibblin,Senior Staff
217225,Moss,Cheshire,Senior Staff
217231,Zhensheng,Maquelin,Assistant Engineer
217236,Susanna,Azevdeo,Senior Staff
217237,Radoslaw,Larfeldt,Senior Staff
217238,Zito,Przulj,Engineer
217241,Tze,Peron,Senior Staff
217247,Kazuhira,Roisin,Senior Staff
217259,Mohua,Bratten,Engineer
217261,Shay,Lamma,Senior Engineer
217263,Ramya,Merey,Assistant Engineer
217265,Shimshon,Glinert,Senior Staff
217270,Shuho,Ballarin,Engineer
217276,Billur,Schapire,Senior Engineer
217279,Anoosh,Rubsam,Senior Staff
217282,Arnd,Nollmann,Senior Engineer
217283,Khosrow,Falco,Technique Leader
217284,Kristina,Vesel,Staff
217288,Basim,Jeansoulin,Senior Engineer
217299,Martins,Gill,Senior Engineer
217306,Angel,Gargeya,Senior Staff
217308,Gully,Menhardt,Senior Engineer
217312,Zorica,Rodham,Senior Engineer
217315,Garnik,Neimat,Senior Engineer
217319,Uzi,Makrucki,Senior Staff
217322,Pascal,Munro,Senior Engineer
217325,Masaki,Serna,Senior Engineer
217332,Jahangir,Olivero,Senior Staff
217336,Jungsoon,Usdin,Senior Staff
217340,Vivian,Nitsche,Senior Staff
217342,Paris,Perng,Senior Staff
217347,Mechthild,Perri,Engineer
217349,Atreyi,Zeleznik,Senior Staff
217350,Bernardo,Bauknecht,Senior Staff
217354,Abdelaziz,Bottner,Staff
217357,Berto,Borstler,Engineer
217364,Fan,Garigliano,Staff
217367,Kshitij,Luan,Senior Staff
217371,Kolar,Garnham,Senior Staff
217372,Zhigen,Kalefeld,Senior Engineer
217374,Shigenori,Boreale,Senior Staff
217377,Zhaofang,Gecsei,Senior Engineer
217383,Oscal,Sadowski,Senior Staff
217385,Sadun,Smailagic,Senior Staff
217386,Uzi,Dengi,Senior Engineer
217388,Constantino,Besancenot,Senior Engineer
217393,Baocai,Cronau,Engineer
217396,Soenke,Flowers,Senior Engineer
217399,Dulce,Fiebach,Staff
217400,Armond,Bellmore,Engineer
217404,Troy,Candan,Staff
217408,Giap,Piancastelli,Senior Engineer
217409,Fei,Brookman,Senior Engineer
217412,Jiann,Kropf,Senior Staff
217413,Heping,Rande,Staff
217418,Nikolaos,Puppo,Senior Engineer
217423,Masako,Farrel,Senior Engineer
217425,Radhakrishnan,Heiserman,Senior Engineer
217427,Kolar,Edelhoff,Senior Engineer
217431,Girolamo,Nastansky,Staff
217434,Kwun,Unno,Senior Engineer
217442,Marko,Emmerich,Engineer
217446,Mayuri,Barriga,Assistant Engineer
217449,Radoslaw,Halevi,Senior Engineer
217451,Sanjoy,Giarratana,Senior Staff
217453,Goo,Ishibashi,Senior Engineer
217459,Jianhui,Hitomi,Senior Engineer
217469,Martina,Fargier,Senior Engineer
217470,Pascal,Nooteboom,Staff
217471,Josyula,Coors,Senior Engineer
217480,Remco,Ananiadou,Senior Engineer
217482,Steen,Khalid,Senior Staff
217484,Subhrajyoti,Nivat,Senior Engineer
217485,Chaosheng,Mitzlaff,Senior Engineer
217497,Karsten,Monarch,Senior Engineer
217499,Sachin,Schieder,Assistant Engineer
217509,Saeed,Beutelspacher,Senior Engineer
217510,Dinkar,Hemaspaandra,Senior Staff
217514,Eckart,Slaats,Senior Engineer
217523,Abdulla,Zolotykh,Senior Engineer
217528,Inderjeet,Lalonde,Engineer
217534,Emran,Guting,Senior Engineer
217540,Goncalo,Zschoche,Engineer
217546,Chinhyun,Brickell,Senior Staff
217549,Mitchel,Serna,Senior Staff
217554,Rosli,Biran,Senior Staff
217558,Oldrich,Bugaenko,Senior Engineer
217559,Taizo,Cappelli,Staff
217560,Xianlong,Farrag,Engineer
217561,Kiyotoshi,Ananiadou,Senior Staff
217562,Trygve,Schlumberger,Staff
217564,Marie,Schnabel,Staff
217565,Fai,Lorin,Senior Staff
217568,Aria,Miyakawa,Senior Engineer
217573,Soenke,Cichocki,Senior Engineer
217574,Roded,Gelosh,Senior Staff
217579,Kotesh,Morrey,Senior Engineer
217588,Marke,Luff,Engineer
217589,Xiping,Angiulli,Staff
217598,Piyawadee,Przulj,Senior Engineer
217599,Girolamo,Kolinko,Assistant Engineer
217606,Khalid,Luit,Technique Leader
217613,Akeno,Gniady,Senior Engineer
217614,Jianhao,Plavsic,Engineer
217620,Goncalo,Kropf,Engineer
217621,Otmar,Moehrke,Staff
217622,Cheong,Osgood,Engineer
217624,Guadalupe,Rajaraman,Senior Staff
217633,Sverrir,Iisaka,Senior Staff
217636,Adil,Munro,Senior Engineer
217642,Nectarios,Lieberherr,Engineer
217643,Guangming,Oxman,Senior Staff
217646,Zhenbing,Eppinger,Engineer
217648,Domenico,Gulak,Engineer
217649,Lidong,Potthoff,Senior Staff
217653,Jackson,Awdeh,Senior Staff
217654,Ramachenga,Rubsam,Staff
217660,Zhongwei,Solovay,Engineer
217661,Chenxi,Janetzko,Staff
217662,Marla,Parveen,Senior Engineer
217664,Tadahiro,Viele,Senior Staff
217671,Mayuko,Douceur,Senior Staff
217674,Wanqing,Iivonen,Staff
217675,Jaana,Brodie,Staff
217677,Nikolaos,Jeong,Staff
217687,Georg,Schwabacher,Senior Engineer
217693,Isamu,Kropatsch,Senior Staff
217699,Khue,Vesna,Engineer
217700,Weiru,Crouzet,Senior Staff
217701,Tran,Madeira,Senior Engineer
217712,Boalin,Ariola,Engineer
217714,Sajjad,Coors,Senior Staff
217725,Zorica,Kusalik,Senior Staff
217727,Randy,Iacovou,Senior Engineer
217729,Joydip,Kemmerer,Senior Engineer
217733,Gennady,Fontan,Staff
217734,Tayeb,Eldridge,Staff
217737,Heeju,Badache,Engineer
217746,Shih,Pelc,Senior Staff
217749,Nigel,Willoner,Engineer
217750,Peternela,Manders,Engineer
217752,Boaz,Ballarin,Technique Leader
217753,Maria,Birge,Engineer
217756,Mahmut,Kobara,Senior Engineer
217759,Tran,Schiettecatte,Engineer
217761,Vitali,Riexinger,Senior Staff
217764,Ingmar,Massonet,Engineer
217765,Hidefumi,Peck,Staff
217768,Bikash,Merro,Senior Engineer
217775,Becky,Pusterhofer,Engineer
217776,Mabo,Ruemmler,Technique Leader
217777,Prasadram,Leonhardt,Engineer
217780,Irene,Schreiter,Staff
217787,Zhongwei,McDermid,Senior Engineer
217790,Navin,Georgatos,Engineer
217792,Radhia,Gaughan,Staff
217797,Leif,Gist,Senior Staff
217798,Akhilish,Isaac,Technique Leader
217802,Bodo,Gire,Senior Staff
217804,Foong,Buescher,Assistant Engineer
217807,Hatem,Billawala,Engineer
217813,Seongbin,Linnainmaa,Technique Leader
217814,Stabislas,Zirintsis,Senior Staff
217820,Beshir,Crabtree,Senior Engineer
217822,Nectarios,Krogh,Staff
217824,Tomofumi,Ranai,Senior Staff
217832,Erzsebet,Valette,Senior Engineer
217833,DAIDA,Delgrossi,Senior Staff
217834,Ioana,Massonet,Senior Staff
217839,Leon,Gischer,Senior Staff
217843,Alain,Lorie,Engineer
217844,Hideo,Munch,Technique Leader
217845,Deborah,Matheson,Technique Leader
217849,Yuriy,Swick,Senior Engineer
217853,Candida,Jarecki,Engineer
217856,Toshimi,Gimarc,Senior Staff
217868,Amstein,Zeleznik,Senior Engineer
217870,JoAnna,Simmel,Senior Engineer
217873,Gro,Uchoa,Senior Engineer
217876,Leah,Kossowski,Engineer
217877,Fumitake,Azumi,Senior Staff
217878,Srinidhi,Kalefeld,Senior Staff
217879,Dmitry,Manders,Senior Staff
217888,Parke,Speer,Senior Staff
217889,Duri,Luef,Senior Engineer
217906,Shounak,Pettis,Senior Staff
217909,Mircea,Capobianchi,Staff
217914,Ohad,Yamaashi,Senior Engineer
217915,Aran,Munch,Senior Staff
217919,Dmitri,Azulay,Senior Engineer
217923,Zengping,Georgatos,Staff
217926,Greger,Ibel,Staff
217928,Yishay,Showalter,Senior Engineer
217934,Hisao,Papadias,Senior Engineer
217935,Youngkon,Mersereau,Staff
217938,Jeanna,Scharstein,Staff
217939,Constantine,Masada,Senior Engineer
217941,Garnik,Sadowski,Staff
217943,Bedir,Haumacher,Staff
217945,Shmuel,Georg,Senior Staff
217951,Thanasis,Landherr,Engineer
217953,Kerhong,Rajala,Senior Engineer
217955,Marit,Cairo,Senior Engineer
217956,Wojceich,Eugenio,Engineer
217959,Along,Rubsam,Engineer
217961,Makato,Fortenbacher,Technique Leader
217963,Vojin,Badache,Senior Staff
217967,Candido,Merli,Senior Staff
217969,Irena,Hardjono,Senior Staff
217970,Frazer,Escriba,Senior Staff
217973,Geoffry,Underwood,Senior Engineer
217975,Amabile,Kaelbling,Engineer
217977,Shahaf,Eldridge,Engineer
217978,Moty,Molenkamp,Engineer
217986,Aiichiro,Auria,Senior Engineer
217987,Etsuo,Maquelin,Senior Engineer
217991,Kenton,Reinhard,Staff
217998,Dipankar,Murthy,Senior Engineer
218001,Hausi,Jansch,Staff
218004,Odinaldo,Hanratty,Senior Engineer
218006,Ger,Colorni,Staff
218011,Yonghong,Wiegley,Senior Engineer
218014,Krister,Redmiles,Senior Staff
218029,Vivian,Lortz,Senior Staff
218034,Minghong,Holburn,Senior Engineer
218035,Oddvar,Genther,Senior Staff
218036,Nevio,Shumilov,Senior Engineer
218044,Maia,Veevers,Senior Staff
218048,Michaela,Kaiserswerth,Staff
218051,Seongbin,Czap,Staff
218056,Heng,Noriega,Senior Engineer
218057,Gila,Vadhan,Technique Leader
218061,Adas,Rusterholz,Senior Engineer
218068,Rildo,Verhoeff,Senior Staff
218082,Gina,Molenkamp,Engineer
218083,Ashish,Cannata,Senior Staff
218098,Shietung,Conia,Senior Staff
218099,Ramachenga,Lorcy,Staff
218103,Kazuhira,Himler,Staff
218105,Vasilis,Angelopoulos,Engineer
218107,Ramya,Ligten,Senior Staff
218116,Otmar,Melter,Senior Engineer
218119,Giri,Mahmud,Staff
218128,Saeed,Bierbaum,Engineer
218138,Kazunori,Malabarba,Senior Engineer
218143,Kokou,Panangaden,Senior Engineer
218153,Zine,Legleitner,Senior Staff
218156,Breannda,DuBourdieux,Staff
218158,Goh,Siksek,Staff
218160,Bedrich,Foong,Senior Engineer
218164,Shrikanth,Papadias,Engineer
218167,Diederik,Fargier,Senior Staff
218168,Ramalingam,Poujol,Assistant Engineer
218170,Youjian,Rissanen,Senior Engineer
218174,Mrinalini,Petereit,Engineer
218178,JiYoung,Brickell,Senior Engineer
218183,Zsolt,Papastamatiou,Senior Staff
218189,Vishv,Rindone,Engineer
218192,Mandell,Paludetto,Senior Engineer
218195,Niteen,Poujol,Engineer
218196,Zhenhua,Beilner,Senior Staff
218200,Martien,Szilard,Senior Engineer
218201,Harjit,Ashish,Senior Staff
218210,Kinh,Nitto,Senior Staff
218212,Navin,Cheshire,Staff
218214,Tonia,Montresor,Senior Engineer
218215,Subhrajyoti,Pargaonkar,Senior Engineer
218217,Wuxu,Bernick,Senior Staff
218221,Honglan,Greibach,Engineer
218226,Hinrich,Panwar,Engineer
218228,Francesca,Auyong,Senior Staff
218235,Kish,Zirintsis,Senior Engineer
218238,Kamran,Gischer,Staff
218239,Pohua,Kolinko,Engineer
218247,Wojceich,Navazio,Senior Staff
218250,Krisda,Bazelow,Senior Staff
218254,Susanna,Eugenio,Senior Staff
218256,Khaled,Perna,Staff
218261,Ranan,DuCasse,Senior Staff
218264,Kenton,Uludag,Senior Engineer
218265,Xuedong,Orsini,Senior Staff
218267,Dzung,Terekhov,Senior Engineer
218268,Hideo,Schmittgen,Engineer
218272,Gay,Boreale,Senior Staff
218275,Mayuri,Furudate,Senior Engineer
218276,Youjian,Ranze,Senior Staff
218278,Heng,Rosis,Engineer
218279,Shridhar,Gerlach,Staff
218280,Olivera,Gist,Senior Engineer
218284,Lorien,Carrera,Senior Staff
218285,Nahum,Peot,Assistant Engineer
218290,Breannda,Feinberg,Senior Engineer
218291,Martine,Kalloufi,Senior Staff
218292,Shietung,Skafidas,Engineer
218293,Manton,Unni,Technique Leader
218302,Zito,Schwabacher,Engineer
218303,Oscal,Thorensen,Senior Staff
218304,Rosalie,Lanteri,Senior Staff
218305,Hitofumi,Capobianchi,Engineer
218310,Mara,Vidya,Staff
218319,Kitty,Speer,Senior Staff
218320,Tesuya,Honiden,Technique Leader
218323,Marsha,Grospietsch,Senior Engineer
218330,Alain,Pulkowski,Senior Staff
218336,Aemilian,Speel,Senior Staff
218342,Gila,Sinitsyn,Staff
218347,Kotesh,Fontet,Assistant Engineer
218350,Salvador,Dymetman,Senior Engineer
218351,Stafford,Tischendorf,Senior Engineer
218352,Christoper,Milicia,Engineer
218354,Jayesh,Jullig,Staff
218355,Xiaoqiang,Danley,Engineer
218358,Takushi,Picel,Technique Leader
218361,Ipke,Wiegley,Engineer
218363,Gita,Uhrik,Senior Engineer
218367,Kristinn,Morrow,Engineer
218370,Breannda,Oskamp,Senior Staff
218374,Mokhtar,Schwaller,Senior Engineer
218377,Stevo,Maccarone,Senior Staff
218380,Francoise,Marletta,Senior Engineer
218384,Sachar,Niizuma,Technique Leader
218385,Bangqing,Fontet,Senior Staff
218387,Aemilian,Garnham,Engineer
218392,Sachio,Ouhyoung,Senior Staff
218394,Ingmar,Begiun,Senior Staff
218398,Odysseas,Hasham,Engineer
218408,Alair,McClurg,Senior Engineer
218414,Shay,Basagni,Senior Engineer
218415,Arto,Farris,Senior Engineer
218417,Moto,Aamodt,Senior Engineer
218421,Harjit,Glowinski,Engineer
218422,Baziley,Spelt,Technique Leader
218423,Arlette,Munro,Senior Engineer
218428,Tzvetan,Fendler,Senior Staff
218432,Eran,Pettit,Senior Staff
218435,Sanjiv,Mayerwieser,Senior Engineer
218439,Amstein,Jonsson,Senior Staff
218440,Dmitry,Varker,Engineer
218441,Yechezkel,Lundstrom,Senior Engineer
218442,Hausi,Neiman,Senior Engineer
218445,Duro,Schaar,Senior Engineer
218447,Arne,Nanard,Technique Leader
218452,Flemming,Thisen,Senior Engineer
218459,Xiaoqiu,Casley,Senior Engineer
218463,Manu,Speer,Staff
218466,Bernt,Kadhim,Senior Engineer
218475,Doowon,Ranst,Engineer
218477,Vishwani,Kornatzky,Senior Staff
218480,Moriyoshi,Staudhammer,Senior Staff
218487,Jingling,Chenney,Engineer
218491,Kannan,Baez,Senior Staff
218492,Vishv,Picco,Engineer
218494,Ronghao,Bultermann,Senior Engineer
218497,Toshimo,Boyle,Senior Engineer
218502,Aimee,Christianini,Senior Engineer
218503,Urs,Berztiss,Senior Engineer
218504,Adil,Shobatake,Senior Staff
218512,Basil,Bennet,Senior Staff
218520,Arvin,Couchot,Senior Staff
218521,Wonhee,Candan,Technique Leader
218522,Ulises,Verhaegen,Senior Staff
218528,Heeju,Matzat,Senior Engineer
218531,Hirochika,Hennings,Engineer
218535,Yurij,Pleszkun,Senior Staff
218538,Khalid,Mundy,Engineer
218540,Nathalie,Trelles,Senior Engineer
218546,Teunis,Hatcliff,Staff
218560,Charmane,Ramamoorthy,Senior Staff
218561,Shaz,Gargeya,Assistant Engineer
218562,Arvin,Furudate,Senior Engineer
218563,Marla,Lemarechal,Engineer
218565,Shunichi,Servi,Senior Engineer
218574,Shiv,Sessa,Engineer
218580,Kwee,Speek,Engineer
218582,Guenter,Demri,Engineer
218583,Ulises,Baumann,Senior Staff
218592,Shalesh,McDermid,Senior Staff
218593,Arunas,Lamba,Engineer
218594,Val,Sessa,Senior Engineer
218595,Murthy,Brodal,Senior Engineer
218598,Kristen,Mandell,Senior Engineer
218603,Satyanarayana,Plotkin,Assistant Engineer
218605,Horward,Radivojevic,Senior Staff
218607,Pantung,Knightly,Engineer
218608,Udi,McClurg,Senior Engineer
218611,Shih,Wallrath,Senior Engineer
218616,Haldon,Montemayor,Staff
218618,Mohan,Cooman,Engineer
218619,Theirry,Unni,Staff
218623,Masamitsu,Schicker,Senior Engineer
218627,Eberhardt,Cardazo,Senior Engineer
218628,Utz,Sichman,Staff
218629,Ingmar,Perry,Senior Engineer
218631,Feixiong,Zhiwei,Senior Engineer
218632,Xianlong,Waleschkowski,Engineer
218634,Mori,Zobel,Staff
218635,Thodoros,Moehrke,Senior Engineer
218636,Ferdinand,Munke,Senior Staff
218637,Arne,Zuberek,Senior Engineer
218643,Bodo,Stille,Technique Leader
218648,Geoffry,Stille,Senior Staff
218653,Abdulla,Siochi,Senior Staff
218654,Bedrich,Srimani,Staff
218655,Kiyotoshi,Lakshmanan,Engineer
218656,Valeska,Simmel,Staff
218661,Haldon,Nitta,Senior Staff
218664,Tua,Beutelspacher,Engineer
218665,Ibibia,Schmiedel,Senior Engineer
218674,Toshiko,Lipner,Senior Staff
218675,Yoshimitsu,Taubenfeld,Senior Engineer
218676,Shichao,Kowalchuk,Senior Engineer
218681,Ayonca,Hambrick,Senior Staff
218682,Elrique,Delgrande,Senior Staff
218685,Sarita,Yavatkar,Technique Leader
218688,Arvin,Genther,Engineer
218690,Along,Menhardt,Engineer
218691,Marsha,Simmen,Senior Engineer
218692,Moie,Dichev,Senior Staff
218693,Sanjiv,Pashtan,Senior Staff
218694,Giri,Honglei,Senior Staff
218695,Yucai,Speek,Senior Engineer
218700,Uri,Diderrich,Engineer
218706,Hitomi,Bage,Staff
218710,Chikako,Callaway,Engineer
218713,Akeel,Glowinski,Senior Engineer
218714,Tsuneo,Karlin,Staff
218717,Ayonca,Werthner,Senior Staff
218722,Becky,Zirintsis,Senior Engineer
218723,Yinghua,Kemmerer,Engineer
218724,Sanjai,Panangaden,Senior Staff
218725,Genevieve,Hatcliff,Senior Staff
218728,Fayez,Cummings,Engineer
218731,Youjian,Diderrich,Senior Staff
218732,Odoardo,Suessmith,Senior Staff
218736,Lech,Casley,Engineer
218739,Dannz,Vadhan,Senior Staff
218740,Lech,Linnainmaa,Staff
218741,Hyuncheol,Bonifati,Staff
218742,Heng,Valette,Staff
218749,Huiqun,Sidhu,Senior Engineer
218755,Zengping,Usery,Senior Engineer
218757,Xiaocheng,Miculan,Senior Engineer
218758,Mariangiola,Krichel,Senior Engineer
218760,Manibrata,Vidya,Senior Engineer
218763,Tesuro,Danecki,Senior Staff
218766,Janalee,Ozery,Senior Engineer
218768,Yurij,Gaughan,Senior Engineer
218769,Niteen,Weedman,Senior Staff
218771,Bowen,Rodham,Senior Engineer
218773,Matt,Wolniewicz,Engineer
218783,Keiichiro,Polupanov,Senior Staff
218784,Tze,Pettit,Senior Staff
218791,Moheb,Kropp,Senior Staff
218796,Elzbieta,Thiria,Senior Engineer
218804,Feipei,Tischendorf,Senior Engineer
218805,Indrajit,Gulak,Staff
218810,Pohua,Alencar,Senior Staff
218812,Rildo,Seuren,Senior Staff
218814,Pranas,Kaelbling,Senior Staff
218824,Akhilish,Schaft,Engineer
218825,Shaowen,Kropatsch,Senior Engineer
218826,Mariangiola,Validov,Staff
218828,Indrajit,Weiland,Engineer
218833,Marla,Czap,Staff
218840,Insup,Bennis,Senior Staff
218842,Bedrich,Sinicrope,Senior Staff
218845,Odoardo,Luks,Technique Leader
218849,Matk,Skogmar,Senior Engineer
218850,Kerhong,Ramaiah,Senior Staff
218853,Evgueni,Merey,Senior Engineer
218855,Elvia,Bratsberg,Staff
218856,Haldon,Rattan,Senior Engineer
218859,Arvin,Nooteboom,Staff
218861,Leen,Georg,Senior Engineer
218864,Anestis,Taubenfeld,Engineer
218866,Hitofumi,Masaki,Staff
218868,Ishfaq,Hashii,Engineer
218871,Masasuke,Brodal,Technique Leader
218875,Chaosheng,Litzler,Senior Engineer
218877,Mahmut,Wendorf,Senior Engineer
218878,Pranay,Fujisawa,Senior Engineer
218879,Somnath,Irland,Senior Staff
218880,Rasikan,Chleq,Senior Staff
218883,Yongqiao,Erie,Staff
218885,Rosine,Gimarc,Senior Engineer
218889,Geoffrey,Schaft,Senior Engineer
218891,Kotesh,Luon,Engineer
218893,Seongbae,Montresor,Senior Engineer
218894,Bluma,Steinauer,Staff
218907,Chikako,Schade,Staff
218912,Dzung,Ouhyoung,Senior Engineer
218915,Mayuri,Takanami,Senior Staff
218916,Iara,Cronan,Engineer
218919,Abdulah,Shackel,Senior Staff
218924,Apostol,Hiraishi,Senior Staff
218927,Saddek,Jenevein,Senior Staff
218929,Gad,Rikino,Staff
218931,Francesca,Barbanera,Staff
218933,Kazunori,Heiserman,Engineer
218934,Angel,Gladwell,Senior Staff
218937,Marjo,Itzfeldt,Staff
218942,Wojceich,Furedi,Senior Engineer
218946,Pramod,Begiun,Senior Engineer
218949,Arumugam,Milicic,Senior Engineer
218952,Zeljko,Sommer,Technique Leader
218955,Steve,Pargaonkar,Senior Engineer
218965,Jiakeng,Uludag,Staff
218967,Arie,Birta,Staff
218969,Jordanka,Kampfer,Engineer
218978,Babette,Danlos,Senior Staff
218981,Achilleas,Demos,Technique Leader
218983,Yannis,Tasistro,Senior Staff
218989,Brendon,Rahimi,Staff
218991,Falguni,Pusterhofer,Senior Staff
218993,Shaw,Panangaden,Senior Engineer
218998,Kristian,Hennebert,Senior Engineer
219000,Dayanand,Yetim,Engineer
219003,Elliott,Heyers,Staff
219006,Hsiangchu,Bonifati,Staff
219007,Khun,Gide,Senior Engineer
219008,Claudi,Staelin,Senior Engineer
219010,Ymte,Cannard,Senior Staff
219011,Ferdinand,Kemmerer,Senior Staff
219017,Atilio,Cangellaris,Senior Staff
219025,Honesty,Peltason,Staff
219026,Nathalie,Quittner,Senior Staff
219027,Pintsang,Trumbly,Technique Leader
219028,Arnould,Laurillard,Senior Engineer
219031,Padma,Luon,Senior Staff
219034,Danai,Doering,Engineer
219036,Toney,Keohane,Engineer
219045,Lokesh,Molenkamp,Senior Staff
219046,Insup,Birsak,Senior Staff
219050,Feixiong,Uchoa,Senior Staff
219051,Percy,Luck,Senior Engineer
219055,Marl,Radhakrishnan,Senior Engineer
219061,Jinya,Lally,Staff
219062,Yurii,Baig,Senior Engineer
219065,Gonzalo,Chenoweth,Senior Staff
219069,Badri,Lieblein,Staff
219071,Inderjeet,Gips,Senior Staff
219074,Chikako,Syrzycki,Senior Staff
219076,Divier,Michaels,Senior Engineer
219079,Lobel,Gluchowski,Engineer
219080,Jamaludin,Pappas,Technique Leader
219082,Mary,Baalen,Engineer
219092,Moss,Goldhammer,Senior Staff
219095,Ymte,Guting,Senior Staff
219097,Chanjung,Sommer,Senior Staff
219100,Premsyl,Rosis,Senior Staff
219101,Garnik,Bahk,Senior Engineer
219102,Xiaoheng,Arlazarov,Senior Staff
219106,Jackson,Malinowski,Engineer
219111,Huei,McFarlin,Senior Staff
219116,Jinxi,Sgarro,Senior Staff
219117,Shirish,Baalen,Staff
219119,Jackson,Danlos,Engineer
219121,Niteen,Bridgland,Engineer
219123,Tuval,Plotkin,Engineer
219129,Christoper,Lundstrom,Senior Engineer
219131,Yechiam,Raoux,Senior Engineer
219134,Emran,Jording,Engineer
219138,Yoshimitsu,Barinka,Senior Engineer
219141,Mari,Hofting,Staff
219150,Goetz,Uhrig,Assistant Engineer
219151,Kannan,Ramsey,Staff
219152,Kristen,Pouyioutas,Engineer
219154,Masamitsu,Sridhar,Staff
219155,Dharmaraja,Benantar,Staff
219160,Claude,Haumacher,Senior Staff
219161,Ingemar,Ranta,Senior Staff
219170,Shugo,Granlund,Senior Engineer
219171,Mariangiola,Plavsic,Senior Engineer
219180,Lokesh,Hebert,Senior Staff
219181,Udo,Hertweck,Senior Staff
219183,Yonghong,Isaac,Senior Staff
219185,Yuqun,Rosca,Staff
219191,Kensei,Ghelli,Technique Leader
219193,Yechiam,Stafford,Senior Staff
219201,Arvin,Makinen,Senior Engineer
219206,Thanasis,Petersohn,Senior Engineer
219211,Nakhoon,Weedon,Senior Engineer
219219,Maya,Gerlach,Engineer
219221,Gretta,Antonisse,Staff
219224,Kerhong,Trachtenberg,Engineer
219227,Babette,Fordan,Staff
219234,Gonzalo,Alpay,Senior Engineer
219236,Jinya,Onuegbe,Senior Engineer
219237,Alair,Driscoll,Senior Engineer
219239,Foong,Schmezko,Assistant Engineer
219244,Zhiguo,Vecchi,Senior Staff
219248,Jayesh,Ozeki,Staff
219251,Gian,Braunschweig,Senior Staff
219265,Masanao,Koshino,Senior Engineer
219267,Aloys,Tibblin,Senior Engineer
219274,Tesuro,Rettelbach,Staff
219275,Weidon,Rando,Senior Engineer
219282,Sadun,Peak,Senior Staff
219287,Pasqua,Taneja,Technique Leader
219294,Mihalis,Pollock,Technique Leader
219295,Michaela,Knightly,Senior Staff
219297,Christoper,Taubenfeld,Senior Engineer
219300,Shigeu,Birch,Senior Engineer
219303,Moon,Gist,Senior Engineer
219306,Kaijung,Otillio,Senior Staff
219310,Pasqua,Gecsei,Senior Staff
219312,Kien,Katalagarianos,Senior Staff
219315,Martijn,Yoshizawa,Senior Staff
219318,Ashish,Figueira,Staff
219320,Aleksander,Smailagic,Senior Staff
219324,Xiong,Bugaenko,Senior Engineer
219329,Holgard,Heiserman,Senior Staff
219339,Domenico,Sadowski,Senior Staff
219344,Elzbieta,Garigliano,Senior Staff
219345,Guozhong,Rosay,Senior Engineer
219347,Barton,Butterworth,Senior Staff
219351,Arun,Ouhyoung,Senior Staff
219355,Paloma,Bondorf,Senior Engineer
219357,Marsja,Saoudi,Senior Engineer
219359,Susanta,Pappas,Staff
219363,Masato,Slaats,Technique Leader
219364,Kazuyasu,Llado,Engineer
219369,Moti,Rindone,Engineer
219370,Khedija,Nergos,Senior Engineer
219378,Tomofumi,Jeansoulin,Senior Staff
219380,Fuqing,Angel,Senior Engineer
219383,Lijie,Biron,Senior Engineer
219395,Dayanand,Milicic,Staff
219396,Miomir,Flanders,Senior Engineer
219399,Dmitri,Perin,Senior Staff
219400,Percy,Marzano,Senior Staff
219401,Theron,Coullard,Senior Engineer
219403,Gina,Baja,Senior Engineer
219406,Aiichiro,Beerel,Senior Engineer
219409,Jacopo,Pollock,Technique Leader
219410,Kazuhiko,Trachtenberg,Engineer
219411,Randi,Jiang,Senior Staff
219414,Nahum,Hegner,Technique Leader
219416,Hidefumi,Cochrane,Staff
219419,Houman,Naudin,Technique Leader
219423,Aluzio,Lanzelotte,Senior Engineer
219425,Mechthild,Vecchio,Engineer
219429,Kristian,Begiun,Engineer
219431,TRUE,Lipner,Senior Engineer
219432,Neven,Panwar,Senior Staff
219434,Goh,Awdeh,Senior Engineer
219436,Berto,Zambonelli,Senior Staff
219437,Arlette,Homond,Senior Staff
219438,Saeko,Awdeh,Engineer
219443,Marjo,Compeau,Engineer
219444,Brigham,Baalen,Technique Leader
219447,Huican,Ratnaker,Staff
219448,Boguslaw,Picco,Senior Engineer
219450,Alper,Verhaegen,Senior Engineer
219459,Chriss,Granlund,Staff
219461,Shietung,Kohling,Senior Staff
219462,Quingbo,Uludag,Senior Staff
219466,Hatem,Asmuth,Senior Staff
219469,Sasan,Journel,Senior Staff
219478,Froduald,Malinowski,Senior Staff
219479,Freyja,Llado,Senior Engineer
219484,Bernardo,Rehfuss,Senior Engineer
219485,Premsyl,Asrin,Technique Leader
219488,Nalini,Luca,Senior Staff
219489,Tsutomu,Ramalingam,Senior Engineer
219496,Bouchung,Montemayor,Staff
219498,Randy,Qiwen,Senior Staff
219499,Jinya,Deville,Senior Staff
219501,Sakthirel,Dratva,Engineer
219509,Sanjay,Garnick,Senior Engineer
219519,Kazunori,Mitzlaff,Senior Staff
219522,Huei,Anandan,Senior Engineer
219525,Chuanti,Tempesti,Technique Leader
219529,Takahira,Brender,Senior Staff
219534,Teiji,Peir,Senior Staff
219536,Elvia,Nitsch,Senior Engineer
219538,Xudong,Zaccaria,Engineer
219542,Susanta,Salverda,Senior Staff
219544,Sungwon,Tzvieli,Senior Staff
219545,Fayez,Harbusch,Senior Engineer
219547,Foong,Siksek,Assistant Engineer
219548,Anestis,Naumovich,Senior Staff
219551,Sampalli,Wuwongse,Staff
219552,Lakshmi,Hatcliff,Senior Engineer
219555,Chinya,Usery,Technique Leader
219568,Shunichi,Osgood,Engineer
219571,Armond,Beausoleil,Engineer
219573,Sampalli,Walstra,Senior Staff
219581,Akhilish,Mansanne,Senior Engineer
219583,Poorav,Olivero,Technique Leader
219584,Parto,Oehlmann,Senior Engineer
219585,Kitty,Steinauer,Senior Staff
219586,Ugo,Baba,Staff
219589,Supot,Worfolk,Senior Engineer
219590,Nahid,Facello,Senior Engineer
219595,Mokhtar,Woycyznski,Senior Engineer
219596,Xiaoqiang,Cyne,Staff
219597,Genevieve,Marciano,Staff
219602,Niclas,Schmiedel,Senior Engineer
219603,Florian,Gomatam,Senior Engineer
219604,Mari,Borstler,Senior Engineer
219608,Tokuyasu,Hiroyama,Senior Engineer
219609,Karlis,Sanella,Senior Engineer
219610,Fan,McAlpine,Senior Engineer
219614,Xiaobin,Wolniewicz,Staff
219621,Constantino,Brookman,Staff
219622,Werner,Swist,Senior Staff
219628,DAIDA,Conde,Senior Staff
219629,Rosella,Kolinko,Senior Engineer
219641,Genevieve,Milicic,Engineer
219642,Khalid,Gimarc,Senior Staff
219646,Huai,Reghbati,Engineer
219647,Teruyuki,Bonifati,Assistant Engineer
219648,Janche,Alameldin,Senior Engineer
219649,Margo,Benaini,Staff
219650,Gennady,Willoner,Engineer
219651,Youjian,Rassart,Assistant Engineer
219654,Shir,Puppo,Senior Engineer
219661,Jayson,Cronin,Senior Staff
219664,Djenana,Farrag,Engineer
219670,Demos,Domenig,Senior Staff
219671,Shir,Markovitch,Engineer
219674,Martina,Snedden,Technique Leader
219678,Yechiam,Kalloufi,Senior Engineer
219680,Baocai,Douceur,Senior Engineer
219681,Masali,Curless,Technique Leader
219699,Shaunak,Schiettecatte,Staff
219701,Junichi,Lund,Senior Staff
219703,Katsuyuki,Penttonen,Senior Staff
219705,Eric,Kroft,Senior Staff
219707,Khatoun,Sankaranarayanan,Engineer
219708,Kwangjo,Pelz,Senior Engineer
219710,Tremaine,Karner,Staff
219716,Shuji,Linares,Engineer
219720,Youssef,Maccarone,Senior Engineer
219721,Khoa,Oskamp,Assistant Engineer
219733,Kotesh,Casperson,Senior Staff
219738,Inderjeet,Rosaz,Senior Engineer
219739,Xiaobin,Shinomoto,Senior Engineer
219742,Jahangir,Orsini,Senior Engineer
219746,Gennady,Hegner,Senior Engineer
219749,Chriss,Wendorf,Senior Staff
219751,King,Rettelbach,Senior Staff
219756,Akeno,Basawa,Senior Engineer
219757,Gita,Emmerich,Engineer
219760,Iara,Chenoweth,Assistant Engineer
219761,Moss,Lupu,Senior Staff
219767,Cedric,Haraldson,Senior Engineer
219774,Augustine,Passafiume,Assistant Engineer
219775,Sachio,Ranze,Senior Staff
219777,Leandro,Tasistro,Assistant Engineer
219778,Chuanti,Ishibashi,Senior Staff
219782,Subhrajyoti,Covnot,Senior Engineer
219784,Leen,Delaune,Senior Engineer
219794,Collette,Rodiger,Senior Staff
219801,Elliott,Ohori,Staff
219802,Weiru,Bernardeschi,Engineer
219807,Richara,Murtha,Senior Engineer
219809,Kauko,Mansanne,Senior Engineer
219818,Mana,Pargas,Senior Engineer
219823,Ewing,Debuse,Senior Engineer
219824,Marko,Taubman,Senior Staff
219825,Shen,Gladwell,Senior Engineer
219827,Hairong,Range,Senior Staff
219829,Shaz,Kuszyk,Senior Engineer
219831,Marsal,Rijckaert,Senior Staff
219834,Serge,Uhrig,Engineer
219836,Boutros,Muntz,Staff
219839,Sugwoo,Swiler,Senior Staff
219840,Serap,Lubachevsky,Staff
219844,Bernt,Lorin,Engineer
219850,Yishai,Syrzycki,Senior Staff
219856,Shmuel,Jording,Senior Engineer
219860,Taisook,Quaggetto,Technique Leader
219861,Shaw,Boreale,Engineer
219862,Kazuhiko,Restivo,Staff
219868,Yechezkel,Poulakidas,Engineer
219870,Leif,Kushner,Engineer
219873,Danil,Gornas,Engineer
219877,Amalendu,Penn,Senior Staff
219879,Khatoun,Stemann,Senior Staff
219880,Alexius,Heusch,Engineer
219885,Geraldo,Gini,Senior Engineer
219891,Alexius,Trelles,Engineer
219896,Mohit,Oberman,Senior Engineer
219898,Tonny,Felcyn,Senior Staff
219903,Chinho,Petereit,Senior Staff
219907,Huan,Tyugu,Senior Staff
219908,Baziley,Jeansoulin,Senior Engineer
219912,IEEE,Nitto,Engineer
219914,Lansing,Janetzko,Senior Engineer
219915,Odysseas,Gajiwala,Senior Staff
219919,Prasadram,Thimonier,Technique Leader
219920,Georgi,Hambrick,Senior Engineer
219923,Oguz,Lichtner,Senior Staff
219927,Harjit,Quadeer,Staff
219928,Yefim,Hofstetter,Staff
219929,Barton,Kalefeld,Senior Engineer
219930,Jaana,Schlenzig,Senior Engineer
219932,Odysseas,Tyugu,Senior Staff
219933,Sadok,Thimonier,Senior Engineer
219940,Paraskevi,Heystek,Senior Engineer
219941,Karsten,Llado,Staff
219943,Trygve,Billingsley,Engineer
219946,Marc,Desikan,Senior Engineer
219948,Rosalyn,Masamoto,Staff
219956,Gennady,Savasere,Technique Leader
219957,Ugo,Swick,Staff
219959,Tzu,Dymetman,Senior Engineer
219962,Goncalo,Gill,Senior Staff
219964,Billur,Harllee,Staff
219969,Mayumi,Shrader,Technique Leader
219973,Carrsten,Eickenmeyer,Senior Staff
219974,Shiv,Matteis,Engineer
219975,Adil,Seghrouchni,Senior Engineer
219976,Mikhail,Tzvieli,Staff
219977,Honglan,Escriba,Senior Staff
219978,Janche,Attimonelli,Senior Engineer
219982,Tonia,Bazelow,Technique Leader
219983,Takahito,Bodoff,Staff
219985,Luisa,Ranka,Senior Engineer
219988,Armond,Poulakidas,Senior Staff
219991,Erzsebet,Decleir,Engineer
219992,Jaideep,Woycyznski,Staff
219994,Akemi,Broomell,Senior Staff
219995,Sadun,Riesenhuber,Senior Staff
219997,Manton,Mamelak,Engineer
219998,Lijia,Lindqvist,Senior Staff
219999,Lein,Lorcy,Senior Engineer
220004,Erzsebet,Karnin,Senior Staff
220007,Maren,Molenkamp,Senior Engineer
220009,Billie,Kakkad,Senior Staff
220011,Yagil,Gente,Engineer
220016,Moie,Radhakrishnan,Staff
220017,Danil,Jarecki,Staff
220019,Rafael,Lamba,Senior Staff
220021,Arnould,Riefers,Staff
220037,Tiina,Magalhaes,Engineer
220042,Mark,Frijda,Senior Staff
220044,Val,Waeselynck,Staff
220048,Tomofumi,Gewali,Staff
220049,Fen,Senzako,Senior Engineer
220051,JoAnne,Matheson,Senior Staff
220057,Moty,Pauthner,Senior Staff
220059,Hironoby,Kobuchi,Senior Staff
220060,Neelam,Slaats,Technique Leader
220064,Mark,Ramras,Senior Staff
220066,Laurentiu,Monarch,Staff
220070,Reinhold,Theuretzbacher,Engineer
220072,Elliott,Grandbois,Senior Staff
220082,Paraskevi,Kaminger,Engineer
220089,Kiyomitsu,Woycyznski,Engineer
220091,Menkae,Reistad,Engineer
220095,Maren,Solovay,Staff
220099,Surveyors,Majewski,Senior Engineer
220100,Sangeeta,Vural,Engineer
220103,Tristan,Pargas,Senior Staff
220106,Boguslaw,Murtagh,Senior Staff
220110,Nimmagadda,Garnier,Staff
220112,Masasuke,Castellani,Senior Engineer
220114,Carrsten,Sundgren,Senior Engineer
220119,Kauko,Basagni,Senior Staff
220121,Mari,Cochrane,Senior Staff
220123,Maia,Lueh,Senior Staff
220137,Adin,Sury,Senior Staff
220143,Fei,Mungall,Senior Engineer
220145,Lijie,Pollacia,Staff
220149,Kirk,Krone,Senior Engineer
220150,Wuxu,Dalton,Senior Engineer
220153,Kasidit,Bach,Senior Engineer
220157,Falguni,Azumi,Senior Staff
220159,Marl,Nastansky,Staff
220163,Wilmer,Famili,Staff
220166,Bojan,Chaudhury,Technique Leader
220170,Aamer,McFarlan,Senior Engineer
220184,Mahendra,Emiris,Senior Staff
220190,Shuho,Pintelas,Engineer
220192,Sanjoy,Chappelet,Staff
220195,Berhard,Brickell,Senior Engineer
220200,Rance,Sabnani,Staff
220202,Mats,Menhardt,Senior Staff
220203,Shigenori,Schueller,Senior Staff
220204,Genki,Straney,Senior Staff
220205,Lucien,Erva,Engineer
220206,Wuxu,Iisaku,Senior Engineer
220208,Karlis,Sgarro,Senior Engineer
220209,Ravishankar,Baek,Senior Engineer
220210,Siamak,Mersereau,Senior Engineer
220211,Hironoby,Reinhart,Senior Engineer
220213,Pranav,Takkinen,Staff
220215,Luise,Malinowski,Engineer
220216,Quingbo,Wendorf,Senior Staff
220219,Ingmar,Gammage,Senior Engineer
220222,Chikara,Verhoeff,Senior Engineer
220224,Tua,Zykh,Senior Engineer
220234,Nobuyoshi,Viele,Senior Staff
220237,Nalini,Renear,Senior Staff
220238,Luise,Stille,Engineer
220248,Srinidhi,Bresenham,Senior Staff
220250,Basil,dAstous,Senior Staff
220252,Sachem,Anido,Senior Engineer
220255,Jackson,Vuskovic,Senior Engineer
220258,Sajjad,Erez,Senior Engineer
220261,Shaz,Apsitis,Staff
220262,Piyush,Hertweck,Senior Staff
220263,Shahaf,Barbanera,Staff
220271,Hideo,Motley,Engineer
220274,Nigel,Kavraki,Senior Staff
220275,Leucio,Thimonier,Senior Engineer
220276,Subhada,Kuzuoka,Senior Engineer
220280,Marsal,Jervis,Technique Leader
220290,Gladys,Desikan,Senior Engineer
220294,Masanao,Steinauer,Senior Engineer
220299,Boguslaw,Lores,Staff
220301,Geoffrey,Majewski,Senior Engineer
220302,Menkae,Brookner,Senior Staff
220307,Larisa,Kaminger,Senior Staff
220308,Yechezkel,Halevi,Senior Engineer
220312,Kristina,Karner,Senior Engineer
220313,Zeljko,Srimani,Technique Leader
220315,Bedrich,Anger,Staff
220316,Sanjoy,Backhouse,Senior Engineer
220320,Chiranjit,Gaughan,Senior Engineer
220322,Mariusz,Peir,Senior Engineer
220323,Tomoyuki,Hainaut,Senior Staff
220331,Danai,Middleton,Senior Staff
220332,Kazuhide,Penn,Senior Engineer
220333,Yinlin,Gulla,Senior Staff
220334,Sakthirel,Cappello,Senior Staff
220335,Arvin,Gimbel,Senior Staff
220336,Maren,Fiutem,Staff
220337,Domenick,Lieberherr,Senior Staff
220340,Baocai,Pena,Senior Engineer
220343,Siamak,Msuda,Senior Staff
220344,Reinhold,Cochrane,Engineer
220347,Sandeepan,Sankaranarayanan,Senior Staff
220349,Chandrasekaran,Bennis,Staff
220352,Christoper,Magliocco,Senior Staff
220357,Gita,Ravishankar,Technique Leader
220358,Geraldo,Magliocco,Senior Staff
220359,Charmane,Peltason,Senior Staff
220360,Masaru,Lagarias,Senior Staff
220361,Zhiguo,Stille,Senior Engineer
220362,Bernardo,Monarch,Technique Leader
220364,Takushi,Birdsall,Staff
220366,Domenico,Hambrick,Staff
220369,Sedat,Poupard,Senior Staff
220374,Yurij,Ohori,Senior Engineer
220376,Arto,Klassen,Engineer
220380,Shih,Piazza,Senior Engineer
220381,Shaibal,Shihab,Senior Engineer
220390,Arup,Mahmud,Senior Staff
220394,Indrajit,Zykh,Engineer
220395,Alassane,Halloran,Engineer
220400,Zhonghua,Panienski,Engineer
220409,Dulce,Ruther,Senior Engineer
220412,Odinaldo,Hutter,Senior Staff
220413,Jordanka,Akazan,Senior Engineer
220415,Serenella,Tokunaga,Engineer
220416,Adin,Beerel,Assistant Engineer
220417,Lidong,Marrakchi,Senior Engineer
220419,Adhemar,Seuren,Senior Engineer
220420,Pasqua,Rosis,Senior Engineer
220423,Leah,Servieres,Senior Engineer
220425,Golgen,Mitchem,Senior Engineer
220426,KayLiang,Plesums,Senior Staff
220428,Ult,Ranft,Engineer
220429,Toney,Narwekar,Senior Engineer
220430,Vesna,Seghrouchni,Staff
220431,Tomokazu,Dusink,Senior Engineer
220433,Hatem,Peot,Senior Staff
220434,Moss,Linnainmaa,Staff
220439,Rosella,Schurmann,Senior Staff
220442,Shuzo,Improta,Senior Staff
220448,Marsha,Koblick,Staff
220450,Ult,Simmel,Staff
220451,Gay,Siochi,Engineer
220454,Kokou,Tempesti,Staff
220456,Shiv,Taubman,Engineer
220457,Iara,Nishimukai,Engineer
220459,Ekawit,Bahk,Senior Staff
220462,Sigeru,Ananiadou,Technique Leader
220464,Shiv,Shanbhogue,Senior Engineer
220465,Sanjoy,Mukaidono,Senior Engineer
220467,King,Guardalben,Senior Engineer
220471,Xianlong,Gimbel,Senior Staff
220474,Jouni,Marciano,Engineer
220480,Moss,Trogemann,Technique Leader
220484,Jaideep,Busillo,Senior Staff
220488,Arvind,Weisert,Senior Staff
220489,Almudena,Walston,Engineer
220490,Nahid,Pettis,Senior Staff
220491,Ramzi,Chenney,Senior Staff
220492,Xuejun,Ratnakar,Senior Staff
220500,Shin,Schiper,Staff
220504,Aris,Apsitis,Senior Engineer
220509,Rosine,Haddadi,Senior Engineer
220512,Gretta,Basagni,Senior Engineer
220521,Ymte,Beutelspacher,Senior Staff
220523,Martina,Vernadat,Staff
220526,Aram,Shiratori,Staff
220530,Anwar,Kornatzky,Engineer
220537,Mitsuyuki,Clemencon,Engineer
220538,Giri,Fujisawa,Senior Engineer
220543,Sudhanshu,Jeansoulin,Assistant Engineer
220549,Gal,Cusworth,Senior Engineer
220555,Poornachandra,Luby,Senior Staff
220556,Stabislas,Gulik,Staff
220563,Manu,Meszaros,Senior Engineer
220564,Fumino,Frijda,Senior Staff
220568,Xuejia,Talmon,Senior Engineer
220571,Mabry,Baez,Staff
220575,Vasiliy,Fadgyas,Engineer
220580,Ennio,Lanphier,Engineer
220586,Subbu,Sanella,Engineer
220590,Zita,Luit,Senior Staff
220598,Sanjay,Thambidurai,Senior Staff
220600,Juyoung,Wynblatt,Technique Leader
220613,Chiradeep,Hainaut,Staff
220617,Turgut,Millington,Senior Staff
220619,Gor,Jahnichen,Senior Engineer
220622,Tsuneo,Bernardinello,Technique Leader
220624,Lakshmi,Marakhovsky,Engineer
220632,Arnd,Thebaut,Engineer
220635,Yucel,Hofmeyr,Senior Engineer
220641,Taegyun,Ozery,Senior Staff
220642,Cathie,Srimani,Senior Staff
220645,Susanna,Penz,Engineer
220650,Dines,Katzenelson,Senior Staff
220651,Hilari,Huxford,Senior Engineer
220656,Jianhua,Isaak,Senior Engineer
220657,Krisda,Sinitsyn,Senior Staff
220663,Suvo,Geffroy,Senior Staff
220665,Deniz,Ashish,Staff
220667,Turgut,Lyonns,Engineer
220671,Ult,Birta,Senior Engineer
220672,Genta,Caine,Senior Engineer
220674,Irene,Bruckman,Technique Leader
220679,Pascal,Tiemann,Senior Engineer
220682,Yongmao,Ranon,Engineer
220684,Wojceich,Ermel,Engineer
220685,Shaowen,Rusmann,Senior Engineer
220691,Dharmaraja,Callaway,Engineer
220692,Monique,Remmele,Senior Engineer
220702,Steen,Crabtree,Senior Engineer
220709,Jinya,Wilharm,Staff
220712,Mario,Lieberherr,Senior Engineer
220715,Satyanarayana,Birke,Engineer
220718,KayLiang,Polajnar,Senior Staff
220722,Claudi,Slaats,Senior Staff
220726,Quingbo,Shihab,Staff
220727,Pranay,Demos,Technique Leader
220728,Sashi,Halevi,Senior Engineer
220729,Shimshon,Kamber,Senior Staff
220730,Hatem,Leslie,Engineer
220731,Srinidhi,Vieth,Staff
220733,Randi,Parveen,Senior Engineer
220734,Salvador,Ranft,Engineer
220744,Guttorm,Showalter,Senior Engineer
220746,Isaac,Guenter,Senior Engineer
220755,Kokou,Stassinopoulos,Staff
220756,Krister,Billingsley,Engineer
220760,Sachar,Bressoud,Staff
220762,Pramod,Schreiter,Technique Leader
220763,Chandrasekaran,Sherertz,Senior Staff
220765,Ekawit,Merel,Senior Engineer
220769,Joydip,Bierman,Senior Staff
220770,Jayson,Eiron,Senior Staff
220772,Ingmar,Ranka,Senior Staff
220776,Gao,Kruskal,Engineer
220780,Spyrose,Shackell,Engineer
220783,Sastry,Koyama,Engineer
220785,Sugwoo,Redmiles,Senior Engineer
220787,Clyde,Rando,Staff
220793,Manu,Pelz,Technique Leader
220794,Shiv,Unni,Senior Engineer
220795,Cedric,Holburn,Senior Staff
220796,Willard,Swiss,Senior Engineer
220797,Sreekrishna,Mandell,Senior Engineer
220798,Arfst,Tetzlaff,Senior Staff
220800,Jaber,Moffat,Senior Engineer
220803,Wuxu,Luef,Staff
220804,Aral,Uludag,Senior Engineer
220805,Insup,Marrevee,Senior Engineer
220809,Fayez,Shrader,Senior Engineer
220816,Jayson,Lodder,Engineer
220818,Godehard,Rosar,Assistant Engineer
220820,Udo,Lowrie,Senior Engineer
220821,Zhenbing,Kleiser,Senior Engineer
220824,Waiman,Czap,Staff
220826,Froduald,Rajcani,Senior Staff
220832,Dipankar,Bednarek,Senior Staff
220833,Hiroyasu,Sinitsyn,Engineer
220834,Leandro,Fujisaki,Senior Engineer
220836,Hongzue,Ramaiah,Staff
220840,Jahangir,Pokrovskii,Technique Leader
220845,Mohammed,Collette,Engineer
220850,KayLiang,Lipner,Senior Engineer
220861,Rajmohan,Adachi,Senior Engineer
220865,Miomir,Baezner,Engineer
220867,Thanasis,Hainaut,Staff
220868,Christoph,Lovengreen,Senior Staff
220872,Soenke,Berztiss,Technique Leader
220877,Baruch,Christ,Engineer
220879,Idoia,Onuegbe,Engineer
220880,Kwan,Panwar,Engineer
220881,Subbu,Wissmann,Senior Staff
220888,Sadok,Szilard,Senior Staff
220896,Berna,Lalonde,Senior Engineer
220897,Kwangjo,Serot,Technique Leader
220900,Sachin,Murtafg,Senior Engineer
220901,Stevo,Zumaque,Senior Engineer
220903,Marlo,Domenig,Senior Staff
220904,Kwee,Boudaillier,Technique Leader
220906,Palash,Rahier,Senior Engineer
220907,Pramod,McClure,Staff
220908,Bodh,Mahnke,Senior Staff
220912,Yoshinari,Guerreiro,Senior Staff
220918,Kankanahalli,Melski,Technique Leader
220924,Lenore,Sevcikova,Senior Engineer
220925,Muneo,Piancastelli,Senior Staff
220926,Xiahua,Brobst,Technique Leader
220931,Cullen,Eiter,Senior Engineer
220932,Hinrich,Bisiani,Senior Engineer
220933,Izaskun,Openshaw,Staff
220934,Jiafu,Rattan,Senior Staff
220943,Sailaja,Coney,Senior Staff
220945,Abdelghani,Georgatos,Senior Engineer
220947,Sorina,Zedlitz,Staff
220955,Houman,Nicolson,Technique Leader
220956,Dannz,Beerel,Senior Staff
220964,Weidon,Bardell,Senior Engineer
220967,Satosi,Fujisawa,Senior Engineer
220977,Vincent,Driscoll,Senior Staff
220981,Jinpo,Denti,Senior Staff
220992,Arie,Francisci,Senior Staff
220994,Gilbert,Cyne,Senior Staff
220998,Eckart,Bael,Staff
221000,Juichirou,Nollmann,Staff
221002,Niteen,Thorensen,Senior Staff
221004,Gro,Curless,Senior Engineer
221008,Shrikanth,Ramalingam,Senior Engineer
221014,Arunachalam,Baca,Senior Engineer
221018,Gro,Noriega,Senior Staff
221025,Mostafa,Schaft,Senior Engineer
221027,Yongdong,Hofstetter,Senior Engineer
221031,Shem,Brookner,Senior Engineer
221035,Troy,Facello,Senior Staff
221039,Hironoby,Boyle,Engineer
221040,Susanta,Socorro,Senior Engineer
221042,Baruch,Kamble,Staff
221047,Arch,Basawa,Senior Engineer
221052,Claudi,Godskesen,Senior Engineer
221059,Hyuncheol,Gopalakrishnan,Senior Staff
221060,Zhonghui,Zobel,Senior Engineer
221064,Susuma,Kermarrec,Senior Staff
221065,Ulises,Remmers,Senior Staff
221066,Paraskevi,Takanami,Staff
221075,Sajjad,Makrucki,Senior Staff
221076,Richard,Prenel,Technique Leader
221078,Hauke,Montemayor,Staff
221079,Filipe,Yoshimura,Senior Engineer
221080,Tesuya,Rosaz,Senior Engineer
221085,Chaosheng,Ramaiah,Senior Engineer
221086,Baziley,Motley,Senior Staff
221088,Danae,Kawashima,Senior Engineer
221092,Sugwoo,Masaki,Staff
221109,Arch,Pardalos,Senior Engineer
221113,Gennadi,Speek,Senior Engineer
221115,Zhongwei,Samarati,Senior Staff
221118,Nimmagadda,Klyachko,Senior Engineer
221122,Xiaobin,Cappelletti,Staff
221125,Khatoun,Syang,Senior Engineer
221127,Ziva,Morrin,Senior Engineer
221129,Sumali,Cools,Engineer
221130,Tomofumi,Kornatzky,Senior Engineer
221131,Yuchang,Azadmanesh,Senior Engineer
221135,Jiakeng,Bernardeschi,Senior Staff
221136,Houman,Krider,Technique Leader
221137,Gio,Copas,Senior Staff
221139,Harngdar,Pietracaprina,Senior Staff
221141,Aloys,McAlpine,Senior Staff
221142,Marin,Kambil,Engineer
221155,Jinpo,Heusch,Senior Staff
221157,Harjit,Olivero,Engineer
221161,Panayotis,Perng,Technique Leader
221163,Palash,Bultermann,Senior Staff
221166,Jaana,Isaac,Senior Engineer
221167,Yishay,Meszaros,Senior Engineer
221172,DAIDA,Bugaenko,Staff
221182,Flemming,Mikschl,Engineer
221187,Goncalo,Pehl,Senior Staff
221188,Masaki,Jansen,Technique Leader
221197,Shan,Demir,Staff
221199,Sandeepan,Danlos,Senior Staff
221203,Anneke,Vural,Engineer
221204,Takahito,Bodoff,Senior Staff
221205,Weiru,Denny,Senior Staff
221206,Charlene,Schaft,Engineer
221207,Jinxi,Bierman,Technique Leader
221209,Lijie,Karunanithi,Engineer
221211,Constantijn,Tanemo,Senior Engineer
221212,Toong,Couchot,Senior Engineer
221214,Reinhard,Montemayor,Engineer
221219,Alenka,Heusch,Senior Engineer
221221,Billur,Sewelson,Senior Engineer
221223,Mariangiola,Vandervoorde,Senior Staff
221228,Kerhong,Zultner,Technique Leader
221230,Yaghout,Curless,Engineer
221234,Shounak,Merli,Engineer
221235,Shen,Gimarc,Senior Staff
221240,Vitali,Plump,Senior Engineer
221241,Chinhyun,Koshino,Senior Staff
221249,Godehard,Farrow,Senior Staff
221255,Narain,Awdeh,Senior Engineer
221260,Bokyung,Haddadi,Staff
221262,Chenxi,Alpay,Senior Engineer
221267,Mizuhito,Hertweck,Staff
221269,Isamu,Miyakawa,Senior Engineer
221270,Duke,Jenevein,Senior Engineer
221272,Duangkaew,Makinen,Senior Engineer
221273,Ugo,Kushner,Staff
221274,Mingdong,Gargeya,Senior Engineer
221276,Alassane,Weedman,Senior Engineer
221277,Ioana,Shigei,Senior Staff
221285,Trygve,Fairtlough,Senior Staff
221286,Marl,Matzen,Senior Engineer
221287,Chandrasekaran,Orsini,Staff
221288,Lalit,Bridgland,Engineer
221291,Kish,Tibblin,Senior Engineer
221296,Mahendra,Ferretti,Senior Engineer
221297,Thanasis,Unno,Senior Staff
221299,Mooi,Vickson,Senior Staff
221301,Junichi,Hmelo,Senior Engineer
221302,Tomokazu,Lieblein,Senior Engineer
221308,Shounak,Kroft,Senior Engineer
221311,Mary,Molenkamp,Senior Engineer
221315,Jayesh,Einsfeld,Technique Leader
221316,Barun,Slutz,Senior Engineer
221321,Divier,Alpay,Senior Staff
221323,Holgard,Xiaoshan,Senior Engineer
221324,Elgin,Trumbly,Engineer
221325,Munehiro,Erni,Staff
221332,Ugo,Trystram,Senior Engineer
221335,Marie,Murrill,Engineer
221337,Ramachenga,Jiang,Senior Staff
221351,Odoardo,Chepyzhov,Senior Staff
221353,Jagoda,Kandlur,Senior Staff
221354,Van,Schaar,Senior Engineer
221356,Pradeep,Hagimont,Senior Engineer
221357,Subhrajyoti,Rathonyi,Engineer
221361,Aron,Krichel,Senior Engineer
221370,Kwangsub,Kowalchuk,Senior Staff
221371,Pohua,Percebois,Senior Staff
221372,Arup,Garigliano,Engineer
221374,Stafford,Tramer,Senior Engineer
221380,Chiranjit,Schneeberger,Senior Engineer
221384,Khoa,Tanemo,Senior Engineer
221385,Nalini,Randi,Senior Staff
221388,Gao,Lund,Senior Engineer
221396,Leandro,Caine,Senior Staff
221398,Hiroyasu,Cochrane,Senior Engineer
221400,Masaru,Varman,Senior Staff
221402,Ymte,Boyle,Engineer
221403,Sachem,Kalafatis,Senior Engineer
221404,Constantino,Butner,Senior Engineer
221412,Kinh,Ciolek,Staff
221413,Goo,Kroft,Technique Leader
221417,Bezalel,Kisuki,Senior Engineer
221419,Jahangir,Thisen,Senior Engineer
221422,Denny,Falster,Senior Engineer
221423,Kiam,Stafford,Staff
221427,Bouchung,Picht,Staff
221429,Junsik,Shiratori,Senior Staff
221431,Oldrich,Henseler,Senior Engineer
221433,Ymte,Roisin,Staff
221434,Berthier,Peng,Technique Leader
221440,Luise,Gerlach,Engineer
221441,Moie,Cooman,Senior Engineer
221442,Navid,Heijenga,Senior Staff
221443,Berto,Gide,Engineer
221451,Moto,Poujol,Senior Staff
221453,Abdulla,Staylopatis,Senior Engineer
221458,Arie,Merks,Senior Engineer
221463,Ayakannu,Takkinen,Senior Engineer
221465,Mohammed,Frezza,Senior Engineer
221469,Mabo,Perin,Staff
221474,Hatsukazu,Berztiss,Senior Engineer
221475,Wilmer,Engelmann,Senior Engineer
221482,Aksel,Farris,Senior Engineer
221484,Kwangho,Trystram,Engineer
221485,Nahum,Szmurlo,Technique Leader
221487,Rutger,Kambil,Engineer
221490,Weiye,Underwood,Senior Staff
221500,Ashish,Rouquie,Staff
221504,Berto,Furedi,Senior Staff
221505,Gritta,Barriga,Engineer
221507,IEEE,Koshino,Engineer
221510,Wayne,Pews,Senior Engineer
221512,Xuedong,Hennings,Staff
221513,Hyuncheol,Srimani,Staff
221515,Weicheng,Hutter,Senior Engineer
221523,Gita,Douceur,Technique Leader
221528,Jixiang,Molenkamp,Senior Engineer
221536,Shuzo,Broder,Senior Engineer
221537,Abdulla,Verhaegen,Engineer
221539,Leon,Ranon,Engineer
221541,Annemarie,Gips,Senior Staff
221543,Alejandro,Riefers,Senior Engineer
221544,Kiam,Waschkowski,Senior Engineer
221553,Sumant,Waymire,Senior Engineer
221554,Doowon,Oehlmann,Senior Staff
221556,Nikolaus,Slutz,Senior Staff
221557,Piyush,Serre,Staff
221559,Mats,Pleszkun,Technique Leader
221561,Shigeichiro,Plump,Engineer
221562,Maik,Milicia,Senior Engineer
221571,Siddarth,Candan,Senior Staff
221577,Gita,Capobianchi,Senior Staff
221583,Atreyi,Heusch,Technique Leader
221584,Xuejia,Kropp,Senior Engineer
221586,Huican,Peral,Engineer
221588,Kwangyoen,Magliocco,Senior Engineer
221591,Shahar,Bade,Senior Staff
221592,Gift,Adachi,Senior Staff
221594,Niteen,Strooper,Senior Engineer
221599,Juyoung,Serot,Senior Staff
221600,Weiwu,Yemenis,Senior Engineer
221601,Tetsurou,Maquelin,Senior Engineer
221602,Gil,Schlumberger,Senior Engineer
221605,Conor,Ishibashi,Staff
221609,Naftaly,Champarnaud,Engineer
221611,Elgin,Taubenfeld,Senior Engineer
221613,Ziyad,Famili,Senior Engineer
221621,Hilari,Francisci,Technique Leader
221623,Arup,Schapiro,Senior Staff
221631,Fusako,Ponthieu,Senior Staff
221634,Tze,Anido,Senior Staff
221640,Charlene,Ramras,Senior Engineer
221641,Ulf,Cummings,Staff
221644,Jeong,Peyn,Engineer
221645,Pradeep,Rabehasaina,Engineer
221649,Uinam,Fiebach,Senior Staff
221653,Jiakeng,Mattern,Technique Leader
221657,Khun,Heusch,Engineer
221658,Chanjung,Nanard,Staff
221659,Hailing,Montemayor,Staff
221662,Eric,Wossner,Senior Engineer
221663,Parto,Pileggi,Senior Staff
221666,Moss,Fioravanti,Senior Engineer
221671,Torsten,Wrigley,Staff
221672,Maha,Atrawala,Senior Staff
221675,Masoud,McDermid,Engineer
221683,Gritta,Osgood,Senior Engineer
221684,Marke,Molenaar,Engineer
221688,Cedric,Gecsel,Senior Staff
221691,Udi,Munke,Senior Engineer
221693,Nathan,Janocha,Engineer
221696,Snehasis,Kusakabe,Senior Engineer
221705,Willard,Beeson,Senior Staff
221707,Yolla,Heuter,Engineer
221708,Zijian,Selenyi,Senior Engineer
221709,Edwin,Parascandalo,Senior Staff
221713,Lakshmi,Ratnakar,Senior Staff
221715,Rayond,Noriega,Senior Staff
221724,Tadanori,Neiman,Senior Staff
221725,Apostol,Ressouche,Technique Leader
221735,Martina,Plavsic,Senior Engineer
221736,Yolla,Warwick,Senior Engineer
221740,Lokesh,Hartvigsen,Senior Engineer
221744,IEEE,Tsunoo,Engineer
221748,Miomir,Denos,Senior Engineer
221755,Luerbio,Sudbeck,Senior Staff
221756,Shim,Avouris,Engineer
221757,Elvis,Szmurlo,Technique Leader
221758,Sivanarayana,Coullard,Senior Staff
221759,Jingling,Luders,Senior Engineer
221760,Marko,Ellozy,Staff
221763,Maia,Rindone,Engineer
221766,Tzvetan,Karunanithi,Engineer
221768,Masami,Hmelo,Engineer
221770,Jayesh,Winter,Senior Staff
221771,Goo,Ullian,Engineer
221772,Ronghao,Kaiserswerth,Senior Engineer
221775,Shai,Mayerwieser,Senior Engineer
221777,Eben,Kavraki,Senior Engineer
221783,Qunsheng,Chenney,Senior Engineer
221786,Urs,Chiola,Senior Staff
221792,Fen,Buescher,Technique Leader
221793,Paloma,Marciano,Engineer
221794,Nevin,Talmon,Senior Staff
221799,Tran,Lorys,Senior Engineer
221800,Youpyo,Schaad,Senior Engineer
221801,Kristinn,Rahimi,Senior Engineer
221805,Yucai,Luders,Senior Staff
221813,Rimon,Suermann,Staff
221814,Sukumar,Leppanen,Staff
221818,Djenana,Coullard,Staff
221821,Sailaja,Baez,Engineer
221823,Faiza,Birrer,Senior Staff
221824,Parviz,Orsini,Senior Staff
221828,Manohar,Bach,Senior Engineer
221829,Nectarios,Smeets,Senior Engineer
221833,Maren,Birsak,Senior Staff
221838,Masami,Asrin,Senior Staff
221839,Mingsen,Anandan,Staff
221840,Indrajit,Rettelbach,Senior Staff
221841,Muzhong,Beerel,Senior Engineer
221845,Filipp,Luck,Staff
221846,Yurij,Crouzet,Senior Engineer
221850,Mitsuyuki,Ritzmann,Engineer
221858,Wanqing,Adachi,Senior Engineer
221863,Radhia,Schlegelmilch,Senior Staff
221865,Yuriy,Siepmann,Senior Staff
221867,Krister,Felcyn,Staff
221872,Mayuri,Luca,Engineer
221876,Matt,Parascandalo,Senior Staff
221878,Phillip,Albarhamtoshy,Senior Engineer
221881,Subhash,Cyne,Senior Staff
221882,Sahrah,Aloia,Senior Staff
221884,Lakshmi,McConalogue,Senior Staff
221886,Marsha,Merro,Senior Staff
221887,Tuval,Vural,Staff
221888,Nathalie,Frolund,Senior Engineer
221894,Ohad,Birjandi,Senior Staff
221904,Sastry,Feldhoffer,Staff
221905,Bezalel,Ferretti,Staff
221908,Wayne,Vieri,Senior Engineer
221916,Kristine,Theuretzbacher,Senior Engineer
221918,Irene,Munoz,Engineer
221921,Masaki,Lubachevsky,Senior Engineer
221927,Teunis,Usdin,Senior Engineer
221932,Lillian,Baja,Senior Engineer
221937,Berry,Tetzlaff,Engineer
221946,Kazuhira,Foote,Senior Engineer
221954,Wayne,Litzler,Senior Staff
221956,Kwok,Schoegge,Senior Engineer
221958,Yuichiro,Paciorek,Assistant Engineer
221959,Krassimir,Lueh,Senior Engineer
221960,Manu,Iisaka,Senior Engineer
221961,Boguslaw,Eterovic,Engineer
221963,Ramzi,Birjandi,Staff
221967,Ziya,Iwayama,Senior Staff
221978,Valeska,Gaughan,Senior Staff
221979,Gio,Jahnichen,Engineer
221980,Yoshinari,Eugenio,Senior Staff
221982,Jahangir,Schahn,Engineer
221984,Manibrata,Assaf,Senior Engineer
221986,Muneo,Azuma,Engineer
221988,Kazunori,Bratten,Staff
221989,Jiakeng,Terekhov,Engineer
221990,Adel,Hiyoshi,Senior Engineer
221991,Moti,Beilner,Assistant Engineer
221992,Chriss,Petereit,Senior Engineer
222002,Abdelaziz,Rathonyi,Senior Engineer
222008,Shuji,Lamba,Staff
222011,Marlo,Restivo,Engineer
222013,Remko,Ohori,Senior Staff
222019,Kristian,Edelhoff,Senior Staff
222022,Dung,Mayerwieser,Senior Staff
222023,Gian,Saoudi,Senior Staff
222024,Dannz,Schaad,Senior Engineer
222025,Xumin,Norsworthy,Senior Engineer
222026,Shiv,Ermel,Senior Engineer
222031,Khaled,Berztiss,Staff
222034,Weijing,Reistad,Staff
222036,Serenella,Thiria,Senior Staff
222045,Boalin,McFarlan,Staff
222046,Nahla,Driscoll,Senior Engineer
222048,Gen,Sidhu,Senior Engineer
222050,Zhenhua,Brlek,Assistant Engineer
222061,Bodo,Huttel,Senior Engineer
222067,Gift,Gaughan,Engineer
222076,Richard,Zwicker,Senior Staff
222077,Gor,Kilgour,Senior Staff
222079,Bojan,Streng,Senior Engineer
222082,Persi,Kabayashi,Senior Engineer
222083,Mountaz,Weedon,Senior Engineer
222084,Serap,Piancastelli,Senior Staff
222085,Peternela,Staelin,Senior Engineer
222089,Harngdar,Validov,Senior Engineer
222104,Alois,Liesche,Senior Staff
222105,Qingxiang,Koblick,Senior Staff
222109,Souichi,Fargier,Engineer
222110,Maria,Warwick,Senior Engineer
222111,Kazuhide,Honiden,Senior Staff
222113,Lobel,Gilg,Senior Staff
222115,Bouchung,Masand,Staff
222121,Emran,Lindenbaum,Senior Engineer
222122,Weidon,Henseler,Senior Engineer
222125,Elvia,Oehlmann,Senior Engineer
222127,Leah,Passafiume,Senior Engineer
222129,Billur,Ratnaker,Senior Engineer
222132,Ulises,Androutsos,Staff
222133,Radhika,Compeau,Technique Leader
222137,Beshir,Georgakopoulos,Senior Engineer
222139,Christophe,Veldwijk,Senior Engineer
222143,Kwangyoen,Rando,Staff
222145,Zhiwei,Huttel,Senior Staff
222147,Hitomi,Bernatsky,Senior Staff
222150,Dulce,Ertl,Senior Staff
222155,Kellie,Delgrande,Engineer
222159,Hatem,Mattern,Senior Engineer
222160,Mana,Salinas,Senior Engineer
222168,Mitchel,Kolvik,Engineer
222172,Nobuyoshi,Erde,Senior Engineer
222173,Feiyu,Esteva,Senior Engineer
222176,Leen,Pesch,Senior Engineer
222178,Girolamo,Merks,Technique Leader
222180,Maia,Feinberg,Senior Staff
222182,Yechiam,Tischendorf,Senior Staff
222190,Mabhin,Bale,Staff
222192,Wuxu,Esteva,Technique Leader
222195,Shaw,Beetstra,Senior Engineer
222196,Takahito,Yurek,Senior Staff
222201,Falguni,Belinskaya,Senior Engineer
222203,Alper,Picaronny,Technique Leader
222204,Huican,Hettesheimer,Senior Engineer
222205,Ayonca,Validov,Senior Staff
222212,Xiaopeng,Henders,Senior Staff
222213,Salvador,Wielonsky,Senior Engineer
222215,Mansur,Montresor,Senior Engineer
222217,Matt,Heuser,Senior Engineer
222228,Phillip,Siprelle,Senior Staff
222232,Shahar,Erman,Engineer
222235,Filipp,Nyanchama,Senior Staff
222239,Zhiguo,Kilgour,Engineer
222242,Michaela,Baer,Senior Staff
222244,Basant,Petereit,Senior Engineer
222245,Kwee,Mandell,Staff
222248,Khoa,Kohling,Senior Engineer
222249,Gererd,Schnabel,Staff
222251,Jagoda,Leivant,Senior Engineer
222261,Jingling,Ecklund,Senior Staff
222266,Ziva,Straney,Staff
222267,Taiji,Back,Senior Engineer
222268,Guadalupe,Hedayat,Senior Engineer
222279,Syozo,Peroz,Senior Engineer
222280,Tzvetan,Polupanov,Senior Staff
222281,Nikolaus,DuBourdieux,Staff
222282,Pascal,Fujisawa,Senior Staff
222283,Leah,Picci,Technique Leader
222284,Roddy,Birge,Senior Engineer
222286,Hongzue,Claffy,Senior Engineer
222295,Maha,Ermel,Engineer
222298,Shaw,Cunliffe,Senior Staff
222302,Kwun,Tsukuda,Engineer
222304,Waiman,Schmittgen,Senior Staff
222312,Makato,Shigei,Senior Engineer
222314,Mingzeng,Rothenberg,Senior Engineer
222320,Jongsuk,Stasinski,Engineer
222324,Gita,Marsiglia,Senior Staff
222326,DeForest,Heyers,Senior Engineer
222330,Gor,Bellone,Senior Staff
222335,Vishv,Rando,Engineer
222336,Xudong,Koprowski,Technique Leader
222338,Henk,Redmiles,Staff
222339,Junichi,Grabner,Senior Engineer
222340,Marc,Linares,Engineer
222341,Arie,Birge,Senior Engineer
222346,Muneo,Gadepally,Technique Leader
222349,Eirik,Jumpertz,Engineer
222351,Cedric,Figueira,Senior Staff
222353,Branimir,Rissanen,Engineer
222358,Vishv,Pramanik,Senior Staff
222359,Kristen,Murtafg,Engineer
222361,Bogdan,Albarhamtoshy,Senior Engineer
222364,Shao,Benzmuller,Senior Engineer
222369,Mingsen,Mellouli,Senior Staff
222371,Tsutomu,Brender,Senior Engineer
222375,Somnath,Rajcani,Senior Engineer
222378,Gretta,Luce,Senior Staff
222384,Xinglin,Krybus,Senior Staff
222392,Gunilla,Pardalos,Senior Engineer
222394,Tesuro,Choobineh,Senior Engineer
222396,Djenana,Lunt,Staff
222400,Ronghao,Yoshizawa,Senior Staff
222402,Jaana,Klyachko,Staff
222403,Djenana,Lyonns,Senior Staff
222404,Fusako,Kilgour,Senior Staff
222408,Weicheng,Sidje,Engineer
222410,Jianhao,Erie,Senior Engineer
222413,Guozhong,Peir,Engineer
222419,Jinpo,Danlos,Senior Staff
222420,Hailing,Jansch,Senior Engineer
222421,Valdiodio,Usery,Senior Staff
222427,Roselyn,Schaft,Staff
222430,Guoxiang,Dolinsky,Senior Engineer
222431,Hatem,Schieder,Engineer
222433,Munehiro,Serna,Senior Engineer
222434,Kannan,Usery,Staff
222436,Heeju,Bage,Senior Engineer
222437,Miquel,Zongker,Senior Staff
222438,Nishit,Sridhar,Staff
222439,Arve,Kirkerud,Technique Leader
222440,Masamitsu,Muntz,Technique Leader
222442,Susanne,Hiyoshi,Engineer
222445,Garnet,Dichev,Senior Staff
222446,Yonghong,Gente,Engineer
222450,Fumitake,Meszaros,Engineer
222455,Adam,Rajala,Senior Engineer
222456,Wilmer,Peek,Technique Leader
222461,Masadi,Zykh,Engineer
222465,Ulises,Demian,Senior Staff
222470,Jaques,Velardi,Senior Engineer
222475,Xinyu,Petereit,Senior Engineer
222476,Giap,Shackell,Engineer
222483,Mostafa,Sidhu,Senior Staff
222484,Masaki,Oskamp,Senior Engineer
222487,Yucel,Adachi,Engineer
222494,Ottavia,Parfitt,Senior Engineer
222496,Shao,Etalle,Senior Staff
222497,Shigenori,Vanwelkenhuysen,Staff
222498,Munehiro,Raney,Engineer
222506,Xudong,Alpay,Senior Engineer
222510,Honglan,Speckmann,Senior Engineer
222511,Leon,Scharstein,Engineer
222512,Fumitake,Murtafg,Staff
222514,Moie,Kaminger,Senior Staff
222515,Miquel,Anger,Senior Staff
222519,Yishai,Ouhyoung,Senior Staff
222523,Udaiprakash,Leijenhorst,Staff
222526,Rajmohan,Emden,Staff
222527,Phule,Ligten,Engineer
222528,Fumiyo,Smailagic,Engineer
222532,Sadegh,Senzako,Engineer
222536,Feipei,Merel,Senior Staff
222538,Cullen,Carrere,Senior Engineer
222546,Masato,Picaronny,Staff
222549,Ramzi,Onuegbe,Senior Engineer
222550,Sadok,Wroclawski,Senior Engineer
222551,Sungwon,Rissland,Senior Staff
222552,Shaowei,Deyuan,Senior Engineer
222556,Sarita,Litzkow,Senior Engineer
222558,Hinrich,Ducloy,Senior Engineer
222559,Arvind,Mitina,Senior Staff
222561,Kwok,Perko,Senior Engineer
222564,Taiji,Feinberg,Senior Staff
222565,Halsur,Nyrup,Staff
222567,Katsuyuki,Bultermann,Senior Engineer
222573,Gadiel,Bellmore,Senior Staff
222577,Parviz,Gniady,Senior Engineer
222587,Kiyokazu,Chiola,Senior Staff
222589,Kamakshi,Hemaspaandra,Senior Staff
222592,Nakhoon,Schaar,Engineer
222595,Becky,Kavvadias,Senior Engineer
222598,Lokesh,Bade,Staff
222601,Kazuhiro,Perly,Senior Engineer
222602,Amstein,Randi,Senior Engineer
222617,Anestis,Francisci,Staff
222621,Xudong,Melter,Senior Staff
222624,Kenton,Birdsall,Senior Staff
222626,Sangeeta,Bahr,Staff
222627,Candido,Dulay,Senior Engineer
222630,Prasadram,Takanami,Senior Staff
222632,Miquel,Theuretzbacher,Senior Staff
222634,Bernice,Michaels,Engineer
222641,Mingzeng,Aamodt,Staff
222643,Shounak,Landherr,Engineer
222646,Kagan,Ranum,Senior Staff
222647,Hyuckchul,Gischer,Staff
222651,Kagan,Gornas,Staff
222652,Vesna,Brendel,Senior Engineer
222653,Zissis,Schahn,Senior Engineer
222657,Menkae,Spelt,Staff
222660,Moriyoshi,Swiss,Senior Staff
222666,Abdulah,Shiratori,Staff
222667,Shigenori,Mattern,Senior Staff
222670,Kokou,Rothe,Senior Staff
222674,Turgut,Kitsuregawa,Senior Engineer
222676,Perla,Magliocco,Staff
222679,Serif,Gihr,Engineer
222680,Yongqiao,Hutton,Engineer
222685,Anneli,Lagarias,Senior Engineer
222686,Moto,Schusler,Senior Engineer
222688,Bader,Thummel,Senior Engineer
222689,Kayoko,Gopalakrishnan,Engineer
222690,Takahiro,Boreale,Senior Engineer
222692,Ghassan,Kruskal,Senior Staff
222693,Djenana,Ellozy,Senior Engineer
222699,Juyoung,Bahk,Staff
222702,Dmitry,Barbanera,Senior Engineer
222709,Teruyuki,Wossner,Staff
222711,Naftaly,Shimshoni,Engineer
222717,Masako,Zultner,Senior Engineer
222720,Dayanand,Montresor,Senior Engineer
222721,Tran,Shinomoto,Senior Engineer
222723,Shiv,Piveteau,Engineer
222724,Arup,Meriste,Engineer
222726,Kristina,Steenbeek,Senior Engineer
222730,Elgin,Feldhoffer,Engineer
222735,Tesuro,Tagansky,Staff
222736,Nevin,Sevcikova,Senior Engineer
222737,Kish,Murtagh,Senior Engineer
222738,Arne,Bauknecht,Senior Engineer
222741,Godehard,Rullman,Staff
222744,Theirry,Nitsch,Senior Staff
222748,Oscal,Taneja,Assistant Engineer
222764,Kristina,Francisci,Senior Staff
222765,Vitali,Wrigley,Senior Staff
222768,Shimshon,Beetstra,Senior Engineer
222773,Alair,Melter,Senior Engineer
222774,Kamran,Gomatam,Senior Engineer
222778,Jacqueline,Stemann,Engineer
222782,Caolyn,Speer,Senior Staff
222783,Takahira,Conte,Staff
222784,Zejun,Milicic,Senior Staff
222785,Uno,Perelgut,Senior Engineer
222786,Charlene,Markovitch,Technique Leader
222796,Arumugam,Simmel,Senior Staff
222797,Huan,Beeson,Senior Staff
222799,Morrie,Doering,Staff
222800,Arch,Dalphin,Senior Staff
222802,Emdad,Siksek,Senior Engineer
222803,Alejandro,Camarinopoulos,Senior Staff
222812,Padma,Narlikar,Senior Engineer
222814,Weiru,Rosaz,Senior Staff
222815,Boriana,Kossowski,Engineer
222821,Mihalis,Pargaonkar,Senior Engineer
222823,Hinrich,Xiaoshan,Staff
222832,Gopalakrishnan,Kalorkoti,Senior Engineer
222836,Ishfaq,Aloia,Senior Staff
222840,Yongqiao,Baik,Assistant Engineer
222843,Morris,Schnabel,Senior Staff
222844,Tzvetan,Peac,Assistant Engineer
222845,Werner,Gurbaxani,Senior Engineer
222847,Hauke,Heuter,Assistant Engineer
222849,Tzu,Gaughan,Senior Engineer
222850,Bernt,Ohori,Senior Engineer
222858,Baziley,Legleitner,Senior Staff
222859,Ewing,Serov,Engineer
222863,Ziva,Parascandalo,Senior Engineer
222869,Danil,Anily,Senior Staff
222870,Danae,Hanratty,Engineer
222883,Piyush,Melichar,Senior Staff
222886,Shimshon,Mungall,Engineer
222888,Van,Mondadori,Staff
222891,Honglan,Anido,Senior Staff
222894,Holgard,Clouatre,Engineer
222899,Yoshimitsu,Peres,Senior Engineer
222900,Pasqua,Bernini,Engineer
222903,Mantis,Garnier,Engineer
222904,Giri,Sury,Staff
222910,Barry,Isaac,Senior Engineer
222915,Teiji,McFarlan,Senior Staff
222920,Gal,Docker,Senior Staff
222922,Mingzeng,Mungall,Staff
222924,Gor,Isard,Engineer
222925,Shrikanth,Karunanithi,Senior Staff
222929,Shigehiro,Murtha,Senior Staff
222931,Ulises,Binding,Staff
222935,Aiichiro,Chiola,Senior Engineer
222937,Guoxiang,Sudkamp,Senior Staff
222943,Taisook,Uhrig,Senior Engineer
222947,Bernd,Pesch,Engineer
222949,Steve,Vieri,Staff
222954,Persi,Pleszkun,Senior Staff
222958,Achilleas,Munke,Senior Engineer
222960,Jaroslava,Garnick,Senior Engineer
222962,Thanasis,Pell,Engineer
222964,Shugo,Pappas,Engineer
222969,Shuji,McConalogue,Senior Staff
222970,Arra,Baek,Staff
222972,Gro,DasSarma,Senior Staff
222979,Subhankar,Markovitch,Technique Leader
222983,Zeydy,McClure,Staff
222984,Yannis,Strooper,Staff
222986,Changho,Barriga,Engineer
222990,Utpal,Facello,Engineer
222991,Gully,Jonsson,Senior Engineer
222994,Valeska,Munawer,Senior Engineer
223001,Takahiro,Wroclawski,Staff
223004,Chuanti,Luga,Senior Engineer
223006,Nalini,Srimani,Senior Engineer
223009,Xinan,Codenie,Engineer
223013,Phuoc,Llado,Staff
223015,Tiina,Trachtenberg,Senior Staff
223016,Gro,Chaudhuri,Senior Engineer
223024,Chuanti,Lorin,Senior Engineer
223032,Alselm,Rodite,Senior Engineer
223046,Piyawadee,Talmor,Senior Engineer
223047,Dietrich,Bierman,Senior Engineer
223048,Goh,Cunliffe,Engineer
223052,Duke,Pettis,Engineer
223054,Mitchel,Fargier,Engineer
223056,Martins,Makinen,Engineer
223057,Iara,Ranta,Senior Engineer
223061,Marco,Zeilberger,Senior Engineer
223063,Kiyotoshi,Braunschweig,Senior Engineer
223069,Radhia,Makrucki,Assistant Engineer
223073,Mokhtar,Pokrovskii,Senior Engineer
223074,Cordelia,Kugler,Staff
223076,Heng,Cincotta,Senior Staff
223078,Georg,Vieri,Staff
223079,Radhakrishnan,Trelles,Senior Engineer
223081,Nalini,Rusterholz,Senior Engineer
223082,Zhiwei,Kropf,Senior Engineer
223084,Shirish,Murtha,Senior Staff
223085,Genki,Bruckman,Senior Staff
223091,Xinglin,Babb,Technique Leader
223100,Mayumi,Speel,Staff
223102,Gad,Isard,Staff
223103,Zeljko,Picaronny,Senior Engineer
223108,Jouko,Rodier,Senior Engineer
223117,Gen,Rosch,Technique Leader
223130,Rafols,Hockney,Senior Engineer
223131,Yurij,Swen,Senior Engineer
223137,Khedija,Coorg,Senior Engineer
223140,Horward,Vadhan,Engineer
223144,Danco,Spieker,Engineer
223149,Adel,Nittel,Senior Engineer
223150,Maia,Hettesheimer,Senior Engineer
223152,Kshitij,Conry,Engineer
223159,Aiichiro,Restivo,Senior Engineer
223160,Sanjai,Munch,Technique Leader
223164,Fumiyo,Raney,Staff
223166,Mitsuyuki,Baby,Technique Leader
223171,Torsten,Speckmann,Staff
223173,Kauko,Sidje,Senior Engineer
223195,Rajmohan,Baaleh,Engineer
223196,Paloma,Sidhu,Senior Engineer
223198,Seshu,Pusterhofer,Senior Engineer
223204,Szabolcs,Avouris,Senior Engineer
223213,Halsur,Legleitner,Senior Engineer
223220,Billur,Zedlitz,Senior Staff
223222,Chinya,Krzyzanowski,Technique Leader
223223,Hinrich,Vuskovic,Engineer
223224,Weiyi,Falby,Senior Engineer
223228,Franziska,Cummings,Engineer
223230,Oscal,Itzfeldt,Senior Staff
223237,Stabislas,Qiwen,Senior Staff
223239,Rance,Berztiss,Technique Leader
223243,Chikako,Solares,Staff
223244,Kiyokazu,Sinitsyn,Staff
223246,Oguz,Klerer,Staff
223248,Randi,Luff,Senior Staff
223251,Hideyuki,Aloia,Senior Staff
223252,Mana,Claffy,Senior Staff
223253,Rildo,Reghbati,Engineer
223256,Gila,McConalogue,Senior Staff
223259,Hiroyasu,Bennis,Senior Engineer
223266,Selwyn,Terlouw,Senior Staff
223272,Patricio,Kamble,Senior Staff
223279,Nevio,Baranowski,Senior Staff
223284,Sedat,Streng,Senior Staff
223287,Heekeun,Luft,Senior Staff
223292,Kasidit,Savasere,Senior Staff
223294,Francesca,Heusch,Senior Engineer
223297,Sachem,Laventhal,Senior Staff
223299,Doowon,Bressoud,Senior Staff
223301,Mana,Weedman,Staff
223302,Inderjeet,Feldmann,Senior Staff
223304,Bouchung,Foong,Senior Engineer
223305,Manohar,Deville,Senior Engineer
223306,Akemi,Hellwagner,Senior Engineer
223307,Prodip,Litecky,Senior Engineer
223309,Nevin,Herber,Engineer
223310,Jolita,Erdi,Senior Staff
223311,Nishit,Genin,Senior Staff
223314,Tamiya,Rahier,Senior Staff
223319,Ronnie,Terlouw,Senior Engineer
223327,Teunis,Peron,Senior Staff
223328,Olivera,Benaini,Senior Staff
223330,Brigham,Falck,Senior Staff
223333,Stepehn,Klerer,Senior Engineer
223338,Jaideep,Olivero,Engineer
223342,Hyuncheol,Huttel,Senior Engineer
223344,Perla,Eiter,Senior Staff
223345,Gita,Penz,Engineer
223346,Miomir,Rissanen,Senior Engineer
223348,Srinidhi,Rijsenbrij,Senior Engineer
223352,Jeanna,Milicic,Senior Engineer
223355,Hauke,Marletta,Staff
223359,Sariel,Mukaidono,Senior Staff
223364,Harngdar,Stranks,Senior Engineer
223374,Lucien,Gammage,Senior Engineer
223376,Martien,Anido,Senior Engineer
223378,Tadahiko,Gilg,Senior Staff
223379,Nahum,Dehkordi,Staff
223381,Masadi,Schnelling,Senior Engineer
223382,Zito,Beilner,Engineer
223383,Hauke,Poehlman,Senior Staff
223384,Rimon,Khalil,Engineer
223385,Ziya,Chinen,Senior Engineer
223387,Duke,Curless,Senior Staff
223389,Shuho,Adachi,Senior Staff
223390,Rasiah,Falck,Senior Engineer
223393,Constantino,Demeyer,Staff
223397,Jamaludin,Morris,Senior Engineer
223398,Geoff,Denos,Senior Engineer
223399,Aamer,Radivojevic,Engineer
223402,Shigeo,Masand,Senior Staff
223403,Stepehn,Engelmann,Engineer
223406,Gift,Yoshimura,Senior Engineer
223407,Susuma,Rande,Senior Staff
223408,Paddy,Bardell,Senior Staff
223413,Jingling,Gist,Engineer
223418,Moni,Markovitch,Senior Staff
223419,Kien,Maierhofer,Staff
223422,Aiichiro,Seghrouchni,Engineer
223423,Supot,Rullman,Staff
223425,Billur,Weedon,Senior Staff
223427,Sandeepan,Bisiani,Senior Engineer
223428,Zhiguo,Oskamp,Senior Staff
223431,Weicheng,Billingsley,Senior Staff
223433,Theirry,Schneeberger,Technique Leader
223440,Hinrich,Gewali,Senior Engineer
223442,Adam,Alpin,Staff
223443,JoAnna,Birke,Senior Engineer
223444,Martine,Masaki,Senior Staff
223447,Kasidit,Birsak,Engineer
223450,Teunis,Albarhamtoshy,Senior Engineer
223453,Garnik,Ananiadou,Senior Engineer
223456,Stabislas,Stassinopoulos,Senior Engineer
223460,Kolar,Peac,Staff
223461,Manibrata,Kusalik,Senior Staff
223476,Carrsten,Avouris,Senior Staff
223478,Renny,Luef,Senior Engineer
223483,Nahla,Danley,Senior Staff
223485,Hideo,Ghazalie,Senior Staff
223486,Mang,England,Senior Staff
223491,Diederik,Snyers,Senior Engineer
223493,Maja,Frolund,Senior Engineer
223501,Gennady,Cappelletti,Senior Staff
223505,Moss,Czaja,Engineer
223509,Haldon,Osgood,Senior Engineer
223513,Minghong,Gornas,Senior Staff
223514,Arra,Alvarado,Engineer
223520,Sudharsan,Murtagh,Senior Staff
223525,Toong,Kropf,Senior Staff
223526,Tommaso,Anily,Senior Engineer
223529,Luisa,Cusworth,Engineer
223530,Candido,Marquardt,Assistant Engineer
223536,Reuven,Tiemann,Senior Engineer
223539,Samphel,Kamber,Senior Engineer
223540,Spyrose,Awdeh,Senior Staff
223543,Basil,Peres,Senior Engineer
223547,Gaetan,Heijenga,Senior Engineer
223548,Haldun,Yetim,Engineer
223550,Seongbae,McFarlan,Senior Staff
223555,Ortrun,Verhaegen,Senior Staff
223557,Nishit,Polajnar,Senior Staff
223559,Claude,Bresenham,Senior Staff
223565,Ymte,Waleschkowski,Senior Engineer
223567,Kwun,Beilner,Senior Staff
223568,Bernice,Perna,Assistant Engineer
223572,Tze,Clemencon,Senior Staff
223574,Luigi,Blokdijk,Staff
223575,Gad,Versino,Engineer
223578,Krisda,Montresor,Senior Engineer
223581,Luise,Skrikant,Senior Staff
223589,Deniz,Khalil,Senior Engineer
223591,Chenyi,Henseler,Senior Engineer
223594,Janalee,Acton,Senior Engineer
223596,Shimshon,Bhattacharjee,Staff
223600,Evgueni,Bernardeschi,Engineer
223603,Hitomi,Unni,Engineer
223605,Khue,Iivonen,Assistant Engineer
223615,Kousuke,Conde,Staff
223619,Uwe,Orlowski,Senior Staff
223620,Kazuyasu,Marshall,Senior Engineer
223624,Mokhtar,Cyre,Senior Engineer
223630,Berry,Ozery,Assistant Engineer
223635,Toshimori,Gecsel,Senior Engineer
223641,Godehard,Kusakari,Staff
223642,Wojceich,Quaggetto,Staff
223645,Tomokazu,Shumilov,Senior Staff
223647,Vugranam,Navazio,Engineer
223652,Amalendu,Vidya,Senior Engineer
223653,Arto,Luft,Senior Engineer
223655,Neelam,Butner,Senior Engineer
223656,Eishiro,Oskamp,Senior Staff
223657,Kazuhide,Luca,Technique Leader
223659,Mariangiola,Azadmanesh,Staff
223670,Erez,Chinin,Senior Engineer
223672,Ibibia,Deville,Senior Staff
223674,Rayond,Eldridge,Senior Engineer
223675,Dulce,Zedlitz,Technique Leader
223678,Wanqing,Iisaka,Senior Staff
223683,Bokyung,Rebaine,Engineer
223684,Temple,Flasterstein,Senior Staff
223689,Marit,Roccetti,Staff
223703,Kokou,Bottner,Senior Staff
223708,Kamran,Begiun,Staff
223711,Moti,Peroz,Senior Engineer
223729,Nahla,Mitchem,Senior Engineer
223730,Roded,Valette,Engineer
223731,Tsutomu,Restivo,Senior Engineer
223732,Bowen,Perng,Senior Staff
223742,Arlette,Salvesen,Technique Leader
223745,Jenwei,Jeansoulin,Senior Staff
223748,Uwe,Knightly,Senior Staff
223750,Shaibal,Dayana,Senior Staff
223758,Hatem,Isaak,Senior Engineer
223768,Mani,Stifter,Senior Staff
223770,Jayesh,Perry,Staff
223775,Juyoung,Ranta,Staff
223777,Leen,Genin,Senior Staff
223779,Jianhao,Ghalwash,Staff
223786,Emdad,Ibel,Staff
223787,Bader,Syang,Senior Engineer
223788,Jinya,Olivero,Senior Engineer
223790,Aron,Rubsam,Senior Staff
223793,Naftali,Baaz,Staff
223809,Mahendra,Wuwongse,Senior Staff
223812,Reuven,Perl,Technique Leader
223822,Remco,Geffroy,Staff
223823,Nishit,Beznosov,Senior Engineer
223827,Bernice,Driscoll,Technique Leader
223830,Huican,Biros,Senior Engineer
223834,Cordelia,Crooks,Technique Leader
223838,Aiichiro,Meszaros,Engineer
223842,Shushma,Braccini,Senior Staff
223844,Mariangiola,Masamoto,Staff
223845,Ayonca,Rijckaert,Senior Engineer
223849,Subir,Delgrange,Staff
223850,Mamdouh,Rossi,Engineer
223856,Anestis,Vidya,Senior Engineer
223860,Peer,Attimonelli,Engineer
223865,Tayeb,Auyong,Senior Staff
223868,Mariusz,Papadias,Senior Engineer
223869,Udaiprakash,Woycyznski,Senior Engineer
223870,Youssef,Kobara,Engineer
223872,Supot,Penttonen,Senior Staff
223873,Marsal,Beeson,Senior Engineer
223874,Giao,Pauthner,Senior Staff
223877,Martine,Gomatam,Senior Staff
223881,Padma,Junot,Senior Staff
223882,Alejandra,Murillo,Senior Engineer
223883,Phillip,Peek,Senior Engineer
223885,Subhash,Chorvat,Staff
223886,Alassane,Delaune,Engineer
223888,Gino,Stentiford,Senior Staff
223891,Boalin,Kropp,Senior Engineer
223892,Abdulah,Birch,Senior Staff
223899,Fumiko,Felder,Senior Engineer
223907,Bernt,Aseltine,Technique Leader
223910,Sverrir,Peltason,Senior Staff
223912,Hauke,Tchuente,Engineer
223921,Gila,Figueira,Engineer
223926,Przemyslawa,Mattern,Senior Staff
223927,Bernice,Furudate,Senior Engineer
223928,Arlette,Roisin,Senior Staff
223930,Toshimitsu,Fujisawa,Senior Engineer
223933,Fuqing,Kakkar,Staff
223934,Lihong,Yurek,Senior Engineer
223937,Heekeun,Schoegge,Senior Engineer
223941,Takanari,Deyuan,Engineer
223942,Elgin,Plessier,Senior Engineer
223955,Erzsebet,Raoux,Engineer
223956,Shirish,Atchley,Senior Staff
223964,Yefim,Rouquie,Staff
223967,Hiroyasu,Cmelik,Staff
223970,Marjo,Jansen,Senior Engineer
223971,Mikhail,Bisiani,Engineer
223972,Phillip,Peng,Senior Staff
223975,Yongmin,Kusakabe,Senior Engineer
223976,Suzette,Stanfel,Staff
223977,Greger,Rossi,Senior Staff
223981,Christoph,Cheshire,Senior Staff
223987,Wayne,Lorch,Senior Engineer
223991,Khoa,Weedman,Senior Engineer
223995,Hyuckchul,Beilner,Engineer
223997,Tru,Baez,Senior Engineer
223998,Georg,Skogmar,Senior Engineer
224000,Christfried,Kowalchuk,Staff
224002,Gaurav,Barinka,Engineer
224004,Sastry,Ballarin,Senior Engineer
224006,Mohamadou,Monarch,Senior Staff
224010,Sigeru,Dayana,Senior Staff
224011,Thodoros,Waschkowski,Assistant Engineer
224014,Perry,Beetstra,Senior Engineer
224026,Hercules,Prampolini,Senior Staff
224027,Val,Unni,Senior Engineer
224030,Atreyi,Sommen,Senior Staff
224032,Reinhard,Bael,Senior Engineer
224034,Fun,Bugaenko,Engineer
224035,Inderjeet,Picaronny,Senior Staff
224037,Sham,Sidhu,Staff
224041,Jeanne,Szmurlo,Engineer
224042,Juyoung,Gajiwala,Senior Engineer
224044,Ingemar,Mitchem,Senior Engineer
224046,Fusako,Herber,Engineer
224047,Zhigen,Perl,Staff
224051,Mark,Syrzycki,Senior Engineer
224062,Boutros,Makinen,Senior Staff
224066,Berhard,Teitelbaum,Senior Engineer
224067,Lene,Ruther,Senior Staff
224070,Chrisa,Krzyzanowski,Senior Staff
224071,Feipei,Chachaty,Senior Engineer
224072,Sven,Zykh,Engineer
224075,Sanjiv,Trelles,Senior Staff
224077,Hirochika,Litvinov,Senior Staff
224080,Gennady,Encarnacion,Senior Staff
224082,Serap,Thebaut,Senior Engineer
224085,Uri,Klerer,Senior Engineer
224090,Hironobu,Slobodova,Staff
224099,Siddarth,Isard,Senior Staff
224102,Lokesh,Hoogerwoord,Senior Staff
224108,Fumiyo,Schiper,Staff
224111,Naftali,Dulay,Senior Engineer
224113,Tsuneo,Plesums,Senior Engineer
224117,Weiru,Khasidashvili,Senior Staff
224119,Morrie,Terwilliger,Senior Staff
224121,Halsur,Lunt,Senior Staff
224127,Eberhardt,Grandbois,Senior Engineer
224133,Ziya,Lindenbaum,Senior Engineer
224139,Sachem,Heuter,Senior Engineer
224141,Pranjal,Chenoweth,Senior Engineer
224142,Zhiguo,McClure,Senior Engineer
224143,Barun,Waterhouse,Engineer
224147,Subhash,Naudin,Senior Engineer
224148,Valdiodio,Pardalos,Engineer
224153,Alain,Karlin,Staff
224162,Munenori,Olano,Senior Staff
224164,Taisook,Driscoll,Senior Staff
224166,Mary,Baaz,Senior Engineer
224168,Hongzue,Buescher,Senior Engineer
224169,Guther,Zirintsis,Staff
224171,Chaitali,Ramamoorthy,Senior Staff
224172,Fei,Vingron,Senior Staff
224179,Soenke,Puoti,Senior Staff
224180,Goncalo,Hartvigsen,Senior Staff
224181,Sadun,Zongker,Senior Engineer
224184,Marek,Sidje,Staff
224185,King,Nitta,Senior Staff
224189,Alassane,Litzkow,Engineer
224195,Keiichiro,Gonthier,Senior Staff
224197,Murthy,Neiman,Senior Staff
224199,Ohad,Staudhammer,Senior Engineer
224203,Torsten,Ramras,Senior Engineer
224206,Bilhanan,Ciolek,Senior Staff
224207,Youssef,Khalil,Technique Leader
224211,Amstein,Schreiter,Senior Engineer
224214,Alassane,Mateescu,Engineer
224216,Alper,Trumbly,Engineer
224219,Murthy,Knightly,Senior Engineer
224222,Sumant,Thorensen,Senior Staff
224224,Heather,Zweizig,Senior Engineer
224231,IEEE,Tsukune,Senior Staff
224234,Maha,Slobodova,Senior Engineer
224245,Tuval,Vecchi,Staff
224246,Shridhar,Rettelbach,Senior Engineer
224249,Herb,Setia,Senior Engineer
224250,Reuven,Birke,Staff
224251,Kensei,Juneja,Technique Leader
224253,Conal,Monkewich,Senior Staff
224254,Jeane,Ratnaker,Engineer
224255,Hatem,Pews,Staff
224260,Bedir,Bratten,Engineer
224264,Weiwu,Lorch,Senior Engineer
224269,Makato,Kornatzky,Senior Staff
224273,Rasiah,Baezner,Senior Engineer
224279,Weidon,Albarhamtoshy,Senior Staff
224284,Samphel,Aingworth,Engineer
224285,Nigel,Erman,Staff
224286,Kiyotoshi,Zongker,Engineer
224288,Kazunori,Meriste,Senior Engineer
224290,Shih,Fraisse,Staff
224291,Christophe,Rosca,Senior Engineer
224293,Xiaoqiang,Shackell,Staff
224294,Shmuel,Tyugu,Senior Staff
224305,Jaideep,Baer,Staff
224309,Valeri,Shackell,Senior Engineer
224310,Mayumi,Marzano,Engineer
224313,Dipayan,Baer,Staff
224317,Felicidad,Broomell,Senior Staff
224319,Mona,Middleton,Senior Staff
224320,Yucai,Loncour,Senior Engineer
224321,Shooichi,Ritcey,Senior Engineer
224322,Saddek,Feldmann,Technique Leader
224333,Marjo,DeMori,Engineer
224343,Dulce,Thorelli,Engineer
224346,Sashi,Erie,Engineer
224349,Pranay,Genther,Assistant Engineer
224351,Zongyan,Oehlmann,Engineer
224352,Adin,Talmor,Staff
224353,Jenwei,Versino,Technique Leader
224354,Shounak,Bugrara,Engineer
224356,Giri,Tischendorf,Senior Staff
224357,Isamu,Koblick,Senior Engineer
224358,Claude,Matzke,Senior Staff
224362,Weicheng,Vanwelkenhuysen,Senior Engineer
224364,Jouko,Nitto,Senior Staff
224368,Aksel,Ventosa,Senior Staff
224371,Shooichi,Flasterstein,Senior Staff
224373,Michaela,Goodrum,Senior Engineer
224375,Zhilian,Bain,Senior Staff
224378,Selwyn,Gips,Senior Engineer
224379,Susanta,Tyugu,Senior Staff
224384,Mamdouh,Gunderson,Senior Engineer
224385,Susanna,Kilgour,Senior Engineer
224386,Yucai,Bhattacharjee,Senior Engineer
224387,Sajjan,Emiris,Senior Engineer
224394,Isaac,Sanella,Senior Staff
224395,Yannik,Wilfing,Senior Staff
224398,Duangkaew,Perly,Senior Engineer
224408,Sorina,Decaestecker,Senior Staff
224410,Mara,Polajnar,Senior Engineer
224412,Arch,Gelosh,Staff
224414,Stepehn,Papsdorf,Engineer
224422,Jianhao,Mungall,Senior Staff
224430,Hidefumi,Siprelle,Senior Staff
224431,Xiadong,Bruckman,Senior Staff
224437,Aruna,Juneja,Senior Engineer
224442,Hirochika,Ozery,Senior Engineer
224446,Angel,Panienski,Engineer
224450,Sukumar,Ferretti,Senior Engineer
224456,Kwok,Stasinski,Senior Staff
224460,Danai,Dayana,Senior Engineer
224461,Zhonghua,Osgood,Senior Staff
224464,Suebskul,Restivo,Senior Staff
224466,Sanjay,Salinas,Engineer
224467,Gad,Miyakawa,Senior Engineer
224472,Marla,Birta,Assistant Engineer
224475,Xiadong,Fetvedt,Staff
224478,Yannik,Lukaszewicz,Senior Staff
224480,Martien,Petersohn,Senior Engineer
224481,Lalit,Isaac,Senior Staff
224488,Soenke,Hennebert,Senior Engineer
224491,Masako,Schahn,Senior Staff
224497,Yechiam,Range,Engineer
224498,Mary,Khalil,Senior Staff
224502,Ymte,Lemarechal,Senior Engineer
224504,Shigeu,Heuter,Senior Engineer
224505,Shuji,Stanger,Senior Staff
224511,Elzbieta,Einsfeld,Senior Engineer
224516,Kazuhito,Schlenzig,Engineer
224520,Honesty,Dehkordi,Staff
224526,Haldun,Uehara,Senior Staff
224527,Greger,Schwartzburd,Technique Leader
224533,Matk,Coombs,Senior Engineer
224536,Lalit,Kilgore,Senior Engineer
224538,Danny,Hellwagner,Assistant Engineer
224544,Margo,Businaro,Senior Staff
224553,Dung,Ibel,Senior Engineer
224562,Panayotis,Wissmann,Engineer
224564,Hinrich,Merkl,Senior Engineer
224565,Khoa,Demos,Senior Staff
224568,Nidapan,Bahi,Staff
224570,Tamiya,Riesenhuber,Senior Staff
224576,Dung,Rahier,Senior Staff
224582,Xudong,Ruemmler,Engineer
224584,Utpal,Emmerich,Senior Staff
224585,Greger,Rehfuss,Senior Engineer
224587,Monique,Geffroy,Senior Engineer
224588,Mitchel,Sundgren,Staff
224590,Wilmer,Vural,Senior Staff
224591,Eric,Tagansky,Engineer
224593,Jacopo,Cronin,Staff
224595,Menkae,Langford,Senior Engineer
224597,Dipayan,Genther,Senior Staff
224606,Arlette,Zhang,Senior Engineer
224612,Marsha,Munck,Senior Staff
224613,Alassane,Fontan,Staff
224622,Tetsurou,Lipner,Senior Engineer
224627,Toshimo,Luga,Senior Staff
224630,Bowen,Shobatake,Senior Engineer
224646,Chenyi,Bratten,Staff
224647,Kristinn,Onuegbe,Engineer
224649,Amstein,Heering,Senior Staff
224651,Douadi,Rosenbaum,Senior Staff
224658,Zhenbing,Ferretti,Staff
224664,Jaroslava,Peir,Senior Staff
224665,Lobel,Castellani,Senior Staff
224668,Bernd,Coors,Senior Engineer
224669,Subhash,Hashii,Senior Staff
224675,Barna,Cappello,Senior Engineer
224676,Souichi,Cesareni,Senior Staff
224679,Mats,Simmel,Staff
224680,Beshir,Liedekerke,Senior Staff
224681,Mrinalini,Baba,Senior Staff
224683,Etsuo,Landherr,Staff
224687,Uzi,Heemskerk,Senior Staff
224690,Jaroslava,Restivo,Senior Staff
224692,Candida,Perng,Senior Staff
224694,Arfst,Collette,Senior Staff
224699,Charlene,Ponthieu,Senior Engineer
224701,Keung,Vakili,Senior Engineer
224708,Eben,Flasterstein,Senior Staff
224715,Hironobu,Slutz,Senior Staff
224723,Guadalupe,Alpay,Engineer
224724,Gretta,Wroclawski,Senior Engineer
224726,Shuzo,Rassart,Senior Engineer
224728,Atreye,Casley,Senior Staff
224737,Yurij,Shokrollahi,Engineer
224738,Charlene,Rodier,Engineer
224748,Richara,Simmel,Engineer
224750,Tonia,Passino,Senior Engineer
224755,Xumin,Heping,Senior Engineer
224756,Jiafu,Chepyzhov,Senior Staff
224758,Subhash,Ratnakar,Engineer
224764,Utpal,Nastansky,Engineer
224772,Taiji,Hitomi,Senior Engineer
224776,Thanasis,Salinas,Senior Staff
224781,Rosli,Soloway,Technique Leader
224783,Valter,Farris,Engineer
224785,Yaghout,Beetstra,Senior Staff
224791,Jenwei,Besancenot,Senior Engineer
224792,Tomofumi,Strehl,Staff
224795,Chaitali,Shokrollahi,Senior Staff
224796,Fayez,Nicolson,Staff
224797,Shuji,Rodiger,Senior Staff
224799,Maren,Birnbaum,Engineer
224810,Muneo,Cappello,Staff
224818,Zhensheng,Rosis,Senior Staff
224820,Shalesh,Plesums,Senior Staff
224822,Lobel,Alpin,Senior Staff
224824,Leaf,Zedlitz,Senior Staff
224827,Martins,Ventosa,Senior Staff
224828,Zhigen,Versino,Senior Engineer
224830,Hongzhu,Serna,Staff
224831,Arunas,Ermel,Senior Staff
224832,Rimli,Coombs,Engineer
224835,Manu,Kaltofen,Senior Engineer
224837,Yahiko,Ambroszkiewicz,Senior Engineer
224839,Patricio,Luke,Technique Leader
224843,Janalee,Openshaw,Senior Staff
224845,IEEE,Miyakawa,Staff
224847,Mahendra,Muniz,Senior Engineer
224848,LiMin,Waterhouse,Senior Engineer
224849,Mitchel,Setia,Senior Staff
224850,Edwin,Wroclawski,Senior Staff
224853,Djelloul,Randi,Senior Engineer
224859,Emdad,Ramalingam,Senior Staff
224871,Fumitaka,Conry,Senior Staff
224875,Yongmao,Gewali,Senior Staff
224880,Angus,Ramsay,Technique Leader
224883,Krassimir,Curless,Engineer
224885,Hercules,Matheson,Senior Staff
224886,Moheb,Honiden,Senior Staff
224897,Gor,Verhoeff,Senior Staff
224899,Taisook,Taubman,Technique Leader
224901,Naftali,Pero,Senior Engineer
224904,Danny,Jakobus,Staff
224907,Holgard,Matzke,Senior Staff
224914,Maria,Luft,Senior Engineer
224917,Danae,Pollock,Senior Engineer
224919,Tesuya,Anido,Staff
224920,Xiaocheng,Sigstam,Senior Engineer
224923,Berry,Peek,Senior Engineer
224924,Tua,Masand,Senior Engineer
224927,Conrado,Serna,Senior Staff
224932,Zhiguo,Rodier,Senior Engineer
224933,Yurij,Krychniak,Senior Engineer
224937,Demin,Solovay,Senior Engineer
224942,Dayanand,Swab,Engineer
224943,Ranga,Greenaway,Engineer
224951,Susanna,Hartvigsen,Senior Engineer
224956,Macha,Uhrik,Senior Staff
224959,Guoxiang,Swen,Senior Staff
224960,Yechiam,Soicher,Staff
224973,Steve,Gire,Engineer
224976,Jinya,Biran,Engineer
224980,Luisa,Beilner,Engineer
224981,Jenwei,Tiemann,Senior Staff
224983,Deniz,Makrucki,Staff
224984,Aimee,Borovoy,Senior Staff
224986,Jiafu,Luft,Senior Engineer
224988,Claude,Steinauer,Engineer
224989,Conor,Preusig,Staff
224991,Harngdar,Birrer,Engineer
224994,Berni,Kossowski,Senior Engineer
224995,Chikara,Kadhim,Senior Engineer
224996,Shan,Awdeh,Engineer
224997,Sailaja,Coors,Technique Leader
224998,Alain,Katzenelson,Senior Engineer
225001,Shigeo,Munck,Staff
225003,Oscar,Ulupinar,Assistant Engineer
225004,Masaki,Luders,Staff
225009,Chuanti,Rouquie,Senior Engineer
225012,Shigeo,Kilgour,Engineer
225017,Goh,Bruckman,Senior Staff
225022,Ortrud,Rodier,Staff
225026,Hatem,Montemayor,Technique Leader
225030,Leszek,Spell,Staff
225032,Shuichi,Pashtan,Engineer
225033,Naraig,Camurati,Senior Engineer
225036,Khalil,Reeker,Senior Engineer
225037,Uzi,Karnin,Senior Staff
225038,Hilary,Borstler,Senior Engineer
225041,Phuoc,Hennings,Staff
225054,Zdislav,Imataki,Senior Staff
225056,Charlene,Ushiama,Engineer
225059,Tuval,Vernadat,Senior Engineer
225061,Oguz,Stille,Senior Engineer
225067,Rance,Danlos,Senior Engineer
225069,Armond,Manderick,Engineer
225080,Thodoros,Skogmar,Senior Engineer
225085,Niclas,Mungall,Senior Engineer
225086,Chirstian,Falby,Technique Leader
225087,Ashish,Argence,Engineer
225088,Yinghua,Junet,Senior Staff
225090,Reinhard,Beetstra,Senior Engineer
225093,Volkmar,Tsunoo,Engineer
225094,Serge,Masada,Staff
225105,Palash,Hempstead,Senior Staff
225106,Guangming,Preusig,Staff
225108,Gil,Shumilov,Staff
225109,Toshimitsu,Silva,Staff
225113,Murthy,Pappas,Technique Leader
225114,Arlette,Stenning,Engineer
225116,Josyula,Uhrig,Engineer
225121,Kwan,Kornatzky,Senior Staff
225123,Makato,Gide,Technique Leader
225124,Szabolcs,Stassinopoulos,Engineer
225125,Masato,Carrere,Senior Engineer
225128,Raimond,Leivant,Engineer
225129,Mary,Zaumen,Senior Engineer
225135,Ronnie,Panangaden,Senior Staff
225137,Mototsugu,Schwartzbauer,Technique Leader
225146,Gill,Choobineh,Senior Engineer
225152,Shuichi,Trystram,Senior Engineer
225158,Siddarth,Shrader,Engineer
225170,Kersti,Waschkowski,Senior Engineer
225179,Domenick,Sridhar,Senior Engineer
225185,Xuejia,Thiria,Senior Engineer
225186,Sachin,Lipner,Senior Engineer
225188,Honglan,Malabarba,Senior Staff
225198,Zhongwei,Plavsic,Technique Leader
225203,Aris,Frezza,Senior Engineer
225206,Berhard,Eastman,Senior Engineer
225209,Shuji,Eickenmeyer,Staff
225211,Barry,Krichel,Senior Staff
225215,Parke,Farrar,Senior Engineer
225223,Nigel,Bhattacharjee,Assistant Engineer
225230,Berthier,Montresor,Senior Engineer
225231,Ibibia,Marakhovsky,Senior Engineer
225242,Ute,Weiland,Technique Leader
225249,Tadahiro,Chimia,Engineer
225251,Froduald,Rosaz,Engineer
225253,Uinam,Swiss,Senior Engineer
225254,Sanjoy,Tzvieli,Senior Staff
225255,Dharmaraja,Shumilov,Senior Staff
225262,Eishiro,Gulla,Senior Engineer
225265,Hatem,Merel,Engineer
225270,Kwun,Gerlach,Senior Engineer
225272,Ramzi,Remmele,Senior Engineer
225275,Baocai,Ishibashi,Staff
225277,Hercules,Harbusch,Assistant Engineer
225280,Perry,Miara,Senior Staff
225283,Toshimori,Simmen,Senior Staff
225285,Shalesh,Gien,Technique Leader
225287,Ronnie,Decleir,Staff
225289,Zdislav,Perl,Senior Engineer
225290,Hidekazu,Vecchi,Senior Engineer
225291,Arco,Dusink,Senior Engineer
225292,Baoqiu,Panwar,Senior Engineer
225293,Mabhin,Schwaller,Engineer
225299,Yongqiao,Moffat,Engineer
225300,Bezalel,Nyanchama,Engineer
225301,Huican,Collavizza,Senior Staff
225303,Greger,Murthy,Staff
225306,Wonhee,Pagter,Senior Staff
225307,Shiv,Angel,Senior Staff
225310,Clyde,Dusink,Staff
225313,Luisa,Eiron,Senior Engineer
225314,Munir,Bauknecht,Staff
225315,Piyawadee,Choobineh,Engineer
225320,Leaf,Baalen,Engineer
225323,Morrie,Sidhu,Senior Staff
225324,Quingbo,Oppitz,Senior Staff
225327,Vishwani,Kalloufi,Senior Staff
225329,Christfried,Rathonyi,Senior Engineer
225330,Nishit,Zaiane,Senior Engineer
225335,Nikolaos,Paludetto,Staff
225341,Aemilian,Birch,Staff
225347,Manohar,Christianini,Engineer
225348,Byong,Puppe,Staff
225349,Panayotis,Mahmud,Senior Engineer
225357,Perry,Papastamatiou,Senior Engineer
225363,Adamantios,Cullers,Senior Staff
225364,Souichi,Merle,Technique Leader
225366,Doohun,Loncour,Engineer
225370,Kensei,Jiafu,Technique Leader
225373,Danel,Rodite,Senior Engineer
225375,Weiye,Gips,Senior Staff
225378,Chinya,Copas,Engineer
225382,Eldridge,Renear,Senior Engineer
225385,Danny,Kranzdorf,Senior Staff
225387,Shem,Braunschweig,Senior Engineer
225390,Mechthild,Middleton,Senior Staff
225391,Amstein,Zolotykh,Staff
225395,Feipei,Talmon,Senior Engineer
225418,Stepehn,Boyle,Technique Leader
225426,Zhenbing,Ibel,Senior Staff
225433,Jeong,VanScheik,Senior Staff
225439,Gian,Koblick,Technique Leader
225444,Masanao,Vural,Technique Leader
225445,Toshiko,Lieblein,Engineer
225446,Masako,Poupard,Senior Staff
225450,Jiann,Famili,Senior Engineer
225453,Huan,Rothenberg,Engineer
225454,Shem,Baumann,Senior Engineer
225455,Eldridge,Papadias,Technique Leader
225457,Remmert,Duclos,Senior Staff
225459,Jungsoon,Vickson,Senior Engineer
225463,Temple,Masada,Staff
225464,Tetsurou,Vieth,Engineer
225465,Sanjiv,Zeidenstein,Engineer
225468,Vasilii,Munawer,Senior Staff
225469,Mountaz,Heering,Senior Engineer
225473,Fumitake,Perelgut,Staff
225475,Mong,Silva,Staff
225480,Sorina,Gimarc,Senior Staff
225488,Martijn,Vieri,Senior Staff
225489,Ashish,Levergood,Senior Engineer
225490,Tokuyasu,Brattka,Senior Engineer
225492,Guangming,Deville,Senior Staff
225503,Kayoko,Kropf,Senior Engineer
225505,Duke,Avouris,Engineer
225506,Kristina,Nitta,Staff
225509,Rajmohan,Leaver,Senior Engineer
225515,Jenwei,Herber,Senior Staff
225516,Pradeep,Stifter,Senior Staff
225518,Owen,Zyda,Senior Staff
225520,Hironoby,Matteis,Engineer
225521,Kristinn,Shackel,Senior Engineer
225524,Kaijung,Kalefeld,Engineer
225533,Feiyu,Oehlmann,Senior Staff
225541,Baruch,Brodal,Senior Engineer
225542,Xudong,Tsunoo,Staff
225546,Marl,Albarhamtoshy,Senior Engineer
225550,Gil,Merro,Staff
225552,Sariel,Lalonde,Senior Engineer
225556,Kamran,Vigier,Staff
225557,Odoardo,Terlouw,Staff
225558,Manibrata,Vesel,Senior Staff
225560,Katsuo,Marquardt,Senior Engineer
225563,Randy,Auria,Senior Engineer
225571,Xinyu,Serre,Senior Staff
225573,Divier,Lupu,Staff
225575,Chirstian,Prenel,Senior Engineer
225576,Nirmal,Luft,Senior Engineer
225582,Ohad,Camurati,Senior Engineer
225587,Chenyi,Orlowska,Senior Staff
225593,Subhada,Kroll,Engineer
225594,Mariusz,Emmerich,Senior Staff
225595,Marla,Rosti,Staff
225606,Jixiang,Rosen,Staff
225610,Vishv,Morris,Technique Leader
225613,Alenka,Markovitch,Senior Engineer
225615,Zhonghui,Clouatre,Staff
225616,Doohun,Rosen,Assistant Engineer
225617,Tommaso,Pettit,Senior Staff
225618,Shuho,Duclos,Senior Staff
225619,Dulce,Bultermann,Engineer
225621,Erez,Hempstead,Senior Engineer
225623,Arunas,Taubenfeld,Staff
225624,Feipei,Matheson,Staff
225628,Tze,Pokrovskii,Technique Leader
225630,Jiann,Levasseur,Senior Staff
225636,Magy,Krybus,Engineer
225639,Behnaam,Cannard,Senior Engineer
225645,Martien,Dymetman,Senior Engineer
225647,Adly,Peir,Senior Engineer
225650,Magy,McClure,Senior Staff
225652,Along,Seiwald,Senior Engineer
225654,Rosita,Riexinger,Engineer
225655,Geoff,Pelz,Senior Staff
225658,Danai,Kakkar,Senior Staff
225661,Hairong,Baer,Senior Staff
225663,Leaf,McFarlin,Senior Engineer
225664,Mori,Sgarro,Senior Engineer
225670,Michaela,Kinley,Senior Engineer
225677,Masaki,Baby,Senior Engineer
225681,Xinglin,Guerreiro,Senior Staff
225688,Mari,Fritzsche,Senior Engineer
225693,Munehiko,Spell,Engineer
225699,Jaewoo,Menhoudj,Senior Staff
225701,Lunjin,Prenel,Senior Staff
225709,Eirik,Validov,Senior Staff
225711,Vasiliy,Steinauer,Engineer
225713,Jinxi,Maierhofer,Senior Engineer
225714,Gadiel,Dayang,Senior Engineer
225717,Ramachenga,Gihr,Senior Staff
225718,Xiadong,Etalle,Senior Engineer
225719,Kolar,Himler,Senior Engineer
225720,Morris,Ramaiah,Senior Engineer
225724,Serge,Bauknecht,Senior Engineer
225727,Khosrow,Kenevan,Engineer
225732,Huican,Kawashimo,Staff
225747,Tadahiko,Tiemann,Senior Engineer
225752,Magy,Sichman,Senior Staff
225758,Arfst,Lung,Senior Engineer
225760,Subhrajyoti,Adachi,Staff
225761,Jixiang,Muhling,Engineer
225765,Mana,Weedon,Senior Engineer
225766,Lalit,Peyn,Senior Staff
225770,Visit,Khasidashvili,Engineer
225772,Luise,Delaune,Senior Engineer
225779,Suzette,Huhdanpaa,Senior Staff
225780,Sugwoo,Ferretti,Engineer
225783,Oscar,Dahlbom,Senior Staff
225785,Takahira,Szilard,Senior Staff
225789,Kokou,Goldhammer,Senior Staff
225793,Sahrah,Iisaka,Engineer
225795,Billie,Akaboshi,Engineer
225798,Mostafa,Angot,Staff
225801,Zhaofang,Panienski,Senior Engineer
225803,Selwyn,Zirintsis,Senior Engineer
225807,Kwangyoen,Sherertz,Engineer
225810,Sreekrishna,Demizu,Senior Staff
225811,Takushi,Zallocco,Senior Engineer
225812,Feiyu,Nannarelli,Senior Engineer
225813,Khun,Fiutem,Assistant Engineer
225816,Bader,Jansen,Senior Staff
225818,Tomoyuki,Shihab,Technique Leader
225819,Arvind,Anger,Senior Staff
225820,Yefim,Rosis,Senior Staff
225829,Takahito,Peak,Engineer
225832,Chenyi,Laventhal,Engineer
225833,Shir,Negoita,Senior Staff
225834,Basem,Furudate,Staff
225840,Moti,Rodier,Senior Staff
225842,Bowen,Schmezko,Engineer
225843,Remco,Codenie,Senior Engineer
225849,Aloke,Serna,Senior Engineer
225853,Aiman,Brender,Senior Staff
225856,Arfst,Gopalakrishnan,Senior Staff
225857,Gay,Kranzdorf,Senior Staff
225860,Mart,Syang,Senior Staff
225861,Steve,Vasanthakumar,Senior Staff
225862,Remko,Schoegge,Senior Engineer
225864,Shao,Morrey,Technique Leader
225865,Nobuyoshi,Ghalwash,Senior Staff
225870,Shunichi,Peek,Senior Engineer
225871,Ronghao,Kavraki,Senior Staff
225885,Mingzeng,Simmel,Staff
225890,Alois,Oxenboll,Senior Staff
225891,Mohd,Mondadori,Senior Engineer
225896,Jouko,Improta,Senior Engineer
225899,Pradeep,Penttonen,Technique Leader
225900,Tse,Roisin,Engineer
225901,Faiza,Braunschweig,Staff
225902,Ayonca,Schusler,Staff
225904,Xiaopeng,Biran,Engineer
225905,Shih,Passino,Senior Staff
225909,Eldridge,Thisen,Senior Staff
225919,Christfried,Dayang,Senior Staff
225928,Kasturi,Huxford,Senior Staff
225931,Duke,Ranon,Staff
225938,Mani,Salinas,Senior Engineer
225941,Alenka,Angelopoulos,Senior Staff
225942,Mart,Sabnani,Engineer
225952,Venkatesan,Serre,Senior Staff
225955,Radhia,Bernini,Senior Engineer
225956,Mads,Parhami,Senior Engineer
225960,Jeane,Cullers,Senior Engineer
225965,Dhritiman,Alpay,Senior Engineer
225967,Arne,Legleitner,Engineer
225968,Domenico,Brickell,Senior Engineer
225969,Tadanori,Shackell,Assistant Engineer
225972,Miquel,Raney,Senior Staff
225977,Oscal,Bridgland,Engineer
225978,Siddarth,Piazza,Senior Staff
225979,Malu,Hoogerwoord,Senior Staff
225980,Luigi,Antonakopoulos,Senior Engineer
225981,Niclas,Hopewell,Senior Engineer
225982,Susanta,Zaiane,Senior Engineer
225992,Sverrir,Zedlitz,Senior Staff
225995,Khoa,Gniady,Senior Engineer
226002,Kaijung,Gammage,Engineer
226007,Palash,Byoun,Technique Leader
226011,Sajjad,Zirintsis,Engineer
226012,Sahrah,Katalagarianos,Senior Engineer
226015,Nechama,Fasbender,Engineer
226017,Badri,Orlowski,Senior Engineer
226019,Billie,Bellmore,Senior Staff
226024,Koldo,Cherinka,Staff
226025,Poornachandra,Reutenauer,Senior Staff
226029,Shooichi,Gluchowski,Senior Staff
226032,Sadegh,Vernadat,Senior Engineer
226035,Shaunak,Cummings,Engineer
226040,Bilhanan,Unni,Senior Staff
226041,Sachem,Kropp,Staff
226043,Rosli,Demian,Senior Engineer
226048,Bogdan,Garigliano,Senior Staff
226053,Hyuncheol,Walston,Senior Staff
226058,Bingning,Riexinger,Senior Staff
226063,Boaz,Perry,Senior Engineer
226067,Baruch,Benner,Staff
226072,Mohammed,Baalen,Engineer
226078,Ishfaq,Bach,Engineer
226079,Naraig,Badache,Senior Engineer
226080,Fabrizio,Decleir,Senior Engineer
226082,KayLiang,Huhdanpaa,Senior Engineer
226087,Bezalel,Benaini,Senior Engineer
226092,Chinho,Nyanchama,Senior Engineer
226093,Werner,Iacovou,Senior Staff
226095,Unal,Kalsbeek,Senior Staff
226096,Chuanyi,Melter,Senior Engineer
226099,Malu,Chandrasekhar,Senior Staff
226102,Georgi,Vesna,Senior Engineer
226103,Dayanand,Schrift,Technique Leader
226104,Honglan,Mullainathan,Senior Staff
226110,Shuji,Stasinski,Senior Staff
226112,Susanna,Gomatam,Senior Staff
226116,Unal,Itzigehl,Engineer
226117,Youssef,Przulj,Staff
226118,Haldon,Haraldson,Staff
226121,Vidar,Narahara,Senior Engineer
226127,Rafael,Linares,Senior Staff
226133,Bernd,Dolinsky,Engineer
226143,Nikolaos,Gire,Engineer
226144,Adib,Buchter,Senior Staff
226146,Shichao,Syrzycki,Senior Engineer
226150,Mohammed,Jansen,Senior Staff
226157,Noritoshi,Budinsky,Senior Staff
226162,Jaroslava,Esteva,Engineer
226166,Selwyn,Mapelli,Staff
226179,Hitomi,Highland,Senior Engineer
226181,Maris,Sudbeck,Senior Engineer
226185,Mansur,Bierbaum,Senior Staff
226186,Sukumar,Jahnichen,Engineer
226191,Toong,Jakobus,Senior Staff
226193,Hisao,Pelz,Senior Staff
226204,Kotesh,Bach,Staff
226209,Subbu,Benzaken,Engineer
226210,Ghassan,Melton,Engineer
226213,Leucio,Bodoff,Engineer
226219,Mitsuyuki,Kobara,Staff
226223,Atreye,Zobel,Senior Engineer
226226,Zijian,Fritzsche,Senior Engineer
226231,Heekeun,Raoux,Senior Engineer
226234,Sanjit,Nishimukai,Senior Engineer
226236,Uno,Meszaros,Senior Staff
226244,Venkatesan,Deyuan,Staff
226247,Christfried,Kobara,Engineer
226251,Hongzhu,Fargier,Engineer
226260,Munenori,Conde,Staff
226261,Pintsang,Binkley,Staff
226263,Rajmohan,Attimonelli,Staff
226269,Collette,Zhiwei,Senior Staff
226270,Uwe,Honiden,Staff
226272,Vidya,Hashii,Senior Staff
226273,Peer,Raoux,Senior Engineer
226275,Alain,Katiyar,Senior Engineer
226278,Waiman,Aseltine,Staff
226280,Toong,Horswill,Senior Staff
226281,Doowon,Kragelund,Senior Engineer
226282,Emdad,Krzyzanowski,Senior Staff
226286,Krister,Peris,Engineer
226296,Jahangir,Pavlopoulou,Senior Staff
226299,Reuven,McDermid,Senior Engineer
226301,Almudena,Ecklund,Senior Staff
226302,Danae,Braunmuhl,Senior Engineer
226304,Zeljko,Reghbati,Assistant Engineer
226307,Marin,Lorch,Senior Engineer
226309,Youngkon,Portugali,Senior Engineer
226310,Shaunak,DiGiano,Senior Engineer
226313,Aiichiro,Christ,Senior Staff
226322,Kiyotoshi,Kriebel,Assistant Engineer
226325,Leni,Avouris,Senior Staff
226328,Zeydy,Boudaillier,Senior Staff
226335,Prasadram,Noriega,Senior Engineer
226337,Marie,Greenaway,Senior Engineer
226338,Ramya,Pollacia,Staff
226339,Kokou,Piveteau,Senior Engineer
226340,Giao,Nitsch,Senior Staff
226351,Rosella,Fordan,Senior Staff
226354,Pranay,Kuhnemann,Staff
226356,Heeju,Stellhorn,Senior Engineer
226358,Honglan,Ramsay,Senior Staff
226359,Chiranjit,Gihr,Staff
226365,Siddarth,Larfeldt,Senior Staff
226367,Ung,Munro,Senior Staff
226369,Kensei,Heping,Senior Staff
226371,Kasidit,Murtagh,Technique Leader
226377,Chanjung,Conde,Senior Engineer
226378,Mack,Brobst,Engineer
226380,Zhonghui,Wrigley,Senior Engineer
226382,Moss,Khasidashvili,Senior Staff
226384,Hausi,Makinen,Senior Staff
226385,Xiaoshan,Broomell,Senior Engineer
226387,Inderjeet,Eterovic,Senior Staff
226392,Arno,Famili,Senior Engineer
226395,Tamiya,Axelband,Technique Leader
226396,Naftaly,Picht,Senior Engineer
226398,Girolamo,Copas,Senior Engineer
226402,Munehiro,Schapire,Engineer
226406,Moty,Pocchiola,Senior Staff
226410,Gio,Sifakis,Senior Engineer
226414,Chirstian,Wursthorn,Senior Engineer
226421,Tsz,Motley,Assistant Engineer
226423,Geoffrey,Vakili,Engineer
226424,Siddarth,Constantine,Technique Leader
226425,Chiradeep,Nergos,Senior Staff
226431,Alassane,Budinsky,Senior Engineer
226432,Greger,Maksimenko,Senior Engineer
226435,Radhika,Llado,Senior Engineer
226438,Subhada,Kambil,Senior Staff
226441,Juichirou,Fujisawa,Senior Staff
226444,Piyush,Kinley,Staff
226446,Pintsang,Pillow,Engineer
226451,Elvis,Cmelik,Senior Staff
226452,Patricio,Stellhorn,Senior Engineer
226453,Saniya,Leonhardt,Engineer
226456,Phule,Kabayashi,Senior Engineer
226458,Lenore,Kruskal,Staff
226459,Charlene,Maraist,Staff
226461,Katsuo,Acton,Senior Engineer
226462,Lucien,Maliniak,Engineer
226463,Marc,Michaeli,Senior Engineer
226466,Atilio,Baek,Senior Staff
226467,Radhia,Butterworth,Senior Engineer
226468,Mooi,Asmuth,Senior Staff
226471,JoAnna,Stroustrup,Senior Staff
226474,Niclas,Lamma,Engineer
226477,Juichirou,Butterworth,Staff
226479,Mihalis,Uludag,Assistant Engineer
226480,Leszek,Kusalik,Senior Staff
226484,Xiaoqiu,Daescu,Senior Staff
226486,Hinrich,Rotem,Senior Staff
226494,Sanjit,Kohling,Senior Engineer
226497,Ravishankar,Malinowski,Technique Leader
226501,Yolla,Eastman,Senior Staff
226504,Guangming,Alencar,Senior Engineer
226507,Ayakannu,Thimonier,Senior Engineer
226515,Premal,Fandrianto,Engineer
226523,Clyde,Mungall,Senior Staff
226526,Lobel,Fiutem,Senior Engineer
226529,Padma,Lamparter,Senior Staff
226537,Chriss,Codenie,Engineer
226542,Masadi,Baer,Senior Engineer
226544,Karoline,Weedman,Engineer
226545,Chuanti,Cesareni,Technique Leader
226554,Pragnesh,Busillo,Senior Staff
226563,Minghong,Tsukune,Engineer
226566,Giao,Pavlopoulou,Senior Engineer
226568,Deniz,Frezza,Senior Staff
226569,Sibyl,Maksimenko,Technique Leader
226573,Nathan,Penn,Senior Engineer
226574,Hatem,Coors,Senior Staff
226580,Bangqing,Melton,Engineer
226581,Baoqiu,Nannarelli,Senior Engineer
226582,Reinhard,Serre,Senior Staff
226587,Serap,Mitina,Senior Staff
226589,Subhash,Jording,Engineer
226592,Chenxi,Radhakrishnan,Senior Engineer
226596,Sreekrishna,Dulli,Engineer
226598,Sasan,Shigei,Staff
226601,Faiza,Strehl,Senior Engineer
226603,Spyrose,Pokrovskii,Senior Staff
226607,Qunsheng,Streng,Engineer
226609,Theirry,Famili,Engineer
226611,Kersti,Nourani,Senior Engineer
226613,Hisao,Apsitis,Senior Engineer
226614,Valery,Fargier,Senior Engineer
226615,Gadiel,Nanard,Engineer
226616,Zine,Unno,Senior Engineer
226619,Masanao,Strandh,Senior Staff
226624,Volkmar,Gurbaxani,Staff
226627,Hilari,Serdy,Senior Staff
226628,Nishit,Matteis,Senior Engineer
226629,Nakhoon,Itzfeldt,Staff
226631,Harngdar,Jeansoulin,Staff
226635,Arve,Kalloufi,Engineer
226643,Hauke,Marshall,Senior Engineer
226648,Maris,Koshiba,Staff
226654,Zengping,Rehfuss,Senior Engineer
226661,Kannan,Rosenbaum,Engineer
226664,Werner,Baek,Technique Leader
226667,Gennady,Oppitz,Staff
226668,Seongbin,Conta,Engineer
226670,Olivera,Gajiwala,Senior Engineer
226671,Mostafa,Coullard,Senior Engineer
226672,Constantijn,Honglei,Senior Engineer
226676,Garnet,Plumb,Engineer
226677,Urs,Karcich,Staff
226681,Persi,Coullard,Engineer
226683,Lech,Perko,Engineer
226686,Kshitij,Muchinsky,Senior Staff
226687,Zeljko,Waschkowski,Senior Staff
226688,Arun,Norsworthy,Senior Staff
226690,Jungsoon,Thorensen,Staff
226692,Mang,Bernardinello,Engineer
226693,Abdulah,Khamsi,Senior Engineer
226697,Brewster,Merlo,Senior Staff
226698,Chaoyi,Murrill,Assistant Engineer
226699,Zsolt,Bolsens,Staff
226703,Deborah,Mitsuhashi,Senior Engineer
226708,Bikash,Zedlitz,Senior Staff
226712,Oksana,Gniady,Engineer
226715,Paloma,Sullins,Senior Engineer
226733,Taizo,Pezzoli,Senior Engineer
226739,Jayesh,Pusterhofer,Staff
226741,Shahab,Gajiwala,Senior Engineer
226742,Takahito,Irland,Engineer
226744,Miyeon,Bade,Engineer
226750,Vasilii,Hiroyama,Technique Leader
226752,Rajmohan,Luit,Senior Engineer
226764,Gonzalo,Gente,Engineer
226765,Ayakannu,Luby,Senior Engineer
226772,Heping,Koshino,Senior Staff
226773,Hailing,Budinsky,Senior Engineer
226774,Sumali,Remmers,Senior Engineer
226775,Khalid,Veccia,Technique Leader
226776,Mayumi,Pehl,Senior Staff
226782,Jaber,Beerel,Senior Staff
226785,Tadahiro,Kavvadias,Engineer
226787,Gaurav,Hiltgen,Senior Staff
226792,Siamak,Shackel,Senior Engineer
226794,Uma,Highland,Senior Staff
226796,Aksel,Baar,Senior Engineer
226801,Xuejia,Roohalamini,Staff
226807,Sreenivas,Azevdeo,Staff
226808,Giordano,Marchegay,Senior Engineer
226813,Kristina,Pelz,Senior Engineer
226814,Zhenbing,Pollock,Senior Engineer
226815,Lena,Demke,Senior Staff
226817,Kenton,Eiron,Technique Leader
226829,Godehard,Gihr,Senior Staff
226830,Saeed,Redmiles,Senior Staff
226831,Yuichiro,Pulkowski,Senior Staff
226832,Stein,Pashtan,Senior Engineer
226836,Hatem,Mahnke,Staff
226837,Maik,Hopewell,Assistant Engineer
226846,Ortrud,Carrere,Senior Engineer
226852,Premsyl,Zockler,Engineer
226853,Wuxu,Bail,Engineer
226860,Arnd,Rodier,Senior Engineer
226862,Annemarie,Aumann,Senior Engineer
226863,Augustine,Walston,Staff
226872,Hitofumi,Taubman,Engineer
226873,Ewing,Badache,Engineer
226876,Shahab,Alameldin,Senior Staff
226878,Abdulah,Furedi,Staff
226884,Adam,Fortenbacher,Assistant Engineer
226885,TRUE,Bellmore,Senior Staff
226886,Divine,Bojadziev,Engineer
226887,Hausi,DuCasse,Senior Engineer
226891,Masali,Simmel,Senior Staff
226896,Yurij,Akaboshi,Senior Staff
226899,Shigehito,Syrotiuk,Senior Engineer
226903,Fusako,Sewelson,Staff
226905,Koldo,Barreiro,Senior Staff
226910,Kristen,Rosay,Senior Staff
226916,Stein,Krone,Engineer
226917,Mohit,McFarlin,Senior Staff
226919,Adamantios,Rehfuss,Senior Staff
226920,Jaewoo,Danley,Engineer
226922,Mario,Hasham,Senior Engineer
226924,Fai,Erdi,Engineer
226932,Gen,Bridgland,Senior Staff
226936,Vojin,Varker,Engineer
226942,Satoru,Rattan,Technique Leader
226945,Kwee,Garrabrants,Senior Engineer
226948,Tomofumi,Stemann,Senior Engineer
226951,Billie,Bernick,Senior Staff
226954,Shushma,Pietrzykowski,Engineer
226955,Khedija,Stenning,Staff
226956,Divier,Plesums,Senior Staff
226958,Charlene,Krichel,Engineer
226959,Ramachenga,Murthy,Staff
226960,Arve,Pollacia,Senior Staff
226963,Weijing,Alpay,Senior Engineer
226965,Adhemar,Ozeki,Senior Engineer
226972,Chriss,Genther,Senior Engineer
226979,Paddy,Baezner,Senior Engineer
226982,Sadegh,Argence,Staff
226985,Youngkon,Bouloucos,Senior Engineer
226986,Shir,Levasseur,Senior Engineer
226987,Arif,Delgrossi,Engineer
226991,Maha,Schreiter,Senior Staff
226993,Thanasis,Peot,Engineer
226995,Billie,Giarratana,Senior Staff
226996,Keiichiro,Polupanov,Staff
226997,Rosine,Renear,Staff
226998,Jacopo,Narwekar,Engineer
227000,Sumant,Cummings,Staff
227003,Stevo,Claffy,Senior Engineer
227005,Xiaoqiu,Nitsche,Senior Staff
227006,Heather,Tischendorf,Senior Staff
227009,Clyde,Cusworth,Senior Staff
227014,Sastry,Castellani,Engineer
227015,Rance,Trogemann,Senior Engineer
227022,Sachin,Zlotek,Staff
227025,Honesty,Veldwijk,Engineer
227027,Sanjit,Eldridge,Engineer
227039,DAIDA,Perez,Senior Engineer
227042,Gay,Templeman,Technique Leader
227043,Radhika,Benzmuller,Staff
227044,Nechama,Rodiger,Senior Engineer
227048,Arco,Cincotta,Engineer
227054,Suvo,Barreiro,Staff
227055,Tetsushi,Granlund,Staff
227058,Babette,Cannane,Senior Engineer
227059,Supot,Benzmuller,Senior Engineer
227063,Lihong,Shumilov,Staff
227064,Stein,Picco,Engineer
227069,Shigeichiro,Marshall,Senior Engineer
227071,Parto,Gewali,Engineer
227072,Bangqing,Botman,Staff
227073,Katsuyuki,Cunliffe,Technique Leader
227082,Beshir,Jansch,Senior Staff
227087,Mana,Herath,Senior Staff
227096,Branimir,Hennebert,Senior Engineer
227097,Hideo,Maquelin,Senior Staff
227101,Piyawadee,Zeilberger,Senior Staff
227103,Junichi,Nishimukai,Senior Staff
227104,Phule,Penttonen,Staff
227116,Steve,Teitelbaum,Senior Staff
227120,Thanasis,Puoti,Engineer
227125,Kiyokazu,Luby,Staff
227130,Gao,Bednarek,Senior Staff
227134,Mohamadou,Nollmann,Senior Staff
227136,Sanjay,Felcyn,Senior Engineer
227139,Arch,Reinhard,Senior Engineer
227143,Shawna,Mitsuhashi,Engineer
227144,Anneli,Beeson,Assistant Engineer
227149,Karlis,Eastman,Staff
227153,Rafols,Muhlberg,Senior Engineer
227156,Nishit,Kushner,Staff
227157,Perla,Swab,Senior Engineer
227159,Diederik,Roison,Staff
227167,Shaowei,Miculan,Engineer
227173,Jasminko,Peternell,Senior Staff
227178,Juichirou,Gerteisen,Technique Leader
227181,Yoshinari,Olivero,Senior Engineer
227185,Lillian,Syang,Senior Engineer
227195,Susumu,Krupka,Staff
227199,Haldon,Gide,Engineer
227200,Mansur,Strehl,Senior Engineer
227205,Leon,Demizu,Senior Engineer
227212,Premsyl,Hartvigsen,Senior Staff
227214,Tomokazu,Pesch,Staff
227219,Zhanqiu,Coors,Senior Staff
227222,Badri,Honglei,Staff
227229,Frederique,Wossner,Engineer
227235,Boutros,Zykh,Staff
227239,Krisda,Showalter,Senior Staff
227249,Hideyuki,Erni,Senior Staff
227250,Sadegh,Kusakabe,Engineer
227252,Shih,Pfau,Engineer
227257,Giordano,Lukaszewicz,Senior Engineer
227260,Karsten,Shrader,Staff
227271,Yechiam,Osgood,Senior Staff
227273,Indrajit,Rissland,Engineer
227276,Nobuyoshi,Zultner,Senior Staff
227277,Pragnesh,Buescher,Senior Engineer
227278,Sudhanshu,Pezzoli,Staff
227281,Henk,Molenkamp,Senior Staff
227283,Uriel,Massonet,Staff
227290,Nirmal,Krone,Senior Staff
227292,Shin,Fraisse,Technique Leader
227295,Shuky,Diderrich,Senior Engineer
227296,Oscal,Christ,Senior Engineer
227297,Elliott,Ossenbruggen,Assistant Engineer
227299,Kellyn,Millington,Senior Engineer
227303,Rosalie,Mondadori,Senior Staff
227309,Francesca,Rusterholz,Senior Staff
227315,Hatem,Quittner,Senior Engineer
227318,Claude,Benantar,Senior Staff
227319,Constantino,Kohling,Senior Staff
227322,Yuguang,Dayana,Engineer
227324,Arve,Cooley,Senior Staff
227328,Rosella,Gist,Senior Staff
227330,Seshu,Gecsei,Engineer
227333,Urs,Swist,Senior Engineer
227342,Eldridge,Schaad,Engineer
227346,Vivian,Menhoudj,Engineer
227350,Khosrow,McAffer,Senior Staff
227352,Gal,Samarati,Senior Staff
227353,Aloys,Erez,Senior Staff
227356,Duke,Tramer,Engineer
227357,Premsyl,Fairtlough,Senior Staff
227358,Rafols,Muhling,Senior Engineer
227361,Kazuhito,Servieres,Senior Staff
227362,Erez,Pintelas,Senior Staff
227363,Owen,Greibach,Engineer
227384,Luise,Kilgour,Engineer
227385,Dmitry,Pintelas,Staff
227388,Arif,Krychniak,Senior Engineer
227392,Aamer,Gill,Senior Engineer
227394,Vishu,Georgakopoulos,Senior Engineer
227396,Jenwei,Coorg,Senior Engineer
227399,Gregory,Champarnaud,Senior Staff
227400,Martijn,Bahi,Senior Engineer
227409,Jianhao,Ullian,Technique Leader
227415,Demin,Murrill,Technique Leader
227416,Ferdinand,Hebert,Senior Engineer
227423,Arunas,Baby,Senior Engineer
227425,Magy,Jording,Engineer
227440,Zine,Angot,Staff
227443,Heng,Mateescu,Senior Engineer
227445,Maris,Reinhard,Technique Leader
227447,Uma,Speel,Engineer
227448,Steve,Puppo,Engineer
227456,Mark,Bach,Senior Staff
227457,Zeydy,Silva,Senior Engineer
227459,Younwoo,Schmiedel,Senior Staff
227463,Zorica,Tsunoo,Engineer
227465,Bartek,Ducloy,Senior Staff
227470,Noritoshi,Koblick,Engineer
227471,Djenana,Cannane,Senior Staff
227473,Feixiong,Olivero,Senior Staff
227475,Kendra,Danner,Senior Engineer
227478,Collette,Crouzet,Senior Staff
227482,Aamer,Cromarty,Staff
227487,Bodo,Nishimukai,Senior Engineer
227488,Takahito,Jarecki,Senior Staff
227491,Rutger,Straney,Senior Staff
227496,Shawna,Collette,Engineer
227498,Miomir,Snedden,Senior Staff
227501,Angus,Biron,Senior Engineer
227506,Marsal,Schmezko,Senior Engineer
227507,Zhenbing,Passino,Senior Staff
227510,Vasilii,Soicher,Engineer
227515,LiMin,Hardjono,Senior Staff
227517,Aria,Rathonyi,Staff
227518,Masoud,Dichev,Technique Leader
227522,Jaber,Serov,Engineer
227527,Kristin,Beerel,Staff
227528,Almudena,Boudaillier,Senior Engineer
227530,Gilbert,Krichel,Senior Engineer
227531,Pranay,Varker,Senior Engineer
227540,Eran,Vesna,Senior Staff
227542,Magdalena,Menhardt,Staff
227544,Shahab,Demeyer,Senior Staff
227549,Chenxi,Bierbaum,Technique Leader
227550,Shahaf,Peak,Senior Staff
227553,Trygve,Schwartzbauer,Senior Staff
227554,Akemi,Borstler,Senior Engineer
227557,Zhanqiu,Schlumberger,Staff
227561,Faiza,Crooks,Senior Staff
227563,Peternela,Yamaashi,Staff
227568,Pranas,Matzel,Senior Engineer
227575,Claude,Sudkamp,Senior Engineer
227578,Randy,Alpay,Senior Engineer
227582,Keiichiro,Woycyznski,Senior Staff
227586,Neelam,Munawer,Senior Staff
227591,Byong,Genin,Senior Staff
227592,Mingsen,Karnin,Staff
227593,Hugo,Leuchs,Senior Engineer
227595,Gaetan,Kragelund,Senior Engineer
227596,Serge,Kornyak,Senior Staff
227602,Yunming,Zyda,Staff
227603,Poorav,Borovoy,Senior Engineer
227606,Martine,Koshiba,Senior Engineer
227608,Christ,Stentiford,Senior Staff
227609,Gita,Baranowski,Senior Staff
227611,Brendon,Danlos,Senior Staff
227619,Yucel,Deyuan,Engineer
227620,Hongzhu,Bratten,Senior Engineer
227628,Vasiliy,Antonisse,Senior Engineer
227635,Danil,Kavraki,Staff
227637,Maik,Pardalos,Senior Engineer
227638,Xuejun,Picel,Assistant Engineer
227643,Luise,Felcyn,Staff
227650,Takanari,Juneja,Senior Staff
227657,Marjo,Krzyzanowski,Engineer
227662,Gou,Preusig,Senior Staff
227676,Sakthirel,Ruemmler,Senior Staff
227684,Denis,Kusakabe,Senior Staff
227689,Dannz,Seuren,Senior Staff
227690,Jagoda,Kalafatis,Staff
227691,Aleksander,Mitsuhashi,Senior Staff
227694,Paloma,Chandrasekhar,Senior Staff
227695,Saeed,DasSarma,Staff
227696,Moty,Portugali,Senior Engineer
227698,Genevieve,Majewski,Senior Engineer
227699,Duri,Rodham,Staff
227701,Frederique,Brizzi,Technique Leader
227702,Zhonghua,Morrey,Senior Staff
227704,Baruch,Karner,Engineer
227705,Geraldo,Pusterhofer,Senior Engineer
227706,Rafail,Gluchowski,Staff
227710,Stamatina,Douceur,Senior Engineer
227712,Khosrow,Baek,Staff
227713,Hilary,Ullian,Senior Engineer
227714,Luigi,Peternell,Staff
227722,Ult,Gecseg,Senior Engineer
227724,Hironoby,Murtha,Engineer
227726,Alejandro,Trystram,Senior Staff
227734,Danny,Barreiro,Senior Engineer
227736,Mingzeng,Detkin,Senior Staff
227741,Behnaam,Kobuchi,Staff
227746,Abdelwaheb,Paciorek,Senior Staff
227750,Shigeichiro,Bage,Senior Engineer
227752,Xinglin,Birch,Senior Staff
227754,Tze,Perelgut,Senior Staff
227757,Jamaludin,Smeets,Senior Staff
227762,Aksel,Luca,Staff
227769,Cullen,Osgood,Senior Staff
227772,Waiman,Michaels,Technique Leader
227775,Muneo,Maraist,Senior Staff
227777,Ingmar,Ibel,Senior Engineer
227781,Aleksander,Ramras,Senior Staff
227783,Xiping,Constantine,Senior Staff
227786,Maia,Rodite,Engineer
227790,Eberhardt,Bernatsky,Engineer
227792,Woody,Ponthieu,Senior Staff
227793,Mostafa,Cangellaris,Engineer
227796,Katsuyuki,Ramaiah,Senior Engineer
227801,Valery,Brobst,Engineer
227806,Serap,Mersereau,Engineer
227808,Xiaoheng,Babb,Senior Staff
227810,Zhanqiu,Szmurlo,Engineer
227815,Alejandra,Rijsenbrij,Senior Staff
227816,Jayesh,Wolniewicz,Senior Engineer
227819,Luerbio,Lichtner,Engineer
227827,Dinah,Schusler,Senior Staff
227830,Deborah,Matzat,Senior Engineer
227834,Urs,Cardazo,Senior Staff
227836,Yuqun,Esteva,Senior Engineer
227838,Oksana,Verspoor,Technique Leader
227842,Ziva,Rothenberg,Engineer
227846,Tru,Steinauer,Senior Engineer
227850,Visit,Andreotta,Senior Engineer
227854,Zvonko,Ibel,Senior Staff
227864,Tuval,Soicher,Staff
227868,Ute,Hardjono,Senior Engineer
227869,Kwan,Chimia,Engineer
227873,Ayakannu,Conta,Senior Staff
227875,Junichi,Lanphier,Engineer
227877,Leszek,Tsukune,Staff
227880,Muneo,Comyn,Technique Leader
227885,Tesuya,Cheshire,Senior Engineer
227886,Ramya,Sgarro,Senior Engineer
227888,Genta,Salvesen,Staff
227889,Dipayan,Monarch,Senior Engineer
227891,Mayuko,Lortz,Senior Engineer
227892,George,Stille,Senior Staff
227894,Lijia,Kulisch,Engineer
227903,Genki,Willoner,Assistant Engineer
227904,Sugwoo,Vingron,Engineer
227905,Candido,Setiz,Senior Engineer
227907,Bogdan,Camurati,Senior Engineer
227908,Shih,Denti,Senior Engineer
227910,Saniya,Alencar,Staff
227913,Ingemar,Scallan,Engineer
227915,Yongmao,Georgatos,Assistant Engineer
227925,Ulises,Sgarro,Senior Staff
227933,Berni,Alpin,Senior Staff
227937,Wilmer,Seuren,Engineer
227938,Uzi,Schaaf,Senior Staff
227943,Sushant,Przulj,Senior Engineer
227956,Maria,Braunmuhl,Senior Staff
227958,Shichao,Hennebert,Senior Staff
227963,Mohit,Cyne,Senior Staff
227964,Nadjib,Azulay,Senior Staff
227967,Collette,Budinsky,Engineer
227968,Gennadi,Lundstrom,Staff
227969,Falguni,Mandell,Staff
227970,Nidapan,Hitomi,Engineer
227973,Tomofumi,Tyugu,Senior Staff
227983,Yoshinari,Gopalakrishnan,Senior Engineer
227986,Shuichi,Bernardeschi,Staff
227991,Deniz,Waschkowski,Senior Staff
227992,Alenka,Lagarias,Senior Engineer
227996,Sukumar,Couchot,Staff
228000,Munehiko,Mahmud,Senior Staff
228003,Zejun,Eiron,Engineer
228005,Mitsuyuki,Gulik,Engineer
228008,Guozhong,Melski,Senior Engineer
228012,Turgut,Gelosh,Engineer
228018,Minghong,Beerel,Senior Staff
228020,Mohamadou,Alblas,Senior Staff
228023,Hidefumi,Denna,Engineer
228025,Yuguang,Papastamatiou,Technique Leader
228028,Giri,Hoogerwoord,Engineer
228030,Jixiang,Clouatre,Staff
228033,Kensyu,Garrabrants,Technique Leader
228034,Radhia,Wegerle,Senior Engineer
228037,Muneo,Bratsberg,Engineer
228043,Mayumi,Hettesheimer,Senior Staff
228046,Abdelwaheb,Hambrick,Staff
228047,Mara,Makinen,Staff
228051,Yuguang,Viele,Technique Leader
228056,Chinya,Debuse,Senior Engineer
228065,Mariusz,McFarlan,Senior Staff
228067,Aruna,Alameldin,Senior Staff
228069,Oddvar,Lueh,Senior Engineer
228070,Yoshinari,DeMori,Senior Staff
228071,Taegyun,Laurillard,Senior Staff
228072,Kayoko,Uludag,Senior Staff
228089,Chanjung,Riexinger,Engineer
228095,DAIDA,Suppi,Senior Engineer
228100,Heon,Litzler,Senior Staff
228104,Barton,Bratsberg,Assistant Engineer
228109,Zito,Bazelow,Staff
228111,Shigeo,Denti,Engineer
228112,Goncalo,Uhrig,Senior Engineer
228115,Subhada,Wroclawski,Senior Engineer
228120,Stevo,Ratnakar,Senior Engineer
228121,Lidong,Reutenauer,Engineer
228122,Sugwoo,Kaltofen,Engineer
228123,Francoise,Francisci,Engineer
228127,Sampalli,Samarati,Engineer
228129,Percy,Dechter,Staff
228130,Eben,Woycyznski,Senior Engineer
228136,Niclas,Kragelund,Technique Leader
228142,Vojin,Talmor,Senior Staff
228146,Navin,Rande,Senior Staff
228150,Tesuya,Fasbender,Senior Engineer
228152,Sailaja,Lung,Senior Staff
228163,Ortrud,Kossowski,Senior Engineer
228167,Badri,Wilharm,Staff
228173,Heng,Heyers,Senior Engineer
228185,Atreyi,Harnett,Senior Engineer
228189,Kristian,Falster,Senior Staff
228190,Zvonko,Kalsbeek,Staff
228192,IEEE,Stroustrup,Senior Engineer
228194,Basant,Mondadori,Staff
228197,Dayanand,Kusalik,Senior Staff
228200,Chinhyun,Teitelbaum,Senior Engineer
228205,Vincent,Dichev,Staff
228210,Leaf,Kading,Technique Leader
228223,Pranav,Hatcliff,Senior Staff
228224,Shahab,Viele,Staff
228227,Werner,Wendorf,Senior Staff
228233,Francesca,Serov,Technique Leader
228235,Spyrose,Gubsky,Engineer
228236,Oguz,Kolvik,Engineer
228237,Chanjung,Vakili,Senior Engineer
228246,Bartek,Aloisi,Senior Staff
228257,Yuqun,Malabarba,Senior Staff
228258,Suzette,Giaccio,Engineer
228259,Stella,Thambidurai,Senior Staff
228261,Sanjoy,Mitina,Senior Engineer
228264,Tru,Sanella,Senior Staff
228266,Vishv,Nilsson,Senior Staff
228267,Guttorm,Merli,Senior Staff
228268,Subir,Milicia,Senior Engineer
228269,Aluzio,Varman,Senior Staff
228276,Nigel,Furudate,Senior Staff
228278,Sungwon,Douceur,Senior Staff
228282,Filipp,Rijsenbrij,Staff
228283,Nadjib,Hedayat,Senior Engineer
228284,Along,Ressouche,Senior Engineer
228285,Weiwu,Pollock,Senior Engineer
228290,Rasikan,Rousseau,Senior Staff
228304,Boguslaw,Sifakis,Senior Engineer
228307,Munir,Belinskaya,Senior Staff
228311,Spyrose,Koyama,Staff
228314,Dinkar,Pezzoli,Engineer
228319,Tremaine,Quittner,Staff
228320,Wonhee,Murrill,Senior Staff
228331,Wilmer,Poehlman,Senior Engineer
228337,Yechezkel,Jeansoulin,Staff
228340,Alair,Streit,Senior Engineer
228341,Aral,Leivant,Engineer
228346,Cordelia,Nastansky,Staff
228357,Sarita,Brookner,Senior Engineer
228358,Goetz,Molenaar,Senior Engineer
228366,Mantis,Zhang,Senior Staff
228367,Ohad,Strehl,Senior Staff
228368,Mario,Remmers,Senior Engineer
228371,Bernd,Barbanera,Staff
228374,Shahaf,McClurg,Senior Staff
228381,Hilari,Schnabel,Senior Engineer
228383,Gonzalo,Streit,Senior Engineer
228386,Khatoun,Maquelin,Staff
228387,Abdulla,Anido,Senior Staff
228396,Katsuo,Murthy,Senior Staff
228401,Eldridge,Axelband,Technique Leader
228405,Hyuncheol,Szmurlo,Engineer
228411,Khaled,Hofstetter,Senior Staff
228413,Flemming,Takanami,Senior Engineer
228414,Tadahiko,Birke,Senior Engineer
228417,Martial,Biran,Senior Engineer
228420,Xinglin,Millington,Senior Engineer
228421,Spyrose,Weedman,Senior Staff
228426,Nimmagadda,Cappelletti,Technique Leader
228427,Fumitaka,Rothenberg,Senior Engineer
228429,Atreye,Emmerich,Senior Engineer
228430,Zhiguo,Koshino,Senior Engineer
228436,Vugranam,Baja,Senior Engineer
228444,Diederik,Gilg,Staff
228449,Pascal,Kushnir,Staff
228450,Dhritiman,Serdy,Senior Staff
228454,Hideo,Varman,Senior Engineer
228456,Zengping,Deville,Technique Leader
228459,Yannik,Iivonen,Engineer
228467,Jeong,Bressoud,Senior Staff
228472,Chirstian,Magalhaes,Senior Engineer
228473,Sailaja,Kroon,Technique Leader
228476,Yuuichi,Mapelli,Senior Staff
228478,Xiaocheng,Kulisch,Engineer
228480,Marc,Gornas,Senior Staff
228482,Doowon,Velasco,Senior Engineer
228484,Leah,Gubsky,Senior Engineer
228490,Elliott,Fargier,Senior Staff
228496,Mats,Cronau,Assistant Engineer
228500,Martial,Fontet,Senior Staff
228504,Jagoda,Gronowski,Senior Staff
228506,Xudong,Khalid,Technique Leader
228507,Zine,VanScheik,Senior Engineer
228517,Huei,Leaver,Staff
228518,Arch,Emmart,Senior Staff
228519,Lihong,Porotnikoff,Senior Engineer
228524,Erzsebet,Androutsos,Senior Engineer
228526,Katsuyuki,Zucker,Senior Engineer
228530,Hugo,Nations,Senior Engineer
228537,Nahla,Rohrbach,Engineer
228540,Parke,Brookner,Senior Staff
228542,Mack,Quadeer,Staff
228543,Val,Uchoa,Senior Engineer
228544,Halsur,Legleitner,Senior Staff
228546,Matk,Chiodo,Senior Staff
228548,Khosrow,Mundy,Staff
228553,Zhenhua,Haumacher,Senior Engineer
228556,Remko,Sridhar,Senior Engineer
228557,Sanjay,Griswold,Senior Staff
228563,Paloma,Baer,Senior Engineer
228564,Mohammad,Yoshimura,Senior Staff
228566,Troy,Porotnikoff,Senior Staff
228573,Danai,Pesch,Senior Staff
228574,Gao,Farrow,Senior Staff
228576,Owen,Motley,Senior Staff
228578,JoAnne,Talmon,Senior Engineer
228586,Thodoros,Bodoff,Senior Engineer
228587,Katsuo,Basagni,Senior Staff
228591,Tristan,Petereit,Senior Staff
228599,Iara,Neiman,Senior Engineer
228602,Domenick,Gihr,Staff
228606,Shahaf,Griswold,Senior Staff
228610,Tomokazu,Llado,Senior Engineer
228613,Chandrasekaran,Passino,Senior Staff
228617,Siddarth,Hockney,Senior Engineer
228620,Abdelghani,Shackel,Technique Leader
228623,Arnould,Showalter,Senior Engineer
228624,Zhongwei,Murtafg,Staff
228626,Sverrir,Ginesta,Senior Engineer
228636,Paloma,Munck,Senior Engineer
228642,Jeanna,Shrader,Senior Staff
228645,Jouko,Cappelletti,Senior Staff
228647,Sangeeta,Pramanik,Senior Engineer
228649,Xiaoqiu,Erni,Staff
228653,Yifei,Highland,Senior Engineer
228654,Sudharsan,Chachaty,Senior Staff
228655,Jiong,Blokdijk,Senior Staff
228658,Eldridge,Strooper,Engineer
228660,Charmane,Zaiane,Senior Engineer
228663,Kersti,Gist,Senior Staff
228666,Franziska,Conde,Engineer
228668,Achilleas,Chappelet,Engineer
228669,Morris,Peyn,Senior Staff
228672,Goetz,Pulkowski,Senior Staff
228679,Stepehn,Potthoff,Senior Staff
228680,Yinghua,Ozeri,Senior Engineer
228681,Kersti,Murthy,Engineer
228683,Girolamo,Coombs,Senior Staff
228685,Peer,Zolotykh,Senior Staff
228686,Teunis,Wendorf,Senior Engineer
228690,Constantine,DuBourdieux,Assistant Engineer
228691,Ortrud,Paciorek,Senior Engineer
228693,Hideo,Kakkad,Senior Engineer
228711,Udo,Velardi,Senior Staff
228716,Sukumar,Rajcani,Senior Engineer
228719,Chandrasekaran,Makrucki,Technique Leader
228723,Garnik,Paludetto,Senior Staff
228725,Edwin,Navazio,Senior Engineer
228730,Yonghong,Babu,Senior Engineer
228741,Marsja,Zielinski,Senior Staff
228743,Lech,Heemskerk,Senior Staff
228745,Masami,Broder,Staff
228748,Ottavia,Otillio,Senior Engineer
228749,Toshimi,Sabnani,Senior Staff
228750,Shin,Constantine,Engineer
228752,Aruna,Straney,Senior Engineer
228755,Kazuhira,Angot,Senior Engineer
228757,Kazuhiko,Lanteri,Senior Engineer
228758,Aksel,Thummel,Senior Engineer
228759,Jianhua,Menhardt,Senior Staff
228767,Hairong,Ohori,Senior Staff
228772,Hsiangchu,Selvestrel,Staff
228774,Xinan,Klyachko,Senior Engineer
228775,Shahab,Vilarrasa,Senior Engineer
228778,Yoshinari,Rettelbach,Senior Staff
228782,Ugo,Schonegge,Senior Staff
228783,Menkae,Marwedel,Senior Staff
228790,Djenana,Felder,Senior Engineer
228791,Fumitaka,Uchoa,Staff
228794,Souichi,Coney,Senior Staff
228795,Kendra,Ladret,Staff
228799,Jongsuk,Uludag,Staff
228800,Serge,Portugali,Engineer
228802,Yannis,Koshiba,Senior Engineer
228804,Zdislav,Iisaku,Engineer
228806,TRUE,Pettey,Senior Engineer
228807,Poornachandra,Shanbhogue,Senior Staff
228809,Emdad,Fritzsche,Staff
228810,Lein,Picel,Engineer
228815,Serenella,Marletta,Engineer
228817,Feipei,Panwar,Assistant Engineer
228821,Shigeu,Denna,Senior Staff
228823,Mayuko,Gimbel,Engineer
228824,Shan,Schnelling,Senior Engineer
228828,Jaques,Kaltofen,Engineer
228829,Guiseppe,Lagarias,Senior Engineer
228834,Murthy,Panienski,Senior Engineer
228840,Leandro,Peris,Senior Staff
228846,Kerryn,Fiutem,Senior Engineer
228849,Zongyan,Cmelik,Senior Staff
228853,Mayumi,Basawa,Engineer
228855,Jiann,Christianini,Senior Staff
228857,Christoper,Marzano,Technique Leader
228858,Barton,Emmerich,Senior Engineer
228861,KayLiang,Siksek,Senior Staff
228862,Soenke,Braunschweig,Senior Engineer
228868,Nikolaos,Giarratana,Senior Engineer
228879,Suzette,Oskamp,Engineer
228880,Bartek,Aloia,Senior Staff
228881,Jeong,Gaughan,Senior Engineer
228884,Berni,Ushiama,Senior Engineer
228889,Mircea,Frolund,Senior Engineer
228891,Jeanna,Munawer,Staff
228895,Ugo,Fontan,Staff
228902,Toong,Piazza,Senior Engineer
228903,Chriss,Thiria,Staff
228909,Kirk,Murrill,Senior Staff
228912,Sariel,Janetzko,Senior Staff
228921,Basant,Ginesta,Engineer
228927,Parviz,Usdin,Engineer
228928,Yahiko,Panwar,Senior Staff
228929,Pascal,Borovoy,Senior Engineer
228935,Zsolt,Biros,Engineer
228941,Weiru,Stemann,Senior Engineer
228942,Jacqueline,Valtorta,Senior Engineer
228943,Alejandro,Gien,Senior Staff
228944,Tzu,Hmelo,Senior Engineer
228952,Chiradeep,Quadeer,Senior Staff
228954,Elgin,Hooghiemstra,Senior Engineer
228959,Stabislas,Morrey,Senior Engineer
228960,Eberhardt,Halevi,Staff
228961,Xiaoshan,Poupard,Senior Engineer
228967,Mario,Rodiger,Staff
228972,Amalendu,Heiserman,Senior Engineer
228973,Cheong,Nations,Senior Engineer
228975,Reinhard,Kobara,Engineer
228976,Selwyn,Kuhnemann,Engineer
228980,Shichao,Eugenio,Staff
228982,Alagu,Ramsak,Senior Staff
228990,Arup,Reeken,Senior Engineer
228991,Hairong,Conde,Senior Engineer
228993,Kristine,Marrevee,Senior Engineer
228997,Leah,Whitcomb,Senior Engineer
228999,Fen,Birsak,Engineer
229002,Claudi,Ananiadou,Engineer
229003,Shuzo,Poulakidas,Senior Staff
229009,Nathalie,Toyoshima,Engineer
229018,Jeanna,Jullig,Senior Staff
229019,Kerryn,Sambasivam,Senior Staff
229023,Xuejun,Giaccio,Senior Engineer
229024,Holgard,Rajaraman,Senior Staff
229027,Insup,Koshino,Senior Staff
229028,Rasiah,Whittlesey,Engineer
229032,Udo,Busillo,Senior Engineer
229044,Theron,Cappello,Staff
229046,Fabrizio,Denti,Senior Staff
229049,Alois,Denis,Senior Engineer
229051,Malu,Casperson,Engineer
229055,Erez,Valette,Senior Engineer
229058,Barry,Zykh,Senior Staff
229061,Chinhyun,Lorho,Senior Staff
229064,Shigeu,Syang,Senior Engineer
229069,Lucian,Crelier,Senior Engineer
229070,Takushi,Cairo,Engineer
229072,Evgueni,Serot,Engineer
229073,Ute,Kolvik,Technique Leader
229080,Jiafu,Basart,Engineer
229088,Kasidit,Servieres,Senior Engineer
229092,Fumiya,Morrin,Engineer
229093,Lunjin,Lanteri,Technique Leader
229097,Kellyn,Merel,Senior Staff
229101,Jianwen,Menyhert,Senior Staff
229102,Serge,Hiyoshi,Staff
229111,Satoru,Schiper,Senior Engineer
229118,Yucel,Ranft,Senior Engineer
229121,Remzi,Shanbhogue,Engineer
229122,Masasuke,Lichtner,Senior Staff
229123,Uriel,Serna,Staff
229124,Phule,Gien,Staff
229126,Leszek,Kolvik,Senior Staff
229129,Subhankar,Gerteisen,Engineer
229133,Geoffry,Jenevein,Senior Staff
229135,Jasminko,Duclos,Senior Staff
229137,Susanta,Prenel,Technique Leader
229138,Vitali,Schiettecatte,Senior Engineer
229146,Koichi,Flasterstein,Senior Engineer
229147,Eberhardt,Birke,Senior Staff
229149,Chanjung,Bashian,Senior Staff
229150,Piyawadee,Munos,Senior Staff
229151,Bowen,Stroustrup,Senior Engineer
229155,Gino,Glowinski,Staff
229163,Susuma,Wroclawski,Senior Staff
229164,Lena,Papastamatiou,Senior Engineer
229165,Shooichi,Pleszkun,Senior Staff
229170,Xuedong,Savasere,Senior Engineer
229173,Jayesh,Farrel,Staff
229175,Ekawit,Trelles,Senior Staff
229180,Miquel,Magliocco,Staff
229182,Georg,Bail,Technique Leader
229186,Flemming,Tibblin,Engineer
229189,Aron,Bojadziev,Engineer
229192,Erzsebet,Malabarba,Senior Engineer
229194,Kersti,Lorin,Senior Staff
229196,Shin,Gewali,Senior Staff
229199,Abdelwaheb,Farrow,Senior Engineer
229201,Rosine,Crelier,Engineer
229208,Patricio,Christianini,Senior Staff
229212,Xiping,Schlegelmilch,Engineer
229214,Raimond,Radivojevic,Senior Engineer
229216,Becky,Muniz,Senior Staff
229221,Arvind,Viele,Technique Leader
229224,Richard,Yavatkar,Senior Engineer
229225,Clyde,McClure,Senior Engineer
229228,Chanjung,Vuskovic,Senior Engineer
229231,Oscar,Toyoshima,Senior Engineer
229232,Leandro,Farrow,Staff
229240,Sachar,Kugler,Senior Engineer
229242,Pasqua,Hammerschmidt,Staff
229249,Debatosh,Sgarro,Senior Engineer
229255,George,Nannarelli,Senior Engineer
229256,Surveyors,Luan,Assistant Engineer
229259,Georgi,Narahari,Senior Engineer
229266,Cathie,Munck,Senior Engineer
229267,Marit,Kaelbling,Staff
229269,Jianhao,Portugali,Senior Engineer
229271,Kiyokazu,Schapiro,Senior Staff
229272,Mayuri,Kambil,Senior Staff
229276,Jiann,Gihr,Staff
229281,Hitomi,Solovay,Senior Engineer
229282,Alois,Massonet,Senior Engineer
229284,Kensei,Kohling,Staff
229289,Vishv,Pell,Engineer
229291,Kristof,Hambrick,Engineer
229292,Leah,Baby,Senior Engineer
229299,Giao,Matzat,Staff
229302,Bluma,Baba,Senior Staff
229307,Padma,Peroz,Senior Engineer
229316,Eldridge,Coney,Senior Staff
229317,Fumiya,Wegerle,Senior Engineer
229319,Anwar,Halevi,Engineer
229327,Tsuneo,Baaleh,Senior Staff
229331,Moty,Kohling,Engineer
229333,Constantijn,Brattka,Senior Engineer
229335,Hilary,Chinin,Senior Engineer
229340,Gor,Gadepally,Senior Engineer
229347,Sedat,Hiltgen,Engineer
229358,Sungwon,Schwaller,Senior Staff
229367,Oscar,Katzenelson,Senior Staff
229368,Chuanti,Marrevee,Senior Staff
229370,Mabry,Schwabacher,Technique Leader
229373,Ute,Tagansky,Staff
229377,Herb,Slutz,Senior Engineer
229381,Collette,Colorni,Senior Staff
229384,Lidong,Strandh,Staff
229385,Kwangjo,Guardalben,Staff
229388,Georgi,Silva,Senior Engineer
229390,Leni,Horswill,Assistant Engineer
229392,Sangeeta,Sundgren,Technique Leader
229395,Insup,Levergood,Senior Engineer
229397,Kazuhiko,Serre,Senior Engineer
229398,Lubomir,Belinskaya,Senior Engineer
229401,Garnet,Takanami,Engineer
229402,Chenxi,Stassinopoulos,Senior Engineer
229405,Ennio,Remmers,Senior Engineer
229407,Masami,Rajala,Senior Engineer
229410,Kokou,Stassinopoulos,Technique Leader
229413,Aemilian,Lorcy,Senior Engineer
229415,Abdelghani,Ibel,Senior Engineer
229418,Uri,Sanella,Senior Engineer
229420,Takahito,Stentiford,Senior Staff
229421,Kazuhisa,Navazio,Senior Engineer
229422,Ashish,Lalonde,Engineer
229423,Stafford,Murtafg,Senior Staff
229430,Marko,Bridgland,Senior Staff
229435,Arnd,Kading,Senior Engineer
229439,Yucel,Luders,Senior Engineer
229442,Hatim,Matteis,Engineer
229443,Mohammad,Hedayat,Senior Engineer
229444,Zeljko,Rijsenbrij,Senior Staff
229446,Kazuhiko,Gadepally,Senior Engineer
229448,Dipankar,Chachaty,Engineer
229449,Poornachandra,Valtorta,Engineer
229450,Debatosh,Tramer,Technique Leader
229454,Trygve,Tchuente,Staff
229455,Uzi,Nanard,Senior Staff
229460,Naraig,Landherr,Senior Staff
229461,Berto,Raczkowsky,Senior Staff
229466,Monique,Schaft,Senior Engineer
229469,Rosalie,Terkki,Senior Engineer
229470,Teunis,Bala,Senior Staff
229476,Gregory,Perin,Staff
229477,Barry,Kusakari,Senior Staff
229480,Franziska,Passafiume,Engineer
229481,Shimshon,Conti,Senior Staff
229483,Hauke,Zucker,Staff
229487,Siamak,Keirsey,Senior Engineer
229488,Xinglin,Pintelas,Senior Staff
229497,Dekang,Bach,Staff
229498,Jagoda,Molberg,Engineer
229500,Sreenivas,Gargeya,Senior Engineer
229504,Munir,Leaver,Senior Engineer
229506,Shaibal,Schaap,Engineer
229511,Mooi,Crabtree,Senior Engineer
229513,Trygve,Lienhardt,Technique Leader
229514,Huan,Morrey,Staff
229516,Susanta,Gischer,Senior Engineer
229526,Macha,Koprowski,Staff
229528,Valter,Antonakopoulos,Senior Engineer
229536,Marek,Parhami,Engineer
229539,Torsten,Kawashima,Senior Staff
229541,Maya,Rosenbaum,Senior Staff
229544,Heon,Panangaden,Staff
229546,Larisa,Krohm,Engineer
229549,Ekawit,DasSarma,Engineer
229551,Zijian,Stille,Engineer
229552,Utpal,Shackel,Senior Staff
229553,Shim,Schapire,Senior Engineer
229554,Goncalo,Assaf,Engineer
229557,Pintsang,Albarhamtoshy,Senior Staff
229558,Mohamadou,Miculan,Engineer
229566,Bokyung,Gadepally,Senior Staff
229567,Theron,Syrzycki,Senior Engineer
229569,Kannan,Merel,Senior Engineer
229571,Masanao,Pappas,Senior Engineer
229575,Aamod,Seuren,Staff
229578,Bernt,Ariola,Senior Staff
229579,Reinhard,Aumann,Senior Engineer
229587,Leucio,Zucker,Senior Engineer
229591,Gudjon,Basart,Senior Engineer
229595,Satyanarayana,Iivonen,Senior Engineer
229601,King,Speel,Senior Engineer
229612,Chuanti,Vidal,Senior Engineer
229620,Arun,Shackell,Senior Staff
229627,Samphel,Uehara,Senior Staff
229634,Aiichiro,Verspoor,Senior Engineer
229635,Nakhoon,Giveon,Senior Engineer
229636,Sedat,Swen,Senior Staff
229639,Patricio,Renear,Engineer
229642,Sariel,Demos,Engineer
229649,DAIDA,Montresor,Senior Engineer
229657,Vugranam,Magliocco,Senior Staff
229660,Divier,Hagimont,Engineer
229662,Rance,Calkin,Engineer
229664,Rafail,Nanard,Staff
229670,Mohammad,Kropatsch,Senior Engineer
229673,Saniya,Tomescu,Senior Engineer
229674,Tran,Nergos,Engineer
229681,Peternela,Schrooten,Senior Engineer
229686,Leni,Piazza,Technique Leader
229694,Sanjoy,Ranta,Senior Staff
229695,Vincent,Rajaraman,Staff
229699,Udo,Keustermans,Staff
229701,Xinglin,Nollmann,Senior Engineer
229715,JoAnna,Cappello,Senior Engineer
229717,Sivanarayana,Baig,Senior Staff
229725,Valery,Fairtlough,Senior Staff
229740,Chrisa,Walston,Senior Engineer
229741,Bowen,Maccarone,Senior Engineer
229742,Aran,Lundstrom,Engineer
229745,Mohd,Ventosa,Senior Engineer
229750,Tommaso,Feldmann,Senior Engineer
229753,Niranjan,Iisaku,Senior Engineer
229754,TRUE,Casperson,Technique Leader
229755,Mori,Poupard,Senior Staff
229759,Akeel,Kusakari,Senior Engineer
229761,Amalendu,Garnham,Senior Staff
229768,Nathalie,Stentiford,Assistant Engineer
229771,Mayumi,Buescher,Staff
229773,Paddy,Impagliazzo,Senior Engineer
229775,Luisa,Serot,Senior Staff
229779,Mahmut,Kohling,Senior Staff
229784,Pranay,Sewelson,Senior Engineer
229789,Feipei,Baby,Senior Staff
229790,Akemi,Schieder,Senior Engineer
229792,Seshu,Kolinko,Staff
229798,Patricio,Soicher,Senior Engineer
229803,Sachem,Pettit,Senior Engineer
229810,Katsuo,Attimonelli,Senior Engineer
229813,Huiqun,Birjandi,Senior Engineer
229815,Atreyi,Tsukune,Senior Engineer
229816,Phuoc,Debuse,Engineer
229818,Maik,Matheson,Assistant Engineer
229819,Zhenbing,Delgrande,Technique Leader
229822,Vidya,Basagni,Senior Engineer
229826,Oscal,Peternell,Senior Staff
229832,Tonia,Ozeki,Senior Staff
229839,Bojan,Kermarrec,Senior Engineer
229846,Ibibia,Melton,Senior Engineer
229851,Debaprosad,Miake,Senior Engineer
229853,Mantis,Atchley,Senior Engineer
229855,Chikara,Dechter,Engineer
229857,Constantino,Hoppenstand,Assistant Engineer
229858,Giri,Dulin,Senior Staff
229859,Sugwoo,Iisaku,Senior Engineer
229860,Ingmar,Sewelson,Senior Staff
229867,Jasminko,Merkl,Senior Engineer
229872,Bojan,Fujisawa,Senior Engineer
229873,Bartek,Hanabata,Engineer
229875,Indrajit,Staelin,Senior Staff
229878,Guangming,Asser,Senior Staff
229882,Quingbo,Busillo,Staff
229891,Zhenbing,Babb,Senior Staff
229893,Ebbe,Weedon,Senior Staff
229899,Genevieve,Lund,Staff
229900,Zhaofang,Iivonen,Senior Engineer
229903,Hausi,Callaway,Assistant Engineer
229905,Moss,Trumbly,Senior Engineer
229911,Ingmar,Jansen,Senior Staff
229914,Nagui,Back,Senior Staff
229922,Arvin,Condotta,Senior Engineer
229923,Shaowei,Haldar,Senior Engineer
229926,Tomofumi,Sgarro,Senior Staff
229927,Berto,Valiente,Senior Engineer
229931,Perry,Mikschl,Technique Leader
229933,Saniya,Itzfeldt,Senior Engineer
229937,Huiqun,Butner,Senior Staff
229939,Leszek,Pusterhofer,Assistant Engineer
229941,Abdelaziz,Collette,Senior Engineer
229943,Kristian,Kampfer,Engineer
229949,Alois,Matzov,Senior Staff
229954,Rajmohan,Lunn,Senior Staff
229955,Seongbae,Cools,Staff
229958,Gad,Jayawardene,Staff
229960,Mack,Bale,Senior Staff
229969,Zine,Walstra,Senior Staff
229970,Tse,Berendt,Senior Engineer
229974,Otmar,Bahr,Staff
229979,Weiru,Suwa,Senior Engineer
229989,Qiwen,Braunschweig,Staff
229990,Sachio,Krychniak,Senior Engineer
229997,Fai,Zwicker,Senior Staff
230001,Shaibal,Angelov,Staff
230005,Ghassan,Seiwald,Senior Engineer
230006,Yifei,Whittlesey,Staff
230008,Sajjan,Angelopoulos,Senior Staff
230012,Falguni,Rusmann,Senior Staff
230015,Susanna,Hasenauer,Senior Engineer
230017,Shuho,Zumaque,Engineer
230022,Xuedong,Skogmar,Staff
230025,Stafford,Schauser,Staff
230028,Zsolt,Vernadat,Senior Engineer
230029,Wanqing,Kalorkoti,Senior Engineer
230037,Jamaludin,Markovitch,Senior Engineer
230040,Sergi,Cannane,Senior Staff
230042,Eckart,Manders,Senior Staff
230046,Nobuyoshi,Hoppenstand,Senior Engineer
230047,Yucai,Jullig,Senior Staff
230053,Zissis,Vural,Senior Staff
230054,Xiaoshan,Waschkowski,Staff
230055,Gladys,Melichar,Engineer
230074,Zito,Templeman,Senior Staff
230077,Georg,Setia,Staff
230078,Aimee,Acton,Senior Engineer
230084,Ishfaq,Qiwen,Engineer
230091,Waiman,Birjandi,Senior Engineer
230097,Weicheng,Kaminger,Senior Staff
230102,Toong,Lamba,Staff
230115,Marie,Hockney,Senior Engineer
230116,Kristine,Wilfing,Senior Engineer
230118,Toshimori,Standera,Engineer
230121,Zhonghui,Kornatzky,Engineer
230129,Guoxiang,Manders,Staff
230130,Kien,Quaggetto,Senior Engineer
230136,Lorien,Iisaka,Senior Staff
230139,Tze,Boguraev,Staff
230140,Berto,Cherinka,Senior Engineer
230145,Marsja,Fairtlough,Senior Engineer
230156,Bernt,Beeson,Senior Staff
230160,Bojan,Pagter,Senior Staff
230162,Itzchak,Ramsay,Senior Engineer
230167,Bernice,Collette,Senior Staff
230170,Yakichi,Thummel,Senior Staff
230171,Barton,Gerteisen,Engineer
230176,Jeane,Rabehasaina,Engineer
230180,Adhemar,Kamble,Senior Engineer
230182,Urs,Ruemmler,Senior Engineer
230184,Angel,Spell,Engineer
230185,Jackson,Chachaty,Senior Staff
230187,Uma,Figueira,Senior Staff
230188,Snehasis,Krychniak,Senior Staff
230190,Kish,Hockney,Staff
230192,Oddvar,Mandelberg,Senior Engineer
230202,Serge,Gerteisen,Senior Engineer
230205,DAIDA,Kilgour,Engineer
230210,Mayumi,Lamma,Senior Engineer
230213,Yishai,Furedi,Technique Leader
230219,Heather,Malinowski,Senior Engineer
230224,Duri,Kusalik,Staff
230225,Marsha,Horswill,Staff
230227,IEEE,Hegner,Assistant Engineer
230230,Ipke,Halevi,Senior Engineer
230235,Divier,Sundgren,Engineer
230238,Woody,Chiodo,Engineer
230245,Thodoros,Bain,Staff
230246,Herbert,Hasham,Senior Engineer
230247,Frederique,Haldar,Engineer
230251,Phillip,Dulin,Senior Engineer
230252,Soenke,Serra,Senior Staff
230255,Ennio,Lorcy,Senior Engineer
230257,Dietrich,Chvatal,Senior Engineer
230264,Valeska,Jayawardene,Senior Staff
230271,Suebskul,Cardazo,Engineer
230277,Kaijung,Thambidurai,Senior Staff
230280,Karlis,Feinberg,Senior Staff
230288,Atreyi,Erdmenger,Senior Engineer
230290,Deborah,Hopewell,Engineer
230292,Zhensheng,Stroustrup,Senior Engineer
230296,Uzi,Makinen,Senior Engineer
230297,Odinaldo,Baaz,Senior Engineer
230300,Mari,Greibach,Senior Staff
230305,Mountaz,Berstel,Staff
230306,Gro,Rotem,Senior Engineer
230314,Sanjay,Danlos,Senior Staff
230316,Magdalena,Billingsley,Senior Staff
230319,Masaru,Harbusch,Senior Engineer
230320,Tomofumi,Chimia,Staff
230321,Gunilla,Alencar,Senior Staff
230323,Isamu,Birdsall,Senior Staff
230324,Shahab,Wixon,Senior Engineer
230325,Gio,Kinley,Senior Engineer
230326,Soenke,Michaeli,Engineer
230329,Jeanna,Murtagh,Senior Engineer
230331,Nidapan,Beutelspacher,Technique Leader
230346,Guiseppe,Trumbly,Senior Staff
230348,Yongmao,Awdeh,Senior Staff
230352,Radhika,Hainaut,Senior Engineer
230353,Siamak,Maierhofer,Senior Staff
230355,Debaprosad,Lamma,Senior Engineer
230357,Mitchel,Marciano,Senior Engineer
230359,Goa,Suwa,Senior Staff
230361,Gro,Thorensen,Senior Staff
230366,Zvonko,Schueller,Engineer
230367,Susuma,Lubachevsky,Senior Staff
230369,Jahangir,Bergere,Staff
230374,Nahid,Mullainathan,Senior Staff
230378,Brigham,Babu,Senior Staff
230381,Atreye,Rosch,Staff
230383,Goo,Piancastelli,Senior Staff
230385,Kirk,Lorys,Staff
230388,Sanjeeva,Bamford,Senior Engineer
230391,Kerryn,Ozeri,Senior Staff
230396,Ramachenga,Aumann,Staff
230398,Nathan,Grandbois,Engineer
230401,Jiong,Gubsky,Senior Engineer
230409,Rosli,Karlin,Technique Leader
230411,Sasan,Badr,Senior Staff
230412,Subhrajyoti,Mikschl,Senior Engineer
230415,Stein,Fortenbacher,Senior Engineer
230418,Hsiangchu,Pargaonkar,Staff
230419,Mona,Comte,Senior Engineer
230426,Make,Riesenhuber,Senior Engineer
230439,Kwangho,Aumann,Senior Engineer
230443,Leaf,Naudin,Senior Engineer
230444,Edwin,Ghalwash,Senior Engineer
230445,Tuval,Cangellaris,Senior Engineer
230448,Chirstian,Conde,Senior Engineer
230453,Limsoon,Macedo,Senior Staff
230455,Chirstian,Templeman,Technique Leader
230458,Peer,Laventhal,Senior Staff
230464,Huican,Butner,Technique Leader
230465,Sajjan,Coullard,Senior Engineer
230467,Dzung,Chartres,Assistant Engineer
230468,Takahito,Zweizig,Senior Engineer
230470,Mandell,Sewelson,Senior Staff
230472,Val,Kropf,Staff
230473,Angel,Vandervoorde,Senior Engineer
230480,Udo,Bernini,Senior Staff
230481,Khaled,Rathonyi,Senior Engineer
230484,Roselyn,Mateescu,Staff
230487,Anyuan,Michaels,Senior Staff
230492,Pranjal,Nilsson,Engineer
230493,Rayond,Nittel,Technique Leader
230496,Tomokazu,Gips,Senior Engineer
230497,Heeju,Randi,Staff
230507,Kristin,Hitomi,Technique Leader
230513,Shir,Raczkowsky,Senior Staff
230519,Masato,Avouris,Senior Staff
230520,Duangkaew,Rande,Senior Engineer
230523,Gaurav,Portugali,Technique Leader
230527,Kinh,Moffat,Senior Staff
230534,Marsja,Binkley,Senior Staff
230541,Shaunak,Riexinger,Senior Engineer
230543,Debatosh,Crouzet,Senior Staff
230545,Bokyung,Baba,Senior Staff
230548,Jinxi,Menyhert,Staff
230550,Jessie,Vitiello,Staff
230551,Khue,Hiyoshi,Assistant Engineer
230553,Oldrich,Mapelli,Senior Engineer
230562,Ymte,Loncour,Staff
230567,Mabry,Sevcikova,Engineer
230572,Sudhanshu,Gulak,Senior Staff
230575,Narain,Siksek,Senior Engineer
230578,Chiradeep,Matzel,Engineer
230580,Hairong,Munck,Senior Engineer
230582,Teiji,Shihab,Senior Engineer
230583,Aruna,Velasco,Senior Engineer
230586,Armond,Gulla,Senior Staff
230587,Arno,Luks,Senior Staff
230591,Diederik,Gajiwala,Senior Engineer
230594,Basim,Cyne,Senior Engineer
230599,Eric,Danley,Engineer
230602,Arnould,Wursthorn,Assistant Engineer
230603,Vidya,Sidou,Senior Engineer
230605,Thanasis,Dratva,Senior Staff
230607,Lech,Randi,Senior Engineer
230608,Youngkon,Schnelling,Senior Engineer
230610,Stepehn,Veevers,Staff
230611,Gina,Szmurlo,Engineer
230612,Kiyomitsu,Erev,Senior Engineer
230613,Youjian,Vidya,Senior Engineer
230614,Yakkov,Chaudhuri,Senior Staff
230615,Jongsuk,Krupka,Engineer
230616,Paloma,Pluym,Senior Engineer
230621,Ulises,Erol,Senior Engineer
230622,Unal,Quittner,Technique Leader
230630,Slavian,Stroustrup,Technique Leader
230631,Kellie,Begiun,Senior Engineer
230636,Tsz,Pusterhofer,Senior Staff
230641,Roddy,Keustermans,Engineer
230644,Tiina,Sooriamurthi,Staff
230647,Kamakshi,Senzako,Engineer
230649,Lidong,Hennebert,Senior Staff
230653,Niclas,Ibel,Assistant Engineer
230659,Utz,Trachtenberg,Engineer
230660,Jackson,Guardalben,Senior Engineer
230668,Kamran,Matzat,Staff
230673,Sadegh,Panwar,Senior Engineer
230676,Yefim,Krzyzanowski,Engineer
230677,Pintsang,Matzen,Senior Staff
230681,Jinya,Hiraishi,Senior Staff
230683,Phillip,Jeong,Senior Engineer
230686,Lobel,Gewali,Engineer
230687,Mayumi,Pouyioutas,Senior Engineer
230688,Tomokazu,Khalil,Staff
230690,Khoa,Papastamatiou,Senior Staff
230691,Mantis,Angelopoulos,Senior Staff
230692,Yolla,Wixon,Senior Engineer
230694,Taisook,Docker,Staff
230698,Vishu,Staelin,Senior Staff
230701,Kristen,Salverda,Senior Engineer
230707,Tesuro,Verhoeff,Senior Engineer
230710,Jiann,Klassen,Senior Staff
230714,Maha,Suessmith,Senior Staff
230716,Xinglin,Panangaden,Senior Staff
230721,Mack,Falck,Engineer
230722,Khosrow,Vanwelkenhuysen,Senior Engineer
230723,Shimshon,Portugali,Senior Staff
230724,Moheb,Cullers,Senior Engineer
230728,Mariangiola,Mansanne,Assistant Engineer
230730,Djelloul,Furedi,Senior Staff
230732,Zvonko,Casley,Staff
230733,Sungwon,Emmart,Technique Leader
230735,Froduald,Peha,Staff
230737,Hsiangchu,Hagimont,Senior Engineer
230739,Tze,Kalorkoti,Engineer
230742,Marc,Kavraki,Senior Engineer
230744,Shushma,Middleton,Senior Staff
230745,Eberhardt,Cunliffe,Senior Staff
230747,Piyush,Haumacher,Engineer
230750,Magy,Vigier,Senior Staff
230753,Geraldo,Suri,Senior Engineer
230758,Palash,Stentiford,Staff
230765,Arvind,Barbanera,Senior Engineer
230768,Kerryn,Luit,Technique Leader
230771,Bezalel,Colorni,Engineer
230774,Tetsushi,Erni,Senior Engineer
230775,Maya,Desikan,Engineer
230778,Kazuhide,Braunschweig,Senior Staff
230781,Erzsebet,Gimarc,Engineer
230795,Remko,Picaronny,Technique Leader
230801,Giao,Engberts,Senior Staff
230804,Hugh,Asser,Engineer
230806,Giap,Anick,Engineer
230807,Faiza,Mitzlaff,Senior Staff
230808,Roded,Piveteau,Senior Engineer
230813,Tesuya,Shumilov,Senior Staff
230820,Bikash,Hooghiemstra,Senior Engineer
230822,Saeko,Rebaine,Staff
230825,Atilio,Stentiford,Senior Engineer
230839,Emdad,Erez,Staff
230842,Leni,Tyugu,Senior Engineer
230843,Otmar,Nittel,Senior Staff
230846,Parto,Perelgut,Senior Engineer
230848,Michaela,Oxenboll,Senior Engineer
230851,Bernd,Henders,Senior Engineer
230859,Jaques,Cichocki,Senior Engineer
230860,Fox,Yoshimura,Staff
230862,Kazuyasu,Rouquie,Senior Engineer
230868,Zengping,Poulakidas,Senior Staff
230871,Rildo,Rabejac,Senior Staff
230874,Kazuhiro,Marshall,Senior Staff
230875,Keiichiro,Kushner,Senior Staff
230876,Shigehiro,Kriebel,Senior Staff
230882,Geoffrey,Pezzoli,Senior Engineer
230883,Pradeep,Kawashima,Senior Staff
230885,Gila,Zhiwei,Senior Engineer
230889,Manu,Marquardt,Engineer
230890,Oldrich,Schmiedel,Engineer
230892,Dinah,Kobuchi,Technique Leader
230894,Martien,Maliniak,Senior Engineer
230895,Godehard,Parhami,Senior Engineer
230896,Spyrose,Tempesti,Engineer
230898,Charlene,Vitiello,Assistant Engineer
230903,Gian,Szilard,Engineer
230905,Iara,Larfeldt,Engineer
230906,Qunsheng,Marchegay,Senior Staff
230910,Premal,Baaz,Senior Staff
230911,Yongmin,Haldar,Staff
230912,Zsolt,Pagter,Engineer
230914,Munir,Brobst,Senior Staff
230916,Lena,Bale,Senior Staff
230919,Clyde,Terwilliger,Senior Staff
230920,Zvonko,Itzigehl,Senior Staff
230921,Yongqiao,Gruenwald,Engineer
230924,Limsoon,Gerteisen,Engineer
230927,Laurentiu,Bail,Senior Engineer
230928,Tesuya,Schlumberger,Senior Engineer
230931,Petter,Hoppenstand,Engineer
230935,Heon,Scallan,Senior Engineer
230936,Ravishankar,Foong,Engineer
230937,Indrajit,Kermarrec,Senior Engineer
230939,Peternela,Matzen,Senior Staff
230940,Kwangsub,Kruskal,Technique Leader
230944,Noritoshi,Serra,Engineer
230946,Tamiya,Taubenfeld,Senior Staff
230948,Emdad,Peac,Senior Engineer
230953,Mana,Murrill,Senior Engineer
230956,Moheb,Ranft,Senior Engineer
230957,Zdislav,Perfilyeva,Senior Engineer
230958,Krisda,Bade,Senior Engineer
230959,Fayez,Barriga,Senior Engineer
230960,Elliott,Birjandi,Senior Engineer
230966,Tadahiro,Melski,Senior Engineer
230970,Alper,Lammel,Senior Engineer
230971,Tesuya,Byoun,Senior Staff
230973,Zhanqiu,Kitsuregawa,Senior Staff
230975,DeForest,Keohane,Senior Engineer
230976,Chuanyi,Serot,Senior Staff
230980,Vidya,VanScheik,Engineer
230984,Odinaldo,Itzigehl,Senior Engineer
230985,Hatsukazu,Taubman,Senior Engineer
230989,Tuval,Krider,Senior Engineer
231000,Surveyors,Krzyzanowski,Senior Staff
231003,Hidde,Stamatiou,Staff
231005,Muzhong,Murthy,Senior Staff
231006,Gill,Delgrossi,Senior Staff
231008,Eran,Ballarin,Senior Engineer
231009,Shigenori,Furudate,Engineer
231012,Dines,Luiz,Senior Staff
231016,Hitofumi,Valette,Senior Engineer
231021,Shietung,Theuretzbacher,Senior Staff
231023,Toshimo,Madeira,Senior Engineer
231024,Marit,Wendorf,Staff
231027,Kazuhiko,Denny,Senior Engineer
231034,Xiaobin,Coors,Staff
231036,Hyuncheol,Soloway,Senior Staff
231037,Mostafa,Vieth,Senior Staff
231040,Heekeun,Liesche,Staff
231042,Luigi,Christ,Staff
231044,Stevo,Merey,Senior Engineer
231047,Uno,Shackel,Technique Leader
231050,Shim,Narwekar,Senior Engineer
231051,Bodh,Parfitt,Senior Staff
231056,Margo,McAlpine,Engineer
231057,Ziyad,Bhattacharjee,Senior Staff
231058,Yoshinari,Peot,Engineer
231060,Marin,Ramras,Engineer
231062,Kwee,Godskesen,Staff
231073,Yechiam,Rattan,Senior Staff
231075,Luise,Basart,Senior Engineer
231079,Conor,Luon,Staff
231081,Margareta,Asmuth,Technique Leader
231083,Gritta,Angelopoulos,Senior Engineer
231084,Ennio,Perly,Staff
231090,Marc,Selvestrel,Senior Engineer
231094,Conal,Maliniak,Engineer
231096,Debaprosad,Tyugu,Senior Staff
231099,Fumiko,Vrecion,Senior Staff
231105,Zijian,Kitai,Staff
231108,Nimmagadda,Tasistro,Senior Engineer
231109,Adamantios,Vickson,Assistant Engineer
231110,Kiyomitsu,Sidou,Senior Staff
231111,Shirish,Rosiles,Senior Engineer
231116,Kristof,Danecki,Senior Engineer
231122,Jeane,Baik,Senior Engineer
231124,Monique,Velardi,Engineer
231127,Izaskun,Kavvadias,Staff
231130,Kien,Skafidas,Staff
231131,Aimee,Rajaraman,Engineer
231132,Arunas,Hofstetter,Senior Staff
231139,Tetsushi,Kaelbling,Senior Staff
231143,Zhensheng,Comyn,Engineer
231144,Pradeep,Simmen,Senior Staff
231146,Kazuhira,Ebeling,Senior Engineer
231151,Jessie,Varman,Senior Staff
231152,Fay,Straney,Engineer
231163,Emran,Dechter,Senior Staff
231170,Mingdong,Champarnaud,Engineer
231178,Gennady,Highland,Senior Staff
231179,Cristinel,Benaini,Engineer
231185,Shimshon,Uludag,Senior Staff
231190,Gay,Alblas,Staff
231192,Zorica,Siepmann,Senior Engineer
231193,Freyja,Isaac,Senior Engineer
231194,Tonny,Burnard,Senior Engineer
231198,Debatosh,Bellone,Senior Engineer
231201,Chirstian,Dratva,Senior Engineer
231202,Nobuyoshi,Fioravanti,Senior Engineer
231204,Kwangho,Siprelle,Senior Staff
231205,Lidong,Nittel,Senior Staff
231207,Peternela,Lakshmanan,Technique Leader
231212,Oksana,Raney,Engineer
231215,Jovan,Bierbaum,Senior Staff
231219,Remzi,Plavsic,Staff
231222,Gino,Reghbati,Senior Staff
231224,Bernd,Uludag,Senior Staff
231226,Froduald,Cannane,Senior Staff
231234,Xuedong,Borovoy,Senior Engineer
231236,Guadalupe,Iisaka,Senior Engineer
231237,Sivanarayana,Benner,Technique Leader
231238,Sarita,Tsukuda,Senior Engineer
231243,Abdelghani,Birta,Senior Staff
231244,Percy,Cummings,Engineer
231245,Arto,Pezzoli,Staff
231250,Mats,Crouzet,Technique Leader
231253,Hairong,Codenie,Senior Staff
231261,Rosalie,Koyama,Engineer
231262,Utz,Bojadziev,Senior Engineer
231263,Babette,Maksimenko,Engineer
231270,Gritta,Rassart,Senior Staff
231275,Yongmao,Kuzuoka,Staff
231276,Jayesh,Butner,Senior Staff
231278,LiMin,Papadias,Senior Engineer
231279,Giap,Muntz,Senior Staff
231280,Weidon,Verhoeff,Technique Leader
231284,Luigi,Antonakopoulos,Staff
231287,Shalesh,Ghazalie,Engineer
231294,Sven,Brender,Senior Staff
231299,Susuma,Whittlesey,Senior Staff
231302,Prasadram,Navazio,Senior Staff
231305,Frazer,Godskesen,Senior Engineer
231307,Thanasis,Claffy,Staff
231308,Lijie,Boudaillier,Senior Staff
231315,Subir,Farrar,Senior Engineer
231316,Zhilian,Soloway,Engineer
231322,Tetsushi,Colorni,Engineer
231324,Utpal,Thebaut,Senior Engineer
231329,Kinh,Onuegbe,Assistant Engineer
231333,Kinh,Stroustrup,Senior Staff
231338,Ennio,Straney,Engineer
231339,Bogdan,Skrikant,Senior Engineer
231341,Kazuhide,Keirsey,Staff
231344,Ohad,Kalafatis,Senior Staff
231345,Kagan,Asrin,Staff
231347,Kiam,Thimonier,Senior Engineer
231353,Dinah,Schurmann,Senior Engineer
231355,Abdelghani,Silva,Senior Engineer
231362,Boriana,Pintelas,Technique Leader
231367,Shawna,Lubachevsky,Senior Staff
231368,Richara,Muhling,Assistant Engineer
231372,Khatoun,Koblick,Staff
231375,Jungsoon,Kushnir,Senior Staff
231378,Barna,Socorro,Staff
231380,Christfried,Schwabacher,Assistant Engineer
231383,Randy,Chiodo,Senior Engineer
231386,Ashish,Swiss,Senior Engineer
231391,Nevio,Atchley,Engineer
231392,Mats,Akiyama,Senior Engineer
231393,Tamiya,DuCasse,Senior Engineer
231395,Fen,Gill,Engineer
231396,Yoshinari,Cannata,Engineer
231401,Fumino,Biran,Senior Engineer
231409,Maya,Thorensen,Senior Engineer
231410,Persi,Sidou,Senior Staff
231411,Prasadram,Perfilyeva,Senior Staff
231414,Qingxiang,Camarinopoulos,Technique Leader
231416,Mokhtar,DasSarma,Senior Staff
231417,Arfst,Breugel,Senior Engineer
231422,Saeed,Keohane,Engineer
231424,Dayanand,Fortenbacher,Senior Staff
231425,Danai,DuCasse,Senior Engineer
231427,Shuji,Jullig,Engineer
231430,Quingbo,Kusakabe,Senior Staff
231431,Anestis,Merle,Senior Staff
231436,Hironobu,Nannarelli,Senior Engineer
231440,Mariangiola,Lores,Senior Engineer
231443,Atreyi,Olivero,Senior Staff
231444,Fei,Angelov,Staff
231456,Tsvetan,Sooriamurthi,Senior Staff
231457,Mads,Ratnaker,Senior Staff
231460,Atreyi,Garnham,Staff
231461,Aiichiro,Sidje,Engineer
231463,Utpal,Ressouche,Engineer
231465,Ennio,Perfilyeva,Engineer
231469,Juyoung,Denos,Senior Engineer
231470,Hitofumi,Sankaranarayanan,Senior Staff
231471,Saeko,Chinin,Senior Engineer
231473,Mong,Kalafatis,Senior Engineer
231477,Larisa,Krohm,Senior Staff
231478,Sumant,Suppi,Engineer
231479,Yunming,Maksimenko,Engineer
231486,Yefim,Cmelik,Senior Engineer
231487,Jingling,Schmittgen,Engineer
231488,Garnik,Bage,Staff
231490,Etsuo,Clouatre,Senior Staff
231495,Ewing,Polajnar,Staff
231499,Inderjeet,Perly,Staff
231501,Valeska,Kawashimo,Senior Staff
231508,Shounak,Assaf,Senior Engineer
231509,Hongzue,Farris,Engineer
231511,Felicidad,Vieri,Staff
231514,Phillip,Fraisse,Engineer
231515,Boutros,Collette,Engineer
231516,Jinya,Farrag,Senior Staff
231520,Junichi,Angel,Engineer
231521,Kiam,Koshino,Senior Engineer
231522,Saeed,Kaminger,Senior Engineer
231523,Oscal,Rattan,Staff
231527,Limsoon,Diderrich,Senior Staff
231528,Serenella,Botman,Senior Engineer
231535,Deborah,Murtha,Engineer
231536,Jouni,Wrigley,Senior Staff
231538,Arco,Azumi,Senior Engineer
231542,Chuanti,Pileggi,Staff
231549,Yahiko,Renear,Senior Engineer
231553,Oksana,Simkin,Senior Engineer
231554,Xiaoshan,Hennings,Senior Engineer
231557,Janche,Griswold,Senior Engineer
231558,Percy,Karcich,Senior Staff
231562,Juyoung,Irland,Senior Engineer
231563,Khosrow,Rijckaert,Staff
231564,Vasilii,Nanard,Senior Staff
231566,Lillian,Brickell,Senior Staff
231567,Ravishankar,Ohori,Senior Engineer
231570,Dietrich,Vecchi,Staff
231571,Lena,Broomell,Senior Staff
231578,Taiji,Barvinok,Staff
231583,Szabolcs,Laventhal,Senior Engineer
231586,Teunis,Standera,Senior Staff
231587,Cheong,Schueller,Senior Engineer
231588,Insup,Biron,Engineer
231594,Arvind,Nourani,Senior Engineer
231595,Jenwei,Schwartzbauer,Senior Staff
231602,Leaf,Azumi,Senior Engineer
231606,Marlo,Trumbly,Senior Engineer
231610,Shakhar,Mattern,Senior Staff
231611,Moni,Muhlberg,Senior Staff
231614,Saeed,Suessmith,Senior Staff
231616,Shalesh,Szmurlo,Engineer
231618,Cedric,Shiratori,Senior Staff
231627,Conor,Schaaf,Engineer
231634,Conor,Marwedel,Senior Engineer
231635,Billie,Kalafatis,Technique Leader
231639,Boriana,Kropp,Senior Engineer
231647,Angus,Provine,Staff
231649,Woody,Hebert,Senior Engineer
231654,Rasiah,Vidal,Senior Staff
231658,Hironobu,Janetzko,Engineer
231661,Remzi,Matzke,Senior Staff
231662,Manu,Marakhovsky,Assistant Engineer
231665,Gita,Cullers,Senior Engineer
231666,Kwangjo,Sadowski,Senior Engineer
231667,Rimon,Porenta,Senior Staff
231672,Hironobu,Erdi,Senior Engineer
231673,Lubomir,Genin,Senior Engineer
231683,Gil,Diderrich,Senior Engineer
231689,Mikhail,Rajala,Senior Staff
231690,Srinidhi,Selenyi,Senior Staff
231693,Brigham,Thisen,Engineer
231696,Foong,Silva,Senior Staff
231699,Subhankar,Murtha,Senior Staff
231702,Sahrah,Vieri,Senior Staff
231703,Kwangjo,Meszaros,Senior Staff
231704,Tetsurou,Rajcani,Senior Staff
231705,Fusako,Feldhoffer,Senior Engineer
231706,Achilleas,Pettey,Senior Staff
231717,Bedir,Puoti,Engineer
231719,Felicidad,Krichel,Technique Leader
231723,Wanqing,Aseltine,Technique Leader
231726,Monique,Haraldson,Senior Engineer
231727,Kazuhito,Luca,Senior Staff
231729,Kristen,Kobuchi,Senior Staff
231735,Sanjeeva,Randi,Senior Staff
231736,Sverrir,Peternell,Technique Leader
231740,Kyoichi,Gustavson,Senior Staff
231746,Jaber,Gist,Staff
231747,Aral,Uchoa,Assistant Engineer
231748,Christophe,Curless,Staff
231750,Arvind,Siepmann,Staff
231751,Van,Lunn,Senior Staff
231754,Yannis,Stemann,Staff
231756,Ronnie,Barreiro,Engineer
231760,Karsten,Auyong,Senior Staff
231761,Jolita,Taubenfeld,Senior Engineer
231767,Bezalel,Butterworth,Senior Staff
231769,Moriyoshi,Zockler,Engineer
231770,Ashish,Luke,Senior Staff
231779,Teunis,Stiles,Senior Engineer
231782,Yagil,Uehara,Assistant Engineer
231783,Tomokazu,Radwan,Senior Staff
231794,Eran,Wuwongse,Staff
231795,Marsja,Zweizig,Senior Engineer
231802,Ohad,Nastansky,Senior Staff
231803,Lein,Kilgour,Senior Engineer
231804,Alselm,Petereit,Engineer
231806,Bokyung,Toyoshima,Technique Leader
231811,Turgut,Lorcy,Engineer
231815,Marjo,Reinhart,Senior Engineer
231818,Gretta,Hartvigsen,Technique Leader
231824,Saddek,Ohori,Senior Staff
231825,Fumitake,Cyne,Senior Engineer
231829,Jaideep,Leuchs,Senior Staff
231832,Chanjung,Ramsay,Senior Engineer
231835,Chaoyi,Peyn,Engineer
231838,Kazuhiko,Strandh,Engineer
231839,Sudhanshu,Gecsei,Engineer
231842,Navid,Limongiello,Engineer
231847,Geraldo,Pauthner,Senior Staff
231848,Munenori,Ghandeharizadeh,Senior Engineer
231850,Youjian,Straney,Senior Staff
231856,Suzette,Remmele,Engineer
231857,Breannda,Erev,Staff
231858,Geoffry,Baez,Senior Staff
231864,Selwyn,Erez,Senior Staff
231865,Gou,Reeken,Senior Engineer
231870,Wayne,Suwa,Senior Staff
231874,Murthy,Peroz,Senior Staff
231876,Abdelkader,Akazan,Senior Staff
231879,Kyoichi,Acton,Senior Engineer
231883,Srinidhi,Heering,Senior Staff
231884,Florian,Pagter,Senior Staff
231887,Yongmin,Petereit,Senior Staff
231891,Yagil,Ranka,Senior Staff
231895,Shiv,Hmelo,Senior Engineer
231899,Vishu,Neiman,Engineer
231905,Hugo,Comellas,Senior Engineer
231909,Torsten,Nicolson,Staff
231911,Lucien,Sury,Staff
231917,Yuriy,Farrel,Engineer
231918,Ger,Naumovich,Senior Engineer
231919,Sanjit,Lamma,Senior Engineer
231922,Mohammad,Minakawa,Senior Engineer
231929,Adit,Muhlberg,Senior Staff
231932,Tru,Molberg,Senior Engineer
231933,Hitofumi,Ferriere,Engineer
231934,Ramalingam,Bain,Staff
231935,Duri,Perry,Senior Engineer
231938,Stafford,Fontan,Senior Engineer
231940,JiYoung,Servi,Senior Staff
231943,Niteen,Tsukune,Senior Staff
231947,Vasilis,Radivojevic,Staff
231950,Stella,Marchegay,Senior Engineer
231952,Carrsten,Docker,Senior Engineer
231956,Spyrose,Birjandi,Senior Staff
231959,Adib,Hatcliff,Senior Staff
231963,Xuejia,Peng,Engineer
231968,Elrique,Mapelli,Senior Engineer
231969,Flemming,Birrer,Senior Engineer
231978,Somnath,Plesums,Senior Staff
231981,Ekawit,Zedlitz,Senior Engineer
231984,Nectarios,Schurmann,Engineer
231988,Baocai,Esteva,Senior Engineer
231994,Hideyuki,Hagimont,Senior Engineer
231996,Aleksander,Peng,Senior Engineer
232000,Satyanarayana,Dolinsky,Senior Staff
232001,Katsuyuki,Krychniak,Senior Staff
232010,Neelam,Farris,Senior Engineer
232012,Yefim,Veldwijk,Staff
232013,Hidde,Falby,Staff
232023,Jayesh,Perng,Senior Staff
232027,Leon,Schusler,Engineer
232030,Kish,Waleschkowski,Senior Engineer
232031,Zvonko,Alpay,Senior Engineer
232035,Yakichi,Marwedel,Senior Engineer
232037,Chaoyi,Guenter,Assistant Engineer
232038,Ennio,Bach,Senior Engineer
232040,Vasiliy,Hoogerwoord,Senior Engineer
232045,Berhard,Goodrum,Senior Engineer
232048,Mabhin,Kandlur,Senior Engineer
232050,Tomoyuki,Weedon,Senior Staff
232053,Izaskun,Mundy,Senior Engineer
232054,Tetsurou,Hanabata,Engineer
232057,Valter,Candan,Senior Staff
232058,Shigeichiro,Pehl,Senior Engineer
232062,Sham,Salinas,Staff
232064,Kwok,Collette,Engineer
232065,Berto,Kohling,Staff
232067,Abdelwaheb,Rosay,Engineer
232070,Bilhanan,Marrakchi,Senior Staff
232078,Susuma,Beerel,Staff
232082,Kiyokazu,Copas,Engineer
232083,Ebru,Wissmann,Staff
232089,Yoshimitsu,Czaja,Senior Engineer
232090,Szabolcs,Gustavson,Senior Engineer
232091,Yishay,Nooteboom,Engineer
232093,Sadun,Keustermans,Engineer
232096,Harjit,Iacovou,Senior Engineer
232098,Margareta,Bale,Senior Staff
232102,Hidekazu,Ramsay,Staff
232107,Boutros,Baby,Senior Engineer
232111,Abdelkader,Gecsel,Senior Engineer
232112,Houman,Baalen,Senior Engineer
232113,Jaideep,Sichman,Senior Staff
232114,Bogdan,Jonsson,Senior Staff
232118,Kankanahalli,Murtafg,Senior Engineer
232121,Ayonca,Panwar,Senior Engineer
232124,Martins,Mungall,Senior Staff
232125,Soenke,Vasanthakumar,Senior Engineer
232126,Mohd,Anandan,Senior Staff
232127,Jamaludin,Hanabata,Engineer
232130,Shichao,Lanzelotte,Senior Staff
232133,Pascal,Cangellaris,Senior Staff
232134,Malu,Suwa,Senior Engineer
232142,Valter,Merli,Senior Engineer
232143,Zongyan,Demian,Senior Engineer
232146,Candido,Herbst,Senior Staff
232147,Manu,Kaiser,Engineer
232152,Mayumi,Paludetto,Senior Staff
232154,Kerhong,Steinauer,Senior Staff
232156,Rafail,Cherinka,Staff
232158,Moty,Merro,Senior Engineer
232169,Alois,Jiang,Staff
232170,Sanjay,Fujisaki,Senior Engineer
232174,Susuma,Masaki,Assistant Engineer
232180,Mabry,Lorys,Senior Engineer
232182,Paloma,Haraldson,Engineer
232183,Jahangir,Snedden,Senior Engineer
232184,Persi,Weiland,Technique Leader
232185,Lillian,Mandelberg,Engineer
232188,Sachio,Benzaken,Staff
232196,Abdelwaheb,Puppe,Engineer
232199,Goncalo,Heinisuo,Staff
232201,Weicheng,Baig,Senior Staff
232203,Shaowei,Pollock,Technique Leader
232204,Mamdouh,Zastre,Staff
232211,Demos,Nishimukai,Engineer
232217,Taiji,Thebaut,Senior Engineer
232220,Zengping,Hettesheimer,Senior Engineer
232221,Fumiko,Bahi,Senior Engineer
232226,Marsja,Gerteisen,Senior Engineer
232229,Fox,Noriega,Engineer
232230,Gay,Steinauer,Senior Staff
232236,Xiaoshan,Bonifati,Senior Staff
232238,Piyawadee,Fiutem,Engineer
232240,Indrajit,Bharadwaj,Senior Staff
232241,Uno,Barbanera,Staff
232243,Manton,Encarnacion,Senior Staff
232244,Berna,Polupanov,Senior Engineer
232247,Shounak,Oehlmann,Senior Engineer
232255,Mariangiola,Callaway,Senior Staff
232260,Mohan,Stanger,Senior Engineer
232262,Anyuan,Furedi,Senior Staff
232264,Huai,Buescher,Senior Engineer
232265,Peer,Wilfing,Technique Leader
232269,Kamran,Szmurlo,Engineer
232276,Berna,Ruemmler,Senior Staff
232277,Chaitali,Calkin,Senior Engineer
232278,Xiping,Tempesti,Senior Staff
232280,Tran,Thibadeau,Senior Staff
232284,Garnet,Spell,Technique Leader
232289,Fun,Farrag,Senior Engineer
232291,Gila,Desikan,Technique Leader
232294,Arie,Klerer,Senior Engineer
232295,Amalendu,Ranft,Staff
232297,Ghassan,Borstler,Senior Engineer
232298,Bader,Tempesti,Technique Leader
232313,Raimond,Schiettecatte,Senior Staff
232317,Conrado,Brandsma,Engineer
232328,Uinam,Stanger,Senior Engineer
232330,Eben,Kohling,Assistant Engineer
232332,Thodoros,Msuda,Staff
232333,Irene,Isaak,Engineer
232334,Mayuri,Kaminger,Senior Engineer
232335,Fay,Boguraev,Senior Staff
232338,Genta,Mahnke,Senior Staff
232340,Gaetan,Marciano,Engineer
232348,Thanasis,Bernick,Senior Staff
232350,Subir,Lammel,Engineer
232355,Aron,Larfeldt,Assistant Engineer
232357,Doowon,Biros,Staff
232358,Stabislas,Sadowski,Senior Staff
232359,Troy,Chepyzhov,Senior Engineer
232367,Youjian,Krogh,Engineer
232373,Marsha,Lowrie,Senior Staff
232379,Hatsukazu,Fandrianto,Senior Staff
232381,Siddarth,Tempesti,Senior Staff
232382,Shir,Landherr,Staff
232384,Selwyn,Niizuma,Engineer
232389,Marit,Kumaresan,Engineer
232390,Mohd,Veldwijk,Technique Leader
232396,Alejandra,Weisert,Senior Engineer
232413,Claude,Suri,Senior Engineer
232414,Kwok,Leaver,Senior Staff
232416,Tokuyasu,Binkley,Senior Engineer
232419,Zhonghua,Leslie,Senior Engineer
232423,Szabolcs,Baezner,Senior Engineer
232430,Karoline,Adachi,Senior Engineer
232434,Ziva,Reistad,Staff
232436,Morrie,Stemann,Senior Staff
232437,Kasturi,Douceur,Senior Staff
232438,Demos,Polupanov,Staff
232440,Ottavia,Ressouche,Senior Engineer
232445,Khedija,Llado,Staff
232446,Chirstian,Siepmann,Senior Staff
232449,Goh,Gunderson,Staff
232455,Sreekrishna,Bonifati,Senior Engineer
232460,Heather,Panwar,Senior Engineer
232466,Weidon,Perri,Technique Leader
232468,Sashi,Harllee,Senior Engineer
232474,Ugo,Luke,Senior Staff
232485,Margo,Denti,Senior Engineer
232486,Bodo,Hutter,Senior Staff
232503,Goa,Camurati,Senior Engineer
232507,Uinam,Gimbel,Senior Staff
232508,Kankanahalli,Brickell,Senior Staff
232510,Xiaobin,Hemaspaandra,Staff
232512,Yechiam,Chepyzhov,Senior Engineer
232513,Honesty,Chleq,Engineer
232516,Jeanne,Whittlesey,Engineer
232521,Roddy,Argence,Technique Leader
232524,Tianruo,Famili,Senior Staff
232526,Stepehn,Bernick,Senior Staff
232528,Satyanarayana,Ramsay,Senior Engineer
232534,Dulce,Dulin,Staff
232536,Mandell,Baezner,Senior Staff
232543,Moni,Masada,Senior Staff
232544,Mabo,Porotnikoff,Senior Staff
232545,Mani,Vanwelkenhuysen,Engineer
232546,Utpal,Ratzlaff,Staff
232558,Sajjan,Camarinopoulos,Staff
232559,Ramya,Vernadat,Senior Staff
232561,Elliott,Lamparter,Senior Engineer
232563,Shaibal,Yavatkar,Senior Engineer
232564,Vishu,Trachtenberg,Senior Engineer
232565,Nakhoon,Hopewell,Senior Engineer
232569,Boalin,Benzaken,Senior Staff
232574,Aloys,Meriste,Senior Staff
232575,Froduald,Benaini,Staff
232579,Margo,Delgrossi,Senior Staff
232587,Sreenivas,Weedon,Senior Engineer
232590,Eldridge,Prochazka,Senior Staff
232592,Chuanti,Lienhardt,Senior Engineer
232594,Wuxu,Bardell,Senior Engineer
232596,Zvonko,Percebois,Senior Engineer
232597,Weiye,Butner,Senior Staff
232599,Haldon,Kropf,Senior Staff
232601,Claude,Honglei,Engineer
232604,Abdelkader,Strandh,Senior Staff
232606,Mototsugu,Benzaken,Senior Engineer
232608,Arco,Kading,Senior Engineer
232613,Uwe,Butner,Senior Engineer
232615,Selwyn,Strandh,Staff
232617,Kamran,Guerreiro,Senior Staff
232618,Tuval,Luce,Engineer
232620,Arne,Rabejac,Senior Engineer
232623,Guther,Linares,Senior Engineer
232626,Behnaam,Codenie,Senior Staff
232628,Xianlong,Boguraev,Assistant Engineer
232632,Brewster,Radhakrishnan,Senior Engineer
232635,Yefim,Pell,Senior Engineer
232636,Duro,Peha,Senior Staff
232638,Morrie,Morris,Senior Engineer
232641,Masamitsu,Baba,Technique Leader
232642,Kenton,Henders,Senior Staff
232643,Samphel,Casperson,Assistant Engineer
232644,DeForest,Ossenbruggen,Senior Staff
232652,Taizo,Kaiser,Senior Engineer
232657,Shir,Basawa,Senior Staff
232662,Niteen,Mattern,Technique Leader
232666,Jordanka,Litvinov,Senior Engineer
232675,Sadun,Pintelas,Engineer
232677,Arvind,Orlowski,Senior Staff
232679,Lijie,Baca,Senior Staff
232680,Gennadi,Baba,Senior Engineer
232681,Florina,Heering,Staff
232684,Hyuckchul,Hockney,Senior Engineer
232686,Kazuhiko,Akiyama,Senior Staff
232690,Mikhail,Ranon,Staff
232691,Rutger,Brookner,Technique Leader
232692,Yakichi,Copas,Staff
232694,Diederik,Pintelas,Senior Staff
232696,Houman,Garnier,Senior Staff
232698,Siddarth,Gurbaxani,Engineer
232699,Ortrun,Farrel,Senior Engineer
232708,Odinaldo,Benzmuller,Senior Staff
232711,Palash,Vitiello,Senior Staff
232716,Manu,Bruckman,Staff
232722,Mitchel,Srimani,Staff
232724,Mohamadou,Baak,Engineer
232726,Ewing,Benaini,Senior Staff
232727,Sastry,Jonsson,Senior Engineer
232729,Xiaoheng,Francisci,Senior Engineer
232744,Paris,Skrikant,Senior Engineer
232748,Zorica,Ernst,Senior Engineer
232749,Jolita,Basart,Assistant Engineer
232750,Fumitaka,Majewski,Senior Staff
232753,Tadanori,Sudbeck,Senior Staff
232758,Jeong,Kisuki,Senior Engineer
232762,Luerbio,Knightly,Senior Engineer
232767,Guenter,Pollacia,Engineer
232771,Chanjung,Rodite,Engineer
232777,Valery,Lanphier,Senior Engineer
232782,Yurii,Zolotykh,Senior Engineer
232784,Seshu,Schurmann,Senior Staff
232785,Brewster,Dratva,Senior Staff
232787,Aleksandar,Kroll,Senior Engineer
232791,Khedija,Haraldson,Engineer
232795,Prodip,Barbanera,Staff
232799,Berna,Erbe,Senior Staff
232801,Krassimir,Legleitner,Staff
232802,Branimir,Riesenhuber,Technique Leader
232806,Owen,Demizu,Senior Engineer
232808,Uriel,Ghalwash,Senior Engineer
232811,Jinxi,Shanbhogue,Engineer
232813,Chandrasekaran,Breugel,Senior Engineer
232816,Snehasis,Whittlesey,Senior Staff
232817,Gio,Garigliano,Senior Staff
232818,Sreenivas,Peck,Engineer
232820,Shaowen,Zambonelli,Senior Engineer
232822,Torsten,Mapelli,Senior Engineer
232824,Yishai,Rebaine,Engineer
232827,Mahendra,Ebeling,Engineer
232831,Rance,Ghazalie,Senior Engineer
232834,Chinhyun,Poehlman,Senior Engineer
232837,Mabhin,Aseltine,Senior Engineer
232838,Oscal,Remmele,Engineer
232840,Ipke,Bernardeschi,Senior Engineer
232845,Otmar,Bruckman,Senior Staff
232855,Aamod,Wossner,Technique Leader
232856,Filipp,Gulik,Engineer
232857,Ebbe,Swiss,Senior Staff
232860,Mansur,Marrakchi,Senior Engineer
232868,Tua,Suri,Senior Engineer
232874,Richard,Debuse,Senior Staff
232876,Youngkon,Barbanera,Engineer
232878,Xinyu,Peroz,Senior Staff
232879,Krisda,Emden,Senior Staff
232880,Uli,Reutenauer,Senior Staff
232881,Youjian,Emmerich,Senior Engineer
232882,Zhigen,Pepe,Senior Staff
232883,Gita,Lorie,Senior Staff
232888,Ennio,Comellas,Senior Staff
232889,Oscal,Yetim,Senior Staff
232890,Alair,Herath,Senior Staff
232891,Sandeepan,Sullins,Staff
232892,Yucai,Matzat,Senior Staff
232893,Arif,Leonhardt,Senior Engineer
232895,Leif,Ushiama,Engineer
232897,Toney,Douceur,Senior Staff
232905,Yakkov,Bouloucos,Senior Staff
232907,Bernd,Christ,Senior Staff
232911,Marin,Borstler,Senior Engineer
232915,Jaideep,Ballarin,Staff
232918,Mayuko,Bultermann,Engineer
232921,Ugo,Ravishankar,Senior Staff
232922,Chinhyun,Shobatake,Staff
232924,Hairong,Bierman,Senior Staff
232928,Valeri,Ratnakar,Technique Leader
232933,Keung,Solovay,Senior Staff
232947,Noritoshi,Meriste,Senior Staff
232950,Kirk,Laurillard,Senior Staff
232951,Jianhua,Weedon,Senior Staff
232952,Pranjal,Einsfeld,Senior Staff
232954,Basil,Ramaiah,Staff
232964,Jeanna,Heemskerk,Engineer
232966,Qunsheng,Rodite,Senior Staff
232968,Duri,Genther,Engineer
232971,Chaosheng,Anger,Engineer
232972,Tianruo,Impagliazzo,Senior Staff
232976,Premsyl,Narahara,Senior Engineer
232977,Perla,Chenney,Engineer
232979,Florian,Tagansky,Engineer
232982,Supot,Etalle,Senior Staff
232985,Vivian,Curless,Senior Engineer
232988,Denis,Dichev,Senior Engineer
232995,Jixiang,Billawala,Senior Staff
233001,Jordanka,Egerstedt,Senior Staff
233010,Nirmal,Khamsi,Senior Engineer
233012,Yuchang,Reistad,Senior Engineer
233017,Sugwoo,Raney,Assistant Engineer
233021,Basim,Isaac,Senior Staff
233022,Adam,Bisiani,Senior Engineer
233025,Jianhua,Ulupinar,Senior Staff
233030,Abdulah,Businaro,Senior Staff
233032,Qingxiang,Velardi,Senior Engineer
233034,Kiyotoshi,Bondorf,Engineer
233040,Terresa,Weedon,Senior Engineer
233048,Sailaja,Waterhouse,Senior Staff
233056,Zhenhua,Yoshimura,Senior Staff
233058,Lokesh,Kenevan,Engineer
233059,Takahiro,Undy,Senior Engineer
233060,Indrajit,Serre,Staff
233065,Xuedong,Rabejac,Senior Engineer
233066,Laurentiu,Grandbois,Senior Engineer
233067,Marco,Heydon,Senior Engineer
233071,LiMin,Crouzet,Engineer
233075,Atreyi,Luff,Staff
233077,JoAnna,Georgatos,Senior Staff
233079,Genta,Stranks,Senior Staff
233080,Marsha,Frezza,Senior Engineer
233094,Divine,Cardazo,Senior Engineer
233095,Qingxiang,Rullman,Engineer
233097,Djenana,Olano,Senior Engineer
233099,Geraldo,Garigliano,Senior Staff
233101,Jongsuk,Unno,Assistant Engineer
233102,Zhilian,Garigliano,Senior Staff
233103,Rance,Kuszyk,Senior Engineer
233106,Changho,Cools,Senior Engineer
233111,Serenella,Luiz,Senior Staff
233115,Felicidad,Middleton,Senior Engineer
233118,Fusako,Otillio,Senior Engineer
233119,Valeska,Levasseur,Senior Staff
233121,Lucian,Norsworthy,Senior Engineer
233126,Geoff,Kranzdorf,Senior Engineer
233127,Fun,Gire,Senior Staff
233132,Evgueni,Pusterhofer,Senior Staff
233136,Kauko,Ruther,Senior Staff
233147,Yishai,Teitelbaum,Senior Engineer
233151,JoAnna,Foong,Senior Staff
233153,Huan,Brodie,Staff
233155,Xinan,Brookner,Senior Engineer
233163,Jayson,Ginneken,Senior Staff
233165,Mohan,Crooks,Senior Engineer
233169,DeForest,Remmers,Senior Staff
233171,Jinya,Moffat,Staff
233177,Pranav,Ashish,Senior Staff
233187,Lunjin,Czaja,Senior Staff
233188,Tayeb,Jenevein,Senior Staff
233192,Aimee,McClure,Engineer
233194,Masaki,Taneja,Engineer
233196,Masoud,Bottner,Staff
233200,Breannda,Speckmann,Technique Leader
233209,Tadahiro,Vural,Senior Engineer
233212,Kazuhiro,Yurov,Senior Staff
233217,Stamatina,Bharadwaj,Staff
233219,Teunis,Panienski,Engineer
233220,Geoff,Speek,Senior Engineer
233222,Kwangjo,Bugrara,Staff
233223,Sreekrishna,Eterovic,Senior Staff
233228,Xinan,Copas,Senior Engineer
233230,Elliott,Veldwijk,Technique Leader
233232,Mona,Schaar,Senior Engineer
233235,Hatem,Katalagarianos,Senior Engineer
233239,Gurbir,Neimat,Senior Engineer
233244,Sibyl,Baik,Engineer
233250,Jayson,Hoogerwoord,Senior Staff
233253,Kyoichi,Merli,Senior Engineer
233256,Remco,Akaboshi,Technique Leader
233257,Mikhail,Waeselynck,Senior Staff
233261,Nechama,Lally,Technique Leader
233264,Karsten,Curless,Staff
233268,Jiakeng,Tagansky,Engineer
233272,Trygve,Teitelbaum,Senior Engineer
233273,Nectarios,Lammel,Senior Engineer
233278,Berto,Eiron,Senior Engineer
233280,Mohd,Lalonde,Senior Staff
233282,Martijn,Wossner,Staff
233284,Isamu,Cannane,Senior Engineer
233288,Chanjung,Lupu,Senior Staff
233296,Khoa,Crabtree,Senior Engineer
233299,Odysseas,Casley,Engineer
233305,Constantino,Kropp,Senior Staff
233311,Toshiki,Muniz,Senior Staff
233314,Karoline,Luby,Senior Engineer
233320,Byong,Birsak,Senior Staff
233323,Achilleas,Demeyer,Senior Staff
233330,Shuji,Spelt,Senior Staff
233335,Vitaly,Madeira,Senior Staff
233336,Luigi,Trachtenberg,Senior Engineer
233340,Sadok,Gornas,Engineer
233341,Serge,Lienhardt,Senior Staff
233345,Alexius,Tramer,Senior Staff
233346,Serenella,Oehlmann,Assistant Engineer
233347,Shigeaki,Kilgour,Assistant Engineer
233351,Jianwen,Schwartzbauer,Senior Engineer
233354,Mingzeng,Bernick,Senior Engineer
233358,Kersti,Hofmeyr,Senior Staff
233359,Shaowen,Magalhaes,Engineer
233364,Yefim,Underwood,Staff
233366,Sajjad,Kieras,Senior Staff
233370,Reuven,Lanphier,Assistant Engineer
233371,Samphel,Schrift,Engineer
233375,Chrisa,Comte,Technique Leader
233378,Duro,Klassen,Senior Engineer
233385,Georgi,Kulisch,Senior Engineer
233388,Aluzio,Wendorf,Senior Staff
233391,Eldridge,Preusig,Senior Staff
233392,Akeel,Beeson,Assistant Engineer
233399,Jinpo,Plump,Senior Engineer
233400,Vatsa,Rothenberg,Technique Leader
233403,Steve,Bugrara,Senior Staff
233406,Tommaso,Chachaty,Technique Leader
233409,Shigeo,Ginneken,Senior Staff
233410,Munehiko,Kalsbeek,Senior Staff
233419,Serif,Hitomi,Staff
233421,Djelloul,McAffer,Senior Staff
233424,Tsvetan,Egerstedt,Staff
233429,Marjo,Kranzdorf,Senior Engineer
233431,Jingling,Flowers,Senior Staff
233434,Vivian,Kinley,Senior Engineer
233440,Fen,Antonakopoulos,Staff
233442,Mohua,Chvatal,Senior Engineer
233443,Satosi,Barvinok,Senior Staff
233451,Tommaso,Murrill,Senior Engineer
233454,Sandeepan,Petersohn,Senior Engineer
233455,Adin,Rousseau,Engineer
233461,Kolar,Steenbeek,Staff
233464,Hsiangchu,Bach,Senior Engineer
233465,Hongzue,Birke,Senior Engineer
233469,Gou,Kumaresan,Senior Staff
233470,Suebskul,Ranst,Senior Engineer
233473,Ioana,Denna,Senior Staff
233479,Zita,Morris,Staff
233481,Nectarios,Talmon,Senior Engineer
233482,Itzchak,Sigstam,Senior Staff
233484,Fatemeh,Segond,Senior Engineer
233489,Chaosheng,Kopetz,Staff
233491,Fumiya,Pargaonkar,Senior Staff
233492,Zhensheng,Breugel,Senior Staff
233494,Basem,Chartres,Senior Engineer
233495,Jiang,Tomescu,Senior Staff
233498,Snehasis,Eterovic,Senior Engineer
233503,Yongqiao,Schlenzig,Assistant Engineer
233504,Niclas,Sullins,Senior Staff
233505,Elzbieta,Roison,Engineer
233506,Malu,Beznosov,Engineer
233515,Shigeichiro,Badr,Senior Staff
233518,Utpal,Conry,Senior Engineer
233520,Magdalena,Ghazalie,Senior Staff
233521,Clyde,Schaap,Senior Engineer
233523,Shaowen,Lorcy,Senior Staff
233524,Dines,Axelband,Technique Leader
233526,Yuchang,Comyn,Senior Engineer
233527,Chenye,Woycyznski,Senior Staff
233531,Along,Cullers,Engineer
233538,Sasan,Delgrossi,Senior Engineer
233539,Sumant,Rossi,Staff
233541,Amalendu,Ecklund,Engineer
233545,Zhensheng,Mamelak,Senior Staff
233547,Masali,Dichev,Senior Staff
233549,Vatsa,Farrel,Senior Engineer
233550,Katsuyuki,Zastre,Senior Engineer
233551,Guadalupe,Kohling,Senior Engineer
233557,Boutros,Benveniste,Senior Engineer
233560,Lene,Hiraishi,Technique Leader
233568,Goh,Socorro,Senior Engineer
233569,Chaitali,Shimshoni,Staff
233570,Jessie,Sridhar,Senior Staff
233572,Suvo,Kamble,Senior Engineer
233573,Khatoun,Boissier,Senior Staff
233578,Froduald,Lorys,Assistant Engineer
233579,Theirry,Siepmann,Senior Staff
233581,Alexius,Encarnacion,Senior Staff
233586,Suvo,Oppitz,Senior Staff
233587,Sandeepan,Pettey,Senior Engineer
233588,Gill,Genin,Senior Staff
233590,Berna,Soloway,Senior Staff
233591,Fox,Lunn,Senior Engineer
233593,Fatemeh,Honiden,Assistant Engineer
233594,Xiahua,Yamaashi,Senior Staff
233596,Srinidhi,Plump,Senior Staff
233597,Masali,Servi,Assistant Engineer
233602,Ulf,Aloia,Senior Staff
233608,Chinya,Huttel,Senior Engineer
233610,Mabo,Litzler,Senior Staff
233612,Shigeo,Birta,Engineer
233613,Nigel,Masand,Staff
233617,Moni,Dahlbom,Senior Staff
233620,Hercules,Luders,Engineer
233631,Kwangho,Bierbaum,Senior Staff
233632,Sibyl,Rissanen,Senior Staff
233639,Saeko,Anger,Senior Engineer
233641,Abdelghani,Hebert,Staff
233644,Arie,Khalid,Engineer
233646,Mohan,Feldhoffer,Senior Staff
233647,Salvador,Thummel,Senior Engineer
233649,Fumiya,Gustavson,Senior Staff
233652,Hatim,Auria,Senior Staff
233653,Neelam,Chachaty,Senior Engineer
233659,Chenye,Swick,Senior Engineer
233662,Janalee,Diderrich,Staff
233667,Feipei,Merle,Senior Staff
233668,Roselyn,Perry,Senior Engineer
233669,Arunachalam,Guting,Senior Staff
233681,Adam,Fontet,Senior Engineer
233685,Lena,Rosin,Senior Engineer
233687,Faiza,Veldwijk,Senior Engineer
233698,Nevin,Kitai,Senior Staff
233701,Shen,Nollmann,Senior Staff
233706,Lansing,Mawatari,Technique Leader
233711,Parke,Simkin,Staff
233718,Jianhua,Stassinopoulos,Engineer
233727,Subhrajyoti,Dulin,Senior Engineer
233730,Bernt,Kranzdorf,Senior Engineer
233738,Candida,Mayerwieser,Senior Engineer
233745,Brendon,Schapire,Engineer
233746,Janche,Yemenis,Senior Staff
233749,Charlene,Beausoleil,Senior Engineer
233750,Satosi,Sadowski,Engineer
233752,Unal,Massonet,Senior Engineer
233762,Marlo,Esteva,Engineer
233766,Yuuichi,Piazza,Senior Engineer
233770,Moheb,Huxford,Senior Engineer
233771,Sumant,Rathonyi,Staff
233773,Yuuichi,Farrow,Staff
233775,Aral,Tsukune,Assistant Engineer
233778,Chriss,Oppitz,Senior Engineer
233783,Tse,Orlowska,Senior Engineer
233791,Hideyuki,Zhiwei,Senior Staff
233798,Pranas,Feinberg,Senior Engineer
233800,Stepehn,Vingron,Senior Staff
233810,Stevo,Peltason,Senior Engineer
233811,Duro,Swift,Senior Engineer
233813,Behnaam,Menyhert,Engineer
233819,Tristan,Zhang,Engineer
233820,Charmane,Pettis,Senior Engineer
233821,Lubomir,Salvesen,Senior Engineer
233822,Nathan,Mitchem,Senior Staff
233823,Nahid,Luders,Senior Engineer
233824,Emdad,Clemencon,Engineer
233828,Sariel,Vecchi,Senior Staff
233834,Guiseppe,Mayerwieser,Senior Engineer
233835,Vincent,Onuegbe,Senior Engineer
233837,Filipp,Luef,Senior Engineer
233844,Sailaja,Back,Senior Staff
233851,Kwangyoen,Krohm,Senior Engineer
233854,Charlene,Yurek,Technique Leader
233858,Irena,Nivat,Senior Engineer
233865,Yefim,Mundy,Staff
233867,Aria,Chenney,Senior Engineer
233878,Shigenori,Vanwelkenhuysen,Senior Staff
233882,Chinhyun,Tempesti,Staff
233885,Zvonko,Picht,Engineer
233887,Tiina,Pesch,Senior Engineer
233892,Tiina,Siochi,Engineer
233897,Tesuro,Anger,Technique Leader
233899,Shan,Horswill,Senior Staff
233901,Chenye,Narahari,Staff
233902,Ibibia,Tokunaga,Senior Engineer
233903,Idoia,Rosch,Engineer
233910,Elvia,Staudhammer,Senior Engineer
233913,Danai,Luon,Senior Engineer
233916,Makato,Valtorta,Senior Engineer
233921,Fusako,Heiserman,Senior Staff
233923,Dekang,Thebaut,Senior Staff
233924,Murthy,Baaz,Staff
233925,Edwin,Matzen,Senior Engineer
233926,Vatsa,Koshino,Engineer
233930,Gina,Quadeer,Senior Engineer
233934,Nimmagadda,Hanabata,Technique Leader
233936,Huican,Shigei,Senior Engineer
233940,Visit,Khalil,Senior Engineer
233942,Karlis,Ratnaker,Senior Engineer
233943,Seongbae,Theuretzbacher,Senior Engineer
233945,Tsuneo,Plumb,Senior Engineer
233948,Yoshinari,Wynblatt,Senior Staff
233951,Anestis,Hiraishi,Senior Staff
233953,Mona,Lindqvist,Senior Engineer
233958,Toney,Magliocco,Senior Engineer
233964,Luise,Merle,Senior Engineer
233966,Shimshon,Albarhamtoshy,Senior Staff
233969,Henk,Slutz,Staff
233975,Werner,Leuchs,Senior Engineer
233978,Shaibal,Miculan,Staff
233980,Theron,Eiron,Senior Engineer
233981,Angel,Francisci,Senior Engineer
233986,Janche,Cannard,Senior Staff
233987,Przemyslawa,Boissier,Engineer
233991,Kagan,Krider,Senior Staff
233996,Toney,Asser,Engineer
233999,Felicidad,Levergood,Engineer
234004,Neelam,Marrevee,Senior Staff
234007,Babette,Oskamp,Senior Engineer
234008,Mantis,Showalter,Staff
234013,Malu,Terekhov,Senior Engineer
234014,Yuqun,Schoegge,Senior Staff
234015,Uwe,Hiltgen,Senior Staff
234016,Katsuo,Sewelson,Senior Engineer
234018,Goo,Antonisse,Senior Engineer
234021,Vatsa,Talmor,Engineer
234023,Remzi,Joslin,Senior Staff
234024,Yuqun,Ventosa,Senior Staff
234025,Uta,Boyle,Senior Staff
234031,Xudong,Hitomi,Senior Staff
234039,Amabile,Beznosov,Staff
234045,Gift,Zschoche,Staff
234046,Guadalupe,Valtorta,Senior Staff
234051,Valeri,Katzenelson,Senior Engineer
234053,Rasiah,Bazelow,Assistant Engineer
234054,Janche,Cronan,Senior Staff
234056,Udaiprakash,Perng,Staff
234058,Valter,Tiemann,Assistant Engineer
234066,Pranay,Haddadi,Staff
234070,Akeel,Kushner,Senior Engineer
234080,Uri,Warwick,Engineer
234084,Rance,Viele,Senior Staff
234085,Oksana,Hooghiemstra,Senior Engineer
234088,Gully,Wuwongse,Senior Staff
234089,Dmitry,Brodie,Senior Staff
234091,Vugranam,Chleq,Engineer
234092,Mabry,Rusmann,Senior Engineer
234094,Sastry,Steinauer,Senior Staff
234098,Saddek,Ulupinar,Senior Staff
234100,Bezalel,Melichar,Senior Staff
234105,Bikash,Broder,Senior Staff
234116,Torsten,Akiyama,Staff
234120,Heekeun,Ghazalie,Senior Engineer
234124,Takahito,Renear,Staff
234127,Vitaly,Mahnke,Senior Engineer
234131,Arumugam,Ranka,Senior Engineer
234134,Sadegh,Stiles,Staff
234136,Leszek,Roison,Engineer
234138,Mohammad,Bale,Senior Staff
234140,Erez,Suermann,Senior Staff
234146,Felicidad,Molenaar,Senior Engineer
234147,Heon,Brizzi,Senior Staff
234151,Wayne,Ozeki,Senior Staff
234153,Remzi,Beerel,Senior Engineer
234156,Mitchel,Montemayor,Senior Staff
234157,Tsutomu,Codenie,Senior Staff
234160,Vojin,Valiente,Engineer
234163,Dharmaraja,Meriste,Senior Staff
234164,Mayumi,Esteva,Senior Staff
234166,Isamu,Birke,Senior Staff
234169,Vitaly,Kaiserswerth,Senior Staff
234170,Prasadram,Bala,Senior Staff
234171,Maria,Tsukuda,Senior Engineer
234172,Make,Dulli,Senior Engineer
234175,Jackson,Gire,Senior Staff
234179,Bangqing,Underwood,Senior Engineer
234180,Pranav,Oehlmann,Staff
234181,Masali,Camarinopoulos,Senior Engineer
234185,Ramya,Asmuth,Senior Engineer
234186,Rosalie,Panienski,Staff
234187,Jessie,Zastre,Senior Engineer
234188,Sreenivas,Rotem,Senior Staff
234193,Georgy,Bouloucos,Engineer
234194,Jungsoon,Pettey,Senior Staff
234197,Lein,Begiun,Senior Engineer
234202,Frazer,Mukaidono,Senior Engineer
234207,Mingsen,Riexinger,Assistant Engineer
234208,Yucai,Horswill,Senior Staff
234209,KayLiang,Heydon,Assistant Engineer
234211,Rosalyn,Takkinen,Senior Staff
234213,Toney,Tsukuda,Senior Engineer
234214,Yunming,Matzen,Technique Leader
234216,Youpyo,Portugali,Senior Staff
234218,Khue,Turnbull,Staff
234225,Kensei,Mitzlaff,Senior Engineer
234230,Falguni,Waymire,Senior Engineer
234232,Weicheng,Terekhov,Senior Engineer
234234,Edwin,Minakawa,Senior Engineer
234237,Falguni,Bugrara,Senior Engineer
234242,Lobel,Gien,Senior Staff
234247,Basem,Melski,Engineer
234250,Berni,Mandell,Staff
234252,Eirik,Kavraki,Senior Staff
234253,Subhash,Staylopatis,Senior Staff
234256,Sadok,Kaminger,Senior Engineer
234258,Moss,Rotem,Technique Leader
234260,Howell,Curless,Technique Leader
234261,Cullen,Unno,Senior Staff
234265,Fei,Gils,Engineer
234269,Kamakshi,Neimat,Senior Engineer
234279,Keiichiro,Thombley,Senior Engineer
234280,Margo,Barinka,Engineer
234281,Zito,Karnin,Technique Leader
234282,Sasan,Rosis,Senior Engineer
234285,Aleksandar,Matzat,Engineer
234286,Amabile,Serra,Senior Engineer
234288,Oscal,Haraldson,Senior Engineer
234289,Luisa,Wendorf,Senior Staff
234291,Gen,Schaaf,Senior Engineer
234292,Khue,Speer,Senior Staff
234294,Jiakeng,Schach,Senior Engineer
234295,Fai,Bruckman,Senior Staff
234300,Subhrajyoti,Beznosov,Senior Engineer
234302,Filipp,Encarnacion,Staff
234303,Yongqiao,Ulupinar,Staff
234304,Marek,Emiris,Staff
234307,Shin,Zaumen,Engineer
234310,Bojan,Murtagh,Senior Staff
234311,Fusako,Haddadi,Senior Staff
234312,Zissis,Ruther,Senior Staff
234314,Boaz,Nittel,Senior Staff
234315,Bodh,Wiegley,Senior Engineer
234317,Willard,Calkin,Engineer
234318,Berthier,Middleton,Engineer
234320,Danae,Bednarek,Staff
234323,Mitchel,Bondorf,Senior Engineer
234324,Xiaopeng,Eiter,Senior Staff
234326,Munehiko,Sherertz,Engineer
234329,Kshitij,Bach,Staff
234331,Cullen,Cherinka,Senior Engineer
234334,Kshitij,Kornatzky,Senior Staff
234337,Masasuke,Thorensen,Senior Staff
234338,Mario,Gente,Senior Engineer
234339,Hideyuki,Marshall,Senior Staff
234342,Fatemeh,Gecsei,Senior Engineer
234345,Irene,Vakili,Engineer
234347,Tomoyuki,Muchinsky,Senior Engineer
234351,Mara,Janocha,Senior Engineer
234353,Kokou,Taubman,Senior Staff
234357,Heather,Maraist,Technique Leader
234358,Ioana,Ebeling,Senior Engineer
234361,Chiranjit,Kamber,Senior Staff
234365,Gretta,Seuren,Senior Engineer
234366,Goncalo,McFarlan,Senior Engineer
234374,Hairong,Shackell,Senior Staff
234379,Mooi,Streit,Staff
234390,Mokhtar,Arlazarov,Senior Engineer
234394,Kazuhide,Sichman,Senior Staff
234397,Tsz,Oskamp,Senior Staff
234400,Martine,Zirintsis,Technique Leader
234403,Indrajit,Georgatos,Senior Engineer
234410,Kellie,Bugrara,Senior Engineer
234411,Kazuyasu,Kropf,Senior Staff
234412,Feiyu,Ranka,Senior Staff
234417,Arunas,Kusakari,Senior Engineer
234427,Vasilis,Rosaz,Senior Engineer
234428,Bodh,Perin,Staff
234434,Otmar,Strandh,Senior Engineer
234435,Arch,Kugler,Technique Leader
234437,Gad,Ladret,Senior Engineer
234438,Sreekrishna,Schnelling,Senior Staff
234439,Neelam,Mahmud,Staff
234442,Marlo,Hutton,Senior Engineer
234445,Cordelia,Coorg,Engineer
234450,Uli,Roccetti,Senior Staff
234452,Yifei,Schwabacher,Senior Staff
234456,Xiaoshan,Haldar,Senior Engineer
234457,Arto,Stranks,Senior Engineer
234469,Hyuncheol,Bergere,Senior Staff
234471,Eckart,Quaggetto,Senior Engineer
234474,Nevio,Aloisi,Senior Staff
234480,Seongbin,Heyers,Senior Staff
234489,Mohua,Zuberek,Senior Staff
234495,Zdislav,Ferriere,Senior Engineer
234500,Dmitry,Zockler,Engineer
234501,Hisao,Capobianchi,Senior Engineer
234503,Munehiko,Yetto,Senior Engineer
234508,Georgi,Setiz,Senior Engineer
234509,Maia,Peron,Senior Staff
234511,Mani,Emmart,Senior Staff
234512,Kitty,Lortz,Senior Engineer
234515,Chriss,Eastman,Senior Staff
234516,Unal,Peral,Senior Engineer
234519,Pramod,Demeyer,Senior Staff
234523,Kazuhisa,Vandervoorde,Senior Engineer
234524,Fai,Yemenis,Senior Staff
234525,Hidde,Suomi,Senior Staff
234530,Mostafa,Swan,Senior Staff
234535,Aimee,Rusmann,Senior Engineer
234541,Shirish,Lorin,Staff
234542,Udo,Awdeh,Senior Staff
234543,Xianlong,Serot,Senior Engineer
234548,Kristine,Gladwell,Engineer
234549,Murthy,Dengi,Assistant Engineer
234552,Saniya,Tokunaga,Senior Staff
234560,Oldrich,Georgatos,Staff
234562,Howell,Berztiss,Senior Engineer
234566,Moti,Assaf,Senior Engineer
234568,Aram,Kalorkoti,Engineer
234569,Shigeichiro,Serna,Senior Staff
234570,Kasturi,Porenta,Technique Leader
234573,Kwangjo,Manders,Senior Engineer
234580,Rildo,Asrin,Senior Engineer
234582,Aamer,Furedi,Engineer
234583,Tsvetan,Journel,Senior Staff
234587,Sverrir,Gruenwald,Senior Staff
234591,Kshitij,Hemaspaandra,Senior Engineer
234601,Alexius,Lanzelotte,Technique Leader
234603,Deniz,Ambroszkiewicz,Engineer
234604,Patricia,Aingworth,Senior Staff
234615,Haldon,Brattka,Engineer
234617,Dekang,Jenevein,Senior Staff
234625,Jaques,Rosca,Staff
234629,Tesuya,Steenbeek,Senior Staff
234635,Nechama,Pfau,Senior Engineer
234639,Morrie,Luck,Senior Staff
234643,Arvind,Schaar,Engineer
234646,Heng,Fadgyas,Senior Engineer
234651,Xuedong,Dratva,Senior Staff
234655,Souichi,Demeyer,Staff
234656,Genevieve,Uehara,Senior Staff
234657,Yongmin,Jervis,Senior Staff
234663,Ravishankar,Kroon,Engineer
234665,Shuho,Matzov,Senior Engineer
234668,Basem,Loncour,Senior Engineer
234669,Oscar,Morrey,Senior Engineer
234670,Kwangyoen,McClurg,Staff
234674,Leaf,Hammerschmidt,Senior Staff
234676,Yaghout,Valiente,Engineer
234677,TRUE,Juneja,Senior Staff
234678,Juichirou,Laventhal,Engineer
234682,Bedir,Rossi,Senior Staff
234685,Nikolaus,Schach,Senior Engineer
234690,Dmitri,Bridgland,Senior Engineer
234692,Haldon,Sidhu,Senior Staff
234694,Stamatina,Bernatsky,Senior Engineer
234699,Sachio,Azumi,Senior Staff
234700,Zine,Rodiger,Senior Staff
234703,Deborah,Levasseur,Engineer
234709,Lena,Chandrasekhar,Senior Staff
234712,Radhika,Hertweck,Senior Staff
234714,Lillian,Janocha,Senior Engineer
234717,Heather,Feldhoffer,Senior Engineer
234718,Jasminko,Assaf,Senior Staff
234725,Mircea,Poehlman,Senior Staff
234726,Arnd,Sevcikova,Senior Staff
234728,Kolar,Chepyzhov,Senior Staff
234729,Collette,Kropatsch,Technique Leader
234734,Samphel,Oehlmann,Senior Staff
234735,Sreenivas,Stellhorn,Senior Staff
234740,DeForest,Schaar,Senior Staff
234744,Munir,Varker,Senior Staff
234756,Harjit,Hiltgen,Senior Engineer
234757,Tommaso,Aloisi,Engineer
234761,Lijia,Borstler,Assistant Engineer
234772,Geraldo,Sabnani,Engineer
234773,Zeydy,Norsworthy,Senior Engineer
234777,Hitofumi,Badache,Staff
234778,Sarita,Kilgore,Staff
234782,Yuriy,Pehl,Senior Staff
234786,Paloma,Iivonen,Senior Staff
234789,Toshimori,Plavsic,Senior Engineer
234790,Domenico,Mitina,Engineer
234793,Ziya,Hasenauer,Senior Staff
234795,Ulises,Rajcani,Engineer
234796,Zongyan,Ritcey,Senior Engineer
234797,Margo,Schoegge,Senior Engineer
234798,Susanna,Stanfel,Staff
234800,Becky,Khasidashvili,Senior Staff
234801,Jianhao,Perfilyeva,Senior Staff
234802,Yinlin,Debuse,Senior Staff
234804,Uriel,Sidou,Engineer
234805,Parto,Mateescu,Senior Staff
234808,Dayanand,Honglei,Senior Engineer
234809,Jacqueline,Baalen,Staff
234812,Mariangiola,Khalil,Technique Leader
234813,Dietrich,Tagansky,Senior Engineer
234816,Filipe,Langford,Senior Engineer
234818,Mana,Porenta,Senior Staff
234821,Henk,Adachi,Engineer
234827,Remzi,Srimani,Senior Engineer
234828,Lijie,Zallocco,Senior Engineer
234829,Gopalakrishnan,Pintelas,Senior Engineer
234830,Aiman,Montresor,Technique Leader
234832,Ulises,Wilfing,Senior Engineer
234834,Bernice,Kaelbling,Engineer
234835,Tzvetan,Perelgut,Staff
234837,Neelam,Redmiles,Staff
234847,Alexius,Wallrath,Staff
234848,Xiaobin,Bael,Senior Engineer
234851,Uri,Comellas,Engineer
234853,Insup,Szemeredi,Senior Engineer
234854,Marit,Sevcikova,Staff
234857,Barry,Leonhardt,Engineer
234862,Shahab,Miculan,Senior Engineer
234863,Godehard,Birnbaum,Senior Engineer
234865,Guenter,Tyugu,Assistant Engineer
234874,Conal,Cronin,Senior Engineer
234884,Mahmut,Bail,Technique Leader
234888,Moss,Bashian,Staff
234891,Ravishankar,Erez,Senior Staff
234895,Golgen,Giaccio,Technique Leader
234899,Isamu,Claffy,Senior Engineer
234903,Shugo,Krone,Engineer
234911,Seongbin,Kavanagh,Senior Staff
234912,Aria,Assaf,Senior Engineer
234913,Bartek,Besselaar,Senior Staff
234915,Zhonghua,Cochrane,Staff
234918,Kannan,Khalil,Staff
234922,Serge,Pleszkun,Senior Engineer
234924,Stein,Kading,Staff
234929,Tonia,Chepyzhov,Staff
234930,Basant,Erev,Senior Engineer
234932,TRUE,Brodie,Senior Staff
234934,Caolyn,Azumi,Staff
234941,Pohua,Ouhyoung,Engineer
234949,Ferdinand,Eiron,Senior Engineer
234953,Vojin,Duclos,Engineer
234960,Aiman,Cappelli,Senior Staff
234961,Keung,Kusakabe,Senior Engineer
234962,Greger,Fujisaki,Technique Leader
234971,Sibyl,Munawer,Engineer
234979,Zejun,Dredge,Staff
234982,Ramachenga,Pileggi,Engineer
234990,Mohamadou,Markovitch,Engineer
234991,Kensyu,Heiserman,Senior Staff
234993,Wuxu,Schade,Senior Engineer
234994,Yurij,Baumann,Engineer
234995,Mori,Talmon,Technique Leader
234996,Mark,Hasham,Senior Engineer
234998,Mayuko,Armand,Senior Engineer
235000,Basil,Demeyer,Staff
235001,Anneke,Escriba,Senior Engineer
235005,Sukumar,Molenkamp,Senior Engineer
235006,Leon,Matzel,Engineer
235009,Chikako,Yoshizawa,Assistant Engineer
235018,Guozhong,Basawa,Senior Engineer
235019,Tooru,Peir,Staff
235021,Jaber,Milicic,Senior Engineer
235024,Sariel,VanScheik,Senior Staff
235025,Aruna,Sgarro,Engineer
235026,Duke,Garrabrants,Engineer
235028,Yucai,Juneja,Senior Engineer
235029,Satoru,Oaver,Senior Staff
235033,Branimir,Berendt,Senior Engineer
235034,Toong,Rattan,Staff
235036,Jiang,Daescu,Assistant Engineer
235040,Shuho,Sommer,Senior Engineer
235043,Temple,Makrucki,Senior Staff
235046,Constantino,Farrar,Senior Staff
235048,Duangkaew,Kilgour,Senior Staff
235050,Aleksandar,Vesna,Senior Staff
235051,Mabhin,Luks,Senior Staff
235052,Sahrah,Janocha,Senior Staff
235057,Yinghua,Portugali,Staff
235062,Takahito,Mapelli,Senior Engineer
235063,Noritoshi,Schwartzburd,Senior Staff
235067,Torsten,Delaune,Senior Staff
235077,Remco,Vrecion,Engineer
235078,Yoshinari,Ullian,Senior Engineer
235084,Karsten,DeMori,Engineer
235088,Gilbert,Mersereau,Senior Staff
235097,Mikhail,Brookman,Engineer
235098,Christ,Murtha,Senior Staff
235102,Kolar,Manders,Staff
235107,DAIDA,Comellas,Senior Engineer
235108,Remmert,Greibach,Engineer
235110,Boriana,Biran,Senior Staff
235115,Sandeepan,Byoun,Senior Staff
235118,Hyuckchul,Gini,Senior Staff
235134,Masami,Bratsberg,Senior Staff
235136,Parto,Azuma,Senior Engineer
235138,Kousuke,Denos,Senior Engineer
235144,Shunichi,Neiman,Senior Engineer
235146,Bader,Marrevee,Senior Staff
235147,Eishiro,Hmelo,Senior Engineer
235148,Mountaz,Rouquie,Senior Engineer
235149,Cristinel,Iwayama,Senior Staff
235154,Ioana,Noriega,Senior Engineer
235155,Etsuo,Perng,Senior Engineer
235166,Jixiang,Swiler,Assistant Engineer
235167,Arif,Salverda,Senior Staff
235174,Barry,Bashian,Engineer
235176,Renee,Muchinsky,Senior Engineer
235177,Deborah,Petereit,Engineer
235180,Mototsugu,Bade,Senior Staff
235181,Duangkaew,Polajnar,Senior Staff
235182,Renee,Dulay,Senior Staff
235184,Irene,Marakhovsky,Senior Engineer
235190,Matt,Provine,Engineer
235191,Satosi,Steenbeek,Technique Leader
235192,Mara,Rissland,Senior Staff
235193,Mong,Motley,Senior Staff
235197,Abdelwaheb,Baig,Senior Staff
235212,Boriana,Sudbeck,Senior Staff
235215,Toshimori,Fetvedt,Senior Staff
235219,Adil,Luef,Senior Engineer
235225,Aloke,Binding,Senior Staff
235230,Eirik,Haddadi,Senior Engineer
235231,Aiman,Knightly,Senior Engineer
235232,Ramzi,Spinelli,Senior Engineer
235235,Ottavia,Zschoche,Senior Staff
235236,Kotesh,Furudate,Engineer
235237,Somnath,Duclos,Engineer
235239,Temple,Lundstrom,Senior Engineer
235243,Ferdinand,Imataki,Senior Staff
235245,Alassane,Denny,Senior Engineer
235252,Ortrud,Zeidenstein,Staff
235253,Kotesh,Wielonsky,Senior Engineer
235263,Fusako,Apsitis,Senior Staff
235267,Troy,Anido,Senior Engineer
235268,Aran,Ratnakar,Staff
235270,Nadjib,Matzke,Senior Engineer
235271,Gregory,Azuma,Senior Staff
235272,Arco,Vesel,Senior Staff
235274,Hidde,Ramsak,Senior Engineer
235275,Stafford,Perly,Technique Leader
235280,Yifei,Pelc,Senior Staff
235282,Falguni,Munch,Engineer
235285,Diederik,Morrey,Senior Engineer
235286,Gian,Condotta,Senior Staff
235287,Arco,Glowinski,Senior Engineer
235290,Zhenbing,Taubenfeld,Engineer
235291,Arto,Fontet,Engineer
235298,Yurij,Rosar,Staff
235307,Haldun,Strehl,Senior Staff
235317,Sorina,Gerteisen,Senior Staff
235318,Ravishankar,Denos,Senior Engineer
235326,Abdelwaheb,Gustavson,Senior Engineer
235330,KayLiang,Nooteboom,Engineer
235337,Gian,Sidou,Senior Engineer
235342,Kazuhira,DasSarma,Engineer
235344,Cristinel,Burnard,Engineer
235347,Nishit,Huhdanpaa,Senior Staff
235348,Jinya,Merro,Engineer
235356,Uri,Hempstead,Senior Engineer
235359,Badri,Snyers,Senior Staff
235360,Lein,Castellani,Senior Staff
235364,Marie,Keohane,Senior Staff
235366,Xinyu,Esteva,Technique Leader
235367,Lucien,Wrigley,Senior Engineer
235371,Tzu,Merle,Senior Engineer
235375,Duro,Szmurlo,Senior Engineer
235377,Guther,Kusalik,Senior Staff
235378,Charmane,Pews,Engineer
235380,Shaw,Servi,Senior Engineer
235382,Ghassan,Pillow,Senior Staff
235386,Eirik,Egerstedt,Senior Staff
235393,Mara,Gill,Senior Engineer
235394,Visit,Ecklund,Senior Staff
235400,Tristan,England,Senior Engineer
235401,Ohad,Wynblatt,Senior Engineer
235403,Herb,Maierhofer,Senior Staff
235404,Chinho,Stentiford,Senior Engineer
235409,Stepehn,Zucker,Senior Engineer
235410,Ronnie,Highland,Senior Staff
235411,Mingzeng,Litzler,Staff
235423,Elliott,Murrill,Senior Staff
235425,Deborah,Schiper,Senior Staff
235426,Shahar,Thibadeau,Staff
235427,Lucian,Isaak,Senior Engineer
235428,Youssef,Debuse,Staff
235430,Nigel,Rikino,Senior Engineer
235433,Lijia,Zaiane,Engineer
235434,Baoqiu,Munro,Staff
235435,Pranay,Coullard,Senior Staff
235439,Behnaam,Schueller,Staff
235442,Chikako,Heuser,Senior Staff
235444,Goh,Brookner,Staff
235449,Mong,Prochazka,Staff
235450,Hidekazu,Mawatari,Technique Leader
235451,Ennio,Steinauer,Engineer
235454,Guadalupe,Lally,Senior Engineer
235460,Inderjeet,Giarratana,Senior Staff
235464,Sachar,Toyoshima,Senior Engineer
235465,Shih,Wiegley,Staff
235471,Lein,Roohalamini,Engineer
235474,Renny,Katzenelson,Senior Engineer
235475,Kiyotoshi,Eldridge,Senior Engineer
235476,JoAnne,Kusalik,Senior Staff
235482,Babette,Poulakidas,Senior Staff
235486,Tse,Bahr,Senior Engineer
235488,Tommaso,Reinhart,Senior Staff
235492,Rosella,Puppo,Technique Leader
235493,Marc,Babu,Senior Staff
235494,Yucel,Gonthier,Technique Leader
235497,Faiza,Rosar,Engineer
235503,Vasiliy,Dengi,Engineer
235506,Jaber,Shokrollahi,Senior Engineer
235507,Gilbert,Pramanik,Senior Engineer
235508,Luise,Clemencon,Staff
235509,Bingning,Guardalben,Engineer
235512,Bodh,Ranka,Senior Staff
235514,Goncalo,Chenney,Senior Engineer
235515,Sachio,Pettey,Engineer
235524,Jolita,Itzigehl,Senior Staff
235531,Shuji,Veevers,Staff
235536,Radhia,Benner,Staff
235545,Fatemeh,Collette,Senior Engineer
235548,Muneo,Nanard,Senior Staff
235550,Serenella,Roccetti,Senior Engineer
235551,Tetsushi,Zumaque,Senior Staff
235554,Kyoichi,Bage,Engineer
235555,Mohit,Peris,Senior Engineer
235556,Kersti,Hofman,Engineer
235557,Percy,Genin,Engineer
235558,Lein,Billawala,Senior Staff
235562,Doohun,Beerel,Staff
235565,Suvo,Hopewell,Senior Engineer
235566,Xuedong,Kleiser,Senior Staff
235568,Izaskun,Trachtenberg,Senior Engineer
235569,Susanne,Masand,Engineer
235570,Suzette,Swist,Senior Engineer
235571,Jinpo,Zeleznik,Technique Leader
235573,Adil,Stamatiou,Senior Staff
235577,Martine,Loncour,Technique Leader
235580,Randi,Solovay,Senior Staff
235594,Yannik,Heemskerk,Senior Engineer
235597,Makato,Kobara,Senior Engineer
235598,Thanasis,Siochi,Staff
235601,Fun,Angel,Senior Engineer
235605,Aron,Rajaraman,Senior Engineer
235608,Jiong,Vadhan,Senior Engineer
235609,Aamer,Talmor,Senior Staff
235615,Wilmer,Heuser,Senior Staff
235621,Arve,Uchoa,Senior Engineer
235626,Mizuhito,Loncour,Senior Staff
235629,Aleksander,Perz,Engineer
235630,Mooi,Covnot,Engineer
235631,Yechezkel,Khamsi,Staff
235643,Bernardo,Gyimothy,Senior Staff
235645,Mona,Carrere,Senior Staff
235648,Shen,Kitsuregawa,Senior Engineer
235653,Hugo,Sluis,Engineer
235654,Takanari,Murillo,Senior Engineer
235658,Adil,Gyorkos,Senior Staff
235659,Hideyuki,Lanzelotte,Assistant Engineer
235660,Sanjeeva,Boissier,Staff
235661,Along,Menhardt,Senior Staff
235662,Gritta,Rettelbach,Senior Engineer
235663,Clyde,Aloia,Senior Engineer
235665,Geraldo,Lukaszewicz,Senior Staff
235675,Yahiko,Zykh,Senior Staff
235678,Lenore,Tomescu,Senior Engineer
235684,Horward,Georgatos,Senior Engineer
235687,Claude,Kamber,Senior Engineer
235691,Ibibia,Buescher,Senior Engineer
235695,Zongyan,Ellozy,Engineer
235696,Mary,Uhrik,Engineer
235698,Aral,Reinhart,Staff
235706,Shuichi,Fendler,Senior Engineer
235708,Jayesh,Backhouse,Senior Staff
235709,Sanjeeva,Cools,Engineer
235710,Sachem,Bonifati,Senior Staff
235714,Sreenivas,Improta,Engineer
235718,Limsoon,Iwayama,Senior Engineer
235720,Wilmer,Lores,Senior Staff
235731,Rosalyn,Gill,Senior Staff
235732,Vishwani,Janocha,Engineer
235733,Ziya,Mikschl,Senior Engineer
235735,Miquel,Lagarias,Senior Engineer
235738,Katsuo,Erdi,Senior Engineer
235740,Arco,Baer,Senior Staff
235751,Yannik,Morris,Senior Engineer
235773,Georgi,Schonegge,Senior Engineer
235774,Shmuel,Acton,Staff
235775,Chriss,Driscoll,Senior Staff
235776,Christoph,Brickell,Senior Staff
235777,Domenico,Mullainathan,Senior Staff
235783,Mana,Kitai,Senior Engineer
235786,Przemyslawa,Schlumberger,Staff
235787,Noritoshi,Ecklund,Staff
235790,Shigehiro,Hofting,Assistant Engineer
235792,JiYoung,Hooghiemstra,Engineer
235795,Xinyu,Streit,Staff
235797,Claude,Terlouw,Senior Staff
235800,Huan,Belinskaya,Engineer
235803,Padma,Khalid,Senior Staff
235805,Mats,Molenaar,Engineer
235820,Marko,Dayana,Engineer
235823,Jayesh,Matzke,Staff
235824,Sedat,Thimonier,Engineer
235826,Frazer,Kolinko,Technique Leader
235834,Kish,Ducloy,Senior Engineer
235837,Danai,Cannata,Senior Staff
235841,Stafford,Ibel,Staff
235848,Niranjan,Schaad,Staff
235849,Martial,Giarratana,Senior Staff
235850,Guiseppe,Lichtman,Senior Staff
235858,Huan,Falck,Engineer
235861,Xiahua,Talmor,Engineer
235862,Neven,Openshaw,Senior Engineer
235871,Florina,Cools,Engineer
235872,Atreye,Percebois,Engineer
235876,Uno,Detkin,Senior Engineer
235881,Hercules,Ginesta,Engineer
235884,Berry,Ishibashi,Senior Engineer
235888,Phuoc,Baak,Senior Staff
235890,Billur,Merkl,Staff
235894,Eric,Manderick,Senior Engineer
235899,Toshiko,Picht,Engineer
235905,Zeljko,Riefers,Senior Staff
235908,Eckart,Denti,Senior Engineer
235918,Rimli,Bennis,Senior Engineer
235935,Duke,Merle,Senior Staff
235937,Moto,Atchley,Senior Engineer
235945,Leen,Mandelberg,Senior Engineer
235948,Leah,Perna,Senior Engineer
235951,Gen,Unno,Senior Engineer
235952,Hiroyasu,Roohalamini,Senior Staff
235953,Khue,Brattka,Senior Staff
235957,Kwangho,Ulupinar,Senior Staff
235976,Keiichiro,Bellone,Staff
235980,Cullen,Serre,Senior Engineer
235984,Abdulla,Kakkad,Assistant Engineer
235985,Bodh,Rodiger,Senior Engineer
235988,Masadi,Nyanchama,Staff
235989,Gererd,Hellwagner,Senior Engineer
235991,Mingdong,Schapire,Senior Staff
235992,Heather,Kaminger,Senior Staff
236006,Martine,Anandan,Senior Engineer
236009,Saeko,Herath,Senior Staff
236015,Matt,Kroll,Senior Engineer
236016,Zongyan,Rohrbach,Senior Staff
236019,Nishit,Gerlach,Senior Engineer
236021,Marin,Rousseau,Technique Leader
236022,Mayuri,Harnett,Senior Staff
236027,Rosli,Standera,Senior Engineer
236030,Rosli,Varley,Assistant Engineer
236031,Shih,Gomatam,Senior Engineer
236038,Aiichiro,Alpin,Senior Engineer
236041,Girolamo,Nergos,Senior Staff
236048,Masadi,Kolinko,Technique Leader
236050,Yoshinari,Marchesini,Senior Engineer
236056,Mart,Sudbeck,Senior Staff
236057,Kristine,Cairo,Staff
236059,Jiakeng,Zallocco,Senior Engineer
236061,Dinkar,Peres,Technique Leader
236062,Constantijn,Joslin,Senior Engineer
236063,Gio,Bisiani,Senior Staff
236066,Danco,Avouris,Senior Staff
236067,Radoslaw,Collette,Senior Engineer
236074,Zhilian,Schlumberger,Senior Staff
236075,Garnik,Barinka,Engineer
236078,Remmert,Sluis,Senior Engineer
236079,Christoper,Pesch,Engineer
236083,Marl,Scharstein,Engineer
236086,Woody,Murtha,Engineer
236087,Kristin,Klassen,Staff
236097,Hatim,Serot,Staff
236101,Wilmer,Feinberg,Senior Staff
236105,Genevieve,Kleiser,Senior Engineer
236107,Yurij,Sethi,Engineer
236118,Aleksandar,Conti,Senior Engineer
236119,Emran,Schwartzburd,Senior Staff
236122,Zdislav,Kinley,Engineer
236123,Marsal,Thombley,Senior Engineer
236125,Abdulah,Jumpertz,Senior Engineer
236126,Steve,Thambidurai,Staff
236130,Aram,Trumbly,Senior Engineer
236137,Jahangir,Emmerich,Staff
236138,Gio,Plessier,Assistant Engineer
236141,Uma,Esposito,Senior Staff
236144,Tristan,Kuszyk,Engineer
236150,Ravishankar,Coombs,Engineer
236154,Shmuel,Demeyer,Senior Staff
236156,Matk,Petereit,Engineer
236161,Aloke,Khalil,Engineer
236163,Kristian,Vendrig,Engineer
236166,Yuichiro,Steinauer,Staff
236168,Kyoichi,Hopewell,Senior Engineer
236170,Luise,Swick,Technique Leader
236178,Teiji,Vadhan,Technique Leader
236179,Pintsang,Szilard,Technique Leader
236181,Yuqun,Picaronny,Engineer
236183,Jolita,Peron,Assistant Engineer
236185,Waiman,Rosen,Senior Staff
236187,Bokyung,Pollock,Senior Staff
236190,Ugo,Lichtner,Senior Engineer
236192,Abdelkader,Whitcomb,Senior Engineer
236203,Shahab,Suermann,Senior Engineer
236208,Mayuri,Plavsic,Staff
236211,Przemyslawa,Zolotykh,Engineer
236216,Salvador,Uhrik,Staff
236224,Jolita,Iisaka,Senior Engineer
236225,Dipankar,Merey,Staff
236228,Gal,Baez,Staff
236236,Pranjal,Melichar,Technique Leader
236241,Dulce,Wrigley,Engineer
236243,Jinxi,Daescu,Senior Staff
236244,Eberhardt,Schusler,Senior Staff
236246,Hidekazu,Pena,Senior Staff
236247,Chaitali,Staudhammer,Senior Engineer
236250,Taegyun,Yemenis,Senior Staff
236251,Kensei,Baar,Senior Staff
236255,Weiwu,Velasco,Staff
236258,Goh,Shackell,Senior Engineer
236259,Baruch,Mondadori,Senior Staff
236267,Uriel,Remmele,Senior Engineer
236272,Chirstian,Litvinov,Senior Engineer
236275,Adin,Vrecion,Senior Engineer
236277,Yuchang,Thorensen,Senior Engineer
236281,Gurbir,Conti,Senior Staff
236282,Przemyslawa,Weedman,Senior Engineer
236283,Sastry,Ozeri,Senior Staff
236285,Takahito,Erni,Senior Engineer
236286,Kasturi,Sidou,Staff
236287,Babette,Butner,Engineer
236288,Sailaja,Harnett,Staff
236290,Ingmar,Sichman,Senior Engineer
236291,Lenore,Mondadori,Engineer
236293,Brendon,Rosiles,Engineer
236294,Christ,Khalil,Senior Staff
236299,Jeane,Vingron,Senior Engineer
236303,Wilmer,Michaels,Senior Staff
236322,Kinh,Katzenelson,Staff
236328,Chinhyun,Nations,Senior Engineer
236329,Bodo,Rosay,Senior Engineer
236331,Golgen,Pettit,Staff
236332,Jeanne,Berstel,Senior Staff
236338,Peer,Rusmann,Senior Staff
236348,Lidong,Kushner,Senior Engineer
236353,Subhash,Larfeldt,Staff
236357,Cedric,Smailagic,Technique Leader
236362,Baocai,Luan,Engineer
236363,Munenori,Chartres,Technique Leader
236364,Garnet,Rahier,Staff
236373,Mahendra,Fujisaki,Staff
236374,Sham,Gente,Senior Staff
236377,Hironoby,Bael,Staff
236381,Breannda,Stavenow,Senior Staff
236383,Magdalena,Figueira,Technique Leader
236385,Przemyslawa,Marciano,Senior Staff
236386,Jiong,Yetto,Technique Leader
236392,Constantine,Schade,Senior Staff
236393,Jaana,Peternell,Senior Engineer
236395,Arun,Millington,Senior Staff
236396,Zhonghui,Spataro,Senior Staff
236398,Satyanarayana,Ciolek,Engineer
236400,Gladys,Lorys,Senior Engineer
236405,Nishit,Kilgour,Senior Engineer
236406,Adit,Kroha,Senior Engineer
236410,Bedrich,Berendt,Staff
236413,Elzbieta,Awdeh,Senior Engineer
236414,Shigehiro,Barbanera,Senior Engineer
236415,Vidya,Underwood,Senior Engineer
236417,Nikolaus,Beilner,Senior Staff
236421,Parto,Heusch,Staff
236423,Luigi,Alvarado,Senior Engineer
236426,JoAnna,Grospietsch,Engineer
236430,Randy,Homond,Senior Staff
236441,Salvador,Bednarek,Senior Engineer
236442,Neven,Marquardt,Assistant Engineer
236445,Flemming,Rikino,Engineer
236447,Achilleas,Vasanthakumar,Senior Staff
236451,Taegyun,Mahmud,Senior Staff
236453,Fai,Erdmenger,Senior Engineer
236457,Yuping,Terekhov,Technique Leader
236458,Kazuhito,Gluchowski,Engineer
236461,Bezalel,Kamble,Senior Engineer
236464,Conor,Keohane,Engineer
236466,Yinghua,Krohn,Senior Staff
236470,Debaprosad,Vendrig,Senior Engineer
236473,Tommaso,Conte,Senior Engineer
236474,Henk,Emden,Senior Staff
236475,Yakkov,Foote,Engineer
236476,Gurbir,Rettelbach,Senior Engineer
236479,Hilary,Validov,Senior Staff
236491,Lubomir,DeMori,Senior Staff
236494,Leon,Katiyar,Engineer
236495,Shaleah,Roccetti,Senior Engineer
236496,Dhritiman,Lyonns,Senior Engineer
236505,Mahendra,Hertweck,Engineer
236508,Subir,Salinas,Senior Staff
236509,Sibyl,Dayang,Senior Staff
236517,Nechama,Tsukuda,Engineer
236520,Yunming,Furedi,Senior Engineer
236521,Gianluca,Peek,Engineer
236536,Mats,Bernini,Senior Staff
236537,Licheng,Osgood,Staff
236549,Patricio,Mateescu,Staff
236552,Elzbieta,Shinomoto,Senior Engineer
236555,Adamantios,Luga,Senior Staff
236557,Zhonghua,Markovitch,Senior Engineer
236558,Rosalie,Asmuth,Senior Staff
236561,Peternela,Thambidurai,Senior Staff
236573,Weiwu,Malabarba,Senior Engineer
236574,Jacqueline,Munch,Senior Engineer
236576,Neven,Schwabacher,Senior Engineer
236581,Gurbir,Oxenboll,Senior Staff
236601,Pramod,Valiente,Senior Engineer
236602,Temple,Baak,Senior Engineer
236605,Masanao,Penz,Senior Staff
236607,Geraldo,Lorcy,Senior Engineer
236609,Denny,Luks,Senior Staff
236615,Geoffrey,Kuszyk,Senior Engineer
236616,Toshimo,Wynblatt,Senior Staff
236626,Genta,Braunmuhl,Senior Engineer
236634,Mohd,Falster,Senior Staff
236635,Constantino,Ishibashi,Staff
236639,Marsal,Lorin,Senior Staff
236652,Kayoko,Sidje,Senior Engineer
236660,Heng,Viele,Engineer
236669,Poornachandra,Guerreiro,Staff
236672,Sudharsan,Ventosa,Engineer
236674,Emdad,Schaaf,Technique Leader
236679,Rajmohan,Fontet,Senior Staff
236682,Boalin,Leivant,Senior Engineer
236688,Xuejun,Ratzlaff,Senior Staff
236691,Hatim,Pramanik,Staff
236695,Arif,Kaminger,Engineer
236696,Xiaoheng,Cappelli,Senior Engineer
236698,Kokou,Ramaiah,Technique Leader
236700,Randy,Engelmann,Senior Staff
236703,Kristen,Gimarc,Senior Engineer
236708,Pascal,Bennet,Engineer
236715,Nitsan,Schiper,Senior Staff
236719,Conrado,Khamsi,Senior Staff
236720,Moty,Savasere,Senior Staff
236721,Gererd,Ballarin,Senior Engineer
236727,Duri,Staylopatis,Staff
236728,Marc,Krychniak,Engineer
236732,Gladys,Thiria,Senior Engineer
236733,Ziva,Pero,Senior Staff
236738,Martien,McDermid,Senior Staff
236739,Geoffry,Penttonen,Senior Engineer
236740,Shahaf,Bergere,Senior Engineer
236743,Muneo,Terwilliger,Senior Engineer
236750,Yonghong,Gajiwala,Assistant Engineer
236752,Matk,Camurati,Senior Staff
236756,Gian,Savasere,Engineer
236760,Yishai,Encarnacion,Engineer
236764,Ibibia,Ulupinar,Senior Staff
236765,LiMin,Nanard,Engineer
236767,Faiza,Stifter,Engineer
236787,Suebskul,Rathonyi,Senior Staff
236788,Arvind,Pollock,Assistant Engineer
236789,Takanari,Lammel,Engineer
236792,Djenana,Miculan,Senior Engineer
236794,Maha,Pellegrinelli,Technique Leader
236795,Arno,Trystram,Senior Staff
236798,Marsha,Driscoll,Senior Staff
236800,Yoshimitsu,Cmelik,Senior Staff
236801,Dekang,Gecsei,Staff
236802,Yoshimitsu,Aamodt,Engineer
236804,Zito,Schurmann,Senior Staff
236812,Xiaoheng,Azadmanesh,Senior Engineer
236816,Shao,Camurati,Engineer
236823,Xianlong,Rissland,Senior Staff
236837,Mabhin,Qiwen,Senior Engineer
236838,Byong,Hooghiemstra,Senior Staff
236839,Billur,Goldhammer,Staff
236848,Vincent,Marwedel,Senior Engineer
236851,Jackson,Strandh,Senior Engineer
236852,Yinghua,Geffroy,Senior Staff
236856,JoAnne,Couchot,Senior Engineer
236858,Haldun,Bharadwaj,Technique Leader
236860,Jaewoo,Skafidas,Assistant Engineer
236866,Kensyu,Melter,Senior Staff
236873,Jaroslava,Hutton,Senior Staff
236878,Lech,Savasere,Senior Engineer
236879,Zorica,Birsak,Engineer
236882,Masali,Kornatzky,Senior Engineer
236891,Weidon,Speer,Senior Staff
236893,Mong,Douceur,Staff
236895,Yoshinari,Vecchi,Senior Staff
236897,Shigehiro,Barinka,Assistant Engineer
236902,Matk,Poupard,Staff
236906,Aluzio,Otillio,Senior Engineer
236910,Jordanka,Orsini,Staff
236911,Susanne,Makinen,Engineer
236924,Sigeru,Hopewell,Engineer
236925,Leaf,Argence,Senior Staff
236936,Hironobu,Schusler,Senior Engineer
236938,Elgin,dAstous,Engineer
236953,Djenana,Roccetti,Senior Staff
236956,Lijie,Cmelik,Staff
236957,Marsal,Matzen,Senior Staff
236961,Yechiam,Peral,Senior Engineer
236963,Przemyslawa,Stiles,Senior Engineer
236972,Nishit,Ouhyoung,Senior Staff
236974,Tesuya,Zaccaria,Senior Engineer
236975,Alselm,Engelmann,Senior Staff
236977,Masako,Danlos,Senior Staff
236978,Honesty,Acton,Senior Staff
236981,Doowon,Segond,Senior Staff
236985,Ulf,Vural,Staff
236989,Tomokazu,Delgrande,Engineer
236995,Mari,Brender,Senior Staff
236997,Moss,Peral,Senior Engineer
237003,Masaru,Kropp,Senior Staff
237008,Giap,Roisin,Senior Engineer
237010,Takahito,Boudaillier,Engineer
237012,Berhard,Narwekar,Senior Engineer
237015,Sakthirel,Gihr,Engineer
237016,Greger,Bashian,Technique Leader
237018,Amstein,Ozeki,Staff
237022,Ibibia,Gopalakrishnan,Senior Staff
237029,Jaewon,Chartres,Senior Engineer
237030,Rildo,Kampfer,Engineer
237032,Jayesh,Vanwelkenhuysen,Senior Engineer
237034,Chikako,Papadias,Senior Staff
237035,Akeno,Rehfuss,Engineer
237036,JiYoung,Mahmud,Staff
237039,Bernice,Bael,Senior Engineer
237040,Houman,Hinsberger,Senior Staff
237047,Akeel,Peres,Senior Staff
237051,Chenyi,Itschner,Technique Leader
237057,Hongzue,Tischendorf,Technique Leader
237059,Haldon,Horswill,Senior Staff
237064,Shrikanth,Frezza,Senior Engineer
237065,Olivera,Kalafatis,Senior Staff
237073,Cheong,Moehrke,Senior Staff
237078,Khalid,Braccini,Technique Leader
237085,Sedat,Cesareni,Senior Engineer
237093,Demos,Ranum,Technique Leader
237095,Babette,Luck,Senior Staff
237100,Kerhong,Hertweck,Staff
237103,King,Hiltgen,Senior Staff
237105,Noritoshi,Yetto,Senior Staff
237108,Siddarth,Peac,Senior Engineer
237110,Yishay,Bardell,Staff
237111,Yinlin,Kropp,Engineer
237113,Chaosheng,Limongiello,Senior Staff
237115,Fabrizio,Matheson,Senior Engineer
237116,Chikara,Rodite,Engineer
237128,Nalini,Zschoche,Senior Staff
237134,Nitsan,Aloisi,Senior Staff
237136,Stabislas,Poulakidas,Senior Engineer
237140,Florian,Kusakabe,Senior Engineer
237142,Dung,Schiper,Senior Staff
237146,Tomofumi,Hardjono,Senior Staff
237149,Lucian,Reinhart,Staff
237153,Douadi,Lukaszewicz,Senior Staff
237154,Makato,Bardell,Senior Staff
237155,Chinhyun,Maquelin,Senior Staff
237156,Khedija,Berendt,Senior Staff
237158,Shaowei,Hertweck,Staff
237159,KayLiang,Turnbull,Senior Engineer
237160,Akeno,Rande,Senior Engineer
237161,Gou,Engelmann,Senior Staff
237164,Oscar,Baja,Senior Staff
237168,Tru,Denna,Senior Staff
237169,Hitomi,Gubsky,Engineer
237174,Juyoung,Dayang,Senior Staff
237175,Adil,Reutenauer,Senior Staff
237178,Kiyokazu,Anick,Senior Staff
237179,Leen,Ernst,Staff
237182,Feixiong,Cesareni,Engineer
237183,Annemarie,Gluchowski,Senior Staff
237186,Mingzeng,Selenyi,Senior Staff
237187,Prodip,Ariola,Staff
237188,Shigeo,Azadmanesh,Engineer
237193,Premal,Birjandi,Senior Engineer
237196,Abdelkader,England,Staff
237197,Suvo,Munke,Senior Engineer
237202,Hongzhu,Hettesheimer,Senior Staff
237216,Premsyl,Feldhoffer,Staff
237218,Kirk,Cullers,Staff
237219,Terresa,Chenney,Staff
237221,Magy,Krohm,Technique Leader
237227,Jasminko,Baba,Senior Staff
237229,Sashi,Massonet,Engineer
237234,Martins,Stavenow,Engineer
237240,Jianhua,Trumbly,Engineer
237253,Jianhao,Bisiani,Senior Staff
237254,Ziva,Schade,Senior Engineer
237255,Dipayan,Collette,Senior Staff
237258,Constantine,Andreotta,Staff
237262,Jagoda,Otillio,Senior Engineer
237263,Jaroslava,Nivat,Senior Engineer
237274,Chuanti,Montresor,Senior Staff
237276,Mayuko,Pluym,Engineer
237280,Vatsa,Peris,Staff
237284,Constantino,Suermann,Assistant Engineer
237290,Kwun,Iivonen,Technique Leader
237291,Jackson,Gecsei,Senior Staff
237294,Leandro,Hoppenstand,Senior Staff
237296,Saeko,Zeidenstein,Senior Staff
237298,Collette,Lakshmanan,Senior Engineer
237299,Pascal,Plesums,Senior Engineer
237301,Yahiko,Haddadi,Senior Engineer
237303,LiMin,Herbst,Senior Staff
237306,Masoud,Passafiume,Staff
237307,Boguslaw,Gyorkos,Technique Leader
237310,Beshir,Polajnar,Senior Staff
237316,Mona,Walstra,Senior Staff
237319,Kenton,Joslin,Senior Staff
237324,Susanna,Lorin,Technique Leader
237325,Jayson,Passino,Senior Staff
237328,Khue,Schusler,Staff
237333,Teunis,Schusler,Senior Engineer
237337,Heekeun,Vuskovic,Senior Staff
237338,Rildo,Akaboshi,Senior Staff
237339,Gaurav,Cherinka,Senior Staff
237340,Aris,Negoita,Senior Staff
237343,Ottavia,Zolotykh,Senior Engineer
237345,Pintsang,Tempesti,Senior Engineer
237346,Remmert,Grospietsch,Senior Engineer
237348,Dhritiman,Imataki,Senior Staff
237351,Limsoon,Leslie,Staff
237354,Flemming,Kading,Staff
237361,Baocai,Kopetz,Senior Staff
237362,Monique,Simkin,Senior Staff
237363,Gladys,Nanard,Senior Staff
237364,Lunjin,Birsak,Senior Staff
237365,Aram,Syrzycki,Senior Engineer
237371,Martina,Heijenga,Senior Staff
237374,Arno,Lichtman,Engineer
237375,Patricio,Basagni,Senior Staff
237376,Takanari,Diderrich,Senior Engineer
237378,Tsz,Tyugu,Senior Engineer
237381,Moheb,Azumi,Technique Leader
237383,Arra,Erez,Senior Staff
237386,Shuzo,McAlpine,Senior Engineer
237387,Ottavia,Iwayama,Engineer
237391,Heeju,Chvatal,Technique Leader
237392,Xiaoshan,Munck,Senior Staff
237393,Limsoon,Penttonen,Staff
237395,Lein,Khalil,Senior Engineer
237398,Yuichiro,Garnier,Senior Staff
237406,Atilio,Lorho,Senior Engineer
237410,Mingsen,Budinsky,Senior Engineer
237413,Basim,Sabnani,Engineer
237414,Ramalingam,Doering,Senior Staff
237415,Hinrich,Baaleh,Technique Leader
237417,Elliott,Isaak,Senior Engineer
237418,Arvind,Stiles,Senior Engineer
237419,Bernd,Trachtenberg,Senior Engineer
237421,Mabo,Zobel,Senior Staff
237423,Mona,Rodier,Staff
237426,Shakhar,Mawatari,Staff
237429,Juichirou,Bonifati,Staff
237430,Subir,Munoz,Technique Leader
237438,Junichi,Kading,Senior Staff
237440,Akhilish,Cromarty,Senior Engineer
237441,Slavian,Slaats,Senior Engineer
237442,Susanne,Ponthieu,Senior Staff
237443,Nahla,Brickell,Staff
237445,Beshir,Furedi,Engineer
237446,Giri,Tsunoo,Engineer
237449,Zita,Edelhoff,Technique Leader
237454,Sivanarayana,Zielinski,Engineer
237460,Masami,Ramsey,Senior Staff
237461,Mohua,Dusink,Senior Staff
237463,Becky,Buescher,Engineer
237465,TRUE,Schlumberger,Senior Staff
237472,Rosita,Grospietsch,Senior Staff
237474,Tetsurou,Poulakidas,Senior Engineer
237476,Khalil,Vilarrasa,Staff
237477,Werner,Lindqvist,Engineer
237479,Patricio,Comyn,Senior Staff
237480,Achilleas,Ranai,Senior Engineer
237483,Morrie,Zumaque,Senior Engineer
237486,Mountaz,Sevcikova,Staff
237487,Jongsuk,Muniz,Engineer
237488,Padma,Ishibashi,Senior Engineer
237495,Etsuo,Gluchowski,Engineer
237497,Turgut,Stavenow,Senior Staff
237498,Zhonghua,Braunschweig,Senior Staff
237499,Shichao,Vickson,Senior Engineer
237501,Ottavia,Furudate,Senior Staff
237503,Lansing,Menhoudj,Senior Staff
237508,Adil,Weisert,Senior Engineer
237511,Pascal,Bashian,Senior Engineer
237512,Guozhong,Berztiss,Senior Engineer
237515,Mabry,Colorni,Staff
237519,Mayuri,Pearson,Senior Engineer
237527,Lidong,Marwedel,Staff
237528,Adhemar,Tempesti,Senior Staff
237536,Candida,Horswill,Technique Leader
237537,Avishai,Jarecki,Senior Staff
237540,Heather,Reghbati,Assistant Engineer
237542,Weicheng,Hatcliff,Senior Staff
237546,Guttorm,Clemencon,Senior Staff
237547,Vasiliy,Tramer,Engineer
237548,Khalil,Cappelletti,Senior Staff
237557,Katsuyuki,Orlowska,Senior Engineer
237558,Nikolaos,Riefers,Senior Staff
237560,Adit,Holburn,Staff
237561,Tse,Madeira,Staff
237564,Souichi,Nannarelli,Engineer
237570,Ennio,Perng,Senior Staff
237571,Ronghao,Schaad,Senior Staff
237572,Jiong,Codenie,Senior Engineer
237576,Alper,Andreotta,Senior Staff
237581,Jiang,Szemeredi,Senior Staff
237585,Elzbieta,Kawashima,Senior Staff
237587,Feixiong,Harllee,Engineer
237591,Halsur,Serov,Senior Engineer
237597,Akemi,Maierhofer,Senior Staff
237598,Tse,Ghelli,Staff
237604,Shaunak,Albarhamtoshy,Senior Engineer
237607,Tayeb,Baer,Technique Leader
237613,Kenton,Jenevein,Staff
237616,Jahangir,Silva,Senior Engineer
237618,Moty,Quittner,Staff
237637,Anneke,Erol,Senior Staff
237638,JoAnne,Kaminger,Senior Engineer
237643,Premsyl,Begiun,Senior Engineer
237650,Kien,Ecklund,Senior Staff
237658,Indrajit,Baik,Senior Engineer
237663,Junsik,Onuegbe,Assistant Engineer
237666,Geoffrey,Ranze,Senior Staff
237671,Reinhard,Cangellaris,Senior Engineer
237673,Gio,Reistad,Senior Staff
237679,Ramalingam,Chaudhury,Senior Engineer
237681,Shem,Berztiss,Senior Engineer
237693,Matt,Veeraraghavan,Senior Engineer
237695,Adamantios,Lodder,Senior Engineer
237701,Yakkov,Harbusch,Senior Staff
237703,Zhenbing,Cusworth,Senior Engineer
237706,Candido,Provine,Engineer
237708,Sashi,Nivat,Engineer
237711,Kristian,Maginnis,Engineer
237714,Ravishankar,Merey,Technique Leader
237717,Owen,Heping,Technique Leader
237719,Taizo,Liesche,Engineer
237721,Vincent,Liesche,Senior Engineer
237724,Fumiyo,Birch,Senior Staff
237728,Fox,Butterworth,Staff
237729,Steen,Erdi,Senior Staff
237730,Hatsukazu,Domenig,Senior Engineer
237737,Tua,Hoogerwoord,Assistant Engineer
237740,Fan,Birrer,Engineer
237741,Jovan,Sankaranarayanan,Senior Staff
237748,Mori,Kossowski,Senior Staff
237753,Wojceich,Kroll,Senior Staff
237763,Susumu,Jakobus,Engineer
237767,Sanjay,Kalefeld,Staff
237769,Herb,Daescu,Senior Staff
237773,Eberhardt,Iwayama,Senior Engineer
237777,Anneli,Fiebach,Senior Staff
237782,Rildo,Chiodo,Staff
237787,Bernardo,Isaac,Senior Staff
237790,Yannik,Bierbaum,Technique Leader
237792,Shaowen,Ranft,Senior Staff
237794,Fei,Morrin,Senior Staff
237795,Sastry,Koblitz,Senior Engineer
237802,Pasqua,Fargier,Technique Leader
237803,Lihong,Baranowski,Senior Engineer
237806,Kayoko,Mersereau,Senior Engineer
237812,Xiadong,Gischer,Staff
237819,Zine,Velardi,Senior Engineer
237820,Jiakeng,Rosiles,Senior Engineer
237823,Zhongwei,Sherertz,Staff
237831,Pramod,Oaver,Senior Engineer
237839,Gretta,Gajiwala,Engineer
237848,Phuoc,Linnainmaa,Technique Leader
237849,Sariel,Besancenot,Staff
237850,Luerbio,Setia,Senior Engineer
237861,Ekawit,Douceur,Senior Engineer
237863,Manohar,Kushnir,Engineer
237867,Maik,Rindone,Staff
237868,Hercules,Conde,Senior Engineer
237872,Hatim,Herbst,Engineer
237874,Otmar,Castellani,Senior Staff
237878,Eric,Koshiba,Senior Staff
237880,Yonghong,Feldhoffer,Senior Engineer
237882,Bokyung,Brookner,Senior Staff
237884,Gift,Kroha,Senior Engineer
237889,Youngkon,Leijenhorst,Senior Staff
237892,Pohua,Dechter,Senior Engineer
237894,Jiang,Dalton,Staff
237897,Karoline,Zongker,Staff
237899,Pasqua,Khalid,Engineer
237900,Elgin,Rajala,Senior Engineer
237901,Torsten,Bridgland,Senior Engineer
237902,Ingemar,Francisci,Engineer
237907,Oldrich,Quittner,Senior Engineer
237910,Ipke,Feldhoffer,Senior Engineer
237911,Koldo,Peres,Staff
237917,Kendra,Schaad,Senior Engineer
237918,Billur,Kambil,Staff
237923,Gudjon,Straney,Senior Engineer
237926,Gaetan,Rijckaert,Technique Leader
237930,Constantijn,Luef,Senior Engineer
237931,Caolyn,Baaz,Senior Engineer
237937,Atilio,Beetstra,Senior Engineer
237951,Arco,Lundstrom,Senior Staff
237958,Houman,Flowers,Engineer
237959,Van,Huxford,Senior Staff
237961,Indrajit,Harllee,Staff
237963,Persi,Swen,Senior Engineer
237965,Toong,Solovay,Senior Staff
237971,Seongbin,Steenbeek,Senior Engineer
237974,Sailaja,Litzkow,Engineer
237980,Rosine,Encarnacion,Senior Engineer
237982,Weiru,Chenney,Senior Staff
237984,Hinrich,Katiyar,Technique Leader
237994,Shih,Wossner,Senior Engineer
237995,Irene,Rassart,Senior Engineer
238000,Jaewoo,Rodite,Staff
238001,Badri,Quittner,Senior Engineer
238004,Mariusz,Reeken,Senior Staff
238005,Tzvetan,Godskesen,Senior Engineer
238008,Owen,Kornatzky,Senior Staff
238009,Nishit,Botman,Staff
238014,Arfst,Gewali,Staff
238015,Ferdinand,Gerteisen,Senior Engineer
238018,Amabile,Radhakrishnan,Technique Leader
238019,Nakhoon,Merey,Engineer
238021,Marjo,Prochazka,Senior Engineer
238029,Chaosheng,Choobineh,Senior Engineer
238032,Filipe,Srimani,Senior Engineer
238033,Breannda,Biron,Senior Staff
238039,Ekawit,Eppinger,Senior Engineer
238041,Qiwen,Leslie,Senior Engineer
238044,Leen,Conti,Senior Staff
238047,Renee,Krohn,Senior Staff
238049,Subhrajyoti,Undy,Staff
238053,Lein,Baca,Senior Staff
238054,Larisa,Maksimenko,Engineer
238056,Fumiyo,Vakili,Senior Staff
238060,Paddy,Kulisch,Senior Engineer
238066,Florina,Steinauer,Senior Staff
238068,Jacqueline,Brodie,Assistant Engineer
238072,Oksana,Karnin,Senior Engineer
238077,Randy,Kilgore,Senior Engineer
238078,Fumiyo,Peroz,Senior Engineer
238084,Heon,Speckmann,Senior Engineer
238086,Nigel,Piveteau,Senior Staff
238100,Koldo,Burnard,Senior Engineer
238102,Chaosheng,Staudhammer,Senior Engineer
238105,Mikhail,Socorro,Engineer
238121,Premal,Ritzmann,Senior Engineer
238123,Clyde,Iacovou,Engineer
238126,Danco,Redmiles,Senior Staff
238130,Kristina,Michaels,Senior Staff
238131,Wojceich,Besselaar,Staff
238132,Neven,Ghazalie,Senior Engineer
238142,Guther,Sgarro,Senior Engineer
238144,Shan,Papsdorf,Engineer
238146,Dmitri,Champarnaud,Senior Staff
238149,Adib,Rothe,Senior Engineer
238150,Shigehito,Standera,Senior Engineer
238155,Adil,Nittel,Engineer
238159,Toshiki,Schicker,Senior Staff
238160,Edwin,Merks,Senior Staff
238164,Perry,Sullins,Staff
238170,Fay,Baba,Staff
238172,Radhia,Vuskovic,Senior Staff
238173,Lucian,Rathonyi,Senior Engineer
238177,Falguni,Hertweck,Senior Engineer
238196,Doowon,Skafidas,Senior Staff
238200,Alair,Molenkamp,Senior Engineer
238202,Waiman,Nilsson,Senior Engineer
238205,Bodh,Masada,Senior Staff
238225,Udaiprakash,Senzako,Staff
238226,Nobuyoshi,Wursthorn,Senior Engineer
238231,Kellie,Guenter,Assistant Engineer
238238,Danil,Khasidashvili,Senior Engineer
238239,Luerbio,Thorensen,Staff
238240,Jianhua,Nilsson,Senior Engineer
238244,Richara,Rosca,Senior Engineer
238245,Richard,Diderrich,Senior Engineer
238262,Gift,Wossner,Engineer
238264,Krisda,Georgakopoulos,Senior Staff
238265,Mohan,Hammerschmidt,Senior Engineer
238267,Arun,Hmelo,Staff
238272,Nigel,Swick,Senior Staff
238273,Takahiro,Staudhammer,Engineer
238275,Huai,Middleton,Engineer
238286,Rafols,Poehlman,Senior Staff
238287,Luigi,Sewelson,Senior Engineer
238290,Freyja,Awdeh,Senior Staff
238293,Elgin,Molenaar,Senior Engineer
238298,Prasadram,Cunliffe,Senior Staff
238299,Ult,Boudaillier,Senior Engineer
238302,Yishay,Kushnir,Senior Staff
238304,Premal,Badache,Engineer
238316,Kamran,Grospietsch,Senior Engineer
238317,Jaques,Taubman,Engineer
238318,Anwar,Chorvat,Engineer
238320,Chenye,Fontet,Staff
238325,Alselm,Goldhammer,Engineer
238332,Doohun,Toyoshima,Senior Engineer
238334,Arif,Mahmud,Staff
238342,Filipp,Wielonsky,Senior Engineer
238346,Yuriy,Comyn,Senior Engineer
238347,Yuichiro,Masada,Engineer
238348,Manton,Angot,Senior Engineer
238355,Roddy,Marzano,Senior Engineer
238357,Yuriy,Miara,Senior Staff
238360,Demin,Basawa,Senior Staff
238364,Geoff,Shackell,Staff
238368,Becky,Katalagarianos,Senior Engineer
238371,Hidefumi,Impagliazzo,Senior Staff
238372,Yuriy,Harbusch,Assistant Engineer
238377,Tomokazu,Oxman,Senior Engineer
238385,Arno,Beetstra,Assistant Engineer
238386,Vasilii,Munro,Senior Engineer
238389,Etsuo,Perfilyeva,Senior Staff
238392,Shietung,Hiroyama,Senior Staff
238393,Danny,Ranft,Senior Engineer
238395,Cristinel,Riesenhuber,Senior Engineer
238397,Niclas,Jiafu,Senior Engineer
238398,Shigehiro,Wendorf,Senior Staff
238401,Jaihie,Gimbel,Senior Engineer
238403,Apostol,Bashian,Senior Engineer
238404,Bojan,Ramras,Engineer
238406,Conor,Wegerle,Senior Staff
238410,Fuqing,Schnabel,Engineer
238412,Chriss,Rehfuss,Engineer
238415,Insup,England,Engineer
238417,Shahab,Farris,Senior Engineer
238419,Carrsten,Gonthier,Senior Staff
238420,Miyeon,Sidje,Senior Staff
238424,Christ,Byoun,Senior Engineer
238430,Fumino,Bellone,Senior Staff
238434,Gor,Jording,Senior Staff
238435,Alois,Lalonde,Senior Staff
238439,Udaiprakash,Matheson,Senior Staff
238442,Shigehito,Manderick,Engineer
238451,Alagu,Lampe,Senior Engineer
238454,Shen,Brookner,Technique Leader
238457,Salvador,Gide,Senior Engineer
238463,Shridhar,Neiman,Senior Staff
238471,Seshu,Viele,Senior Engineer
238475,Fox,Jarecki,Senior Staff
238476,Khalid,Lanzelotte,Senior Staff
238484,Mart,Adachi,Senior Staff
238490,Denny,Sessa,Engineer
238495,Chikara,Poehlman,Senior Staff
238498,Heon,Macedo,Senior Engineer
238499,Tristan,Picht,Staff
238504,Baruch,Fiebach,Senior Engineer
238505,Falguni,Camurati,Senior Staff
238508,Sahrah,Schach,Senior Staff
238509,Tadahiko,Riexinger,Technique Leader
238512,Lillian,Petersohn,Staff
238514,Zvonko,Maraist,Senior Staff
238516,Torsten,Cyre,Senior Staff
238524,Yonghoan,Cools,Engineer
238526,Chuanyi,Munch,Senior Engineer
238531,Ugo,Birdsall,Senior Engineer
238535,Pranay,Kilgour,Senior Engineer
238536,Gopalakrishnan,Chenoweth,Engineer
238537,Tomofumi,Bellone,Senior Engineer
238538,Fumitaka,Pehl,Senior Engineer
238543,Vasilis,Luders,Staff
238545,Yannik,Sinitsyn,Engineer
238547,Sanjiv,Badr,Assistant Engineer
238548,Masato,Zhang,Senior Staff
238558,Yolla,Siochi,Senior Staff
238563,Xinyu,Ruemmler,Engineer
238565,Bangqing,Marchegay,Staff
238571,Kenton,Reeken,Senior Staff
238574,Sedat,Halloran,Engineer
238575,Filipe,Hennebert,Engineer
238577,Felicidad,Socorro,Staff
238578,Neelam,Uhrig,Senior Engineer
238579,Hiroyasu,Crooks,Staff
238590,Yifei,Spataro,Senior Staff
238592,Jacqueline,Schmittgen,Senior Engineer
238593,Katsuo,Emmart,Technique Leader
238597,Radhakrishnan,Billingsley,Staff
238598,Takahito,Paludetto,Senior Engineer
238599,Tokuyasu,Breugel,Senior Staff
238605,Pranay,Negoita,Senior Staff
238608,Gro,Rijckaert,Senior Engineer
238610,Yannis,Lores,Senior Staff
238615,Masaru,Falby,Senior Engineer
238616,Gilbert,Kranzdorf,Senior Engineer
238619,Badri,Benantar,Senior Engineer
238625,Filipe,Schusler,Senior Engineer
238628,Doohun,Kalloufi,Senior Engineer
238634,Bokyung,Acton,Senior Engineer
238636,Shaw,Chiodo,Engineer
238643,Fumiko,Anido,Senior Staff
238644,Sanjoy,Jiang,Senior Staff
238646,Goetz,Dengi,Senior Engineer
238652,Iara,Rebaine,Senior Engineer
238653,Greger,Segond,Senior Engineer
238659,Khalil,Zirintsis,Senior Staff
238669,Masako,Rosenbaum,Senior Staff
238673,Shen,Ressouche,Senior Engineer
238677,Eckart,Iisaka,Engineer
238682,Bernd,Danlos,Senior Staff
238684,Jahangir,Asmuth,Senior Staff
238685,Jayson,Brobst,Senior Staff
238686,Demin,Chvatal,Senior Staff
238689,Maha,Mamelak,Engineer
238692,Clyde,Varman,Staff
238693,Sarita,Apsitis,Senior Engineer
238696,Lorien,Gecseg,Senior Engineer
238698,IEEE,Matzen,Engineer
238700,Arch,Hebden,Senior Staff
238709,Mayuri,Chappelet,Senior Engineer
238710,Poornachandra,Masand,Engineer
238714,Adas,Angel,Senior Engineer
238717,Mario,Kumaresan,Senior Staff
238726,Yefim,Marrevee,Staff
238733,Genevieve,Hambrick,Engineer
238737,Chiradeep,Ventosa,Senior Staff
238740,Qiwen,Fabrizio,Senior Staff
238743,Paraskevi,Rabehasaina,Senior Staff
238745,Takahira,Merel,Engineer
238749,Cordelia,Hebert,Senior Engineer
238752,Aluzio,Acton,Senior Engineer
238759,Susanta,Hiraishi,Senior Staff
238764,Fen,Candan,Senior Staff
238769,Freyja,Ducloy,Staff
238770,Subhada,Pellegrinelli,Engineer
238776,Hitofumi,Rodite,Engineer
238777,Nimmagadda,Luiz,Senior Staff
238779,Shigeaki,Driscoll,Staff
238781,Kensyu,Leslie,Staff
238787,Berto,Bennis,Senior Staff
238791,Deniz,Kroll,Senior Staff
238792,Kaijung,Alpin,Senior Staff
238797,Filipp,Akaboshi,Senior Staff
238800,Make,Ferretti,Senior Engineer
238802,Lillian,Katiyar,Staff
238804,Teunis,Oskamp,Senior Engineer
238805,Toney,Jayawardene,Engineer
238813,Shaz,Marsiglia,Senior Engineer
238818,Mingzeng,Rijckaert,Engineer
238821,Kazuhira,Rodiger,Engineer
238823,Nadjib,Nitsche,Senior Staff
238836,Gopalakrishnan,Merlo,Senior Staff
238847,Barton,Buchter,Senior Engineer
238848,Ohad,Randt,Senior Engineer
238853,Greger,Kornatzky,Senior Engineer
238855,Mohit,Gewali,Senior Engineer
238861,Aron,Compeau,Assistant Engineer
238863,Vidya,Wilfing,Senior Engineer
238865,Ebru,Standera,Senior Engineer
238867,Visit,Sigstam,Senior Staff
238869,Alagu,Glinert,Senior Staff
238870,Ashish,Lowrie,Senior Staff
238871,Jiakeng,Rassart,Senior Engineer
238879,Emran,Joslin,Assistant Engineer
238880,Atreye,Heyers,Technique Leader
238882,Huei,Msuda,Engineer
238883,Hideyuki,Teitelbaum,Senior Staff
238886,Holgard,Hanratty,Senior Engineer
238891,Nitsan,Sudkamp,Senior Engineer
238900,Yaghout,Furedi,Senior Engineer
238902,Mabhin,Masamoto,Engineer
238907,Ashish,Douceur,Senior Staff
238908,Dharmaraja,McAffer,Staff
238909,Mariangiola,Maginnis,Senior Engineer
238915,Berna,Lund,Senior Engineer
238916,Georg,Takkinen,Staff
238918,Uzi,Ducloy,Senior Engineer
238920,Khatoun,Perly,Senior Staff
238932,Visit,Raney,Staff
238934,Evgueni,Bardell,Senior Engineer
238935,Janalee,Jakobus,Senior Staff
238946,Guoxiang,Luders,Engineer
238948,Ziyad,Hennebert,Senior Staff
238954,Tadanori,Besselaar,Staff
238962,Rosita,Waeselynck,Senior Engineer
238963,Gennadi,Cronin,Senior Staff
238964,Zorica,Baca,Staff
238966,Lubomir,Esteva,Senior Engineer
238967,Fei,Jansen,Senior Engineer
238968,Freyja,Jonsson,Senior Staff
238974,Turgut,Heiserman,Senior Engineer
238978,Shuichi,Cappelli,Senior Engineer
238980,Arch,Perri,Senior Staff
238982,Vitali,Oxman,Engineer
238985,Pramod,Emden,Senior Engineer
238986,Gonzalo,Basawa,Technique Leader
238992,Fox,Hiyoshi,Senior Staff
238993,Fatemeh,Radivojevic,Senior Engineer
238997,Yuuichi,Knightly,Senior Engineer
239004,Peer,Farrag,Technique Leader
239010,Eldridge,Ghazalie,Senior Staff
239013,Alassane,Lamparter,Senior Engineer
239019,Itzchak,Demir,Senior Staff
239021,Christ,Foong,Senior Staff
239022,Maik,Selenyi,Senior Staff
239025,Urs,Cappelletti,Engineer
239026,Masamitsu,Litzkow,Technique Leader
239028,Surveyors,Angel,Senior Staff
239029,Tommaso,Walstra,Senior Engineer
239034,Vatsa,Pollock,Engineer
239036,Lena,Harnett,Senior Engineer
239038,Rildo,Keohane,Senior Engineer
239042,Ewing,Niizuma,Engineer
239051,Marsha,Slutz,Senior Engineer
239054,Khoa,Jenevein,Engineer
239056,Tze,Hanabata,Senior Staff
239065,Akhilish,Braunmuhl,Senior Staff
239066,Stafford,Pesch,Senior Staff
239071,Eckart,Radhakrishnan,Staff
239074,Chenyi,Koprowski,Staff
239075,Kwan,Velasco,Engineer
239078,Szabolcs,Narwekar,Senior Staff
239085,Yurii,Kinley,Senior Engineer
239087,Yishai,Birjandi,Senior Staff
239089,Vidya,Gonthier,Senior Staff
239091,Nathan,Emmart,Senior Staff
239094,Hatim,Montresor,Senior Engineer
239096,Kwan,Highland,Senior Engineer
239097,Sungwon,Ratnaker,Senior Engineer
239100,Mayumi,Oxenboll,Engineer
239103,Vojin,Businaro,Assistant Engineer
239108,Shigehito,Thombley,Senior Staff
239110,Sajjan,Papsdorf,Senior Engineer
239115,Arra,Bratsberg,Senior Staff
239116,DeForest,Silva,Senior Engineer
239117,Theirry,Deyuan,Senior Engineer
239121,Sumant,Beidas,Engineer
239127,Uinam,Nishimukai,Staff
239131,Tran,Sooriamurthi,Senior Engineer
239133,Mansur,Merle,Engineer
239134,Moss,Magalhaes,Senior Staff
239135,Kiyokazu,Blokdijk,Senior Engineer
239137,Shaz,Wynblatt,Senior Engineer
239139,Kristinn,Varman,Senior Staff
239140,Navin,Zedlitz,Engineer
239146,Duke,Kakkad,Technique Leader
239149,Hongzhu,Bale,Senior Engineer
239153,Sanjoy,Lorcy,Senior Staff
239160,Chiranjit,Kornatzky,Senior Engineer
239163,Duro,Wossner,Senior Engineer
239166,Elliott,Isard,Senior Staff
239172,Yinghua,Picel,Senior Staff
239173,Mitchel,Vandervoorde,Senior Staff
239179,Kaijung,Panangaden,Staff
239184,Jinpo,Luce,Senior Engineer
239185,Luigi,Giaccio,Senior Staff
239188,Sanjeeva,Lunn,Senior Staff
239189,Christ,Zirintsis,Technique Leader
239196,Horward,Onuegbe,Senior Staff
239202,Oscal,Malinowski,Senior Staff
239204,Sadegh,Cannard,Senior Staff
239205,Masasuke,Brizzi,Senior Staff
239212,Shigehito,Laventhal,Senior Engineer
239219,Shrikanth,Gajiwala,Assistant Engineer
239223,Aria,Meszaros,Senior Engineer
239226,Toshimi,Alameldin,Senior Staff
239230,Chirstian,Cannard,Senior Engineer
239239,Martina,Zucker,Engineer
239242,Surveyors,Bahl,Senior Engineer
239243,Neven,Leuchs,Engineer
239253,Shigeaki,Majewski,Staff
239254,Shaowei,Conte,Senior Engineer
239256,Kazunori,Passino,Senior Engineer
239260,Vivian,Babu,Senior Staff
239261,Shem,Pileggi,Senior Engineer
239262,Selwyn,Erev,Engineer
239267,Lijia,Hitomi,Engineer
239269,Angus,Linares,Senior Engineer
239273,Martine,Murtafg,Senior Engineer
239278,Xiaobin,Sommen,Engineer
239284,Krister,Rothe,Senior Staff
239286,Nikolaus,Spinelli,Senior Staff
239287,Mario,Katiyar,Senior Engineer
239288,Mircea,Herath,Engineer
239294,Valter,Peot,Senior Engineer
239295,Pragnesh,Orlowska,Senior Staff
239299,Shaleah,Waschkowski,Senior Staff
239300,Remzi,Sinicrope,Staff
239303,Arne,Rathonyi,Senior Engineer
239304,Suvo,Munch,Staff
239306,Ziva,Marwedel,Engineer
239307,Lorien,Kohling,Staff
239314,Jinya,Apsitis,Engineer
239319,Piyawadee,Greenaway,Senior Staff
239321,Gurbir,Grabner,Technique Leader
239325,Fox,Perz,Senior Engineer
239326,Aloys,Heping,Senior Engineer
239332,Nimmagadda,Bael,Senior Staff
239333,Morris,Pfau,Staff
239336,Van,Driscoll,Senior Staff
239337,Becky,Kuszyk,Senior Staff
239338,Nitsan,Polupanov,Senior Staff
239341,Shigehiro,Gecsei,Senior Staff
239342,Kolar,Klyachko,Senior Staff
239350,Marlo,Peltason,Senior Staff
239352,Kshitij,Gils,Senior Engineer
239353,Francoise,Wynblatt,Technique Leader
239360,Ung,Jumpertz,Engineer
239362,Susumu,Lorin,Senior Staff
239365,Hsiangchu,Bratten,Senior Staff
239371,Angel,Zongker,Staff
239372,Sahrah,Gniady,Senior Engineer
239377,Geraldo,McFarlan,Senior Staff
239382,Sanjoy,Oberman,Senior Engineer
239384,Teruyuki,Nicolson,Senior Engineer
239391,Mandell,Merli,Senior Staff
239393,Sanjay,Demian,Senior Staff
239397,Danco,Reeken,Engineer
239400,Shem,Baranowski,Senior Staff
239401,Bernardo,Denny,Engineer
239403,Sanjiv,Casperson,Senior Staff
239411,Hugo,Luit,Senior Engineer
239412,Rildo,Matzen,Senior Engineer
239414,Sverrir,Renear,Senior Staff
239418,Yuqun,Sidou,Senior Staff
239423,Hongzue,Gyimothy,Senior Staff
239430,Shrikanth,Weedman,Senior Engineer
239436,Luigi,Janetzko,Senior Staff
239438,Duke,Orsini,Staff
239442,Mads,Birnbaum,Engineer
239443,Teruyuki,Ouhyoung,Senior Engineer
239446,Uriel,Yetim,Senior Engineer
239458,Maren,Eiter,Engineer
239462,Masadi,Iisaka,Senior Staff
239463,Arve,Tagansky,Engineer
239466,Herbert,Malinowski,Senior Engineer
239468,Georgi,Muntz,Senior Engineer
239469,Lena,Merli,Engineer
239471,Marl,Range,Senior Engineer
239473,Poorav,Malabarba,Senior Staff
239474,Wilmer,Colorni,Senior Staff
239477,Chinya,Tsunoo,Engineer
239478,Dinah,Androutsos,Staff
239481,Youjian,Winter,Senior Engineer
239482,Duri,Burnard,Senior Staff
239490,Weiwu,Goodrum,Senior Engineer
239494,Ramachenga,Stifter,Senior Staff
239495,Saeed,Stemann,Senior Staff
239496,Teiji,Socorro,Engineer
239499,Bouchung,Zedlitz,Senior Staff
239503,Clyde,Schauser,Senior Engineer
239507,Cullen,Veccia,Senior Engineer
239513,Takushi,Piveteau,Engineer
239525,Zhilian,Rabehasaina,Engineer
239528,Huican,Schwabacher,Senior Engineer
239531,Leif,Falster,Senior Staff
239535,Alselm,Crooks,Senior Engineer
239537,Valter,Thummel,Senior Engineer
239539,Shaz,Hedayat,Assistant Engineer
239544,Patricia,Milicic,Senior Engineer
239546,Perry,Ressouche,Technique Leader
239550,Pragnesh,Birnbaum,Senior Staff
239556,Gilbert,Irland,Senior Engineer
239558,Niclas,Beeson,Senior Engineer
239562,Frederique,Gomatam,Senior Engineer
239572,Jayson,Tyugu,Staff
239574,Hauke,Staylopatis,Senior Engineer
239576,Jaewoo,Duclos,Staff
239577,Yonghong,Kossowski,Senior Staff
239586,Kayoko,Unno,Senior Engineer
239590,Gladys,Luiz,Senior Staff
239591,Mitchel,Reinhard,Assistant Engineer
239594,Radhika,Callaway,Senior Engineer
239595,Gay,Sommen,Senior Engineer
239596,Almudena,Takanami,Technique Leader
239598,Taiji,Rosch,Senior Staff
239601,Wanqing,Millington,Senior Staff
239606,Susanta,Brookman,Staff
239607,Gina,Oehlmann,Senior Staff
239608,Quingbo,Cardazo,Assistant Engineer
239614,Aron,Vecchi,Senior Engineer
239616,Chenyi,Benveniste,Technique Leader
239621,Josyula,Tzvieli,Assistant Engineer
239628,Maja,Imataki,Senior Staff
239630,Toshimori,Chappelet,Senior Engineer
239641,Yannik,Eickenmeyer,Senior Engineer
239642,Mara,Belinskaya,Senior Engineer
239648,Fun,Birsak,Senior Staff
239650,Yuuichi,Furudate,Senior Engineer
239651,Billie,Muchinsky,Assistant Engineer
239653,Elrique,Emmart,Senior Staff
239654,Sachin,Aseltine,Senior Engineer
239657,Sachem,Pagter,Senior Staff
239661,Georg,Czap,Senior Engineer
239667,Claude,Mayerwieser,Engineer
239670,Ulises,Rattan,Senior Engineer
239671,Koldo,Ranum,Senior Staff
239674,Dekang,Molenaar,Senior Engineer
239685,Houman,Tagansky,Engineer
239686,Slavian,Penttonen,Technique Leader
239689,Susanta,Cooman,Staff
239695,Nathan,Thisen,Senior Engineer
239697,Arra,Grabner,Senior Staff
239700,Shigeichiro,Garnier,Senior Engineer
239704,Eldridge,Bernatsky,Engineer
239709,Tze,Zeleznik,Senior Staff
239711,Arun,Lagarias,Senior Engineer
239713,Barna,Kilgore,Engineer
239718,Shaunak,Docker,Senior Staff
239720,Karoline,Pehl,Senior Engineer
239721,Ramzi,Crouzet,Senior Staff
239722,Aemilian,Rindone,Senior Engineer
239724,Ramachenga,Eugenio,Senior Staff
239728,Nalini,Bazzichi,Senior Staff
239729,Lijie,Rousseau,Senior Staff
239731,Elvis,Setlzner,Senior Staff
239735,Marit,Bhattacharjee,Senior Staff
239736,Sajjan,Roison,Staff
239738,Arfst,Suessmith,Senior Staff
239744,Kristinn,Bahl,Engineer
239745,Giao,Aingworth,Senior Staff
239749,Limsoon,Barinka,Engineer
239750,Hugo,Collette,Senior Engineer
239752,Toshiko,Stanfel,Engineer
239755,Chinhyun,Bage,Assistant Engineer
239756,Leif,Coors,Engineer
239760,Arie,Codenie,Senior Staff
239762,Kamakshi,Szemeredi,Senior Engineer
239771,Hitomi,Plump,Senior Staff
239779,Niteen,Haumacher,Senior Engineer
239780,Sajjad,Guenter,Senior Engineer
239782,Indrajit,Shackel,Senior Staff
239785,Martial,Lortz,Senior Engineer
239786,Mang,Lamparter,Senior Staff
239789,Kankanahalli,Schoegge,Senior Engineer
239790,Hsiangchu,Deverell,Staff
239798,Uzi,Trystram,Senior Staff
239799,Marin,Rossi,Senior Staff
239802,Elvis,Isard,Senior Staff
239806,Byong,Kadhim,Senior Staff
239808,Kitty,Stassinopoulos,Senior Engineer
239809,Naraig,Baaz,Senior Engineer
239812,Aamod,Staylopatis,Senior Engineer
239814,Babette,Feinberg,Senior Staff
239818,Phuoc,Radivojevic,Senior Staff
239821,Dinkar,Ramras,Assistant Engineer
239823,Krassimir,Ibel,Staff
239826,Kazuhiko,Melski,Engineer
239831,Miyeon,Diderrich,Senior Staff
239832,Akhilish,Kakkar,Senior Staff
239833,Itzchak,Gimbel,Senior Staff
239836,Alper,Bugrara,Engineer
239837,Koldo,Benaini,Staff
239844,Heather,Alpin,Senior Engineer
239846,Cristinel,Beilner,Senior Engineer
239847,Make,Isard,Senior Staff
239853,Chaoyi,Koprowski,Staff
239854,Mostafa,Waleschkowski,Engineer
239857,Huican,Naudin,Engineer
239859,Adam,Keirsey,Senior Staff
239866,Divine,Denny,Senior Staff
239871,Xiaopeng,Hatcliff,Senior Staff
239872,Frazer,Schwartzburd,Senior Staff
239873,Mohd,Baaz,Senior Engineer
239879,Carrsten,Waleschkowski,Engineer
239886,Kellyn,Broomell,Engineer
239887,Sailaja,Chiola,Senior Staff
239891,Percy,Tischendorf,Assistant Engineer
239892,Saeed,Waschkowski,Senior Staff
239894,Anestis,Rahimi,Senior Staff
239896,Shuzo,Hasenauer,Senior Staff
239901,Shushma,Munck,Senior Engineer
239904,Marsja,Caine,Senior Engineer
239910,Hilari,Cusworth,Senior Engineer
239912,Bartek,Litzler,Senior Staff
239917,Soenke,Christ,Senior Engineer
239919,Mariangiola,Kusakabe,Senior Staff
239921,Teiji,Siprelle,Senior Staff
239922,Teunis,Feldmann,Senior Staff
239923,Mitchel,Litzkow,Engineer
239924,Hidde,Shackell,Senior Staff
239925,Hugo,Ellozy,Staff
239927,Theron,Riefers,Senior Staff
239929,Uli,Thiran,Engineer
239931,Joydip,DuBourdieux,Senior Engineer
239934,Lalit,Tyugu,Senior Engineer
239936,Yakichi,Chandrasekhar,Engineer
239939,Uli,Bazelow,Technique Leader
239944,Mariangiola,Fritzsche,Senior Staff
239948,Rildo,Choobineh,Senior Engineer
239955,Pantung,Gihr,Senior Staff
239958,Otilia,Bahr,Senior Engineer
239959,Nahid,Bahk,Senior Staff
239964,Eirik,Speek,Staff
239965,Toney,Schwabacher,Engineer
239971,Arunachalam,Baalen,Senior Staff
239972,Masamitsu,Gire,Senior Engineer
239976,Heping,Hutter,Senior Staff
239978,Tran,Bondorf,Assistant Engineer
239979,Radhia,Radwan,Senior Staff
239982,Xudong,Hebden,Engineer
239983,Amstein,Erva,Technique Leader
239988,Houman,Harnett,Senior Staff
239989,Tsvetan,Vakili,Senior Staff
239995,Kotesh,Simmel,Senior Engineer
240004,Danel,Veevers,Staff
240005,Xiaoshan,Selvestrel,Senior Staff
240006,Malu,Braunschweig,Engineer
240014,Manibrata,Swiler,Senior Engineer
240019,Prasadram,Yetto,Senior Engineer
240040,Reinhard,Beznosov,Senior Engineer
240052,Surveyors,Besselaar,Senior Engineer
240055,Bernice,Kumaresan,Senior Engineer
240057,Leszek,Baar,Staff
240060,Anwar,Reinhard,Senior Staff
240061,Candido,Candan,Engineer
240062,Lucian,Maquelin,Senior Engineer
240064,Bernd,Motley,Engineer
240065,Yishay,Demir,Engineer
240066,Fumitaka,Azuma,Assistant Engineer
240070,Gaurav,Gischer,Engineer
240072,Insup,Marwedel,Technique Leader
240083,Huan,Kroon,Senior Engineer
240086,Demos,Tasistro,Technique Leader
240091,Sham,Snyers,Assistant Engineer
240094,Maria,Daescu,Senior Staff
240097,Godehard,Kitai,Senior Engineer
240099,Thanasis,Slobodova,Senior Staff
240105,Duke,Erol,Engineer
240106,Hercules,Luga,Staff
240107,Woody,Neimat,Senior Engineer
240112,Subbu,Marciano,Senior Staff
240118,Sajjad,Farrel,Staff
240122,Gina,Junet,Senior Staff
240129,Roddy,Karnin,Technique Leader
240134,Lidong,Mattern,Senior Staff
240135,Kwok,Gien,Senior Engineer
240137,Zhanqiu,Deyuan,Engineer
240140,Kristina,Setlzner,Senior Staff
240141,Hisao,Emmart,Senior Engineer
240143,Tremaine,Demri,Senior Staff
240146,Joydip,Orlowski,Senior Engineer
240152,Masali,Yoshimura,Senior Engineer
240155,Eirik,Rehfuss,Senior Engineer
240156,Hisao,Heijenga,Engineer
240159,Arfst,Ratzlaff,Technique Leader
240160,Abdelghani,Clouatre,Senior Engineer
240163,Shugo,Ghazalie,Senior Engineer
240168,Aria,Chenney,Senior Staff
240174,Shuji,Restivo,Senior Staff
240181,Goetz,Luan,Senior Staff
240185,Arup,Falck,Technique Leader
240189,Ramachenga,Koshino,Staff
240191,Toong,Schwartzbauer,Senior Staff
240193,Jaber,Vesel,Staff
240194,Limsoon,Suppi,Engineer
240196,Xianlong,Vigier,Senior Staff
240198,Dmitri,Menyhert,Senior Staff
240204,Duke,Vandervoorde,Senior Engineer
240206,Utz,Deville,Engineer
240208,Eishiro,Dusink,Senior Engineer
240212,Jaber,Lund,Staff
240217,Ger,Akiyama,Senior Staff
240218,Yonghong,Akazan,Senior Staff
240219,Moheb,Cromarty,Senior Staff
240228,Sangeeta,Lubachevsky,Senior Staff
240235,Mantis,Meszaros,Senior Engineer
240240,Vitali,Ratzlaff,Senior Staff
240241,Aimee,Ginesta,Senior Engineer
240242,Tran,Tanemo,Staff
240248,Domenico,Comyn,Senior Engineer
240258,Zsolt,Bojadziev,Senior Staff
240260,Fumiya,Herber,Senior Staff
240268,Masanao,Iwayama,Technique Leader
240269,Breannda,Conte,Senior Staff
240287,Horward,Weedon,Senior Engineer
240289,Jeane,Sidhu,Senior Engineer
240290,Pohua,Munck,Engineer
240292,Steve,Selenyi,Senior Staff
240298,Mara,Munke,Engineer
240301,Bader,Cronau,Staff
240305,Zhilian,Range,Senior Engineer
240307,Marsha,Claffy,Senior Engineer
240308,Jordanka,Beeson,Senior Staff
240309,Roselyn,Angel,Engineer
240312,Filipe,Waschkowski,Staff
240313,Sandeepan,Krupka,Senior Engineer
240321,Mary,Bugaenko,Senior Staff
240322,Mansur,Peck,Staff
240325,Jinxi,Ducloy,Senior Engineer
240328,Zhensheng,Biron,Engineer
240330,Aksel,Terlouw,Engineer
240332,Sachio,Talmon,Staff
240339,Subbu,Clouatre,Staff
240341,Constantijn,Vendrig,Senior Staff
240342,Flemming,Sooriamurthi,Senior Engineer
240344,Sarita,Koyama,Senior Engineer
240346,Roded,Angelov,Senior Staff
240347,Chaitali,Slaats,Engineer
240348,Paloma,Bolotov,Senior Engineer
240352,Rimon,Rubsam,Senior Engineer
240356,Oscar,Mondadori,Senior Staff
240360,Mary,Pelz,Senior Staff
240361,Vesna,Dehkordi,Staff
240364,Tonny,Milicia,Senior Staff
240365,Ishfaq,Chandrasekhar,Staff
240367,Amabile,Yetim,Senior Engineer
240371,Constantijn,Lubachevsky,Senior Engineer
240378,Rimli,Trachtenberg,Technique Leader
240382,Zengping,Egerstedt,Senior Staff
240397,Howell,Borstler,Staff
240398,Lansing,Markovitch,Senior Engineer
240400,Shaunak,Schaft,Senior Engineer
240404,Gererd,Swen,Staff
240407,Jaewoo,Gilg,Senior Staff
240409,Kazunori,Seuren,Senior Engineer
240414,Aran,Maquelin,Senior Staff
240418,Behnaam,Solares,Technique Leader
240429,Yishay,Pepe,Senior Engineer
240434,Yolla,Ranst,Technique Leader
240441,Luise,Prampolini,Senior Staff
240449,Diederik,Trogemann,Staff
240452,Giordano,Shihab,Senior Engineer
240459,Dietrich,Waterhouse,Senior Engineer
240462,Moty,Boissier,Senior Engineer
240465,Adly,Axelband,Engineer
240467,Giao,Dredge,Engineer
240469,Harngdar,Oxenboll,Staff
240473,Hinrich,Melter,Technique Leader
240475,Qunsheng,Guardalben,Senior Engineer
240477,Inderjeet,Eterovic,Engineer
240483,Geoff,Zultner,Senior Engineer
240485,Dietrich,Esteva,Staff
240490,Nirmal,Sevcikova,Engineer
240499,Mitchel,Encarnacion,Senior Staff
240506,Haldon,Chinal,Senior Engineer
240508,Charmane,Swist,Senior Engineer
240510,Isaac,Schahn,Senior Staff
240514,Perla,Journel,Engineer
240515,Yuriy,Rosen,Senior Engineer
240518,Guadalupe,Reeker,Senior Engineer
240519,Izaskun,Staudhammer,Senior Staff
240527,Alselm,Millington,Senior Engineer
240530,Alois,Sridhar,Senior Engineer
240534,Indrajit,Miake,Senior Engineer
240537,Weiyi,Katalagarianos,Technique Leader
240539,Jouko,Weisert,Staff
240540,Kazunori,Kopetz,Engineer
240549,Gudjon,Puppo,Engineer
240556,Moti,Salverda,Staff
240557,Waiman,Marletta,Senior Staff
240559,Yinlin,Bhattacharjee,Senior Staff
240561,Stella,Simmen,Engineer
240569,Edwin,Salinas,Staff
240574,Berry,Erdi,Engineer
240575,Mariangiola,Sabnani,Senior Engineer
240584,Arve,Lipner,Senior Staff
240586,Ottavia,Lieberherr,Staff
240587,Zorica,Akazan,Senior Staff
240589,Kish,Ritcey,Staff
240592,Duke,Kilgore,Senior Engineer
240594,Uta,Sommen,Senior Staff
240597,Unal,Rosay,Senior Staff
240604,Ennio,Varley,Engineer
240609,Taegyun,Serre,Senior Engineer
240616,Moie,Passino,Senior Staff
240624,Hein,Nitta,Senior Engineer
240629,Jamaludin,Ratnaker,Technique Leader
240631,Pranav,DuCasse,Senior Engineer
240635,Manibrata,Lanphier,Senior Staff
240637,Alselm,Pagter,Senior Staff
240639,Mountaz,Bratten,Senior Staff
240644,Aiichiro,Kusalik,Senior Engineer
240646,Nigel,DuCasse,Assistant Engineer
240648,Oksana,Lundstrom,Senior Staff
240661,Gao,Jiafu,Senior Staff
240663,Shalesh,Suppi,Technique Leader
240666,Kinh,Ventosa,Senior Staff
240669,Jeanna,Azulay,Senior Engineer
240674,Gor,Karnin,Staff
240675,Karoline,Uchoa,Senior Staff
240677,Mingzeng,Kavanagh,Staff
240678,Harjit,Perin,Senior Staff
240679,Toshimo,Jullig,Senior Engineer
240684,Masaki,Bain,Staff
240685,Subbu,Nastansky,Staff
240690,Jungsoon,Narahara,Technique Leader
240693,Hongzue,Ratnakar,Senior Engineer
240694,Cordelia,Panienski,Senior Engineer
240695,Weidon,Eickenmeyer,Senior Staff
240696,Boutros,Velardi,Senior Staff
240697,Rafail,Molenaar,Senior Engineer
240701,Xuedong,Goodrum,Senior Staff
240705,Sverrir,Vickson,Senior Staff
240706,Fumiyo,Pusterhofer,Engineer
240711,Kokou,Alpin,Senior Engineer
240712,Hideyuki,Fiutem,Senior Engineer
240714,Patricia,Shrader,Staff
240715,Lijie,Ghelli,Senior Staff
240721,Srinidhi,Kieras,Senior Engineer
240722,Mandell,Onuegbe,Senior Engineer
240724,Gift,Peternell,Senior Engineer
240726,Suzette,Fasbender,Senior Staff
240727,Visit,Bauknecht,Senior Engineer
240730,Chinhyun,Kropatsch,Engineer
240731,Zejun,Erdi,Senior Engineer
240735,Geoff,Ariola,Senior Engineer
240736,Hatsukazu,Bridgland,Senior Engineer
240740,Neven,Jording,Senior Engineer
240744,Yakkov,Ratnakar,Senior Staff
240748,Paddy,Strandh,Staff
240749,Serge,Christianini,Engineer
240750,Shrikanth,Bernatsky,Engineer
240751,Moie,Pintelas,Senior Engineer
240757,Shahid,Swiss,Engineer
240759,Sandeepan,Plavsic,Senior Engineer
240762,Baruch,Sudbeck,Senior Staff
240770,Gino,Erman,Senior Engineer
240773,Leah,Akazan,Senior Staff
240774,Kersti,Azevdeo,Staff
240779,Claudi,Morris,Senior Engineer
240787,Munenori,Farrel,Senior Engineer
240791,Heekeun,Ramsey,Engineer
240793,Boutros,Hennings,Senior Engineer
240795,Khun,Krohn,Technique Leader
240797,Harngdar,Hofmeyr,Senior Staff
240798,Arvin,Munawer,Senior Staff
240799,Rosalyn,Thiria,Engineer
240802,Angus,Scallan,Senior Engineer
240807,Shaw,Rindone,Engineer
240809,Mohd,Pehl,Staff
240811,Valdiodio,Eugenio,Technique Leader
240814,Filipp,Vieri,Senior Staff
240818,Apostol,Shokrollahi,Senior Staff
240819,Hyuncheol,Birge,Senior Staff
240821,Aluzio,Peternell,Senior Staff
240826,Weidon,Paludetto,Senior Staff
240830,Richard,Linnainmaa,Engineer
240834,Basil,Gelosh,Engineer
240835,TRUE,Billingsley,Engineer
240840,Supot,Dredge,Senior Engineer
240841,Muzhong,Hiltgen,Senior Engineer
240845,Harjit,Gihr,Engineer
240849,Dzung,Ariola,Senior Staff
240850,Gift,Azevdeo,Engineer
240852,Bedrich,Heyers,Senior Staff
240855,Hilari,Chaudhury,Senior Staff
240857,Karsten,Krzyzanowski,Senior Engineer
240860,Kwangho,Hooghiemstra,Staff
240862,Alejandra,Riefers,Senior Engineer
240869,Kirk,Hasham,Senior Staff
240871,Perry,Goldhammer,Technique Leader
240875,Oscal,Ozery,Engineer
240878,Atilio,Angot,Senior Staff
240880,Lubomir,Stroustrup,Engineer
240884,Reinhard,Rosaz,Technique Leader
240891,Emran,Otillio,Senior Engineer
240892,Charlene,Wiegley,Senior Staff
240898,Shaw,Ghalwash,Senior Staff
240910,Aleksandar,Hemaspaandra,Senior Engineer
240916,Moty,Rosar,Staff
240919,Niclas,Conia,Senior Staff
240920,Anyuan,Veeraraghavan,Technique Leader
240927,Adit,Alvarado,Senior Engineer
240928,Shahaf,Unni,Senior Staff
240932,Taizo,Gajiwala,Assistant Engineer
240934,Marsal,Roisin,Engineer
240936,Shahid,Tanemo,Senior Engineer
240939,Claudi,Casley,Staff
240941,Tianruo,Maginnis,Senior Engineer
240947,Arra,Azadmanesh,Engineer
240950,Demos,Kleiser,Senior Engineer
240951,Visit,Awdeh,Technique Leader
240960,Hongzhu,Murtha,Staff
240964,Marjo,Kusakabe,Senior Engineer
240965,Elvia,Ashish,Senior Engineer
240972,Eric,Kuzuoka,Senior Engineer
240973,Djenana,Luca,Senior Engineer
240974,Jeane,Negoita,Staff
240976,Sailaja,Luca,Assistant Engineer
240977,Roddy,Rikino,Staff
240980,Adam,Dratva,Senior Staff
240982,Toshimori,Kawashima,Engineer
240988,Weidon,Flasterstein,Senior Engineer
240995,Xiadong,Matheson,Senior Engineer
240996,Kristian,Zultner,Staff
241006,Ramzi,Hopewell,Senior Engineer
241007,Abdulla,Uhrik,Senior Staff
241008,Zhaofang,Pappas,Senior Engineer
241011,Fumiko,Scallan,Senior Engineer
241016,Shirish,Gimbel,Senior Staff
241018,Shugo,Skafidas,Engineer
241020,Jayesh,Gewali,Staff
241021,Guoxiang,Bernick,Senior Engineer
241023,Shuky,Kaiser,Engineer
241030,Khun,Siochi,Staff
241031,Kauko,Bain,Staff
241035,Heping,Marshall,Senior Engineer
241039,Nathalie,Sewelson,Senior Engineer
241040,Duri,Siegrist,Senior Staff
241041,Boguslaw,Czap,Senior Staff
241055,Zito,Litecky,Senior Engineer
241067,Shigeu,Binkley,Technique Leader
241071,Jovan,Tetzlaff,Senior Staff
241076,Debaprosad,Chinin,Senior Engineer
241078,Sailaja,Reutenauer,Senior Staff
241085,Aleksander,Muhling,Senior Engineer
241086,Sachem,Rebaine,Staff
241087,Arun,Bael,Staff
241092,Doowon,Seuren,Senior Engineer
241093,Ulises,Menyhert,Senior Staff
241099,Richara,Serov,Senior Staff
241107,Moss,Lichtman,Senior Engineer
241109,Qiwen,Unno,Engineer
241116,Ennio,Erbe,Senior Engineer
241123,Tomoyuki,Jonsson,Staff
241126,Masamitsu,Francisci,Assistant Engineer
241128,Nadjib,Kalefeld,Staff
241130,Yucel,Nyanchama,Senior Staff
241135,Heping,Krupka,Senior Staff
241138,Badri,Schmittgen,Senior Staff
241139,Dipayan,Guerreiro,Engineer
241142,Zsolt,Lorys,Engineer
241145,Kwee,Sundgren,Senior Staff
241146,Kristine,Roison,Staff
241149,Moti,Bail,Senior Engineer
241150,Bogdan,Linares,Senior Staff
241153,Maris,Kalloufi,Senior Engineer
241155,Ute,Shumilov,Senior Engineer
241161,Caolyn,Quadeer,Engineer
241167,Yuchang,Kamber,Staff
241169,Parke,Aloia,Senior Engineer
241171,JoAnne,Khalid,Engineer
241182,Toshimi,Peral,Senior Staff
241189,Aksel,Brookner,Engineer
241196,Maria,Nannarelli,Engineer
241204,Fumitake,Dehkordi,Senior Engineer
241208,Fuqing,Schapire,Senior Staff
241209,Xuejun,Rotem,Senior Engineer
241213,Kazuhito,Fritzsche,Senior Staff
241215,Shin,Paciorek,Staff
241216,Sreenivas,Conta,Senior Staff
241218,Masami,Munck,Senior Staff
241221,Kristina,Krupka,Staff
241223,Yoshimitsu,Hiyoshi,Senior Engineer
241226,Percy,Heuser,Senior Staff
241242,Fai,Alencar,Staff
241252,Cristinel,Irland,Staff
241253,Shigeichiro,Schapiro,Technique Leader
241258,Shai,Zwicker,Senior Engineer
241260,Kellie,Heinisuo,Senior Engineer
241264,Rimli,Constantine,Engineer
241266,Heping,Sommer,Senior Staff
241274,Fay,Dalphin,Technique Leader
241275,Menkae,Lichtman,Staff
241279,Debaprosad,Straney,Senior Engineer
241283,Mona,DiGiano,Staff
241301,Masato,Perin,Senior Engineer
241303,Jamaludin,Bratsberg,Senior Staff
241306,Sanjiv,Danley,Senior Engineer
241309,Gal,Greibach,Staff
241310,Huiqun,Seghrouchni,Staff
241311,Jovan,Auria,Senior Engineer
241313,Luerbio,Sifakis,Senior Staff
241318,Khosrow,Kilgour,Senior Engineer
241319,Licheng,Brattka,Senior Engineer
241320,Sreekrishna,Rosch,Engineer
241321,Shir,Heping,Senior Engineer
241327,Bogdan,Gist,Staff
241328,Murthy,Shinomoto,Engineer
241330,Takahira,Mitina,Senior Engineer
241334,Siamak,Morrin,Engineer
241352,Mamdouh,Gopalakrishnan,Senior Staff
241353,Randi,Jakobus,Assistant Engineer
241354,Kousuke,Pauthner,Senior Staff
241355,Zhilian,Thorelli,Senior Staff
241360,Behnaam,Kopetz,Senior Engineer
241363,Gurbir,Slutz,Senior Staff
241365,Yechezkel,Docker,Senior Staff
241368,Larisa,Vidya,Senior Staff
241375,Nishit,Kropf,Senior Engineer
241377,Alper,Kroll,Staff
241379,Takanari,Miyakawa,Staff
241380,Josyula,Pezzoli,Senior Engineer
241387,Kolar,Orlowska,Engineer
241389,Yishay,Sommen,Senior Engineer
241399,Zhaofang,Przulj,Senior Staff
241408,Girolamo,Matzat,Senior Staff
241410,Feipei,Reeken,Senior Engineer
241411,Subhada,Salvesen,Staff
241413,Pramod,Parveen,Engineer
241419,Insup,Solares,Senior Engineer
241424,Duro,Zastre,Staff
241427,Fei,Msuda,Senior Engineer
241433,Arif,Ponthieu,Engineer
241443,Mitsuyuki,Denos,Senior Engineer
241446,Niranjan,Covnot,Engineer
241447,Genta,Cangellaris,Senior Staff
241448,Arvind,Penttonen,Engineer
241454,Djenana,Azevdeo,Staff
241456,Renny,Pelc,Senior Engineer
241458,Bedir,Salvesen,Senior Engineer
241463,Tadahiko,Fritzsche,Technique Leader
241469,Olivera,Rabejac,Engineer
241470,Sangeeta,Journel,Staff
241472,Jianhao,Slobodova,Technique Leader
241476,Jinxi,Itzfeldt,Staff
241479,Sungwon,Yavatkar,Technique Leader
241480,Xinan,Velardi,Engineer
241481,Muzhong,Dahlbom,Senior Engineer
241482,Khaled,Spelt,Staff
241484,Aamer,Chenoweth,Senior Engineer
241485,Yaghout,Ramsak,Engineer
241486,Aron,Gihr,Assistant Engineer
241492,Miomir,Atchley,Engineer
241493,Haldon,Chenney,Engineer
241496,Bluma,Stanger,Senior Engineer
241501,Yakkov,Rosch,Senior Staff
241502,Mitchel,Hainaut,Assistant Engineer
241509,Yucel,Kamble,Senior Engineer
241512,Mingzeng,Comellas,Senior Engineer
241514,Arve,Arlazarov,Senior Engineer
241515,Gilbert,Heyers,Senior Engineer
241518,Janche,Rijckaert,Senior Engineer
241519,Edwin,Ullian,Technique Leader
241523,Naftaly,Pleszkun,Senior Engineer
241525,Yechezkel,Journel,Senior Engineer
241532,Genevieve,Zambonelli,Engineer
241535,Zhiguo,Perl,Senior Engineer
241537,Idoia,Zielinski,Staff
241546,Yoshinari,Yeung,Senior Engineer
241548,Evgueni,Crouzet,Senior Engineer
241553,Nathan,Gurbaxani,Senior Staff
241558,Sadok,Hedayat,Senior Engineer
241563,Shigehito,Linares,Engineer
241564,Shaunak,Pouyioutas,Senior Engineer
241570,Tiina,Erde,Senior Staff
241572,Uta,Taubenfeld,Senior Engineer
241573,Shuji,Litzler,Senior Engineer
241577,Gao,Wendorf,Senior Staff
241580,Ortrun,Motley,Senior Engineer
241582,Harngdar,Maierhofer,Technique Leader
241585,Guenter,Loncour,Staff
241589,Rutger,Silva,Senior Staff
241590,Mona,Burnard,Senior Engineer
241591,Aran,Bain,Senior Staff
241592,Djenana,Loncour,Senior Staff
241595,Oddvar,Muhling,Senior Staff
241597,Thodoros,Spieker,Senior Engineer
241598,Martijn,Feldmann,Senior Engineer
241601,Felicidad,Rosen,Senior Engineer
241605,Menkae,Nilsson,Senior Engineer
241607,Luerbio,Shanbhogue,Senior Engineer
241611,TRUE,Suppi,Senior Staff
241617,Moriyoshi,Hoogerwoord,Staff
241622,Mara,Grospietsch,Staff
241623,Fumitaka,Knightly,Senior Staff
241627,Remco,Plump,Senior Engineer
241629,Vugranam,Nyanchama,Staff
241632,Sadun,Merel,Senior Staff
241636,Pascal,Farrel,Senior Engineer
241637,DAIDA,Trumbly,Engineer
241639,Kankanahalli,Stafford,Engineer
241640,Sailaja,Schiper,Staff
241649,Aram,Francisci,Engineer
241654,Juyoung,Hegner,Engineer
241660,Marla,Boissier,Senior Engineer
241665,Dinah,Businaro,Senior Engineer
241666,Mechthild,Tibblin,Senior Engineer
241668,Bouchung,Eldridge,Engineer
241669,Yuriy,Avouris,Engineer
241670,Valter,Kopetz,Technique Leader
241672,Augustine,Schlegelmilch,Senior Staff
241677,Lansing,Denti,Engineer
241680,Gay,Samarati,Engineer
241684,Morrie,Speek,Staff
241687,Lakshmi,Stafford,Senior Engineer
241689,Tristan,Borovoy,Senior Engineer
241690,Atreyi,Lemarechal,Engineer
241692,Gou,Lowrie,Staff
241713,Takahiro,Kropf,Senior Engineer
241716,Paris,Chiodo,Senior Engineer
241717,Radhakrishnan,Siochi,Engineer
241720,Raimond,Vecchio,Engineer
241721,Toshiko,Chinal,Technique Leader
241722,Lucien,Chimia,Senior Staff
241726,Xuejun,Baak,Engineer
241733,Koldo,Eastman,Staff
241734,Vidya,Serna,Staff
241737,Aria,Gente,Senior Engineer
241739,Rosella,Veevers,Senior Engineer
241742,Kristine,Budinsky,Staff
241746,Franziska,Bugrara,Technique Leader
241750,Shih,Grabner,Senior Engineer
241753,Manohar,Setlzner,Engineer
241762,Toney,Tiemann,Senior Engineer
241766,LiMin,Syrzycki,Staff
241769,Gennadi,Dymetman,Senior Staff
241776,Yonghong,Burnard,Senior Engineer
241779,Aleksandar,Masand,Senior Staff
241783,Dharmaraja,Sinicrope,Senior Engineer
241784,Francesca,Lamparter,Senior Staff
241786,Shaibal,Khamsi,Senior Engineer
241787,Younwoo,Cheshire,Staff
241788,Val,Shimshoni,Technique Leader
241790,Kellyn,Nyrup,Senior Engineer
241791,Serif,Lanphier,Staff
241793,Chandrasekaran,Zockler,Senior Staff
241796,Satosi,Simmel,Technique Leader
241800,Margareta,Kavanagh,Senior Engineer
241811,Arunachalam,Brickell,Staff
241812,Jeanne,Pena,Engineer
241813,Ravishankar,Veccia,Engineer
241814,Danai,Perfilyeva,Staff
241815,Alagu,Terlouw,Engineer
241821,Arra,Heyers,Senior Staff
241827,Honglan,Anandan,Technique Leader
241828,Jessie,Champarnaud,Senior Staff
241829,Bouchung,Mitsuhashi,Senior Staff
241837,Berni,Jansch,Senior Staff
241838,Mahmut,Guardalben,Senior Staff
241842,Kokou,Staudhammer,Senior Staff
241844,Lubomir,Monarch,Senior Staff
241849,Udi,Gente,Engineer
241851,Domenico,Marzano,Senior Staff
241853,Ulf,Wolniewicz,Staff
241854,Guther,Mandell,Senior Staff
241855,Nechama,Undy,Senior Engineer
241859,Gretta,Emden,Senior Staff
241864,Taizo,Kandlur,Senior Engineer
241866,Zhongwei,Crabtree,Senior Staff
241867,Shaz,Narlikar,Senior Engineer
241880,Moty,Erev,Senior Staff
241881,Subhankar,Frolund,Senior Engineer
241883,Tzvetan,Miake,Senior Engineer
241887,Sushant,Sewelson,Engineer
241890,Morris,Raczkowsky,Senior Staff
241892,Katsuyuki,Majewski,Senior Staff
241895,Cullen,Clemencon,Assistant Engineer
241897,Patricio,Zongker,Senior Staff
241899,Toshimi,Peak,Engineer
241900,Lokesh,Trelles,Senior Staff
241902,Hisao,Pintelas,Senior Engineer
241903,Gretta,Llado,Staff
241909,Rimli,Bennet,Staff
241925,Kish,Shackell,Senior Staff
241926,Matk,Debuse,Senior Staff
241928,Valery,Norsworthy,Senior Engineer
241930,Chaoyi,Highland,Senior Engineer
241937,Shai,Dymetman,Engineer
241940,Carrsten,Schoegge,Senior Staff
241942,Jackson,Ratnaker,Technique Leader
241943,Alain,Msuda,Senior Staff
241944,Nidapan,Parascandalo,Senior Engineer
241949,Pranay,Denti,Senior Engineer
241950,Ennio,Solares,Staff
241953,Miquel,Plesums,Senior Engineer
241955,Evgueni,Vakili,Technique Leader
241965,Aimee,Kornatzky,Senior Staff
241969,Susuma,Kriebel,Senior Staff
241973,Stevo,Ozeki,Senior Staff
241978,Giao,Rosca,Senior Engineer
241980,Hugo,Liedekerke,Engineer
241982,Inderjeet,Toyoshima,Senior Staff
241983,Shem,Parveen,Engineer
241984,Boaz,Callaway,Senior Engineer
241985,Baziley,Muniz,Senior Engineer
241990,Ottavia,Bultermann,Senior Engineer
241994,Licheng,Flowers,Senior Engineer
241996,Masasuke,Pargaonkar,Engineer
242001,Zejun,Kinley,Senior Engineer
242002,Thanasis,Blokdijk,Senior Staff
242005,Emdad,Pettey,Senior Staff
242008,Geoffrey,Suri,Senior Staff
242011,Subhash,Mahnke,Senior Engineer
242013,Mani,Baig,Senior Staff
242014,Conor,Wilharm,Senior Engineer
242021,JoAnna,Perfilyeva,Engineer
242028,Chiranjit,Anily,Senior Staff
242029,Guoxiang,Rubsam,Senior Engineer
242030,Constantine,Wrigley,Senior Staff
242036,Aiichiro,Ghemri,Engineer
242037,Izaskun,Yemenis,Senior Staff
242040,Isamu,Kolinko,Senior Engineer
242042,Moty,Kilgore,Senior Staff
242049,Christophe,Bojadziev,Senior Engineer
242054,Renee,Schwartzburd,Engineer
242055,Arco,Zaiane,Senior Engineer
242058,Shaowen,Morrey,Senior Staff
242068,Masadi,Solovay,Senior Staff
242069,Angus,Perz,Senior Staff
242071,Youpyo,Denti,Senior Staff
242072,Suzette,Thiran,Senior Staff
242077,Saniya,Schicker,Senior Staff
242078,Zhongwei,Streng,Senior Staff
242079,Sudhanshu,Uchoa,Senior Staff
242086,Jiang,Rousseau,Staff
242089,Chrisa,Highland,Senior Engineer
242091,Odysseas,Portugali,Staff
242096,Tadahiko,Perng,Senior Engineer
242097,Zhongwei,Whitcomb,Senior Staff
242098,Mooi,Gecsei,Senior Engineer
242100,Marsha,Dymetman,Engineer
242111,Sudhanshu,Berztiss,Assistant Engineer
242114,Angus,Orlowska,Senior Staff
242116,Isaac,Bennis,Senior Engineer
242121,Lene,Luders,Senior Staff
242122,Oscar,Vecchi,Senior Engineer
242123,Fan,Talmon,Senior Staff
242130,Susanne,Casley,Senior Staff
242132,Serge,Liesche,Senior Staff
242137,Gonzalo,Hainaut,Senior Staff
242144,Juyoung,Kampfer,Senior Engineer
242149,Masaki,Peak,Staff
242151,Sandeepan,Junet,Senior Engineer
242152,Pranay,Hofmeyr,Senior Staff
242154,Giao,Porenta,Senior Staff
242162,Yinghua,Bodoff,Senior Staff
242171,Claudi,Yurov,Engineer
242173,Wayne,McConalogue,Senior Staff
242181,Mototsugu,Pagter,Staff
242182,George,Akaboshi,Senior Staff
242185,Kazuhito,Aamodt,Engineer
242193,Hailing,Validov,Engineer
242197,Marla,Hennings,Senior Engineer
242198,Maria,Baik,Senior Staff
242199,Bernd,Vecchio,Technique Leader
242200,Nimmagadda,Zumaque,Senior Staff
242207,Kazuhiko,Waymire,Engineer
242212,Akhilish,Jenevein,Senior Engineer
242213,Susanta,Mikschl,Staff
242214,Cullen,Krupka,Senior Engineer
242224,Hatsukazu,Stroustrup,Engineer
242227,Jouni,Dahlbom,Senior Staff
242231,Lansing,Biron,Senior Engineer
242242,Froduald,Meriste,Staff
242247,Joydip,Gaughan,Engineer
242248,Nishit,Garnick,Senior Staff
242250,Yoshinari,Ishibashi,Senior Engineer
242252,Panayotis,Markovitch,Engineer
242256,Surveyors,Nourani,Staff
242262,Ziva,Przulj,Senior Engineer
242275,Toshiki,Haldar,Engineer
242276,Marke,Uhrik,Engineer
242280,Irene,Benzmuller,Senior Staff
242282,Billie,Gurbaxani,Senior Staff
242285,Taiji,Comyn,Engineer
242288,Rayond,Burnard,Senior Engineer
242289,Sakthirel,Wixon,Senior Engineer
242291,Vidar,Pietracaprina,Senior Engineer
242296,Sanjay,Passino,Staff
242304,Shuji,Jenevein,Senior Engineer
242305,Gro,Merle,Senior Staff
242307,Dekang,Chachaty,Senior Staff
242317,Arif,Sudkamp,Senior Engineer
242321,DAIDA,Reeker,Senior Engineer
242324,Masami,Kroha,Senior Staff
242327,Zito,Pollacia,Senior Staff
242333,Gaetan,Dolinsky,Senior Engineer
242334,Renny,Kadhim,Senior Staff
242335,Eishiro,Mandelberg,Technique Leader
242339,Peer,Hofman,Senior Staff
242342,Marsha,Pargaonkar,Technique Leader
242344,Sugwoo,Simmen,Senior Staff
242345,Amalendu,Magalhaes,Engineer
242347,Teunis,Heystek,Senior Staff
242348,Falguni,Puoti,Senior Engineer
242356,Howell,Neiman,Engineer
242367,Larisa,Papastamatiou,Senior Staff
242373,Christoper,Weisert,Senior Staff
242381,Garnik,Kolvik,Engineer
242390,Sahrah,Delgrossi,Senior Engineer
242391,Reuven,Auria,Senior Staff
242392,Ranga,Awdeh,Staff
242395,Visit,Solovay,Senior Engineer
242396,Bernice,Sichman,Senior Engineer
242397,Rosine,Heystek,Senior Engineer
242398,Djelloul,Levergood,Senior Engineer
242400,Jongsuk,Rosaz,Senior Engineer
242403,Toshimi,Sigstam,Senior Engineer
242404,Kwee,Zumaque,Senior Engineer
242407,Mihalis,Stasinski,Engineer
242409,Mack,Ranft,Senior Staff
242410,Zhigen,Trumbly,Staff
242414,Urs,Nicolson,Senior Engineer
242424,Ingmar,Desikan,Engineer
242428,Uri,Valtorta,Senior Engineer
242429,Almudena,Egerstedt,Senior Engineer
242433,Marek,Alpay,Senior Engineer
242436,Steen,Impagliazzo,Technique Leader
242440,Pranay,Lamma,Senior Staff
242444,Isaac,Speer,Senior Staff
242447,Pranjal,Thorensen,Senior Staff
242451,Jiann,Bondorf,Senior Engineer
242453,Bilhanan,Motley,Staff
242459,Jaber,Kriebel,Engineer
242461,Sham,Gente,Senior Staff
242468,Sajjad,Fioravanti,Staff
242470,Tse,Constantine,Engineer
242471,Hidekazu,Linares,Staff
242473,Tse,Kamber,Engineer
242474,Aluzio,Zaiane,Engineer
242480,Ennio,Schieder,Engineer
242485,Martien,Brizzi,Senior Engineer
242488,Tsz,Hedayat,Senior Engineer
242494,Nevio,Alpin,Senior Staff
242495,Demos,Yamaashi,Senior Engineer
242499,Kendra,Denis,Engineer
242501,Huei,Zallocco,Senior Staff
242508,Matt,Rahier,Senior Engineer
242509,Rosalyn,Hebden,Staff
242514,Pranav,Rousseau,Engineer
242515,Sumali,Serot,Senior Engineer
242520,Moheb,Rubsam,Engineer
242521,Bogdan,Lindenbaum,Senior Staff
242523,Behnaam,Rande,Staff
242524,Giordano,Gunderson,Assistant Engineer
242528,Lansing,Cannata,Senior Engineer
242531,Sergi,Czaja,Senior Engineer
242535,Nagui,Levasseur,Engineer
242536,Fusako,Janetzko,Engineer
242543,Jamaludin,Zweizig,Senior Staff
242546,Chuanyi,Kakkar,Senior Staff
242551,Sugwoo,DuCasse,Engineer
242554,Sadegh,Masamoto,Senior Staff
242561,Shen,Compeau,Technique Leader
242562,Kensei,Heyers,Senior Staff
242567,Khue,Schmezko,Technique Leader
242569,Tristan,Chandrasekhar,Senior Engineer
242571,Arch,Fendler,Staff
242572,Jongsuk,Danlos,Senior Staff
242574,Constantine,Bellmore,Engineer
242575,Fumiko,Brickell,Senior Engineer
242577,Vasilii,Crooks,Senior Engineer
242583,Marc,Menhardt,Staff
242585,Kwangho,Cyre,Senior Engineer
242586,Xinglin,Gulik,Senior Staff
242591,Yishai,Vandervoorde,Senior Engineer
242596,Ziyad,Matzen,Staff
242598,Waiman,Nastansky,Senior Engineer
242601,Adhemar,Kumaresan,Senior Engineer
242603,Pasqua,Brender,Senior Engineer
242607,Fumiya,Ossenbruggen,Senior Staff
242610,Shiv,Uhrik,Senior Staff
242614,Arie,Fandrianto,Senior Staff
242617,Yuriy,Validov,Senior Staff
242626,Weijing,Schapire,Engineer
242630,Shunichi,Keohane,Senior Staff
242633,Sedat,Muntz,Assistant Engineer
242635,Berto,Walstra,Staff
242638,Kolar,Simkin,Senior Staff
242644,Lijie,Hainaut,Senior Engineer
242646,Shin,Ramaiah,Senior Engineer
242653,Yucel,Chelton,Senior Engineer
242655,Tadahiko,Gunderson,Technique Leader
242660,Marsal,Nyanchama,Senior Staff
242667,Toshimo,Rajala,Senior Engineer
242668,Shay,Rodite,Senior Engineer
242669,Armond,Oxenboll,Senior Engineer
242670,Augustine,Chinal,Senior Staff
242674,Eric,Ibel,Engineer
242678,Tokuyasu,Beausoleil,Senior Engineer
242682,Paddy,Birch,Senior Staff
242686,Mart,Koblitz,Senior Staff
242691,Goh,Farris,Senior Engineer
242692,Sukumar,Sankaranarayanan,Staff
242693,Debatosh,Besselaar,Senior Staff
242695,Shen,Chenoweth,Technique Leader
242697,Shuho,Kohling,Staff
242698,Florian,Hofstetter,Engineer
242709,Oguz,Kranzdorf,Senior Staff
242712,Nevio,Zeleznik,Engineer
242713,Lucien,Zhiwei,Senior Engineer
242717,Mori,Nanard,Senior Engineer
242722,Lijia,Larfeldt,Senior Staff
242724,Inderjeet,Stamatiou,Senior Engineer
242728,Hatim,Thambidurai,Engineer
242731,Arun,Erdmenger,Senior Staff
242736,Chikara,Masada,Staff
242742,Otilia,Waterhouse,Technique Leader
242746,Gino,Azumi,Senior Engineer
242748,Bernt,Coullard,Staff
242749,Tetsurou,Chandrasekhar,Senior Engineer
242750,Sasan,Auyong,Senior Engineer
242751,Remko,Sankaranarayanan,Senior Staff
242756,Gila,Luck,Senior Engineer
242771,Kwangjo,Chinin,Engineer
242779,Mona,Whitcomb,Senior Engineer
242781,Aris,Jarecki,Senior Staff
242782,Menkae,Uhrik,Engineer
242783,Yefim,Peroz,Staff
242784,Aloys,Wallrath,Technique Leader
242785,Boalin,Gulak,Senior Staff
242789,Hitomi,Nitsch,Technique Leader
242793,Ekawit,Rosca,Senior Engineer
242795,Tetsurou,Bouloucos,Senior Engineer
242796,Shir,Pusterhofer,Engineer
242799,Kenton,Uehara,Engineer
242802,Heng,Shobatake,Senior Staff
242806,Conal,Motley,Senior Engineer
242808,Bodo,Melter,Senior Staff
242809,Jagoda,Schiper,Senior Engineer
242816,Shuky,Lieblein,Engineer
242818,Malu,Murtagh,Engineer
242819,Xuejia,Lukaszewicz,Engineer
242821,Vojin,Baby,Senior Staff
242823,Florian,Pesch,Senior Staff
242826,Turgut,Danner,Senior Engineer
242831,Chriss,Cannata,Senior Engineer
242833,Heeju,Engberts,Senior Engineer
242834,Sanjoy,Tetzlaff,Engineer
242837,Eric,Hiraishi,Senior Engineer
242838,Kellyn,Alencar,Senior Engineer
242839,Sakthirel,Stentiford,Staff
242844,Jasminko,Terlouw,Senior Engineer
242845,Van,Goldhammer,Senior Engineer
242846,Susanna,Raoux,Senior Engineer
242847,Cathie,Takanami,Staff
242850,Hyuckchul,Ouhyoung,Senior Engineer
242851,Reinhold,Schmittgen,Engineer
242860,Chenxi,Engberts,Staff
242861,Goh,Alpay,Staff
242862,Mario,Leonhardt,Senior Staff
242863,Debaprosad,Otillio,Senior Staff
242864,Masaki,Keohane,Senior Staff
242869,Howell,Marsiglia,Technique Leader
242870,Kazuhisa,Thiria,Senior Engineer
242871,Rosalie,Perl,Senior Engineer
242879,Khalil,Khalid,Senior Engineer
242881,Siamak,Garnier,Staff
242882,Malu,Peir,Senior Engineer
242885,Billur,Mondadori,Staff
242886,Guadalupe,Nitsch,Senior Engineer
242887,Ewing,Plump,Senior Engineer
242891,Debaprosad,Ramalingam,Senior Engineer
242895,Khoa,Pillow,Engineer
242901,Ortrun,Atchley,Senior Staff
242903,Dung,Genther,Senior Staff
242907,Bouchung,Eppinger,Senior Engineer
242910,Christophe,Parfitt,Senior Staff
242912,Denis,Seghrouchni,Senior Engineer
242918,Edwin,Fontet,Senior Staff
242920,Tuval,Anandan,Senior Engineer
242927,Manibrata,Msuda,Senior Staff
242934,Gurbir,Facello,Senior Staff
242940,Hinrich,Vieth,Senior Engineer
242944,Leucio,Heinisuo,Senior Engineer
242949,Surveyors,Perelgut,Senior Engineer
242956,Randy,Ramsey,Senior Engineer
242957,Danae,Antonakopoulos,Senior Engineer
242963,Yuguang,Jenevein,Staff
242967,Susuma,Escriba,Senior Staff
242970,Serenella,Emden,Senior Staff
242973,Parviz,Basagni,Senior Engineer
242975,Shahaf,Maquelin,Staff
242977,Lalit,Brobst,Engineer
242978,Teunis,Unno,Senior Staff
242990,Sachar,Journel,Staff
242993,Billur,Lorch,Senior Engineer
243000,Shao,Demian,Senior Staff
243001,Qunsheng,Porotnikoff,Engineer
243005,Leszek,Moffat,Senior Engineer
243013,Yuqun,Peron,Senior Engineer
243014,Gaurav,Codenie,Senior Engineer
243024,Girolamo,Sherertz,Senior Staff
243027,Subhash,Pluym,Staff
243032,Leandro,Bage,Senior Engineer
243036,Idoia,Lundstrom,Senior Staff
243043,Dayanand,Senzako,Senior Staff
243052,Aamod,Hennings,Staff
243054,Georgy,Felder,Senior Staff
243056,Hatim,Steinauer,Senior Staff
243057,Bodo,Atrawala,Senior Staff
243058,Kensyu,Masada,Assistant Engineer
243062,Peternela,Ashish,Senior Staff
243068,Babette,Champarnaud,Senior Staff
243070,Constantine,Bahk,Senior Staff
243074,Teunis,Rousseau,Staff
243080,Hidefumi,Erman,Staff
243082,Shaw,Gewali,Technique Leader
243084,Lech,Pavlopoulou,Senior Staff
243086,Rosalie,Kumaresan,Senior Staff
243089,Jixiang,Peak,Senior Staff
243091,Kristian,Bonifati,Senior Engineer
243095,Irene,Ullian,Senior Staff
243096,Shai,Besancenot,Senior Engineer
243099,Mansur,Barvinok,Senior Engineer
243103,Gao,Coney,Senior Engineer
243105,Seongbae,Hegner,Engineer
243109,Nagui,Barvinok,Senior Engineer
243110,Kellyn,Rohrbach,Engineer
243113,Arno,Dayana,Technique Leader
243114,Gererd,Kemmerer,Senior Engineer
243116,Masaru,Perna,Senior Staff
243128,Zhonghua,Papadias,Assistant Engineer
243131,Paris,Detkin,Senior Staff
243138,Marie,Ghemri,Staff
243141,Kshitij,Birnbaum,Senior Engineer
243147,Jeanna,Goodrum,Senior Staff
243148,Marit,Poupard,Technique Leader
243152,Tomokazu,Edelhoff,Engineer
243154,Maia,Marrakchi,Technique Leader
243155,Seshu,Denny,Staff
243156,Spyrose,Lalonde,Senior Engineer
243157,Eric,Gurbaxani,Senior Staff
243160,Sanjay,Baranowski,Technique Leader
243161,Jingling,Picco,Senior Staff
243167,Flemming,Cusworth,Senior Engineer
243169,Tetsushi,Seuren,Staff
243170,Shichao,Ginneken,Senior Engineer
243174,Laurentiu,Iivonen,Senior Engineer
243177,Tokuyasu,Ratnaker,Engineer
243178,Kaijung,Bazelow,Senior Engineer
243180,Gen,Terkki,Senior Engineer
243183,Alselm,Fiutem,Staff
243184,Hilari,Zongker,Senior Staff
243187,Eckart,Melter,Senior Engineer
243189,Goh,Rebaine,Senior Staff
243191,Georg,Piazza,Technique Leader
243192,Takushi,Zschoche,Staff
243199,Remco,Panangaden,Technique Leader
243202,Kitty,Panienski,Engineer
243207,Luisa,Sabnani,Senior Staff
243208,Sachin,Biros,Senior Staff
243209,Hausi,Kusakari,Engineer
243210,Raimond,Lieberherr,Senior Engineer
243212,Flemming,Highland,Staff
243213,Malu,Kusakabe,Senior Staff
243214,Stevo,Bazelow,Senior Engineer
243215,Yakichi,Bain,Senior Staff
243225,Yakichi,Luby,Senior Staff
243230,Adel,Pezzoli,Staff
243231,Seshu,Pargaonkar,Staff
243237,Krister,Puppo,Staff
243240,Bilhanan,Pietrzykowski,Staff
243244,Sarita,Mitzlaff,Senior Engineer
243252,Anoosh,Perin,Engineer
243255,Ghassan,Rosca,Staff
243258,Lijie,Benaini,Senior Engineer
243260,Wonhee,Delgrossi,Senior Engineer
243261,Hiroyasu,Bisiani,Senior Staff
243270,Zongyan,Ruemmler,Senior Staff
243271,Huei,Junet,Assistant Engineer
243274,Chaosheng,Menhoudj,Senior Engineer
243277,Ioana,Kieras,Senior Staff
243278,Franziska,Gerlach,Senior Staff
243279,Clyde,Kaelbling,Senior Staff
243280,Frazer,Perng,Staff
243281,Make,Bodoff,Engineer
243288,Randi,Chiola,Senior Staff
243293,Sanjit,Zhiwei,Technique Leader
243306,Sailaja,Randt,Senior Staff
243307,Nathan,Narlikar,Senior Staff
243308,Tianruo,Demri,Senior Engineer
243309,Hitofumi,Maquelin,Technique Leader
243311,Mikhail,Dengi,Senior Staff
243312,Sastry,Borstler,Engineer
243314,Zhanqiu,Bojadziev,Senior Engineer
243316,Brendon,Talmon,Senior Staff
243317,Zvonko,Parfitt,Engineer
243318,Sachem,Perfilyeva,Senior Staff
243322,Amabile,Wissmann,Staff
243328,Mary,Yoshizawa,Senior Engineer
243329,Arco,Sluis,Senior Engineer
243332,Fen,Bahr,Senior Staff
243335,Yolla,Flasterstein,Senior Staff
243337,Aloys,Speek,Senior Engineer
243340,Waiman,Covnot,Senior Staff
243343,Gao,Kalloufi,Senior Engineer
243346,Collette,Bade,Engineer
243347,Yucai,Versino,Senior Engineer
243349,Kamakshi,Milicic,Engineer
243353,Tzu,Ratnakar,Engineer
243362,Fatemeh,Sifakis,Senior Engineer
243368,Fuqing,Danecki,Staff
243373,Anneke,Cappelletti,Staff
243378,Nirmal,Matzel,Senior Staff
243381,Parke,Brender,Senior Engineer
243385,Yaghout,Schmittgen,Technique Leader
243387,Fusako,Flasterstein,Engineer
243393,Weiru,Picel,Senior Staff
243402,Jaewoo,Fujisawa,Engineer
243404,Boaz,Heiserman,Senior Staff
243406,Ziva,Pettit,Senior Engineer
243407,Yinghua,Brookner,Senior Engineer
243415,Ferdinand,Fargier,Staff
243420,Jaewoo,Radwan,Engineer
243424,Ebbe,Brodal,Senior Staff
243427,Gal,Salvesen,Engineer
243430,Maia,Stifter,Senior Staff
243432,Dulce,Henders,Senior Staff
243433,Mart,Takanami,Senior Engineer
243434,Douadi,Journel,Technique Leader
243435,Moriyoshi,Akiyama,Senior Staff
243445,Filipe,Menhardt,Engineer
243452,Kien,Bodoff,Technique Leader
243454,Jungsoon,Giveon,Senior Staff
243456,Sibyl,Kadhim,Senior Engineer
243458,Leni,Zykh,Senior Staff
243459,Marek,Detkin,Engineer
243463,Marsha,Shanbhogue,Senior Engineer
243464,Dipayan,Frolund,Senior Staff
243465,Mayumi,Hutton,Senior Staff
243469,Serap,Marakhovsky,Senior Engineer
243470,Paloma,Tyugu,Senior Staff
243471,Sajjad,Mitzlaff,Staff
243473,Ebbe,Heemskerk,Senior Engineer
243478,Ekawit,DasSarma,Senior Staff
243479,Elgin,Vakili,Senior Engineer
243483,Holgard,Noriega,Senior Engineer
243486,Sarita,Pokrovskii,Engineer
243487,Ottavia,Makinen,Senior Staff
243494,Dannz,Bernatsky,Senior Staff
243497,Bowen,Androutsos,Senior Engineer
243498,Jinxi,Mansanne,Senior Engineer
243499,Mototsugu,Schnabel,Staff
243501,Pragnesh,Garigliano,Staff
243503,Leni,Malabarba,Senior Engineer
243508,Dhritiman,Sinitsyn,Senior Staff
243510,Paraskevi,Detkin,Senior Engineer
243514,Subhankar,Braunschweig,Staff
243515,Shahar,Wissmann,Staff
243516,Ohad,Siochi,Senior Engineer
243519,Yannis,Itschner,Senior Staff
243520,Werner,Collette,Technique Leader
243534,Mostafa,Gecsei,Engineer
243535,Chinhyun,Chorvat,Senior Engineer
243537,Jingling,Pardalos,Senior Staff
243538,Arvin,Champarnaud,Senior Engineer
243540,Kish,Larfeldt,Senior Staff
243543,Mats,Peron,Engineer
243549,Jayson,Hatcliff,Staff
243554,Premsyl,Jakobus,Senior Staff
243556,Arunas,Ferretti,Senior Engineer
243559,Suvo,Merks,Senior Engineer
243561,Sergi,Sichman,Senior Engineer
243563,Gregory,Huttel,Senior Engineer
243564,Aran,Schiper,Senior Engineer
243565,Nigel,Veeraraghavan,Engineer
243569,Mitchel,Ravishankar,Senior Engineer
243570,Oldrich,Babu,Staff
243571,Zeljko,Kulisch,Senior Engineer
243573,Mari,Pfau,Senior Engineer
243574,Premal,Covnot,Senior Engineer
243578,Ymte,Klassen,Senior Engineer
243582,Sungwon,Luks,Senior Engineer
243583,Ottavia,Flasterstein,Assistant Engineer
243584,Chikako,Leivant,Senior Engineer
243589,Rasiah,Walstra,Senior Engineer
243592,Radhia,Frolund,Senior Staff
243593,Siamak,Pehl,Senior Engineer
243595,Yonghong,Strooper,Staff
243602,Wayne,Lindqvist,Staff
243606,Shuzo,Savasere,Technique Leader
243608,Rajmohan,Porotnikoff,Senior Engineer
243611,Vivian,Schlegelmilch,Senior Staff
243613,Gudjon,Parveen,Senior Staff
243614,Pradeep,Rettelbach,Engineer
243625,Luerbio,Dalton,Engineer
243630,Irene,Ligten,Senior Staff
243631,Elrique,Thibadeau,Senior Staff
243633,Krister,Tanemo,Engineer
243636,Tamiya,Sudkamp,Senior Engineer
243639,Sreekrishna,Smeets,Senior Engineer
243643,Zhilian,Szilard,Senior Staff
243647,Mooi,Hofting,Staff
243653,Chanjung,Dengi,Senior Staff
243654,Anestis,Poupard,Senior Engineer
243655,Jolita,Barinka,Technique Leader
243656,Leon,Haumacher,Staff
243661,Khedija,Stanfel,Senior Staff
243670,Aral,Steenbeek,Senior Staff
243673,Padma,Mitina,Senior Staff
243674,Evgueni,Przulj,Senior Engineer
243677,Odoardo,Baezner,Senior Engineer
243678,Dzung,Papadias,Staff
243689,Koichi,Neiman,Senior Staff
243693,Hideyuki,Leonhardt,Engineer
243694,Niclas,Businaro,Senior Engineer
243695,Harngdar,Stasinski,Senior Engineer
243701,Rayond,Schmezko,Engineer
243707,Danil,Munos,Engineer
243709,Patricia,Kenevan,Staff
243711,Adil,Karcich,Engineer
243715,Baziley,Gewali,Senior Staff
243716,Abdulah,Denos,Technique Leader
243724,Bernice,Riefers,Staff
243728,Leah,Barbanera,Senior Staff
243735,Phuoc,Ullian,Staff
243743,Adam,Cyre,Senior Engineer
243745,Zongyan,Cincotta,Staff
243762,Hidde,Kalsbeek,Senior Staff
243766,Xinyu,Oppitz,Engineer
243770,Baoqiu,Schlenzig,Senior Staff
243773,Rimli,Flexer,Engineer
243783,Jaroslava,Alpay,Senior Staff
243785,Takahiro,Veldwijk,Senior Staff
243793,Willard,Felder,Senior Staff
243795,Heon,Nivat,Senior Engineer
243796,Samphel,Herbst,Senior Engineer
243799,Kiam,Chaudhury,Senior Staff
243803,Berthier,Przulj,Staff
243804,Xianlong,Salinas,Senior Engineer
243805,Ramzi,Vecchi,Senior Staff
243810,Kwan,Merel,Technique Leader
243811,Heather,Openshaw,Senior Engineer
243812,Jixiang,Miculan,Staff
243814,Tsuneo,Penn,Senior Engineer
243815,Zengping,Improta,Assistant Engineer
243817,Valeska,Spelt,Senior Staff
243818,Zsolt,Rande,Senior Engineer
243820,Chiranjit,Akaboshi,Senior Engineer
243823,Khue,Koblick,Staff
243829,Seongbae,Thiria,Engineer
243830,Mana,Botman,Engineer
243838,Hailing,Selenyi,Senior Engineer
243840,Jiang,Lakshmanan,Senior Engineer
243842,Eldridge,Birdsall,Senior Staff
243845,Selwyn,Larfeldt,Engineer
243846,Armond,Sommen,Staff
243853,Erzsebet,Covnot,Senior Staff
243860,Shaw,Keohane,Staff
243861,Dipayan,Cannane,Senior Engineer
243866,Tianruo,Tyugu,Senior Staff
243868,Fabrizio,Bodoff,Senior Engineer
243870,Arnd,Quittner,Senior Staff
243872,Qunsheng,Denos,Senior Engineer
243874,Pranav,Mawatari,Senior Engineer
243877,Make,Kolvik,Senior Staff
243881,Collette,Giveon,Staff
243882,Rajmohan,Erie,Assistant Engineer
243885,Kirk,Bernardeschi,Senior Staff
243891,Shan,Rodite,Senior Staff
243895,Pranas,Serra,Senior Engineer
243900,Zhenbing,Garnham,Staff
243907,Lenore,Danner,Staff
243909,Arne,Kaltofen,Senior Engineer
243911,Aamod,Rahier,Senior Engineer
243912,Arno,Zhiwei,Engineer
243917,Gill,Remmers,Senior Staff
243918,Phillip,Preusig,Senior Staff
243921,Manibrata,Ramamoorthy,Senior Engineer
243923,Owen,Akiyama,Engineer
243925,Gita,Eterovic,Technique Leader
243927,Saniya,Vickson,Engineer
243930,Shao,Bail,Senior Engineer
243931,Sanjit,Miara,Senior Staff
243932,Divier,Castellani,Senior Staff
243933,Stepehn,Kabayashi,Senior Engineer
243936,Shaz,Schnelling,Engineer
243939,Nahla,Alblas,Staff
243942,Gor,Chimia,Senior Staff
243943,Mokhtar,Tokunaga,Senior Staff
243948,Macha,Ducloy,Engineer
243950,Lidong,Argence,Senior Engineer
243952,Xiong,Farrar,Senior Staff
243953,Hisao,Benantar,Senior Staff
243955,Marjo,Marchegay,Staff
243958,Dipayan,Leuchs,Technique Leader
243959,Macha,Erdi,Staff
243965,Jaber,Azadmanesh,Staff
243968,Abdelghani,Sidje,Engineer
243973,Georgi,Raczkowsky,Senior Staff
243980,Kazuhiro,Rosay,Senior Staff
243981,Dipankar,Encarnacion,Senior Engineer
243986,Hisao,Gide,Senior Engineer
243987,Genki,Gyorkos,Senior Engineer
243999,Teruyuki,Rosenbaum,Staff
244007,Neelam,Flowers,Senior Engineer
244012,Rosalyn,Dechter,Senior Staff
244013,Bluma,Cronau,Engineer
244015,Taizo,Kolinko,Engineer
244016,Irena,Bennis,Staff
244019,Syozo,Fujisaki,Senior Staff
244021,Sungwon,Taubenfeld,Senior Staff
244026,Elvis,Brodal,Staff
244028,Zita,Guenter,Senior Staff
244031,Ugo,Fontet,Engineer
244034,Sailaja,Dehkordi,Senior Engineer
244039,Zongyan,Adachi,Engineer
244042,Tran,Rijsenbrij,Staff
244055,Nevin,Nyanchama,Senior Engineer
244056,Yefim,Litzkow,Senior Staff
244059,Phuoc,Kalloufi,Senior Engineer
244060,Dietrich,Bazelow,Senior Staff
244062,Aron,Perry,Engineer
244064,Yuqun,Pargas,Senior Staff
244065,Rutger,Georg,Staff
244067,Susanne,Guting,Staff
244069,Odoardo,Eickenmeyer,Senior Staff
244072,Chiranjit,Demke,Senior Staff
244073,Rasiah,Sudbeck,Assistant Engineer
244074,Ingemar,Czap,Staff
244077,Jacqueline,Rusterholz,Senior Engineer
244078,Gurbir,Alblas,Senior Engineer
244081,Heping,Lovengreen,Senior Staff
244083,Sailaja,Oaver,Senior Staff
244085,Bernardo,Paludetto,Senior Staff
244086,Nitsan,Hiroyama,Senior Engineer
244088,Sverrir,Ferriere,Technique Leader
244090,Sreekrishna,Bain,Senior Engineer
244091,Faiza,Attimonelli,Senior Engineer
244094,Giordano,Ponthieu,Senior Staff
244096,Manibrata,Baar,Staff
244097,Xuejun,Isaac,Senior Engineer
244099,Kwun,Bednarek,Staff
244100,Vivian,Ozeri,Staff
244105,Moon,Rattan,Staff
244113,Navin,Terwilliger,Senior Engineer
244117,Dung,Chiodo,Senior Engineer
244118,Siddarth,Tanemo,Senior Staff
244130,Mingzeng,Swab,Staff
244133,Augustine,Taubenfeld,Senior Engineer
244134,Aleksander,Sabnani,Engineer
244137,Toshiko,Sichman,Engineer
244138,Marsja,Kumaresan,Senior Engineer
244145,Kwangyoen,Talmon,Engineer
244148,Chikako,Heusch,Senior Staff
244155,Huai,Emmerich,Staff
244170,Ult,Gente,Staff
244172,Karoline,Thibadeau,Technique Leader
244177,Tzu,Champarnaud,Staff
244180,Aran,Schonegge,Engineer
244187,Gregory,Peng,Senior Engineer
244188,Yuping,Lanteri,Staff
244189,Manton,Luga,Technique Leader
244196,Leon,Flowers,Senior Engineer
244204,Masato,Prenel,Senior Engineer
244205,Conor,Hofting,Senior Staff
244209,Limsoon,Fiutem,Senior Engineer
244224,Guther,Schaaf,Assistant Engineer
244229,Kristina,Melichar,Senior Engineer
244236,Reinhard,Weisert,Staff
244248,Weiwu,Halevi,Senior Engineer
244249,Yifei,Schach,Senior Staff
244252,Jeane,Sankaranarayanan,Senior Staff
244253,Akeno,Dayana,Senior Engineer
244258,Lorien,Greibach,Senior Engineer
244260,Sangeeta,Mandelberg,Senior Staff
244261,Sudharsan,Mawatari,Senior Engineer
244263,Golgen,Rijckaert,Staff
244265,Pantung,Halevi,Technique Leader
244269,Eldridge,Lortz,Senior Staff
244271,Shawna,Sundgren,Engineer
244272,Michaela,Wendorf,Staff
244273,Fei,Raoux,Senior Engineer
244279,DeForest,Claffy,Senior Staff
244280,Miyeon,Jiang,Engineer
244281,Perla,Munawer,Senior Engineer
244283,Inderjeet,Manderick,Senior Staff
244286,Manohar,Pettit,Senior Staff
244290,Mari,Gammage,Staff
244291,Panayotis,Perly,Technique Leader
244292,Khedija,Anick,Senior Staff
244297,Nadjib,Himler,Senior Engineer
244300,Saeko,Ferretti,Staff
244301,Hauke,Klerer,Engineer
244303,Gully,Gurbaxani,Senior Staff
244307,Marsha,Denis,Engineer
244311,Mingdong,Panienski,Senior Engineer
244316,Khun,Kuszyk,Staff
244319,Takahito,Demos,Senior Engineer
244323,Zhongwei,Emmerich,Senior Staff
244329,Nobuyoshi,Stentiford,Senior Engineer
244330,Matt,Schwabacher,Engineer
244333,Angus,Brobst,Senior Engineer
244338,Chuanti,Swick,Senior Staff
244340,Yaghout,Zultner,Staff
244341,Frazer,Muchinsky,Senior Staff
244343,Odinaldo,Sethi,Staff
244349,Rajmohan,Leijenhorst,Technique Leader
244356,Masaru,Zolotykh,Assistant Engineer
244359,Maria,McAffer,Senior Staff
244360,Mountaz,Swiler,Senior Engineer
244361,Shuzo,Flasterstein,Senior Staff
244363,Xiaoqiu,Jenevein,Senior Staff
244366,Carrsten,Carrera,Technique Leader
244369,Teiji,Penttonen,Senior Engineer
244374,Valeri,Nooteboom,Engineer
244383,Satoru,Vingron,Assistant Engineer
244388,Tonny,Perin,Staff
244390,Krassimir,Oskamp,Senior Engineer
244393,Jaber,Kusakabe,Senior Engineer
244395,Oldrich,McConalogue,Senior Engineer
244396,Shigeo,Sudbeck,Engineer
244402,Xinan,Godskesen,Senior Staff
244403,Weiwu,Heusch,Senior Staff
244404,Navid,Cronan,Engineer
244417,Krassimir,Diderrich,Senior Engineer
244421,Annemarie,Mitina,Senior Engineer
244422,Phillip,Parascandalo,Engineer
244425,Tonny,Serna,Senior Engineer
244430,Baoqiu,Atchley,Engineer
244434,Abdulla,Berstel,Engineer
244437,Yinlin,Rikino,Senior Engineer
244439,Shietung,Murtagh,Senior Engineer
244451,Sushant,Randt,Senior Engineer
244454,Akeno,Morrow,Senior Staff
244455,Moheb,Khalil,Senior Staff
244457,Nobuyoshi,Gargeya,Senior Engineer
244461,Mingsen,Besselaar,Senior Engineer
244462,Rafael,Heystek,Senior Staff
244464,Djelloul,Vakili,Senior Engineer
244467,Shigeichiro,Nannarelli,Senior Engineer
244470,Mitsuyuki,Wegerle,Technique Leader
244471,Adit,Kusakari,Senior Staff
244473,Suebskul,Ritcey,Senior Staff
244477,Youngkon,Kabayashi,Senior Engineer
244478,Kensyu,Polupanov,Senior Engineer
244481,Stepehn,Masand,Senior Staff
244502,Aksel,Garigliano,Senior Engineer
244503,Candido,Beerel,Staff
244512,Supot,Kawashima,Senior Engineer
244517,Eberhardt,Decleir,Engineer
244523,Filipp,Pollock,Senior Engineer
244524,Mabhin,Monarch,Senior Engineer
244534,Hirochika,Hiltgen,Senior Staff
244537,Otilia,Pargas,Senior Engineer
244539,Aloys,Jumpertz,Senior Engineer
244541,Djenana,Zedlitz,Senior Staff
244546,Badri,Asmuth,Senior Staff
244548,Xiaocheng,Swan,Senior Engineer
244556,Nadjib,Conte,Senior Engineer
244562,Eldridge,Muhling,Senior Staff
244566,Jacopo,Soloway,Senior Engineer
244576,Xinan,Chvatal,Staff
244579,Sasan,Zhiwei,Senior Engineer
244583,Tran,Greibach,Engineer
244589,Rasiah,Stamatiou,Assistant Engineer
244590,Takanari,Azadmanesh,Technique Leader
244591,Akemi,Sambasivam,Senior Staff
244594,Rosita,Reinhard,Senior Engineer
244603,Yuichiro,Naudin,Senior Engineer
244607,Manton,Fetvedt,Senior Staff
244611,Rosine,Stranks,Senior Staff
244614,Vasilis,Matzel,Technique Leader
244615,Sukumar,Kaiserswerth,Engineer
244617,Itzchak,Swen,Senior Staff
244619,Suvo,Sabnani,Senior Engineer
244626,Rance,Kaminger,Senior Engineer
244628,Doowon,Trogemann,Engineer
244630,Supot,Range,Senior Staff
244634,Martine,Nooteboom,Staff
244638,Takahira,Ghazalie,Senior Engineer
244646,Jaques,Orlowski,Senior Staff
244649,Yannik,Furedi,Senior Engineer
244652,Tzu,Coombs,Senior Engineer
244653,Brigham,Spieker,Senior Staff
244654,Suzette,Katiyar,Senior Engineer
244661,Idoia,Parfitt,Senior Engineer
244662,Oddvar,Falco,Staff
244664,Hatim,Sgarro,Senior Engineer
244667,Zhaofang,Erva,Staff
244669,Mooi,Griswold,Senior Staff
244671,Chanjung,Staudhammer,Engineer
244673,Kokou,Antonakopoulos,Senior Engineer
244675,Aloys,Barreiro,Engineer
244676,Sudharsan,Buchter,Senior Engineer
244677,Gift,Ruther,Senior Engineer
244686,Utz,Pietrzykowski,Senior Staff
244688,Heon,Ponthieu,Senior Engineer
244703,Krister,Perry,Senior Staff
244705,Maha,Guerreiro,Senior Staff
244706,Macha,Georg,Engineer
244709,Masato,Wendorf,Staff
244715,Tremaine,Provine,Engineer
244724,Shridhar,Merli,Staff
244731,Paloma,Krichel,Senior Engineer
244737,Kazuyasu,Spataro,Senior Staff
244739,Dines,Begiun,Engineer
244740,Jiakeng,Engelmann,Engineer
244742,Owen,Dahlbom,Senior Engineer
244744,Nitsan,Srimani,Staff
244746,Arvin,Chaudhuri,Senior Staff
244748,Kersti,Chimia,Senior Engineer
244750,Gaurav,Kamble,Technique Leader
244753,Xumin,Lanteri,Senior Engineer
244757,Christoper,Hiroyama,Senior Engineer
244759,Maia,Asmuth,Staff
244766,Taizo,Kaltofen,Senior Engineer
244770,Katsuyuki,Chorvat,Engineer
244773,Mingdong,Zaiane,Senior Engineer
244780,Domenico,Itzfeldt,Engineer
244783,Roddy,Pollock,Senior Engineer
244784,Aris,Matzen,Senior Staff
244787,Rosalyn,Talmor,Senior Staff
244791,Kauko,Olivero,Senior Staff
244801,Bodo,Menyhert,Senior Engineer
244804,Beshir,Serre,Senior Engineer
244813,Rimli,Poupard,Engineer
244814,Guozhong,Couchot,Technique Leader
244815,Remko,Streit,Engineer
244819,Marl,Brizzi,Senior Engineer
244824,Yannis,Noriega,Senior Engineer
244831,Abdelwaheb,Mitchem,Senior Staff
244836,Tianruo,Cairo,Senior Engineer
244847,Tetsushi,Maierhofer,Staff
244853,Florina,Picaronny,Staff
244860,Florina,Salverda,Engineer
244863,Mohit,Peres,Senior Staff
244865,Moto,Mamelak,Engineer
244877,Jinxi,Montemayor,Senior Engineer
244878,Denny,Syrotiuk,Senior Engineer
244880,Zhonghua,Garnick,Senior Engineer
244882,Mingdong,Luft,Senior Staff
244884,Yinghua,Mapelli,Senior Staff
244892,Guther,Huxford,Senior Engineer
244896,Etsuo,Angiulli,Senior Staff
244897,Hiroyasu,Suomi,Senior Staff
244898,Shawna,Jervis,Senior Staff
244899,Bezalel,Plump,Senior Staff
244903,Shaz,Matzov,Senior Staff
244906,Tremaine,Imataki,Senior Staff
244908,Shan,Ratzlaff,Engineer
244911,Xudong,Sanella,Staff
244921,Tru,Berendt,Staff
244924,Gladys,Couchot,Engineer
244925,Toshiki,Naumovich,Senior Engineer
244936,Vasilis,Delgrande,Senior Engineer
244937,Christ,Yoshimura,Engineer
244940,Yurij,Zastre,Senior Staff
244943,Hyuckchul,Nanard,Engineer
244944,Trygve,Feldhoffer,Senior Engineer
244946,Abdelghani,Lubachevsky,Senior Engineer
244948,Marsha,Masand,Senior Engineer
244950,Sreekrishna,Iwayama,Senior Staff
244955,Willard,Ranst,Staff
244958,Maja,Merks,Senior Engineer
244959,Jordanka,Feldhoffer,Technique Leader
244964,Aram,Hasenauer,Senior Staff
244971,Stabislas,Mansanne,Senior Staff
244975,Huei,Famili,Engineer
244978,Kiyotoshi,Silva,Senior Staff
244982,Sajjad,Wolniewicz,Senior Engineer
244994,Mingsen,Lambe,Senior Staff
245010,Xiaoheng,Kabayashi,Senior Engineer
245011,Mart,Cronau,Senior Engineer
245019,Maia,Kruskal,Senior Staff
245020,Chuanyi,Serdy,Senior Engineer
245021,Zita,Imataki,Senior Engineer
245022,Gen,Xiaoshan,Senior Staff
245023,Mari,Mersereau,Staff
245026,Ymte,Stanger,Engineer
245030,Gully,Osgood,Assistant Engineer
245032,Fumiko,Skogmar,Senior Engineer
245035,Gor,Kriebel,Staff
245044,Ulf,Shokrollahi,Staff
245051,Taiji,Slaats,Senior Staff
245052,Martina,Gruenwald,Senior Staff
245054,Sanjai,Smeets,Staff
245056,Guoxiang,Leslie,Engineer
245058,Shaowei,Wiegley,Senior Staff
245059,Nahid,Kaelbling,Engineer
245062,Jayesh,Cyne,Technique Leader
245063,Moriyoshi,Syrotiuk,Senior Staff
245064,Achilleas,Dayana,Senior Engineer
245065,Ioana,Rosar,Senior Staff
245068,Shrikanth,Birnbaum,Staff
245069,Mark,Bennis,Senior Engineer
245078,Yishai,Sidje,Senior Engineer
245080,Mari,Herber,Senior Engineer
245086,Lucian,Haumacher,Senior Engineer
245096,Xiadong,Azumi,Senior Engineer
245109,Baocai,Janocha,Senior Engineer
245112,Val,Naudin,Senior Engineer
245113,Goetz,Rosaz,Engineer
245114,Matt,Demeyer,Senior Engineer
245117,Sedat,Azevdeo,Senior Engineer
245120,Paris,Harnett,Senior Staff
245122,Claudi,Lorcy,Staff
245132,Gaetan,Hiroyama,Technique Leader
245139,Selwyn,Smailagic,Staff
245143,Lidong,Kranzdorf,Staff
245147,Fen,Stamatiou,Senior Engineer
245149,Debaprosad,Akazan,Engineer
245157,Fay,Badr,Engineer
245166,Mohammed,Verhoeff,Senior Staff
245167,Erez,Lorin,Engineer
245172,Moss,Pramanik,Senior Engineer
245180,Zorica,Hoppenstand,Senior Staff
245181,Kokou,Holburn,Senior Staff
245182,Arup,Perfilyeva,Senior Engineer
245183,Spyrose,Macedo,Staff
245186,Marlo,Trelles,Senior Staff
245187,Pantung,Falby,Staff
245190,Sanjit,Brendel,Engineer
245196,Randi,Chartres,Senior Staff
245202,Toshimori,Munro,Senior Staff
245203,Kenroku,Hiroyama,Engineer
245206,Hugh,Back,Engineer
245207,Leandro,Kalsbeek,Senior Staff
245210,Matt,Frijda,Staff
245220,Yagil,Potthoff,Staff
245225,Uta,Monkewich,Engineer
245237,Hisao,Leivant,Senior Staff
245240,Van,Danley,Senior Staff
245249,Kazuhira,Gihr,Senior Engineer
245250,Taiji,Ventosa,Senior Staff
245252,Phuoc,Brizzi,Senior Engineer
245257,Bernardo,Schiper,Senior Engineer
245258,Arra,Erol,Senior Staff
245263,Toshimitsu,Marchesini,Senior Staff
245264,Make,Streng,Senior Staff
245265,Akhilish,Ramaiah,Engineer
245267,Bartek,Flasterstein,Engineer
245268,Billie,Caine,Engineer
245273,Tianruo,Encarnacion,Engineer
245280,Kristen,Bale,Senior Staff
245282,Tokuyasu,Szemeredi,Senior Engineer
245283,Arra,Murtafg,Technique Leader
245284,Elliott,Maliniak,Senior Staff
245289,Kensei,Kragelund,Senior Staff
245290,Guther,Hofmeyr,Senior Engineer
245291,Sachem,Srimani,Senior Engineer
245292,Nikolaos,Yurek,Senior Engineer
245293,Heping,Segond,Senior Engineer
245301,Wonhee,Uhrig,Senior Staff
245305,Guenter,Laventhal,Engineer
245306,Huai,Yoshimura,Senior Staff
245309,Troy,Albarhamtoshy,Senior Engineer
245312,Shir,Krupka,Staff
245313,Kwangjo,Crouzet,Senior Engineer
245317,Gonzalo,Gerlach,Engineer
245318,Ronnie,Bugaenko,Senior Staff
245319,Bodo,Mersereau,Senior Engineer
245320,Yishay,Hanabata,Senior Engineer
245324,Phuoc,Gulak,Senior Staff
245326,Sajjan,Magalhaes,Senior Engineer
245327,Gritta,Morrin,Engineer
245334,Vasiliy,Zuberek,Engineer
245336,Nahum,Nollmann,Staff
245338,Faiza,Piazza,Technique Leader
245345,Pragnesh,Schade,Engineer
245346,Keung,Ozeri,Engineer
245347,Alain,Cooman,Engineer
245349,Xiaocheng,Falck,Senior Engineer
245350,Tadanori,Greibach,Technique Leader
245352,Randi,Mattern,Senior Staff
245353,Utpal,Griswold,Staff
245355,Zhaofang,Danley,Technique Leader
245362,Owen,Klassen,Senior Engineer
245363,Ewing,Pollock,Senior Staff
245364,Hatim,Tetzlaff,Technique Leader
245365,Marco,Coullard,Engineer
245366,Sachar,Rodier,Senior Engineer
245368,Jamaludin,Syang,Technique Leader
245370,Kwangsub,Kadhim,Staff
245373,Sivanarayana,Spell,Senior Engineer
245377,Khun,Ventosa,Senior Engineer
245379,Zissis,Melton,Senior Staff
245381,Krister,Cromarty,Senior Staff
245384,Lene,Andreotta,Senior Engineer
245385,Arvind,Michaeli,Senior Engineer
245389,Chrisa,Fontan,Staff
245391,Jingling,Ushiama,Senior Engineer
245398,Kazuhisa,Berstel,Engineer
245402,Dinkar,Kropp,Senior Staff
245404,Goetz,Staylopatis,Staff
245412,Val,Erni,Staff
245415,Kasidit,Leuchs,Senior Engineer
245416,Mohammad,Junet,Senior Engineer
245424,Magy,Bridgland,Senior Engineer
245425,Licheng,Schieder,Senior Staff
245427,Caolyn,Impagliazzo,Engineer
245430,Roselyn,Granlund,Senior Staff
245434,Narain,Gulla,Senior Engineer
245438,Yinghua,Gustavson,Assistant Engineer
245439,Shaowen,Garnham,Engineer
245441,Qunsheng,Iwayama,Technique Leader
245444,Moie,Mattern,Senior Staff
245445,Yaghout,Flexer,Staff
245448,Idoia,Benaini,Engineer
245450,Jaques,Vecchio,Senior Engineer
245454,Jiong,Schoegge,Engineer
245462,Dhritiman,Makinen,Staff
245463,Chenye,Rajcani,Senior Staff
245471,Karoline,Matzel,Senior Engineer
245474,Brewster,Matheson,Senior Engineer
245483,Radoslaw,Senzako,Senior Staff
245490,Radhika,Picco,Senior Engineer
245491,Tzu,Krychniak,Senior Engineer
245492,Angus,Schlumberger,Staff
245493,Mechthild,Kirkerud,Senior Staff
245496,Lubomir,Trelles,Staff
245497,Sastry,Cooman,Senior Staff
245498,Sahrah,Denti,Engineer
245503,Lakshmi,Narahara,Senior Engineer
245510,Jianhao,Hanratty,Staff
245516,Aloke,Gulak,Engineer
245517,Keiichiro,Koshiba,Senior Engineer
245518,Yoshinari,Goodrum,Senior Engineer
245527,Falguni,Nourani,Senior Engineer
245528,Kristinn,Baumann,Staff
245529,Uno,Merey,Senior Engineer
245530,Mayuko,Poulakidas,Senior Engineer
245535,Xinan,Reeken,Technique Leader
245537,Uri,Broomell,Senior Engineer
245538,Xuedong,Keirsey,Senior Staff
245540,Oscal,Bresenham,Senior Engineer
245541,Kauko,Hofmeyr,Engineer
245542,Huican,Perly,Senior Staff
245546,Hailing,Nastansky,Senior Staff
245550,Mang,Pezzoli,Engineer
245561,Peternela,Bottner,Senior Staff
245565,Basant,Yeung,Senior Staff
245567,Khaled,Anguita,Senior Staff
245569,Kwee,Linares,Senior Staff
245570,Greger,Terwilliger,Senior Engineer
245580,Mohamadou,Kossowski,Senior Staff
245584,Hidefumi,Hofstetter,Staff
245585,Shrikanth,Bellmore,Senior Staff
245586,Zongyan,Isard,Senior Staff
245587,Yuuichi,Badr,Senior Staff
245590,Doowon,Honglei,Senior Engineer
245593,Shigeu,Perez,Senior Staff
245595,Youjian,Gaughan,Engineer
245596,Seshu,Rettelbach,Senior Engineer
245598,Takanari,Remmers,Senior Staff
245601,Aruna,Cmelik,Senior Engineer
245611,Arup,Randi,Senior Staff
245613,Saeko,Munch,Technique Leader
245621,Katsuo,Gaughan,Senior Engineer
245622,Sergi,Pellegrinelli,Senior Engineer
245631,Zhiwei,Beausoleil,Senior Engineer
245633,Jouni,Salinas,Senior Staff
245634,Berry,Hatcliff,Senior Engineer
245636,Sverrir,Guting,Senior Engineer
245637,Roddy,Peron,Staff
245638,Koldo,Suermann,Assistant Engineer
245642,Kiyokazu,Sommer,Senior Engineer
245643,Sastry,Hooghiemstra,Senior Staff
245645,Guttorm,Decaestecker,Senior Staff
245646,Gonzalo,Steinauer,Senior Engineer
245653,Padma,Brlek,Senior Staff
245660,Petter,Chiola,Senior Staff
245668,Theron,Vrecion,Senior Engineer
245675,Marit,Makinen,Senior Staff
245676,Zhenbing,Shumilov,Senior Staff
245681,Peer,Pelc,Senior Engineer
245683,Mani,Waschkowski,Senior Engineer
245685,Sreenivas,Stemann,Senior Engineer
245688,Mrinalini,Ambroszkiewicz,Technique Leader
245692,Gila,Asrin,Senior Staff
245697,Kiam,Zedlitz,Engineer
245709,Neelam,Furedi,Senior Staff
245717,Chinya,Nergos,Senior Engineer
245719,Ayonca,Lowrie,Senior Staff
245730,Tua,Terlouw,Senior Staff
245731,Xuejia,Pews,Staff
245740,Arun,Pelz,Senior Staff
245742,Ohad,Lampe,Senior Staff
245747,Ramachenga,Ellozy,Senior Engineer
245749,Elliott,Kragelund,Staff
245754,Jackson,Soicher,Senior Engineer
245755,Toney,Heusch,Technique Leader
245756,Munenori,Nitto,Senior Staff
245766,Yonghoan,Gustavson,Technique Leader
245768,Kazuhiro,Sullins,Senior Engineer
245769,Dzung,Takanami,Senior Engineer
245771,Fox,Murtafg,Senior Engineer
245777,Randi,Bultermann,Senior Staff
245779,Bodo,Restivo,Senior Staff
245783,Hidefumi,Swan,Staff
245790,Yongmao,Alblas,Senior Staff
245791,Chandrasekaran,Suri,Engineer
245792,Kazuhira,Morrow,Senior Engineer
245797,Idoia,Olivero,Senior Staff
245799,Geraldo,Bouloucos,Senior Engineer
245800,Khoa,Luga,Staff
245803,Aemilian,Zhang,Senior Staff
245805,Shaz,Perry,Senior Staff
245815,Sahrah,Swick,Engineer
245823,Miyeon,Perly,Staff
245829,Valter,McConalogue,Senior Engineer
245832,Pascal,Lueh,Staff
245833,Francesca,Fontan,Senior Engineer
245835,Peternela,Back,Senior Staff
245837,Poorav,Kermarrec,Senior Engineer
245840,Shan,Beznosov,Senior Staff
245844,Shahaf,Genther,Senior Engineer
245846,Mohan,Lakshmanan,Staff
245849,Chikako,Schonegge,Staff
245850,Nectarios,Farrag,Senior Staff
245854,Ebru,Luan,Senior Engineer
245856,Filipe,Laventhal,Senior Staff
245857,Gay,Preusig,Engineer
245880,Valdiodio,Giveon,Senior Engineer
245882,Vasilis,Rosiles,Staff
245886,Frederique,Herath,Assistant Engineer
245889,Mohamadou,Cappelli,Senior Engineer
245900,Rance,Eastman,Engineer
245902,Mizuhito,Rajaraman,Senior Staff
245903,Shigeaki,Schaaf,Staff
245910,Gay,Rodiger,Senior Engineer
245912,Kazuyasu,Hooghiemstra,Staff
245914,Shim,Swick,Technique Leader
245920,Baoqiu,Nishimukai,Senior Staff
245921,Mokhtar,Conti,Staff
245922,Sachem,Rothe,Engineer
245926,Chaosheng,Whittlesey,Senior Staff
245927,Udo,Orlowski,Senior Engineer
245930,Sachio,Sanella,Senior Staff
245931,Peternela,Saoudi,Senior Engineer
245943,Remmert,Spieker,Staff
245945,Chinho,Trumbly,Senior Engineer
245948,Danae,Thiran,Engineer
245951,Mohit,Lundstrom,Engineer
245953,Xiaoqiang,Azuma,Technique Leader
245955,Tiina,Wroclawski,Staff
245961,Ayakannu,Kossowski,Senior Engineer
245963,Karlis,Iisaku,Engineer
245969,Akhilish,Kushner,Senior Staff
245970,Marin,Perry,Senior Engineer
245978,Mabo,Khalid,Senior Staff
245979,Nigel,Glowinski,Senior Staff
245985,Martien,Bharadwaj,Senior Engineer
245986,Reinhard,Gargeya,Senior Engineer
245988,Zhensheng,Famili,Engineer
245997,Zhongwei,Rusterholz,Senior Staff
245998,Suvo,Deville,Senior Staff
246003,Bluma,Hopewell,Senior Staff
246004,Matk,Schahn,Senior Engineer
246005,Marke,Hanratty,Senior Staff
246009,Filipp,Thorelli,Senior Engineer
246010,Becky,Angiulli,Staff
246012,Moie,Rusmann,Senior Staff
246016,Tsuneo,Rajcani,Senior Staff
246018,Domenick,Savasere,Senior Staff
246026,Toong,Rosay,Assistant Engineer
246028,Pranas,Jansen,Assistant Engineer
246032,Tuval,Vasanthakumar,Engineer
246033,Xiping,Furedi,Technique Leader
246038,Herbert,Pettit,Senior Engineer
246039,Weicheng,Osgood,Senior Staff
246040,Jackson,Angelov,Senior Staff
246041,Maria,Bahl,Senior Staff
246050,Douadi,Valiente,Engineer
246055,Arun,Alameldin,Senior Engineer
246061,Jaana,Ramsey,Senior Engineer
246062,Divier,Codenie,Senior Engineer
246063,Nathan,Percebois,Senior Staff
246065,Macha,Lindenbaum,Senior Staff
246066,Moss,Einsfeld,Technique Leader
246070,Hinrich,Fritzsche,Engineer
246071,Ortrud,Ramras,Senior Engineer
246073,Karoline,Pietrzykowski,Senior Engineer
246077,Berni,Fordan,Senior Staff
246081,Shaowen,Gill,Senior Engineer
246089,Hironobu,Otillio,Technique Leader
246092,Tayeb,Juneja,Technique Leader
246093,Munehiko,Conti,Senior Engineer
246099,Teiji,Redmiles,Engineer
246100,Barry,Weedman,Senior Engineer
246101,Karoline,Sherertz,Senior Staff
246103,Muneo,Chinal,Senior Engineer
246106,Gaurav,Baig,Senior Engineer
246108,Hatim,Gihr,Senior Engineer
246114,Oscar,Kabayashi,Senior Staff
246121,Danco,Sidou,Technique Leader
246127,Aria,Yoshimura,Assistant Engineer
246133,Eirik,Demeyer,Engineer
246134,Nobuyoshi,Belinskaya,Senior Engineer
246138,Yunming,Munawer,Technique Leader
246140,Duangkaew,Zschoche,Senior Staff
246142,Khedija,Pelz,Senior Staff
246143,Candido,Cusworth,Senior Engineer
246144,Siddarth,Parfitt,Engineer
246147,Stella,Iivonen,Engineer
246149,Guangming,Fargier,Senior Engineer
246153,Badri,Fioravanti,Engineer
246155,Phillip,Peak,Senior Staff
246156,Alair,Rabehasaina,Senior Staff
246157,Saddek,Ohori,Senior Engineer
246160,Bilhanan,McFarlin,Senior Engineer
246161,Xudong,Litvinov,Senior Staff
246165,Hironobu,Spinelli,Senior Staff
246170,Shugo,Zirintsis,Senior Staff
246174,Vidar,Meszaros,Senior Engineer
246175,Tze,Smeets,Senior Staff
246180,Aran,Mapelli,Staff
246182,Jahangir,Heydon,Staff
246183,Larisa,Sury,Staff
246186,Martina,Iwayama,Senior Staff
246187,Martins,Bahk,Senior Staff
246189,Ghassan,Plump,Engineer
246191,Lenore,Merkl,Senior Engineer
246198,Aruna,Spataro,Senior Staff
246202,Khatoun,Bharadwaj,Senior Staff
246206,Leandro,Merro,Senior Engineer
246207,Sumali,Piazza,Senior Engineer
246211,Hein,Baumann,Engineer
246215,Seshu,Anger,Senior Staff
246224,Kenton,Griswold,Senior Engineer
246225,Reuven,Birjandi,Assistant Engineer
246234,Sajjad,Spinelli,Staff
246235,Reuven,Lindqvist,Senior Staff
246236,Muzhong,Sudkamp,Senior Staff
246240,Gian,Polajnar,Senior Engineer
246243,Yinlin,Berendt,Engineer
246245,Qingxiang,Schusler,Engineer
246249,Jamaludin,Remmele,Senior Engineer
246250,Frederique,Gadepally,Senior Staff
246251,Richard,Velasco,Senior Engineer
246253,Neven,Jansen,Senior Staff
246254,Paris,Magliocco,Engineer
246264,Stamatina,Fargier,Senior Staff
246269,Shin,Goodrum,Senior Engineer
246273,Uwe,Poulakidas,Senior Engineer
246274,Gill,Katiyar,Senior Staff
246276,Shimshon,Moffat,Staff
246280,Eirik,Magliocco,Senior Staff
246285,Honesty,Conti,Senior Staff
246289,Owen,Polupanov,Senior Engineer
246295,Kwangyoen,Asmuth,Senior Engineer
246298,Mariusz,Zielinski,Technique Leader
246299,Cordelia,Luby,Engineer
246302,Mohua,Barinka,Senior Staff
246305,Kazuhisa,Vigier,Engineer
246306,Yolla,Terekhov,Senior Staff
246315,Limsoon,Papsdorf,Senior Engineer
246320,Michaela,Bage,Engineer
246322,Kazuhito,Staudhammer,Engineer
246327,Shahar,Rattan,Senior Staff
246328,Shen,Nitto,Senior Staff
246329,Denny,Farrag,Senior Staff
246332,Geoff,Uhrik,Senior Engineer
246333,Behnaam,Lemarechal,Senior Staff
246338,Rildo,Negoita,Senior Staff
246339,Vitaly,Wixon,Senior Staff
246341,Hideo,Vasanthakumar,Staff
246349,Arto,Suppi,Staff
246350,Danai,Dymetman,Senior Staff
246352,Gennady,Pavlopoulou,Senior Staff
246356,Koldo,Pagter,Senior Engineer
246372,JoAnne,Shiratori,Staff
246375,Masato,Setiz,Senior Staff
246377,Elvia,Guenter,Senior Engineer
246378,Yakkov,Hofmeyr,Senior Staff
246381,Feiyu,Peha,Senior Staff
246383,Mart,Radivojevic,Senior Staff
246386,Shigeo,Rosay,Staff
246392,Toshimo,Tyugu,Senior Staff
246395,Vasilii,Schwabacher,Senior Engineer
246403,Fayez,Denti,Staff
246407,Goetz,Slaats,Senior Staff
246416,Vugranam,Waterhouse,Staff
246418,Gladys,Solovay,Senior Engineer
246421,Herbert,Schiettecatte,Engineer
246423,Abdulah,Basagni,Senior Engineer
246424,Zhaofang,Gimbel,Staff
246425,Zvonko,Marzano,Senior Staff
246426,Khalid,Einsfeld,Senior Engineer
246428,Kwangjo,Velasco,Senior Staff
246429,Leen,Beidas,Senior Engineer
246435,Becky,Merkl,Senior Engineer
246437,Michaela,Badache,Senior Engineer
246438,Seshu,Manderick,Senior Staff
246442,Saddek,Guenter,Engineer
246446,Arlette,Molenkamp,Engineer
246447,Xiong,Jervis,Senior Staff
246453,Kazuhisa,Shobatake,Senior Engineer
246458,Matk,Levasseur,Senior Engineer
246463,Tomoyuki,Teitelbaum,Staff
246467,Adel,Nations,Senior Engineer
246474,Almudena,Birjandi,Engineer
246482,Tsutomu,Journel,Senior Staff
246483,Mitsuyuki,Deville,Senior Staff
246486,Zito,Rajala,Engineer
246490,Ohad,Farris,Senior Engineer
246492,Eckart,Schnabel,Engineer
246498,Matt,Herber,Technique Leader
246501,Kitty,Brodal,Senior Engineer
246505,Hugo,Byoun,Senior Staff
246506,Yuguang,Compeau,Technique Leader
246510,Chinho,Zedlitz,Engineer
246511,Kokou,Pelz,Senior Engineer
246513,Magy,Parhami,Senior Engineer
246518,Candido,Hanratty,Senior Engineer
246520,Adam,Wallrath,Senior Engineer
246522,Toshimi,Ramras,Senior Engineer
246531,Arfst,Kumaresan,Senior Engineer
246532,Sverrir,Legleitner,Senior Engineer
246542,Akeel,Garrabrants,Senior Engineer
246544,Berto,Undy,Senior Staff
246545,Honesty,Benantar,Senior Staff
246546,Roded,Journel,Senior Engineer
246549,Kwok,Picel,Senior Staff
246552,Emran,Reutenauer,Senior Engineer
246556,Hairong,Axelband,Senior Staff
246559,Gian,Rissanen,Senior Staff
246560,Shaibal,Morrin,Senior Staff
246563,Randi,Nitto,Staff
246564,Shrikanth,Schiper,Senior Engineer
246566,Heekeun,Eickenmeyer,Senior Engineer
246568,Tianruo,Dymetman,Technique Leader
246571,Kristof,Leuchs,Senior Staff
246574,Percy,Foong,Engineer
246588,Dietrich,Worfolk,Staff
246590,Vesna,Panwar,Senior Engineer
246599,Adit,Silva,Engineer
246600,Visit,Chachaty,Senior Staff
246607,Lidong,Winter,Engineer
246609,Tianruo,Marrevee,Senior Engineer
246614,Paraskevi,Savasere,Technique Leader
246619,Radoslaw,Hutton,Senior Staff
246622,Shigeu,Valette,Senior Staff
246625,Mizuhito,Dolinsky,Engineer
246626,Nobuyoshi,Roison,Staff
246628,Aloys,Birta,Senior Engineer
246629,Phillip,Honglei,Engineer
246630,Adib,Markovitch,Engineer
246631,Sanjit,Eugenio,Technique Leader
246637,Shietung,Genther,Assistant Engineer
246639,Sergi,Schiettecatte,Senior Engineer
246640,Tesuro,Mawatari,Senior Engineer
246647,Poorav,Cochrane,Senior Engineer
246651,Mohammed,Heemskerk,Senior Engineer
246653,Anyuan,Staudhammer,Senior Engineer
246655,Edwin,Billingsley,Senior Staff
246657,Fai,Benner,Senior Staff
246658,Hatim,Nitsche,Senior Engineer
246665,Satosi,Lunn,Staff
246667,Toshimo,Gils,Staff
246676,Marie,Kragelund,Technique Leader
246677,Marlo,Stellhorn,Staff
246682,Miyeon,Journel,Staff
246690,Gregory,Ratzlaff,Senior Staff
246692,Lansing,Conti,Senior Staff
246700,Bodh,Cools,Senior Engineer
246702,Shounak,Munke,Senior Staff
246708,Jagoda,Setlzner,Technique Leader
246709,Pohua,Sundgren,Senior Engineer
246712,Shounak,Sadowski,Engineer
246717,Sham,Benzmuller,Senior Staff
246720,Sreekrishna,Quaggetto,Senior Engineer
246721,Nevin,Comyn,Senior Engineer
246722,Jouni,Heemskerk,Staff
246724,Subhada,Potthoff,Staff
246731,Kwan,Piveteau,Senior Staff
246734,Djelloul,Jakobus,Engineer
246739,Takahito,Llado,Senior Staff
246740,Kersti,Einsfeld,Staff
246743,Zhonghua,Bridgland,Senior Staff
246750,Martijn,Kroll,Senior Staff
246755,Van,Boudaillier,Engineer
246756,Suvo,Schwartzburd,Senior Staff
246757,Maik,Sury,Senior Staff
246765,Oguz,Osgood,Senior Engineer
246767,Eishiro,Fadgyas,Senior Engineer
246768,Mayumi,Knightly,Engineer
246769,Shunichi,Baar,Senior Staff
246774,Danel,Schaaf,Senior Engineer
246775,Jixiang,Kamber,Senior Staff
246782,Torsten,Hettesheimer,Technique Leader
246783,Sariel,Garigliano,Senior Staff
246784,Arup,Szmurlo,Senior Engineer
246790,Yucel,Bernini,Staff
246794,Marlo,Rebaine,Technique Leader
246799,Cedric,Ramsak,Engineer
246801,Chinho,Picel,Staff
246806,Gen,Cronin,Senior Staff
246808,Dmitri,Boissier,Senior Staff
246809,Odinaldo,Bennet,Senior Engineer
246812,Goa,Jonsson,Senior Engineer
246813,Yagil,Perelgut,Engineer
246814,JiYoung,Capobianchi,Staff
246817,Taegyun,Czaja,Senior Engineer
246821,Anneli,Litzkow,Engineer
246822,Berry,Heyers,Staff
246834,Gladys,Dusink,Senior Staff
246839,Zhanqiu,Yoshimura,Senior Engineer
246840,Stamatina,Pero,Senior Engineer
246841,Shichao,Heuter,Engineer
246842,Jeanna,Levasseur,Technique Leader
246846,Isaac,Panangaden,Engineer
246848,Paraskevi,Orlowski,Senior Staff
246849,Yuping,Sanella,Senior Engineer
246851,Isamu,Farris,Engineer
246854,Roddy,Gips,Engineer
246856,Zhensheng,Baar,Engineer
246858,Dannz,Swist,Senior Engineer
246866,Huican,Carrera,Senior Engineer
246867,Idoia,Basawa,Senior Engineer
246873,Shaz,Vilarrasa,Technique Leader
246874,Boriana,McFarlin,Senior Staff
246876,Shen,Dredge,Engineer
246881,Atreyi,Karcich,Senior Engineer
246883,Tooru,Gulla,Senior Staff
246893,Gadiel,Ramamoorthy,Staff
246901,Khue,Heinisuo,Senior Engineer
246904,Carrsten,Armand,Senior Staff
246915,Masamitsu,Pollock,Senior Engineer
246916,Flemming,Varley,Engineer
246919,Menkae,Perin,Senior Staff
246930,Kitty,Anguita,Senior Engineer
246933,Abdulla,Zongker,Technique Leader
246935,Kolar,Vernadat,Senior Engineer
246940,Takanari,Validov,Staff
246943,Lene,Fetvedt,Engineer
246945,Pranas,Mawatari,Senior Engineer
246947,Arvind,Montemayor,Engineer
246948,Leaf,Przulj,Senior Staff
246949,Shounak,Vieri,Engineer
246950,Odysseas,Azulay,Senior Staff
246954,Mack,Nishimukai,Engineer
246957,Juichirou,Gini,Senior Engineer
246959,Tomoyuki,Lindenbaum,Senior Staff
246964,Tamiya,Gulla,Senior Staff
246966,Ulf,Piazza,Staff
246968,Hinrich,Angel,Engineer
246975,Becky,Veldwijk,Senior Staff
246976,JoAnne,Markovitch,Engineer
246979,Youjian,Wuwongse,Senior Staff
246980,Yunming,Schmiedel,Staff
246982,Ramalingam,Belinskaya,Staff
246984,Taizo,Fraisse,Senior Staff
246985,Sukumar,Magliocco,Engineer
246987,Khue,Nishimukai,Staff
246993,Along,Denny,Engineer
246997,Jaewon,Aloia,Senior Staff
246998,Jungsoon,Aloia,Senior Engineer
247002,Fuqing,Maliniak,Senior Engineer
247004,Golgen,Unno,Senior Staff
247005,Ayonca,Randt,Senior Staff
247014,Armond,Kaltofen,Engineer
247015,Sahrah,Junet,Staff
247021,Gor,Irland,Senior Staff
247023,Masami,Perry,Senior Staff
247024,Hideo,Leaver,Senior Engineer
247031,Tristan,Murillo,Staff
247035,Jaques,Randi,Engineer
247039,Ghassan,Aloia,Technique Leader
247042,Zhonghua,Sadowsky,Engineer
247046,Tomoyuki,Schmittgen,Senior Staff
247048,Sudhanshu,Conti,Engineer
247050,Poornachandra,Gischer,Senior Staff
247055,Fan,Peris,Senior Engineer
247056,Syozo,Figueira,Senior Staff
247059,Jahangir,Murtagh,Senior Staff
247060,Pranay,Bamford,Senior Staff
247064,Moto,Olivero,Senior Engineer
247065,Shakhar,Zedlitz,Technique Leader
247067,Atreye,Manders,Staff
247074,Willard,Guerreiro,Engineer
247080,Hironoby,Brandsma,Senior Engineer
247084,Collette,Yurek,Senior Engineer
247086,Boaz,Mundy,Senior Staff
247091,Idoia,Pardalos,Senior Staff
247099,Jaques,Laurillard,Technique Leader
247102,Jianhao,Engelmann,Engineer
247104,Jinya,Schnelling,Senior Staff
247108,Radoslaw,Peres,Senior Staff
247116,Adil,Lambe,Senior Engineer
247117,Cedric,Fordan,Engineer
247118,Khaled,Panwar,Senior Engineer
247120,Kwangyoen,Madeira,Engineer
247123,Uriel,Fontan,Engineer
247127,Sadun,Hettesheimer,Engineer
247128,Xiaopeng,Chinen,Senior Engineer
247135,Yaghout,Bage,Engineer
247136,Shalesh,Honiden,Senior Engineer
247137,Aleksander,Dechter,Engineer
247138,Ute,Terwilliger,Engineer
247150,Xiaopeng,Cochrane,Engineer
247151,Zeydy,Tramer,Engineer
247152,Nevin,Hardjono,Senior Staff
247159,Lijia,Nergos,Senior Engineer
247165,Zeydy,Kobuchi,Senior Engineer
247168,Taisook,Barriga,Technique Leader
247169,Yonghong,Sommen,Engineer
247170,Wonhee,Lanteri,Senior Staff
247172,Janche,Arlazarov,Technique Leader
247177,Leif,Heiserman,Technique Leader
247178,Eckart,Olivero,Senior Engineer
247180,Khoa,Ratnaker,Engineer
247185,Yishai,Stifter,Engineer
247187,Mang,Streng,Senior Staff
247194,Poornachandra,Farris,Senior Staff
247198,Conrado,Zultner,Staff
247206,Jordanka,Ishibashi,Senior Staff
247209,Zsolt,Fiutem,Engineer
247210,Guoxiang,Kuzuoka,Senior Staff
247216,Georg,Bazzichi,Senior Engineer
247219,Evgueni,Ratzlaff,Senior Staff
247220,Aimee,Miyakawa,Staff
247225,Alexius,Kobuchi,Staff
247228,Limsoon,Schiper,Engineer
247230,Kasturi,Nollmann,Staff
247232,Mariangiola,Mandelberg,Senior Engineer
247233,Marin,Birta,Senior Engineer
247237,Mohd,Kranzdorf,Senior Engineer
247242,Yuping,Katiyar,Senior Staff
247246,Fan,Beerel,Senior Engineer
247250,Thodoros,Nittel,Senior Engineer
247256,Patricio,Reutenauer,Senior Staff
247260,Tsuneo,Hardjono,Engineer
247273,Ranga,Kilgour,Engineer
247280,Tianruo,Tetzlaff,Staff
247281,Paddy,Schaft,Senior Engineer
247284,Gina,Otillio,Senior Engineer
247293,Marsja,Gils,Senior Staff
247299,Yinlin,Whitcomb,Senior Engineer
247301,Chriss,Luke,Senior Engineer
247303,Somnath,Choobineh,Senior Staff
247306,Berry,Rosaz,Senior Staff
247311,Pranay,Bolsens,Senior Staff
247312,Atreyi,Parfitt,Senior Staff
247315,Fei,Lorho,Senior Staff
247318,Sarita,Baek,Senior Engineer
247322,Samphel,Biran,Senior Staff
247323,Shaz,Godskesen,Senior Staff
247327,Navid,Itzigehl,Senior Staff
247329,Syozo,Boyle,Senior Engineer
247331,Lucian,Farris,Senior Engineer
247332,Hugo,Gerlach,Engineer
247335,Dante,Bottner,Engineer
247336,Cheong,Nitto,Senior Engineer
247338,Giri,Pardalos,Senior Engineer
247355,Chenye,Koyama,Engineer
247357,Geoffry,Badache,Engineer
247358,Aluzio,Chenney,Technique Leader
247360,Saeed,Schurmann,Staff
247362,Junichi,Gewali,Staff
247369,Renee,Swen,Staff
247373,Hailing,Yavatkar,Senior Engineer
247374,Mooi,Dalphin,Senior Engineer
247377,Yurij,Bondorf,Senior Engineer
247384,Zhigen,Junet,Senior Engineer
247386,Mayuri,Rabehasaina,Staff
247391,Hironobu,Tetzlaff,Senior Engineer
247392,Erzsebet,Hinsberger,Engineer
247395,Xiaoshan,Gargeya,Staff
247396,Wonhee,Perly,Engineer
247400,Huei,Chappelet,Senior Engineer
247401,Sudharsan,Iivonen,Senior Staff
247402,Mart,Ermel,Staff
247408,Aamod,Perez,Senior Engineer
247410,Arif,Spataro,Engineer
247411,Anyuan,Hedayat,Senior Staff
247412,Jaihie,Brodie,Senior Staff
247418,Kensyu,Pokrovskii,Staff
247427,Uinam,Schaaf,Senior Engineer
247428,Parke,Hofstetter,Staff
247429,Lorien,Shrader,Engineer
247434,Yoshinari,Horswill,Staff
247437,King,Stamatiou,Senior Engineer
247438,Giri,Neiman,Senior Staff
247442,Mantis,Fordan,Senior Engineer
247446,Paddy,Comte,Staff
247449,Anneli,Percebois,Engineer
247453,Khoa,Flasterstein,Senior Staff
247458,Minghong,Monkewich,Staff
247472,Mayuko,Rossi,Senior Engineer
247475,Krisda,Zlotek,Senior Engineer
247477,Alenka,Kropp,Senior Staff
247478,Yongmin,Negoita,Staff
247479,Guenter,Terlouw,Senior Engineer
247485,Mrinalini,Luby,Senior Staff
247488,Rildo,Riesenhuber,Staff
247499,Sasan,Kaiserswerth,Engineer
247501,Sadegh,Schlenzig,Engineer
247502,Yinlin,Iivonen,Senior Staff
247503,Jeong,Setia,Senior Staff
247509,Dinah,Jiafu,Engineer
247511,Padma,Goodrum,Staff
247513,Berthier,Rullman,Senior Engineer
247514,Martina,Zobel,Engineer
247518,Yefim,Siprelle,Senior Engineer
247519,Hatim,Demian,Senior Staff
247528,Greger,Dymetman,Engineer
247533,Danai,Tokunaga,Senior Engineer
247534,Eran,Gulak,Senior Staff
247537,Muzhong,Eldridge,Senior Engineer
247538,Fatemeh,Verspoor,Senior Staff
247540,Parviz,Murthy,Staff
247541,Heejo,Bednarek,Senior Staff
247546,Froduald,Markovitch,Senior Engineer
247547,Katsuyuki,Fetvedt,Senior Engineer
247548,Giri,Majewski,Senior Staff
247553,Elzbieta,Fadgyas,Senior Engineer
247556,Narain,Impagliazzo,Senior Staff
247559,Yechezkel,Szilard,Senior Staff
247564,Douadi,Zschoche,Senior Staff
247568,Hideo,Kadhim,Senior Engineer
247569,Toshimori,Cesareni,Engineer
247577,Yuqun,Pileggi,Senior Engineer
247578,Sudhanshu,Luef,Senior Staff
247584,Jinxi,Wynblatt,Engineer
247586,Isaac,Hashii,Assistant Engineer
247590,Venkatesan,Chinen,Senior Engineer
247591,Carrsten,Erva,Engineer
247593,Claude,Schusler,Senior Engineer
247594,Paraskevi,Showalter,Senior Engineer
247596,Jenwei,Georgakopoulos,Senior Staff
247598,Shigeu,Xiaoshan,Senior Staff
247603,Kyoichi,Baak,Senior Engineer
247604,Jouko,Himler,Staff
247606,Parto,Rosaz,Staff
247617,Kazuhiko,Pero,Senior Staff
247618,Shahaf,Chinin,Staff
247621,Jungsoon,Fendler,Senior Engineer
247622,Renee,Kranzdorf,Technique Leader
247624,Aamer,Dulli,Engineer
247632,Remzi,Binkley,Engineer
247634,Shiv,Axelband,Engineer
247645,Feiyu,Sundgren,Engineer
247647,Anyuan,Matzel,Senior Staff
247654,Arie,Poulakidas,Senior Engineer
247655,Alain,Neimat,Senior Engineer
247656,Maik,Perna,Senior Engineer
247658,Sushant,Honglei,Staff
247661,Khue,Sabnani,Engineer
247667,Pranjal,Egerstedt,Technique Leader
247675,Toong,Stemann,Engineer
247677,Weidon,Kavvadias,Senior Staff
247678,Vugranam,Khalid,Senior Engineer
247681,Alejandra,Muniz,Senior Engineer
247689,Gennadi,Fadgyas,Senior Engineer
247691,Mechthild,Oberman,Staff
247697,Tesuro,VanScheik,Engineer
247701,Hironoby,Lores,Staff
247702,Elzbieta,Vidal,Technique Leader
247704,Juichirou,Trumbly,Assistant Engineer
247706,Goa,Sethi,Senior Staff
247708,Armond,Hambrick,Staff
247714,Vivian,Swist,Senior Staff
247715,Harjit,Scharstein,Senior Staff
247716,Gonzalo,Lundstrom,Engineer
247718,Toshimori,Murthy,Staff
247720,Bouchung,Kaiser,Senior Engineer
247722,Roselyn,Molenkamp,Staff
247728,Marit,Muntz,Senior Staff
247729,Filipp,Morris,Senior Engineer
247731,Khatoun,Kopetz,Engineer
247735,Florina,Anick,Senior Engineer
247738,Marjo,Reeken,Senior Engineer
247739,Stabislas,Fendler,Engineer
247741,Padma,Vigier,Technique Leader
247743,Toshimo,Birsak,Senior Staff
247744,Sajjad,Honiden,Senior Staff
247750,Isaac,Sigstam,Engineer
247758,Theron,Sidhu,Engineer
247761,Kazunori,Bresenham,Senior Engineer
247763,Remzi,Cincotta,Senior Engineer
247769,Vugranam,Melton,Senior Engineer
247774,Pranay,Jeansoulin,Senior Engineer
247777,Shen,Herath,Senior Engineer
247778,Richara,Budinsky,Engineer
247779,Mabry,Servi,Senior Engineer
247781,Takahito,Bamford,Senior Engineer
247784,Ortrud,Kaelbling,Senior Staff
247790,Goo,Apsitis,Senior Engineer
247800,Yuuichi,Ranum,Staff
247802,Dhritiman,Winter,Senior Engineer
247805,Shounak,McConalogue,Engineer
247807,Aemilian,Azumi,Technique Leader
247808,Sadun,Mitina,Senior Engineer
247810,Heekeun,Bail,Engineer
247816,Nathalie,Provine,Engineer
247817,Chaoyi,Morrow,Senior Engineer
247824,Dulce,Spieker,Engineer
247825,Luise,Hooghiemstra,Senior Staff
247826,Xiaoheng,Kopetz,Senior Staff
247827,Arif,Lund,Senior Staff
247836,Peternela,Busillo,Staff
247844,Bodh,Matzat,Engineer
247855,Shao,Yamaashi,Senior Staff
247858,Conor,Fritzsche,Senior Engineer
247860,Inderjeet,Ruther,Senior Staff
247863,Pranav,Bugaenko,Senior Engineer
247872,Ger,Imataki,Senior Staff
247876,Felicidad,Beetstra,Senior Engineer
247877,Amabile,Jarecki,Senior Staff
247878,Doohun,Peha,Senior Staff
247879,Huei,Mawatari,Senior Engineer
247880,Saniya,Oxenboll,Staff
247882,Gino,Gimbel,Staff
247887,Ashish,Preusig,Senior Staff
247889,Ghassan,Litvinov,Staff
247893,Ute,Gimbel,Senior Staff
247895,Gadiel,Scallan,Senior Staff
247898,Karoline,Krohn,Senior Staff
247899,Foong,Uhrik,Senior Staff
247900,Tuval,Denis,Senior Engineer
247910,Mohan,Merli,Senior Engineer
247911,Reinhold,Cangellaris,Engineer
247913,Lidong,Hiroyama,Technique Leader
247917,Oscar,Chinin,Senior Staff
247918,Oksana,Gornas,Staff
247919,Volkmar,Piveteau,Senior Engineer
247920,Shunichi,Miculan,Senior Staff
247924,Danny,Pezzoli,Senior Engineer
247940,Mong,Mayerwieser,Senior Staff
247942,Marjo,Merle,Engineer
247946,Sham,Burnard,Senior Staff
247950,Shen,VanScheik,Staff
247951,Heeju,Rando,Staff
247953,Vitali,Danlos,Staff
247959,Moni,Piancastelli,Technique Leader
247960,Rance,Ozeki,Senior Engineer
247963,Charlene,Back,Senior Engineer
247967,Denny,Varker,Technique Leader
247968,Pintsang,Zweizig,Senior Staff
247971,Berni,Zweizig,Senior Staff
247973,Xuejun,Simmel,Senior Engineer
247976,Magdalena,Bernardinello,Senior Staff
247979,Siamak,Seiwald,Senior Engineer
247980,Chikako,Cusworth,Senior Engineer
247984,Gaetan,Srimani,Senior Staff
247990,Muneo,Birjandi,Staff
247993,Tzvetan,Erbe,Senior Engineer
247995,Valeri,Fujisaki,Engineer
248000,Turgut,Thorensen,Engineer
248001,Fumitake,Grandbois,Senior Engineer
248008,Georgi,Wuwongse,Senior Engineer
248009,Heng,Magliocco,Senior Staff
248012,Shirish,Menhoudj,Senior Engineer
248014,Mitsuyuki,Hennings,Senior Engineer
248016,Martins,Swab,Senior Staff
248019,Adel,McDermid,Senior Staff
248023,Sverrir,Badache,Senior Engineer
248024,Jolita,Marchesini,Senior Staff
248029,Angel,Minakawa,Senior Staff
248030,Arne,Homond,Engineer
248032,Adhemar,Ossenbruggen,Engineer
248033,Vojin,Erez,Senior Staff
248034,Adit,Kakkad,Senior Engineer
248035,Chikako,Maraist,Engineer
248038,Golgen,Stellhorn,Senior Engineer
248045,Mack,Sridhar,Senior Engineer
248047,Kwangjo,Lorho,Engineer
248048,Herb,Pena,Senior Staff
248049,Lunjin,Henseler,Engineer
248050,Conrado,Simmen,Senior Staff
248055,Girolamo,Karlin,Senior Staff
248056,Suzette,Kroha,Senior Engineer
248059,Kristof,Fujisawa,Technique Leader
248063,Lidong,Genther,Technique Leader
248066,JiYoung,Hebden,Senior Engineer
248070,Gian,Yeung,Senior Engineer
248073,Tse,Sigstam,Engineer
248079,Jahangir,Berstel,Engineer
248081,Haldon,Backhouse,Engineer
248083,Zdislav,Wielonsky,Technique Leader
248084,Noritoshi,Renear,Engineer
248085,Emdad,Marciano,Senior Engineer
248086,Shaibal,Bouloucos,Engineer
248087,Christoph,Engelmann,Senior Engineer
248088,Toney,Ulupinar,Senior Engineer
248091,Leandro,Mullainathan,Senior Engineer
248092,Macha,Marzano,Senior Staff
248095,Maren,Pearson,Senior Staff
248096,Duri,Brandsma,Engineer
248099,Perry,Lowrie,Senior Staff
248100,Padma,Eiter,Senior Staff
248101,Ortrud,Kowalchuk,Engineer
248104,Ekawit,Molberg,Senior Staff
248117,Miyeon,Asrin,Senior Staff
248119,Arunachalam,Montemayor,Senior Engineer
248122,Fatemeh,Usdin,Senior Engineer
248125,Golgen,Rosaz,Senior Engineer
248129,Kazuhito,Matheson,Senior Engineer
248130,Jacqueline,Bahr,Senior Staff
248134,Fayez,Bernardeschi,Technique Leader
248136,Golgen,Conry,Senior Engineer
248138,Unal,Foong,Senior Engineer
248140,Uwe,Thorensen,Engineer
248141,Karlis,Pietracaprina,Staff
248144,Georgi,Conti,Senior Engineer
248146,Xinyu,Birch,Senior Staff
248152,Ger,Gustavson,Engineer
248154,Babette,Rodite,Senior Engineer
248156,Ekawit,Dredge,Staff
248158,Chaosheng,Ranta,Senior Staff
248159,Brewster,Szmurlo,Senior Engineer
248163,Lunjin,Akiyama,Technique Leader
248167,Xudong,Sevcikova,Senior Staff
248168,Rimli,VanScheik,Senior Staff
248172,Alassane,Couchot,Senior Staff
248177,Valeri,Ermel,Senior Engineer
248192,Erez,Srimani,Senior Staff
248193,Xiaoshan,Peres,Senior Staff
248195,Chuanti,Masand,Engineer
248196,Odinaldo,Setlzner,Technique Leader
248198,Shugo,Levergood,Engineer
248202,Serap,Chvatal,Engineer
248209,Sumant,Luke,Staff
248214,Kazuhito,Hennings,Staff
248219,Parviz,Levasseur,Senior Engineer
248222,Luigi,Pellegrinelli,Senior Staff
248224,Baruch,Ranta,Senior Staff
248227,Zhiguo,Spell,Senior Engineer
248230,Eberhardt,Barvinok,Technique Leader
248232,Hinrich,Rodiger,Staff
248233,Annemarie,Dayana,Technique Leader
248234,Ziyad,Constantine,Senior Staff
248236,Guttorm,Gammage,Staff
248241,Magdalena,Pashtan,Senior Staff
248244,Elvia,Gelosh,Senior Engineer
248245,Kwangyoen,Ramaiah,Engineer
248250,Mrinalini,Langford,Engineer
248252,Tsvetan,Brendel,Senior Staff
248254,Kazuhito,Brickell,Staff
248257,Apostol,Haumacher,Senior Staff
248259,Tze,Serre,Senior Engineer
248264,Niteen,Ligten,Senior Engineer
248265,Alain,Hegner,Engineer
248266,Siamak,Serra,Engineer
248267,Barun,Flowers,Senior Engineer
248268,Ger,Wendorf,Senior Staff
248270,Danco,Ozery,Senior Staff
248277,Yinlin,Boyle,Senior Staff
248282,Chinya,Brookner,Technique Leader
248290,Alexius,Zastre,Senior Engineer
248292,Arunas,Bugrara,Senior Engineer
248295,Francesca,Rathonyi,Senior Staff
248297,Navid,Panwar,Senior Engineer
248303,Subir,Hambrick,Senior Engineer
248304,Xiaoshan,Krohn,Senior Engineer
248308,Emran,Setiz,Senior Engineer
248310,Christophe,Ratnakar,Senior Engineer
248312,Sanjit,Bierman,Senior Staff
248320,Phuoc,Rehfuss,Senior Engineer
248324,Rimli,Minakawa,Senior Engineer
248327,Xuejia,Siprelle,Senior Staff
248331,Salvador,Thummel,Staff
248335,Gaetan,Tibblin,Technique Leader
248336,Amstein,Vitiello,Senior Staff
248337,Guoxiang,Krogh,Engineer
248340,Maris,Dalphin,Engineer
248341,Eckart,Businaro,Senior Engineer
248343,Palash,Birdsall,Engineer
248345,Mana,Fraisse,Staff
248350,Huiqun,Stroustrup,Senior Engineer
248352,Xinan,Nannarelli,Senior Staff
248353,Aleksander,Genther,Staff
248356,Shuichi,Rodham,Senior Engineer
248357,Pramod,Suermann,Senior Engineer
248361,Luigi,Axelband,Senior Staff
248364,Shimshon,Bael,Senior Engineer
248368,Bernt,Ibel,Senior Engineer
248374,Dipankar,Speckmann,Senior Engineer
248377,Felicidad,Luks,Senior Engineer
248382,Malu,Kruskal,Senior Engineer
248385,Lucian,Melton,Senior Engineer
248386,Yannik,Ernst,Senior Engineer
248387,Gro,Bade,Senior Staff
248389,Yunming,Weedon,Senior Staff
248395,Honglan,Douceur,Engineer
248409,Chaosheng,Perl,Senior Engineer
248411,Valery,Suwa,Senior Staff
248414,Shushma,Staylopatis,Senior Engineer
248416,Lubomir,Ferretti,Senior Engineer
248419,Toshimo,Ranst,Staff
248426,Adib,Dalphin,Senior Staff
248431,Leah,Fiebach,Senior Engineer
248434,Danae,Silva,Senior Engineer
248436,Anyuan,Bahl,Staff
248437,Frederique,Porotnikoff,Senior Staff
248440,Odoardo,Baaz,Staff
248442,Kousuke,Ishibashi,Engineer
248443,Zengping,Melton,Senior Staff
248450,Xiaoheng,Zongker,Senior Engineer
248451,Katsuo,Pappas,Senior Engineer
248454,Seongbae,Swab,Senior Staff
248456,Jinpo,Brender,Senior Staff
248458,Gro,Deverell,Engineer
248459,Spyrose,Talmor,Engineer
248462,Filipe,Gecsei,Senior Engineer
248475,Masoud,Wursthorn,Senior Engineer
248478,Baocai,Woycyznski,Senior Staff
248479,Gila,Alameldin,Senior Staff
248481,Chikara,Gulak,Senior Staff
248486,Karoline,Nishimukai,Senior Staff
248487,Sajjan,Openshaw,Senior Engineer
248500,Kokou,Rajaraman,Senior Staff
248502,Sham,Vecchi,Senior Engineer
248509,Kazuhira,Ramras,Staff
248513,Bangqing,Masada,Senior Staff
248515,Duro,Swiler,Senior Staff
248520,Collette,Pietrzykowski,Staff
248524,Jayesh,Huxford,Engineer
248529,Pasqua,Maquelin,Senior Engineer
248530,Samphel,Avouris,Technique Leader
248533,Satosi,Condotta,Senior Engineer
248536,Vesna,Khasidashvili,Senior Staff
248537,Fumino,Cyne,Engineer
248541,Kristina,Curless,Senior Engineer
248542,Pranay,Hitomi,Senior Engineer
248544,Basim,Murrill,Senior Staff
248554,Arumugam,Muchinsky,Senior Engineer
248555,Margo,Pfau,Senior Staff
248567,Vincent,Vural,Senior Staff
248568,Tremaine,Weedman,Engineer
248571,Jiakeng,Vesna,Senior Staff
248572,Filipp,Fetvedt,Senior Staff
248573,Koichi,Kaiser,Engineer
248580,Flemming,Borovoy,Senior Staff
248583,Herbert,Panangaden,Senior Staff
248585,Oscal,Swiler,Senior Staff
248586,Divier,VanScheik,Senior Engineer
248589,Adam,Schlegelmilch,Staff
248593,Sreenivas,Lindqvist,Senior Staff
248599,Chinhyun,Luit,Senior Staff
248600,Gio,Condotta,Senior Staff
248609,Eirik,Chimia,Engineer
248611,Reinhold,Itzigehl,Senior Engineer
248614,TRUE,Rodiger,Staff
248619,Yannis,Ashish,Senior Engineer
248622,Limsoon,Isaak,Senior Engineer
248623,Miyeon,Gewali,Staff
248626,Yolla,Gruenwald,Senior Engineer
248627,Arvin,Desikan,Senior Staff
248631,Sungwon,Pezzoli,Senior Staff
248632,Zijian,Clemencon,Senior Staff
248633,Kyoichi,Guardalben,Staff
248637,Chuanti,Serre,Technique Leader
248640,Jessie,Eiter,Senior Staff
248642,Harjit,Shihab,Senior Staff
248648,Zhiwei,Schlenzig,Senior Engineer
248650,Vitali,Onuegbe,Senior Staff
248659,Yoshimitsu,Encarnacion,Senior Engineer
248663,Mart,Ratzlaff,Senior Engineer
248665,Piyawadee,Herath,Senior Engineer
248669,Mansur,Perz,Staff
248672,Paris,Schach,Senior Staff
248675,Shahar,Schach,Senior Staff
248680,Licheng,Leuchs,Engineer
248682,Guenter,Birnbaum,Senior Engineer
248686,Danil,Awdeh,Senior Staff
248688,Percy,Zlotek,Senior Engineer
248691,Conor,Ramaiah,Engineer
248700,Poornachandra,Krichel,Senior Staff
248706,Panayotis,Azuma,Senior Staff
248707,Bezalel,Rajala,Engineer
248710,Fabrizio,Hockney,Senior Staff
248711,Masato,Sgarro,Engineer
248713,Valter,Gaughan,Engineer
248715,Rutger,Broomell,Engineer
248718,Abdelaziz,Pezzoli,Assistant Engineer
248719,Chenxi,Erol,Technique Leader
248731,Tzvetan,Legleitner,Senior Engineer
248733,Taiji,Panangaden,Senior Engineer
248734,Mostafa,Ranst,Senior Engineer
248738,Kwok,Giveon,Senior Engineer
248740,Yuguang,Zeidenstein,Staff
248741,Krassimir,Parhami,Senior Staff
248743,Leif,Bahr,Senior Engineer
248750,Erzsebet,Iisaka,Staff
248755,Kyoichi,Ranka,Technique Leader
248761,Marin,Lores,Senior Engineer
248765,Vidar,Schaft,Engineer
248770,Franziska,McAlpine,Senior Engineer
248772,Dante,Antonisse,Engineer
248775,Lokesh,Hiraishi,Senior Engineer
248784,Slavian,Hiroyama,Senior Engineer
248787,Marsal,Callaway,Senior Engineer
248792,Marie,Bharadwaj,Senior Staff
248801,Miomir,Schapiro,Assistant Engineer
248808,Tran,Valiente,Senior Staff
248814,Demos,Bahi,Engineer
248818,Yefim,Suomi,Senior Staff
248820,Howell,Seiwald,Technique Leader
248821,Mack,Ritzmann,Senior Engineer
248826,Jaana,Oxenboll,Technique Leader
248827,Kazuhisa,Encarnacion,Senior Engineer
248843,Subbu,Servi,Senior Staff
248845,Paloma,Schmezko,Senior Engineer
248846,Mooi,Haldar,Senior Staff
248849,Rafols,Xiaoshan,Senior Staff
248852,Oldrich,Kalloufi,Senior Staff
248859,Arvind,Baar,Senior Staff
248860,Sreenivas,Carrere,Senior Engineer
248871,Bokyung,Ozeki,Senior Staff
248872,Vishv,Schmiedel,Engineer
248873,Brigham,Neimat,Staff
248885,Xiong,Kieras,Senior Staff
248888,Chikara,Thiran,Senior Engineer
248891,Torsten,Guenter,Senior Engineer
248893,Gonzalo,Kalsbeek,Senior Engineer
248896,Zhaofang,Waleschkowski,Staff
248902,Lihong,Esteva,Senior Staff
248905,Sandeepan,Bakhtari,Staff
248906,Paris,Beeson,Senior Staff
248908,Adit,Peha,Engineer
248910,Bojan,Munos,Senior Staff
248911,Alagu,Peyn,Engineer
248912,Georg,Ladret,Staff
248916,Lucian,Brobst,Engineer
248918,Sanjiv,Erol,Assistant Engineer
248920,Gudjon,Plesums,Engineer
248921,Kersti,Esposito,Senior Staff
248923,Brewster,Krichel,Engineer
248924,Shooichi,Swab,Senior Staff
248927,Stevo,Kruskal,Senior Staff
248933,Insup,Miyakawa,Senior Staff
248939,Paris,Ghelli,Staff
248943,Domenico,Majewski,Assistant Engineer
248944,Matt,Angiulli,Engineer
248947,Marke,Bazelow,Senior Engineer
248950,Arco,Olivero,Staff
248951,Matt,Zultner,Engineer
248957,Tomokazu,Peyn,Senior Staff
248959,Elrique,Noriega,Senior Staff
248962,Nevin,Wendorf,Senior Staff
248965,Mack,Spinelli,Senior Staff
248967,Adamantios,Katiyar,Technique Leader
248968,Eric,Luan,Senior Staff
248973,Slavian,Akaboshi,Senior Staff
248976,Sasan,Vidya,Staff
248977,Shim,Haldar,Engineer
248978,Lihong,Escriba,Engineer
248979,Bezalel,Pezzoli,Senior Staff
248980,Tomokazu,Casperson,Senior Staff
248988,Lokesh,Wynblatt,Staff
248989,Radoslaw,Giarratana,Senior Engineer
248991,Maik,Ghandeharizadeh,Technique Leader
248994,Heping,Picaronny,Senior Staff
248996,Basim,Sewelson,Senior Staff
249000,Sarita,Plump,Senior Staff
249003,Saniya,Bondorf,Senior Engineer
249011,JoAnne,Fargier,Senior Staff
249013,Godehard,Rissanen,Engineer
249016,Remko,Engberts,Senior Staff
249020,Mototsugu,Hettesheimer,Staff
249032,Weicheng,Levergood,Senior Staff
249034,Arun,Ranum,Technique Leader
249035,Toney,Bierman,Technique Leader
249037,Divier,Alencar,Senior Engineer
249041,Masato,Nollmann,Technique Leader
249045,Dinkar,Businaro,Senior Staff
249052,Houman,Awdeh,Assistant Engineer
249057,Tokuyasu,Riexinger,Senior Staff
249059,Kousuke,Krichel,Senior Staff
249061,Reuven,Kornatzky,Senior Staff
249063,Oguz,Bellone,Senior Staff
249065,Tru,Gien,Engineer
249067,Geoff,Hasenauer,Technique Leader
249072,Kristin,Raczkowsky,Staff
249075,Abdulla,Back,Senior Engineer
249076,Hidefumi,Azevdeo,Senior Engineer
249078,Tremaine,Orlowska,Senior Engineer
249081,Zhonghui,Minakawa,Senior Staff
249082,Chikako,Mullainathan,Senior Engineer
249084,Sadun,DiGiano,Senior Staff
249089,Abdulla,Moehrke,Senior Engineer
249091,Byong,Miara,Senior Engineer
249093,Koldo,Sridhar,Senior Engineer
249094,Subhrajyoti,Siepmann,Assistant Engineer
249097,Surveyors,Cappello,Senior Staff
249101,Mantis,Akazan,Senior Staff
249104,Dante,Glinert,Staff
249108,Theirry,Reistad,Senior Engineer
249110,Yongmao,Lund,Staff
249112,Kasidit,Steenbeek,Engineer
249113,Munehiko,Olano,Engineer
249117,Ugo,Silva,Technique Leader
249119,Hisao,Georgakopoulos,Engineer
249120,Achilleas,Streng,Senior Engineer
249121,Pantung,Turnbull,Senior Engineer
249127,Jaideep,Peot,Senior Engineer
249133,Shem,Escriba,Senior Staff
249137,Mayuko,Heystek,Senior Staff
249140,Hatem,Glinert,Senior Staff
249142,Xinyu,Cunliffe,Senior Staff
249150,Kauko,Vecchio,Senior Staff
249152,Rafols,Shobatake,Senior Engineer
249153,Arfst,Bridgland,Senior Staff
249158,Tru,Pargas,Senior Engineer
249159,Marjo,Dichev,Senior Staff
249161,Baziley,Stanfel,Staff
249163,Dines,Boguraev,Senior Staff
249166,Yuguang,Cooley,Senior Staff
249170,Masaru,Clouatre,Engineer
249174,Adam,Vernadat,Senior Engineer
249185,Wuxu,Schreiter,Senior Engineer
249193,Fan,Radhakrishnan,Senior Engineer
249194,Yongmin,Gimbel,Senior Engineer
249204,Kazuyasu,Hoogerwoord,Engineer
249205,Nigel,Ghemri,Staff
249214,Serenella,Portugali,Staff
249215,George,Conti,Engineer
249222,Sverrir,Srimani,Senior Engineer
249225,Luise,Horswill,Engineer
249226,Pranav,Hopewell,Senior Staff
249227,Manton,Chorvat,Engineer
249233,Mara,McAffer,Senior Engineer
249237,Moti,Ciolek,Senior Engineer
249238,Khaled,Lampe,Senior Staff
249245,Ramzi,Baaz,Senior Staff
249252,Ibibia,Daescu,Engineer
249259,Shigenori,Ertl,Engineer
249261,Gil,Pettis,Senior Staff
249265,Hitomi,Asmuth,Staff
249268,Manu,Solares,Senior Staff
249274,Khalil,Biran,Senior Engineer
249276,Arra,Matheson,Senior Staff
249277,Vidya,Suomi,Engineer
249278,Panayotis,Vernadat,Staff
249281,Kellyn,Narahari,Senior Staff
249284,Bingning,Gopalakrishnan,Staff
249288,Youngkon,Marsiglia,Engineer
249299,Shaleah,Hebert,Senior Engineer
249306,Sadok,Bahl,Staff
249312,Katsuyuki,Pardalos,Senior Engineer
249316,Sajjad,Botman,Senior Engineer
249318,Visit,Frolund,Senior Engineer
249324,Chinya,Androutsos,Engineer
249333,Patricio,Zaiane,Engineer
249337,Janche,Aingworth,Senior Engineer
249339,Seongbin,Coors,Senior Engineer
249341,Miquel,Reinhart,Senior Staff
249343,Radhika,Zumaque,Senior Engineer
249354,Kazuhiko,Vigier,Staff
249355,Manu,Kalafatis,Senior Staff
249356,Noritoshi,Peng,Senior Engineer
249359,Piyush,Penz,Senior Engineer
249363,TRUE,Vandervoorde,Senior Engineer
249366,Breannda,Conia,Senior Staff
249368,Danae,Ramamoorthy,Senior Engineer
249369,Lidong,Chinen,Senior Engineer
249377,Xudong,Sichman,Senior Staff
249380,Tremaine,Zaccaria,Senior Engineer
249381,Guiseppe,Chappelet,Senior Engineer
249383,Nagui,Chachaty,Staff
249385,Mart,dAstous,Senior Engineer
249387,Geraldo,Bharadwaj,Senior Staff
249390,Utpal,Schusler,Senior Engineer
249394,Shiv,Crabtree,Senior Engineer
249395,Shooichi,Falby,Senior Staff
249399,Aran,Eugenio,Senior Engineer
249400,Honesty,Krider,Engineer
249404,Perry,Panwar,Assistant Engineer
249409,Mrinalini,Soicher,Senior Staff
249410,Caolyn,Comyn,Assistant Engineer
249411,Kwan,Gulik,Senior Staff
249414,Morrie,Zuberek,Senior Staff
249415,Panayotis,Noriega,Senior Engineer
249417,Heng,DasSarma,Senior Engineer
249420,Mountaz,Junet,Senior Engineer
249422,Adhemar,Bisiani,Senior Staff
249427,Siamak,Zobel,Senior Engineer
249429,Gill,Hainaut,Senior Engineer
249434,Patricio,Emmerich,Engineer
249436,Ioana,Herber,Senior Engineer
249437,Fai,Spieker,Senior Staff
249439,Billur,Sidhu,Engineer
249440,Niclas,McAlpine,Staff
249441,Nevio,Spell,Assistant Engineer
249442,Rosli,Chaudhuri,Senior Engineer
249444,Jasminko,Junot,Senior Staff
249453,Shim,Merle,Senior Engineer
249455,Tooru,Mapelli,Engineer
249457,Gonzalo,Frezza,Senior Staff
249466,Uta,Middleton,Senior Staff
249468,Yakkov,Ibel,Senior Staff
249470,Kristina,Papadias,Technique Leader
249471,Huan,Michaeli,Senior Staff
249474,Steen,Gustavson,Senior Staff
249479,Pintsang,Brodal,Senior Engineer
249485,Shichao,Gyimothy,Technique Leader
249488,Yinghua,Perin,Engineer
249492,Candido,Morris,Senior Engineer
249493,Harjit,Benantar,Senior Staff
249494,Boaz,Ranum,Senior Staff
249502,Nevin,Kilgour,Senior Staff
249506,Alagu,Braunschweig,Senior Staff
249507,Tommaso,Sommer,Senior Staff
249513,Minghong,Anick,Senior Staff
249515,Dinkar,Carrera,Senior Engineer
249520,Chenye,Kemmerer,Senior Engineer
249521,Lunjin,Luan,Engineer
249522,Shaibal,Nastansky,Assistant Engineer
249525,Mokhtar,Straney,Senior Staff
249527,Emdad,Esposito,Senior Staff
249528,Bader,Spataro,Senior Engineer
249529,Somnath,Eugenio,Engineer
249533,Indrajit,Lienhardt,Engineer
249534,Tran,Zykh,Senior Engineer
249535,Gopalakrishnan,Camurati,Senior Engineer
249547,Gen,Uchoa,Senior Staff
249548,Freyja,Jiafu,Engineer
249549,Hitomi,Skafidas,Senior Engineer
249557,Shaw,Luon,Senior Staff
249558,Ortrud,Schlegelmilch,Engineer
249559,Yuichiro,Flanders,Senior Engineer
249560,Eckart,Bazzichi,Senior Staff
249567,Mostafa,Yetto,Senior Staff
249568,Khosrow,Crelier,Senior Engineer
249570,Sigeru,Lichtner,Senior Staff
249571,Changho,Ozeri,Technique Leader
249575,Kristen,Zeilberger,Senior Engineer
249577,Tommaso,Ranze,Senior Engineer
249578,Atreyi,Cheshire,Senior Engineer
249584,Fumiko,Jumpertz,Senior Engineer
249585,Martina,Farrel,Senior Staff
249589,Sudhanshu,Rijckaert,Senior Engineer
249590,Hein,Borstler,Senior Engineer
249591,Shaw,Mersereau,Senior Engineer
249593,Valery,Bhattacharjee,Senior Staff
249602,Feiyu,Munos,Senior Staff
249603,Xiaopeng,Seuren,Staff
249607,Yongqiao,Mahnke,Senior Engineer
249609,Kasturi,Pietrzykowski,Senior Staff
249610,Tesuya,Puppe,Senior Staff
249611,Aemilian,Pouyioutas,Senior Engineer
249613,Magy,Onuegbe,Senior Staff
249619,Steve,Selvestrel,Senior Engineer
249623,Nikolaus,Nitsch,Senior Engineer
249624,Morris,Brandsma,Senior Staff
249638,Mara,Redmiles,Senior Engineer
249639,Berni,Conry,Senior Engineer
249642,Yonghong,dAstous,Senior Engineer
249643,Shawna,Lindqvist,Senior Engineer
249645,Cathie,Pokrovskii,Senior Engineer
249646,Alper,Boudaillier,Senior Engineer
249650,Sachin,Perri,Senior Staff
249654,JoAnna,Zizka,Senior Staff
249658,Lenore,Bernardeschi,Engineer
249663,Xuedong,Braccini,Staff
249666,Vishv,Mitchem,Senior Engineer
249667,Shawna,Walston,Senior Staff
249671,Lenore,Chimia,Senior Staff
249673,Naraig,Klerer,Senior Staff
249680,Gonzalo,Underwood,Senior Engineer
249684,Aram,Hockney,Staff
249688,Eldridge,Wendorf,Staff
249692,Navid,Hedayat,Engineer
249694,Uriel,Hutton,Senior Engineer
249695,Jeanna,Bugaenko,Senior Engineer
249696,Elrique,Whitcomb,Senior Engineer
249697,Mario,Kuzuoka,Senior Engineer
249703,Masaru,Fendler,Staff
249704,Isaac,Bhattacharjee,Senior Engineer
249708,Anoosh,Orlowski,Technique Leader
249711,Georg,Zambonelli,Senior Staff
249714,Xumin,Vigier,Senior Engineer
249719,Xiaoheng,Staudhammer,Staff
249720,Dipayan,Strehl,Senior Staff
249721,Nigel,McConalogue,Staff
249726,Jinxi,Kalorkoti,Senior Engineer
249729,Aiichiro,Redmiles,Senior Engineer
249731,Fumitaka,Weiland,Senior Engineer
249732,Kolar,Hiroyama,Senior Staff
249733,Kristian,Narahara,Staff
249736,Mari,Polajnar,Technique Leader
249739,Janalee,Salinas,Senior Staff
249741,Arun,Kumaresan,Engineer
249745,Vasiliy,Mayerwieser,Engineer
249748,Zhongwei,Ozeri,Senior Staff
249749,Sudhanshu,Murthy,Senior Staff
249750,Sampalli,Koblitz,Senior Staff
249752,Ibibia,Perl,Senior Staff
249753,Jaques,Heemskerk,Engineer
249755,Lorien,Noriega,Senior Staff
249758,Serge,Klerer,Technique Leader
249761,Mayumi,Hoppenstand,Technique Leader
249762,Dinah,Rodham,Senior Staff
249763,Josyula,Feldmann,Senior Staff
249765,Apostol,Oxenboll,Senior Engineer
249766,Alain,Fontet,Staff
249781,Yurij,Standera,Technique Leader
249787,Maya,Butner,Senior Engineer
249790,Mikhail,Reinhart,Staff
249797,Arra,Snyers,Staff
249798,Vugranam,Miculan,Senior Staff
249800,Willard,Zlotek,Senior Staff
249802,Rasiah,Pearson,Engineer
249803,Stevo,Gammage,Engineer
249805,Kitty,Bazzichi,Senior Engineer
249806,Mantis,Ratnaker,Senior Engineer
249809,Xuejun,Peot,Senior Staff
249819,Suvo,Farrag,Technique Leader
249822,Sergi,Cairo,Senior Staff
249827,Michaela,Perna,Senior Staff
249830,Willard,Simmen,Senior Engineer
249832,Khosrow,Peng,Technique Leader
249842,Zorica,Chiola,Senior Engineer
249843,Visit,Kandlur,Engineer
249844,Sariel,Schueller,Senior Engineer
249845,Nahum,Theuretzbacher,Staff
249848,Demin,Harllee,Engineer
249852,Ziya,Schade,Senior Staff
249859,Ishfaq,Kieras,Staff
249861,Itzchak,Kornyak,Senior Engineer
249862,Rildo,Magalhaes,Senior Engineer
249863,Masali,Chiola,Senior Staff
249867,Zijian,Shokrollahi,Senior Engineer
249869,Divier,Hooghiemstra,Staff
249875,Zhensheng,Marrakchi,Engineer
249879,Heather,Chenney,Technique Leader
249880,Zito,Eickenmeyer,Senior Engineer
249886,Radhika,Rossi,Engineer
249891,Chinho,Sinicrope,Engineer
249892,Shigenori,Gonthier,Staff
249896,Zhigen,Deville,Technique Leader
249900,Kasturi,Janocha,Senior Engineer
249902,Samphel,Rabejac,Engineer
249904,Kazuhiro,Asmuth,Senior Engineer
249907,Odoardo,Kumaresan,Technique Leader
249908,Toshiki,Snyers,Engineer
249912,Moni,Itschner,Engineer
249919,Zijian,Ducloy,Senior Engineer
249922,Matk,Gente,Senior Staff
249923,Bowen,Frijda,Engineer
249924,Remmert,Bale,Senior Engineer
249925,Dipayan,Trogemann,Engineer
249928,Manu,Msuda,Engineer
249931,Berna,Oaver,Staff
249939,Berthier,Giveon,Engineer
249941,Saddek,Collavizza,Senior Engineer
249945,Zeljko,Vasanthakumar,Senior Staff
249947,Arfst,Farrar,Engineer
249958,Marjo,Bergere,Staff
249959,Manu,Iisaku,Engineer
249961,Chenye,Asrin,Technique Leader
249968,Suebskul,Birge,Engineer
249971,Christoper,Tzvieli,Engineer
249972,Jinxi,Peck,Senior Staff
249976,Bowen,Menhoudj,Technique Leader
249979,Cullen,Pearson,Senior Engineer
249985,Aemilian,Vickson,Senior Staff
249988,Masako,Casperson,Senior Staff
249990,Stepehn,Bael,Senior Staff
249995,Shirish,Marletta,Staff
249998,Kristine,Underwood,Senior Staff
250000,Arch,Landherr,Senior Engineer
250002,Danae,Baek,Senior Staff
250004,Marit,Cannard,Senior Engineer
250005,Shooichi,Hagimont,Senior Engineer
250006,Deborah,Spataro,Senior Staff
250009,Tran,Dayana,Senior Engineer
250014,Beshir,Rodham,Technique Leader
250015,DAIDA,Coombs,Staff
250019,Chirstian,Denna,Staff
250023,Xudong,Kuszyk,Engineer
250024,Beshir,Rijsenbrij,Senior Staff
250026,Sigeru,Cooke,Senior Engineer
250028,Shunichi,Delaune,Senior Staff
250030,Pramod,Bail,Senior Engineer
250031,Katsuo,Journel,Senior Staff
250033,Uinam,Limongiello,Senior Staff
250035,Zhanqiu,Bernardinello,Assistant Engineer
250037,Debaprosad,Birge,Senior Staff
250039,Sumali,Maierhofer,Technique Leader
250045,Felicidad,Lanphier,Senior Engineer
250047,Udi,Sridhar,Assistant Engineer
250056,Arvind,Nyrup,Senior Staff
250059,Naraig,Masamoto,Senior Staff
250060,Ghassan,Kalsbeek,Senior Staff
250061,Rosella,Felcyn,Senior Engineer
250065,Fumiko,Azadmanesh,Senior Staff
250068,Kyoichi,Ghemri,Senior Staff
250071,Tommaso,Welham,Senior Staff
250079,Fusako,Bouloucos,Senior Staff
250080,Zhensheng,Nitsche,Senior Engineer
250083,Zine,Matzel,Senior Staff
250087,Nimmagadda,Passino,Engineer
250091,Gudjon,Suppi,Staff
250093,Guenter,Pehl,Staff
250100,Leen,Zongker,Senior Staff
250103,Hatem,Szemeredi,Senior Engineer
250104,Gio,Gecsei,Engineer
250105,Dayanand,Ruemmler,Senior Engineer
250107,Zine,Doering,Staff
250114,Ramzi,Wendorf,Engineer
250117,Minghong,Mahnke,Senior Staff
250119,Sachar,Shackell,Senior Staff
250127,Anwar,Bahl,Engineer
250129,Karoline,Duclos,Senior Engineer
250130,Shigeo,Mersereau,Senior Engineer
250141,Brewster,Chenney,Senior Staff
250143,Ung,Luit,Technique Leader
250144,Constantine,Lorys,Senior Staff
250146,Anwar,Biran,Senior Engineer
250148,DeForest,Petereit,Senior Staff
250153,Adas,Fujisawa,Senior Engineer
250158,Arie,Ritzmann,Senior Engineer
250163,Margareta,Saoudi,Senior Engineer
250167,Mabry,Ariola,Staff
250169,Henk,Baja,Senior Engineer
250171,Padma,Collette,Senior Engineer
250172,Tze,Sinicrope,Staff
250174,Huai,dAstous,Senior Staff
250176,Jaideep,Melton,Senior Engineer
250179,Renny,Ramras,Senior Engineer
250191,Lein,Luca,Senior Engineer
250202,Feixiong,Erez,Senior Staff
250203,Sanjay,Gerlach,Senior Staff
250204,Dannz,Krzyzanowski,Senior Staff
250210,Theirry,Peek,Engineer
250211,Kersti,Cronan,Senior Staff
250213,Berhard,Murrill,Senior Engineer
250216,Navid,Schueller,Senior Staff
250218,Uriel,Zongker,Senior Engineer
250225,Fuqing,Beerel,Senior Engineer
250226,Bikash,Hainaut,Senior Staff
250227,Bernardo,Osgood,Senior Engineer
250228,Teiji,Albarhamtoshy,Engineer
250232,Teiji,Servieres,Senior Engineer
250238,Candido,Fendler,Senior Staff
250241,Chuanti,Shigei,Senior Staff
250244,Shunichi,Muntz,Senior Staff
250248,Shaz,Jumpertz,Senior Engineer
250257,Sachio,Huttel,Senior Engineer
250258,Fabrizio,Ushiama,Engineer
250260,Baoqiu,Aloia,Senior Staff
250264,Shir,Gecseg,Senior Staff
250272,Khalil,Birch,Senior Engineer
250276,Teruyuki,Schneeberger,Senior Engineer
250280,Kristof,Cmelik,Engineer
250289,Yuuichi,Homond,Senior Engineer
250293,Nahum,Hanabata,Technique Leader
250295,Arto,Zultner,Engineer
250299,Doohun,Range,Senior Engineer
250303,Xudong,Dulin,Technique Leader
250304,Brigham,Rusterholz,Staff
250305,George,Wixon,Assistant Engineer
250306,Guttorm,Heuter,Senior Engineer
250311,Muneo,Condotta,Senior Engineer
250316,Sastry,Zallocco,Engineer
250317,Filipp,Wolniewicz,Senior Engineer
250318,Nikolaus,Improta,Senior Staff
250320,Rosli,Rosar,Staff
250328,Sedat,Baranowski,Senior Engineer
250331,Vitaly,Roohalamini,Technique Leader
250339,Jongsuk,Ferriere,Senior Staff
250342,Toshimitsu,Ibel,Senior Engineer
250345,Basem,Georg,Senior Engineer
250350,Arch,Lorin,Senior Engineer
250356,Persi,Pocchiola,Senior Staff
250369,Roded,Bolotov,Senior Engineer
250375,Eishiro,Krzyzanowski,Senior Engineer
250376,Boutros,Leijenhorst,Senior Staff
250384,Basem,Raoux,Senior Engineer
250387,Roded,Trogemann,Senior Engineer
250389,Zeydy,Ouhyoung,Engineer
250404,Yishai,Willoner,Staff
250405,Sakthirel,Fetvedt,Senior Staff
250412,Kien,Hartvigsen,Senior Staff
250413,Shooichi,Teitelbaum,Staff
250414,Snehasis,Rosenbaum,Staff
250418,Yannis,Cools,Senior Staff
250419,Greger,Bottner,Engineer
250420,Danel,Conta,Senior Staff
250423,Tua,Krupka,Senior Staff
250428,Shigeu,Reinhart,Senior Engineer
250430,Shigenori,Coorg,Engineer
250431,Danel,Sury,Engineer
250432,Wonhee,Ghelli,Senior Staff
250437,Khedija,Gyorkos,Senior Staff
250446,Aiichiro,Gyimothy,Engineer
250454,Paddy,Bardell,Engineer
250460,Sumant,Schmiedel,Staff
250462,Vesna,Koyama,Technique Leader
250464,Florian,Gimbel,Senior Staff
250468,Morris,Vidal,Staff
250470,Nimmagadda,Barvinok,Senior Staff
250472,Zhilian,Yamaashi,Senior Staff
250473,Miomir,Raoux,Staff
250475,Aruna,Copas,Staff
250477,Pascal,Rando,Engineer
250478,Shaleah,Casley,Senior Staff
250481,Zine,Passino,Staff
250487,Constantijn,Fandrianto,Assistant Engineer
250492,Bouchung,Cichocki,Senior Staff
250493,Woody,Aloisi,Senior Staff
250494,Niclas,Lorys,Technique Leader
250496,Alper,Gyorkos,Senior Staff
250498,Mamdouh,Basagni,Engineer
250499,Arif,Aseltine,Senior Staff
250502,Saddek,Gulik,Engineer
250506,Alexius,Kawashima,Engineer
250512,Minghong,Sigstam,Senior Engineer
250515,Zissis,Schach,Senior Staff
250516,Oddvar,Baig,Engineer
250521,Yonghong,Crabtree,Technique Leader
250528,Abdulla,Barvinok,Senior Staff
250529,Kwangjo,Narahara,Engineer
250531,Emdad,Panienski,Senior Staff
250532,Masako,Zongker,Staff
250546,Leon,Azevdeo,Senior Staff
250550,Valeri,Spieker,Senior Staff
250552,Djelloul,Morrey,Senior Engineer
250554,Sachio,Plesums,Senior Staff
250556,Zito,Guting,Senior Staff
250557,Shigeo,Mundy,Senior Staff
250558,Isaac,Esposito,Senior Engineer
250561,Susanta,Esposito,Senior Staff
250565,Ranga,Erdmenger,Staff
250567,Ayonca,Lieberherr,Senior Engineer
250569,Niteen,Ranum,Senior Staff
250572,Paraskevi,Schwaller,Senior Staff
250576,Shalesh,Shimshoni,Staff
250580,Dietrich,Reinhart,Senior Engineer
250584,Miomir,Nicolson,Engineer
250585,Hatem,Poupard,Senior Staff
250593,Luerbio,Birta,Senior Engineer
250596,Perry,Osgood,Senior Staff
250598,Kristinn,Itschner,Senior Staff
250604,Nevin,Feinberg,Senior Engineer
250612,Hidekazu,Backhouse,Senior Staff
250614,Marin,Paciorek,Senior Staff
250616,Suebskul,Aumann,Senior Engineer
250621,Ute,Baar,Engineer
250624,Mayuri,Oehlmann,Senior Staff
250626,Seongbin,Huttel,Senior Engineer
250629,Salvador,Limongiello,Senior Engineer
250635,Abdulah,Rijckaert,Staff
250637,Sarita,Comte,Senior Staff
250639,Chikako,Yoshizawa,Senior Staff
250645,Munenori,Eugenio,Senior Staff
250652,Eran,Brendel,Senior Staff
250653,Hein,Giaccio,Engineer
250656,Sadun,Valiente,Senior Engineer
250662,Hisao,Baranowski,Engineer
250664,Boutros,Gargeya,Senior Staff
250670,Martien,Pehl,Senior Engineer
250671,Aloys,Maksimenko,Senior Engineer
250675,Vasiliy,Staelin,Senior Engineer
250677,Georg,Jervis,Engineer
250682,Bodo,Rosenbaum,Senior Staff
250685,Mohammad,Remmers,Senior Engineer
250686,Jordanka,Murtha,Staff
250687,Kensyu,Decleir,Senior Staff
250698,Marla,Khasidashvili,Engineer
250700,Susumu,Hutter,Staff
250704,Kellyn,Templeman,Technique Leader
250708,Chiranjit,Sichman,Senior Engineer
250711,Rosine,Koshiba,Senior Staff
250714,Boaz,Conte,Senior Engineer
250715,Alejandro,Karcich,Assistant Engineer
250716,Guoxiang,Denos,Senior Staff
250717,Somnath,Ranon,Senior Engineer
250718,Francoise,Nitsche,Engineer
250723,Feixiong,Zhiwei,Engineer
250730,Tsz,Seghrouchni,Senior Engineer
250731,Ekawit,Driscoll,Staff
250733,Matk,Demian,Senior Staff
250734,Aral,Couchot,Engineer
250741,Shichao,Thiria,Senior Engineer
250742,Mizuhito,Schaft,Senior Staff
250743,Herbert,Hanratty,Senior Staff
250745,Genta,Weisert,Engineer
250747,Tomofumi,Bahr,Staff
250754,Marlo,Wixon,Staff
250761,Shigehito,Velasco,Staff
250768,Ugo,Vernadat,Engineer
250771,Hiroyasu,Dehkordi,Senior Staff
250777,Sudharsan,Kading,Staff
250782,Youjian,Dalton,Senior Engineer
250785,Khue,Falster,Staff
250788,Oksana,Lund,Senior Engineer
250789,Woody,Picco,Engineer
250790,Saeko,Veccia,Senior Staff
250791,Halsur,Orlowski,Technique Leader
250794,Munehiko,Kinley,Senior Staff
250796,Sergi,Tzvieli,Staff
250799,Badri,Homond,Senior Staff
250800,Gunilla,Maierhofer,Staff
250801,Remco,Carrere,Senior Engineer
250805,Murthy,Vasanthakumar,Senior Engineer
250811,Mani,Streit,Engineer
250813,Ebru,Mitchem,Engineer
250816,Kazuhide,Ambroszkiewicz,Senior Staff
250819,Tommaso,Huhdanpaa,Senior Staff
250821,Abdelaziz,Binkley,Senior Staff
250825,Christophe,Perfilyeva,Senior Staff
250830,Vojin,Shihab,Senior Staff
250833,Nishit,Rebaine,Senior Staff
250840,Berry,Radivojevic,Engineer
250842,Gou,Schiper,Technique Leader
250845,Takahira,Turnbull,Engineer
250851,Zongyan,Qiwen,Senior Engineer
250852,Ottavia,Awdeh,Senior Staff
250854,LiMin,Luders,Senior Engineer
250863,Tadahiro,Rande,Engineer
250873,Khoa,Lortz,Senior Staff
250875,Taizo,Zschoche,Engineer
250876,Tommaso,Openshaw,Engineer
250881,Susanna,Vidal,Senior Staff
250883,Eishiro,Fendler,Senior Staff
250884,Jeanne,Pepe,Senior Staff
250885,Yinghua,Luff,Senior Engineer
250886,Kagan,Busillo,Senior Staff
250893,Jinpo,Olivero,Senior Engineer
250894,Chikara,Tyugu,Senior Engineer
250898,Menkae,Bhattacharjee,Engineer
250899,Hitofumi,Suermann,Technique Leader
250900,Conrado,Vural,Engineer
250901,Suebskul,Kroft,Technique Leader
250903,Remzi,Szemeredi,Senior Engineer
250904,Snehasis,Zykh,Staff
250911,Yonghoan,Lenart,Assistant Engineer
250914,Anwar,Fontan,Senior Engineer
250921,Mohit,Speckmann,Senior Staff
250922,Urs,Emiris,Senior Staff
250925,Shahar,Wynblatt,Engineer
250927,Mingsen,Smeets,Engineer
250931,Erez,Welham,Senior Engineer
250932,Heeju,Impagliazzo,Senior Engineer
250933,Beshir,Muniz,Senior Staff
250934,Jingling,Buchter,Senior Engineer
250940,Ingemar,Prampolini,Senior Staff
250943,Surveyors,Colorni,Senior Engineer
250945,Kirk,Streit,Senior Staff
250946,Marsja,Munch,Engineer
250950,Wonhee,Matzke,Staff
250955,Nahla,Puppe,Staff
250956,Udo,Krybus,Staff
250967,Genki,Pardalos,Senior Staff
250970,KayLiang,Boudaillier,Senior Engineer
250971,Sarita,Sankaranarayanan,Senior Staff
250972,Boguslaw,Bolotov,Senior Engineer
250975,Bikash,Katalagarianos,Senior Engineer
250976,Martijn,Dechter,Senior Staff
250984,Mong,Uhrig,Senior Staff
250988,Makato,Garrabrants,Senior Engineer
250993,Quingbo,Alvarado,Senior Engineer
250996,Moie,Bazelow,Technique Leader
251000,Reinhold,Bennet,Senior Engineer
251002,Aksel,Belinskaya,Senior Staff
251004,Kwangjo,Nastansky,Senior Engineer
251005,Tomokazu,Norsworthy,Senior Engineer
251008,Mari,Rotem,Senior Staff
251011,Yongdong,Delgrange,Staff
251012,Cheong,Jenevein,Senior Engineer
251013,Sugwoo,Pietracaprina,Technique Leader
251016,Garnik,Taubman,Senior Engineer
251022,Tomofumi,Heuser,Staff
251026,Shan,Whitcomb,Engineer
251036,Adin,Frijda,Assistant Engineer
251043,Kazuhisa,Barinka,Senior Staff
251044,Basant,Constantine,Senior Staff
251045,Kristin,Yurek,Assistant Engineer
251047,Stabislas,Skogmar,Staff
251049,DeForest,Nivat,Senior Staff
251054,Shrikanth,Peek,Senior Staff
251055,Ghassan,Kropf,Senior Staff
251062,DeForest,Reeken,Senior Staff
251068,Aral,Angelopoulos,Senior Engineer
251070,Genevieve,Theuretzbacher,Staff
251072,Tsz,Flowers,Senior Engineer
251076,Rasiah,Gini,Senior Staff
251079,Munenori,Yamaashi,Senior Engineer
251082,Zeydy,Muhling,Technique Leader
251084,Szabolcs,Garrabrants,Senior Engineer
251085,Ronnie,Vecchio,Senior Engineer
251092,Adas,Chenney,Senior Engineer
251094,Josyula,Kolvik,Technique Leader
251100,Youssef,Itzigehl,Senior Staff
251103,Leif,Hofmeyr,Technique Leader
251108,Mizuhito,Eiron,Senior Engineer
251121,Khatoun,Penz,Senior Engineer
251124,Owen,Akiyama,Senior Staff
251127,Boriana,Seghrouchni,Staff
251130,Makato,Duclos,Senior Engineer
251137,Huai,Hemaspaandra,Senior Staff
251141,Xiaoshan,Kroha,Technique Leader
251143,Frazer,Hofstetter,Technique Leader
251146,Xuedong,Fraisse,Engineer
251149,Uli,Serra,Senior Engineer
251154,Zdislav,Picel,Technique Leader
251155,Ugo,Kranzdorf,Senior Staff
251157,Takanari,Welham,Senior Staff
251174,Heping,Alblas,Senior Engineer
251177,Phule,Cannane,Senior Staff
251182,Goh,Dulli,Senior Staff
251184,Xiaocheng,Perko,Senior Engineer
251194,Piyush,Delgrande,Senior Engineer
251200,Kaijung,Birdsall,Engineer
251207,Anwar,Pettey,Staff
251215,Kazuhisa,Kulisch,Senior Staff
251216,Nechama,Tsunoo,Senior Staff
251221,Wojceich,Fujisaki,Senior Staff
251226,Niranjan,Cyre,Senior Staff
251228,Nishit,Demos,Senior Staff
251234,Edwin,Maierhofer,Staff
251235,Sugwoo,Thorensen,Staff
251237,Cedric,Miara,Senior Staff
251240,Fun,Demos,Senior Staff
251243,Hugo,Molenaar,Senior Staff
251253,Susumu,Petersohn,Staff
251257,Tzvetan,Pero,Engineer
251260,Xuejun,Alpin,Staff
251261,Suzette,McAffer,Senior Staff
251262,Kensei,Conry,Senior Engineer
251265,Pasqua,Luks,Senior Staff
251267,Fan,Niizuma,Senior Engineer
251268,Gor,Morrey,Senior Staff
251272,Akeel,Heuser,Engineer
251276,Junichi,Veeraraghavan,Technique Leader
251277,Manibrata,Negoita,Engineer
251281,Mayuko,Suomi,Senior Engineer
251286,Koldo,Gist,Senior Engineer
251289,Palash,Kamber,Engineer
251291,Uma,Monarch,Senior Staff
251296,Alassane,Panwar,Senior Engineer
251299,Parto,DasSarma,Senior Engineer
251304,Ziya,Kopetz,Engineer
251307,Sachio,Cappelli,Senior Engineer
251309,Sachin,Lamba,Senior Engineer
251313,Abdelaziz,Limongiello,Senior Staff
251318,Pragnesh,Fendler,Senior Engineer
251321,Licheng,Felcyn,Senior Engineer
251324,Yaghout,Schiettecatte,Senior Staff
251327,Bodh,McAlpine,Senior Staff
251329,Kwangho,Conta,Senior Staff
251331,Adel,Tetzlaff,Engineer
251335,Hironobu,Ranka,Engineer
251336,Adit,Ghalwash,Engineer
251344,Gila,Penttonen,Senior Engineer
251345,Ortrud,Pezzoli,Senior Engineer
251349,Saniya,Jansen,Senior Engineer
251350,Bernardo,England,Senior Engineer
251361,Xinglin,Levergood,Staff
251363,Hiroyasu,Valiente,Engineer
251367,Werner,Kabayashi,Senior Engineer
251368,Uma,Krzyzanowski,Senior Engineer
251376,Maik,Godskesen,Assistant Engineer
251382,Pranas,Brobst,Senior Staff
251384,Sreekrishna,Cmelik,Senior Staff
251388,Pantung,Fendler,Senior Engineer
251389,Shushma,Garrabrants,Senior Staff
251390,Minghong,Pardalos,Senior Staff
251394,Berthier,Hmelo,Staff
251397,Ramachenga,Delgrange,Senior Staff
251399,Nectarios,Baar,Senior Engineer
251402,Snehasis,Zyda,Senior Staff
251404,Ipke,Schapire,Senior Staff
251413,Leif,Birge,Engineer
251419,TRUE,Frolund,Senior Engineer
251422,Laurentiu,Chaudhury,Senior Staff
251427,Constantino,Liesche,Engineer
251428,Hidde,Antonakopoulos,Senior Engineer
251436,Jeane,Kaelbling,Engineer
251438,Pantung,Silva,Senior Staff
251450,Yishai,Setiz,Staff
251451,Adly,VanScheik,Senior Engineer
251452,Fumiko,Iivonen,Senior Engineer
251453,Marlo,Braccini,Staff
251456,Tua,Raney,Staff
251462,Padma,McClure,Senior Staff
251464,Junichi,Talmon,Senior Staff
251468,Youssef,Fontet,Senior Engineer
251470,Sadegh,Mungall,Senior Engineer
251472,Anwar,Huxford,Senior Staff
251473,Anyuan,Thimonier,Senior Engineer
251474,Anwar,Kolvik,Engineer
251478,Kamakshi,Maquelin,Senior Engineer
251480,Claude,Hedayat,Engineer
251484,Adit,Kawashima,Staff
251488,Doowon,Yoshizawa,Senior Engineer
251493,Lein,Rosen,Assistant Engineer
251494,Alassane,Mahmud,Senior Engineer
251495,Aemilian,Hiltgen,Senior Staff
251496,Eishiro,Rijckaert,Senior Engineer
251510,Margareta,Junet,Senior Engineer
251512,Yuriy,Shackel,Senior Staff
251514,Shooichi,Carrere,Senior Engineer
251517,Katsuyuki,Guerreiro,Staff
251518,Duke,Perng,Engineer
251519,Arco,Bernatsky,Engineer
251524,Gully,Undy,Senior Engineer
251526,Taisook,Tchuente,Staff
251533,Alain,Zockler,Senior Engineer
251536,Valery,Crooks,Senior Staff
251541,Jessie,Leivant,Assistant Engineer
251553,Udo,Bahi,Staff
251561,Demos,Hambrick,Engineer
251565,Gill,Vuskovic,Senior Staff
251566,Yannik,Piazza,Engineer
251570,Shahar,Baer,Engineer
251572,Taisook,Tagansky,Engineer
251576,Mani,Pearson,Technique Leader
251579,Remmert,Bottner,Engineer
251585,Mansur,Demizu,Senior Engineer
251586,Conal,Schlenzig,Technique Leader
251590,Shigeichiro,Nitsch,Staff
251591,Shahar,Pietrzykowski,Technique Leader
251592,Xiping,Theuretzbacher,Engineer
251596,Shaleah,Bodoff,Engineer
251601,Jessie,Vural,Senior Staff
251603,Yunming,Baar,Staff
251608,Ult,Baby,Technique Leader
251612,Inderjeet,Ouhyoung,Senior Staff
251615,Sadok,Winter,Staff
251618,Piyawadee,Chachaty,Technique Leader
251621,Mitchel,Alameldin,Senior Engineer
251630,Munehiro,Nergos,Senior Staff
251641,Rosalyn,Mahnke,Senior Engineer
251647,Nectarios,Zyda,Engineer
251653,Yahiko,Schrift,Engineer
251659,Ohad,Tsunoo,Assistant Engineer
251669,Subhrajyoti,Daescu,Senior Staff
251670,Marsal,Hoppenstand,Senior Engineer
251676,Fumiko,Azumi,Senior Engineer
251683,Maris,Klassen,Assistant Engineer
251684,Tetsushi,Coorg,Senior Staff
251685,Conal,McConalogue,Engineer
251686,Marsja,Fiutem,Engineer
251687,Jordanka,Honglei,Senior Engineer
251688,Tsuneo,Jenevein,Senior Engineer
251692,Ferdinand,Shanbhogue,Senior Staff
251695,Paddy,Oskamp,Senior Staff
251701,Yunming,Trystram,Senior Engineer
251703,Djelloul,Chelton,Senior Staff
251705,Amalendu,Monkewich,Senior Engineer
251706,Cullen,Swab,Senior Engineer
251709,Dmitry,Lorin,Senior Staff
251711,Zhonghui,Sankaranarayanan,Staff
251720,Tadanori,Birke,Engineer
251724,Oguz,Ramaiah,Staff
251734,Lenore,Segond,Senior Staff
251739,Zhiguo,Lichtner,Senior Engineer
251740,Sanjai,Perez,Senior Staff
251743,Gio,Bennis,Engineer
251746,Mabry,Ranai,Staff
251753,Yongmin,Vural,Technique Leader
251764,Zhonghua,Narahari,Senior Engineer
251766,Zdislav,Beznosov,Assistant Engineer
251767,Pranjal,Borovoy,Senior Engineer
251769,Shahab,Conde,Engineer
251771,Shuji,Luon,Technique Leader
251774,Kwan,Cunliffe,Senior Engineer
251780,Yakkov,Maierhofer,Engineer
251785,Nishit,Denny,Senior Staff
251789,Apostol,Servi,Senior Staff
251798,Urs,Oxenboll,Senior Staff
251801,IEEE,Milicic,Senior Staff
251804,Shir,Akaboshi,Assistant Engineer
251805,Ung,Pramanik,Senior Engineer
251806,Zhiguo,Chorvat,Senior Engineer
251812,Doohun,Suomi,Staff
251815,Moon,Belinskaya,Senior Staff
251822,Irene,Griswold,Staff
251825,Baziley,Horswill,Senior Engineer
251826,Shimshon,Ghalwash,Senior Engineer
251830,Sanjeeva,Demeyer,Senior Staff
251835,Margo,Iacovou,Engineer
251837,Bedir,Sullins,Staff
251839,Nahum,Munoz,Technique Leader
251851,Yongmin,Munawer,Senior Engineer
251853,Weicheng,Crouzet,Senior Staff
251855,Houman,Strehl,Engineer
251856,Jayesh,Picel,Senior Staff
251859,Eishiro,Birnbaum,Senior Engineer
251861,Qunsheng,Gihr,Senior Engineer
251862,Kauko,Molenaar,Senior Engineer
251865,Younwoo,Danner,Senior Staff
251873,Abdelwaheb,Miyakawa,Engineer
251874,Carrsten,Halevi,Staff
251877,Bojan,Danecki,Engineer
251883,Trygve,Barreiro,Senior Staff
251890,Kwun,Mayerwieser,Senior Staff
251898,Susanta,Minakawa,Senior Engineer
251900,Gully,Rouquie,Assistant Engineer
251903,Fabrizio,Menhoudj,Engineer
251904,Holgard,Vasanthakumar,Senior Staff
251913,Rildo,Hellwagner,Engineer
251921,Fusako,Mellouli,Senior Engineer
251938,Bouchung,Potthoff,Senior Staff
251940,Tokuyasu,Conta,Senior Staff
251947,Jouko,Pluym,Senior Engineer
251956,Tetsushi,Karner,Engineer
251959,Djelloul,Masand,Senior Engineer
251961,Lidong,Huxford,Senior Engineer
251962,Akhilish,Keustermans,Senior Engineer
251963,Larisa,Tasistro,Senior Engineer
251966,Volkmar,Cangellaris,Senior Staff
251967,Torsten,Cichocki,Engineer
251971,Harjit,Demke,Senior Engineer
251973,Huan,Mandell,Engineer
251977,Bingning,Lienhardt,Senior Staff
251979,Rosalie,Percebois,Senior Staff
251981,Shounak,Angelopoulos,Senior Staff
251982,Xuedong,Hinsberger,Engineer
251985,Ortrud,Kirkerud,Senior Engineer
251987,Chenxi,Angel,Senior Engineer
251991,Oscal,Munro,Senior Engineer
251999,Godehard,Krohn,Senior Engineer
252000,Zhonghui,Gyimothy,Assistant Engineer
252004,Kazuhisa,Pettey,Senior Engineer
252009,Sverrir,Barreiro,Engineer
252013,Ingemar,Dahlbom,Senior Staff
252015,Boguslaw,Ramamoorthy,Senior Engineer
252016,Hatim,Czaja,Senior Staff
252018,Yuguang,Spinelli,Senior Engineer
252021,Hatim,Lammel,Senior Engineer
252023,Kwangsub,Pleszkun,Senior Staff
252026,Bikash,Thimonier,Senior Engineer
252027,Mayumi,Comyn,Technique Leader
252032,Alexius,Soicher,Senior Staff
252034,Zvonko,Roccetti,Senior Staff
252035,Weidon,Nooteboom,Senior Engineer
252037,Miyeon,Segond,Senior Staff
252038,Ottavia,Serra,Senior Staff
252044,Yurii,Syang,Technique Leader
252049,Hugh,Hambrick,Senior Staff
252052,Pranas,Flowers,Senior Staff
252055,Seongbae,Krychniak,Senior Engineer
252056,Arnd,Denny,Senior Staff
252058,Fusako,Shiratori,Senior Staff
252062,Shigeo,Wolniewicz,Senior Staff
252065,Shigehito,Warwick,Senior Engineer
252068,Steve,Bernini,Staff
252070,Valeska,Katalagarianos,Senior Engineer
252072,Berry,Asser,Senior Engineer
252081,Shen,Tempesti,Staff
252082,Kristen,Szilard,Engineer
252083,Masoud,Kobuchi,Engineer
252084,Bikash,Luff,Senior Engineer
252090,Cordelia,Ramsey,Staff
252094,Bouchung,Greibach,Staff
252098,Surveyors,Snedden,Senior Engineer
252100,Muzhong,Boyle,Staff
252104,Tommaso,Reutenauer,Senior Engineer
252107,Xuedong,Danecki,Senior Engineer
252108,Cedric,Macedo,Senior Staff
252111,Mingsen,Lanzelotte,Senior Staff
252118,Yahiko,Mitsuhashi,Senior Engineer
252121,Aloke,Cannata,Engineer
252122,Masaki,Shimshoni,Engineer
252123,Hideyuki,Warwick,Senior Engineer
252127,Souichi,Zuberek,Staff
252132,Mayuri,Imataki,Senior Staff
252133,Moheb,Stemann,Engineer
252138,Kiyotoshi,Zaiane,Senior Engineer
252139,Zdislav,Jansen,Senior Staff
252146,Jahangir,Majewski,Senior Staff
252152,Mokhtar,Olivero,Senior Engineer
252156,Mountaz,Huhdanpaa,Senior Staff
252159,Collette,Shobatake,Senior Engineer
252166,Maja,Avouris,Senior Engineer
252169,Mori,Kobara,Senior Engineer
252171,Kiam,Merli,Senior Engineer
252189,Margo,Gomatam,Staff
252190,Akhilish,Azulay,Senior Staff
252191,Sachio,Magalhaes,Senior Engineer
252194,Uri,Perez,Senior Staff
252197,Gonzalo,Naudin,Senior Staff
252198,Suzette,Hofmeyr,Staff
252199,Ute,Cannard,Staff
252202,Eben,Dymetman,Senior Engineer
252207,Supot,Lung,Staff
252209,Eldridge,Monkewich,Engineer
252215,Koichi,Huxford,Senior Staff
252221,Ortrun,Camarinopoulos,Senior Engineer
252222,Zijian,Erdi,Senior Engineer
252223,Jacopo,Ebeling,Technique Leader
252224,TRUE,Heiserman,Senior Engineer
252228,Owen,Ratzlaff,Senior Staff
252230,Nitsan,Kusalik,Senior Engineer
252234,Haldon,Hasenauer,Senior Staff
252235,Spyrose,Litzkow,Engineer
252243,Ayakannu,Coullard,Senior Engineer
252245,Shooichi,Morrow,Engineer
252251,Shem,Staelin,Senior Engineer
252252,Gill,Papastamatiou,Engineer
252253,Subbu,Hemaspaandra,Technique Leader
252256,Takahira,Scallan,Senior Staff
252258,Venkatesan,Peak,Senior Engineer
252260,Clyde,Munos,Senior Engineer
252261,Gretta,Motley,Senior Engineer
252263,Soenke,Panangaden,Engineer
252265,Jasminko,Ligten,Senior Staff
252269,Bernardo,Docker,Senior Staff
252271,Krisda,Eickenmeyer,Senior Staff
252272,Kwan,Alvarado,Senior Engineer
252281,Thanasis,Axelband,Senior Staff
252284,Juichirou,Koyama,Engineer
252285,Fayez,Gustavson,Engineer
252287,Fox,Camurati,Staff
252291,Eldridge,Rikino,Staff
252293,Sergi,Vieth,Staff
252296,Wayne,Ananiadou,Senior Staff
252300,Spyrose,Garnick,Senior Engineer
252301,George,Wroclawski,Senior Engineer
252302,Baoqiu,Sommen,Senior Engineer
252306,Ger,Goldhammer,Senior Engineer
252307,Sigeru,Hagimont,Technique Leader
252312,Gonzalo,Simmel,Engineer
252313,Zijian,Ellozy,Senior Staff
252317,Murthy,Erie,Senior Staff
252325,Woody,Callaway,Senior Staff
252329,Panayotis,Horswill,Senior Engineer
252334,Shmuel,Schnabel,Senior Staff
252339,Koichi,Danlos,Staff
252342,Lena,Yetim,Senior Engineer
252345,Yucel,Ferriere,Senior Staff
252351,Kersti,Flanders,Senior Engineer
252356,Fabrizio,Chimia,Senior Engineer
252362,Troy,Dulin,Technique Leader
252364,Amstein,Shinomoto,Senior Engineer
252368,Chenyi,Rabehasaina,Senior Staff
252370,Fumiyo,Range,Assistant Engineer
252371,Basil,Montemayor,Senior Staff
252378,Owen,Alvarado,Senior Staff
252391,Bezalel,Morton,Senior Staff
252393,Reinhard,Dolinsky,Senior Staff
252395,Pranjal,Moffat,Senior Staff
252405,Akeno,Gronowski,Technique Leader
252407,Shih,Ritzmann,Senior Engineer
252408,Charmane,Wynblatt,Senior Engineer
252410,Sukumar,Fujisawa,Senior Engineer
252412,Nagui,Bennet,Staff
252419,Akemi,Bhattacharjee,Senior Engineer
252422,Arunachalam,Baaz,Staff
252424,Kazuhisa,Makinen,Staff
252426,Poornachandra,Rijckaert,Senior Engineer
252433,Geoffry,Cronau,Senior Engineer
252434,Ute,Pardalos,Senior Engineer
252438,Danil,Papsdorf,Senior Engineer
252440,Houman,Katalagarianos,Senior Engineer
252443,Sivanarayana,Rullman,Senior Engineer
252447,Abdelaziz,Morrey,Senior Staff
252450,Chirstian,Georg,Senior Staff
252453,Carrsten,Mitina,Staff
252457,Luigi,Pell,Senior Engineer
252459,Heon,Pluym,Engineer
252461,Sanjai,Ramsey,Senior Staff
252463,Remmert,Lanteri,Engineer
252465,Marsha,Chorvat,Senior Engineer
252467,Jolita,Gomatam,Engineer
252471,Bowen,Birdsall,Engineer
252476,Youssef,Deverell,Senior Engineer
252477,Khedija,Jahnichen,Senior Staff
252478,Gaurav,Kambil,Senior Engineer
252479,Aleksander,Tasistro,Senior Engineer
252482,Zito,Billingsley,Technique Leader
252483,Gennady,Karunanithi,Assistant Engineer
252489,Michaela,Kruskal,Engineer
252494,Rasikan,Baezner,Senior Engineer
252496,Alagu,Polajnar,Engineer
252497,Urs,Parascandalo,Senior Engineer
252498,Petter,Melichar,Assistant Engineer
252499,Shaw,Aumann,Assistant Engineer
252500,Shaz,Sadowsky,Senior Staff
252502,Bokyung,Krupka,Engineer
252506,Kristen,Munos,Engineer
252507,Rimli,DiGiano,Senior Staff
252510,Bedir,Akazan,Senior Engineer
252511,Diederik,Foote,Engineer
252514,Tsutomu,Kemmerer,Senior Staff
252517,Maria,Lueh,Assistant Engineer
252523,Masami,Schwabacher,Senior Engineer
252524,Nalini,Validov,Assistant Engineer
252526,Ziya,Feinberg,Senior Engineer
252530,Ger,Zolotykh,Engineer
252534,Kenroku,Magalhaes,Engineer
252539,Jordanka,Pollacia,Senior Engineer
252540,Niranjan,Mersereau,Staff
252543,Sachem,Boguraev,Senior Engineer
252545,Itzchak,Zolotykh,Technique Leader
252552,Venkatesan,Kamber,Engineer
252554,Dipayan,Rosiles,Senior Staff
252555,Krisda,Morrin,Senior Engineer
252558,Manu,Schlenzig,Senior Engineer
252565,Deborah,Bael,Senior Engineer
252570,Rutger,Lamparter,Senior Engineer
252573,Rafael,Guardalben,Senior Staff
252578,Djelloul,Kushnir,Senior Engineer
252580,Kensyu,Stamatiou,Senior Engineer
252581,Rosine,Luef,Senior Staff
252587,Kaijung,Kopetz,Staff
252588,Gennady,Schoegge,Senior Engineer
252589,Caolyn,Cooley,Senior Engineer
252597,Takahito,Luck,Engineer
252598,Macha,Aloia,Engineer
252599,Haldun,Verhaegen,Engineer
252602,Hatsukazu,Flasterstein,Engineer
252603,Bartek,Shrader,Senior Engineer
252604,Jayesh,Demos,Staff
252607,Shichao,Brender,Senior Engineer
252615,Chuanyi,Mandelberg,Senior Staff
252621,Basil,Kavanagh,Senior Staff
252625,Weiyi,Cronin,Technique Leader
252628,Maris,Rande,Senior Staff
252630,Alejandra,Iisaku,Staff
252633,Mohd,Angelov,Senior Staff
252635,Candido,Nations,Staff
252638,Susanne,Fetvedt,Senior Staff
252640,Apostol,Reistad,Senior Staff
252650,Jamaludin,Pramanik,Senior Staff
252653,Sreenivas,Maraist,Senior Engineer
252656,Moti,Nourani,Staff
252664,Satyanarayana,Cichocki,Senior Engineer
252665,Khosrow,Klerer,Senior Engineer
252666,Matt,Ramamoorthy,Senior Staff
252667,Xuedong,Lamba,Senior Staff
252668,Tonny,Radwan,Staff
252669,Hinrich,Facello,Senior Engineer
252675,Pantung,Ponthieu,Senior Engineer
252678,Naraig,Schlegelmilch,Staff
252680,Martina,Sewelson,Senior Engineer
252686,Jahangir,Wissmann,Senior Engineer
252689,Hilari,Thorensen,Engineer
252691,Ramzi,Litzler,Senior Staff
252694,Randy,Pepe,Senior Staff
252696,Mart,Luft,Senior Engineer
252697,Zejun,Schlegelmilch,Senior Staff
252699,Akeno,Paludetto,Technique Leader
252700,Tonny,Mayerwieser,Senior Staff
252701,Bernice,Penttonen,Senior Engineer
252703,Barna,Beausoleil,Senior Staff
252706,Aris,Legleitner,Senior Engineer
252707,Yinlin,Asrin,Senior Staff
252709,Bluma,Gyimothy,Senior Engineer
252720,Larisa,Alameldin,Engineer
252722,Domenico,Melski,Senior Staff
252729,Urs,Crooks,Senior Engineer
252732,Gina,Seiwald,Staff
252733,Toong,Besancenot,Senior Staff
252734,Christoph,Baezner,Engineer
252736,Moheb,Siegrist,Engineer
252740,Mang,Riesenhuber,Senior Engineer
252745,Kolar,Qiwen,Senior Staff
252748,Kaijung,Ramaiah,Staff
252749,Akhilish,Yeung,Staff
252751,Sven,Rabehasaina,Senior Engineer
252753,Radhika,Denna,Senior Staff
252754,Yuguang,Peak,Engineer
252757,Aron,Erdi,Senior Engineer
252760,Subhankar,Picaronny,Assistant Engineer
252763,Felicidad,Aamodt,Engineer
252764,Abdulla,Vendrig,Staff
252765,Jongsuk,Boreale,Senior Staff
252767,Udaiprakash,Chiola,Senior Engineer
252768,Marlo,Cherinka,Assistant Engineer
252769,Supot,Matheson,Senior Engineer
252779,Mokhtar,Cromarty,Senior Staff
252782,Yonghong,Ratnakar,Senior Engineer
252787,Amalendu,Bolsens,Senior Engineer
252790,Munehiko,Ramaiah,Senior Engineer
252807,Chuanti,Jiafu,Senior Engineer
252808,Steen,Leaver,Senior Engineer
252809,Geoffry,Lovengreen,Senior Engineer
252812,Ziva,Snyers,Senior Engineer
252813,Yannis,Comte,Senior Engineer
252822,Gou,Gammage,Staff
252823,Aiman,Osgood,Engineer
252825,Premsyl,Cannard,Staff
252834,Brigham,Bellone,Senior Staff
252837,Yechezkel,Iacovou,Senior Engineer
252840,Moie,Gronowski,Senior Engineer
252842,Leucio,Cangellaris,Senior Staff
252845,Guther,Bach,Senior Staff
252848,Alper,Demeyer,Senior Staff
252862,Shahab,Schicker,Senior Staff
252865,Sham,Zlotek,Senior Staff
252868,Zhiguo,Strooper,Senior Engineer
252872,Mountaz,Mitsuhashi,Engineer
252876,Ingmar,Randi,Senior Staff
252881,Marc,Wilharm,Senior Engineer
252882,Giri,Munawer,Senior Engineer
252886,Satosi,Breugel,Senior Staff
252887,Taisook,Rattan,Engineer
252895,Slavian,Collette,Engineer
252903,Gretta,Miculan,Engineer
252904,Gen,Aloia,Senior Engineer
252915,Jouni,Acton,Technique Leader
252924,Kazuhisa,Bazzichi,Senior Staff
252927,Vitaly,Veeraraghavan,Senior Staff
252934,Zhenhua,Akaboshi,Senior Engineer
252936,Bowen,Journel,Engineer
252939,Toshiki,Cullers,Senior Staff
252942,Terresa,Showalter,Staff
252944,Minghong,Albarhamtoshy,Senior Engineer
252947,Danny,Naumovich,Senior Staff
252948,Danco,Krupka,Senior Staff
252956,Kristin,Gecsei,Senior Staff
252962,Arto,Oppitz,Senior Staff
252964,Arnould,Azuma,Senior Staff
252965,Shan,Emmerich,Engineer
252967,Tuval,Foong,Staff
252970,Mario,Herber,Senior Engineer
252971,Leon,Pluym,Senior Staff
252972,Ramalingam,Ambroszkiewicz,Engineer
252976,Armond,Trelles,Engineer
252982,Mandell,Pehl,Technique Leader
252983,Filipp,Claffy,Senior Engineer
252985,Giordano,Ramsak,Senior Staff
252989,Stella,Wegerle,Senior Engineer
252992,Shahab,Gustavson,Engineer
252997,Mamdouh,Reutenauer,Senior Engineer
252999,Weijing,Kusakabe,Technique Leader
253002,Niteen,Fioravanti,Senior Staff
253003,Yannik,Lambe,Senior Engineer
253010,Haldun,Stamatiou,Engineer
253013,Yakichi,Brandsma,Engineer
253017,Subhash,Staudhammer,Senior Engineer
253019,Marc,Bolotov,Senior Staff
253023,Mansur,Welham,Senior Engineer
253024,Arco,Shigei,Senior Engineer
253025,Basant,Lung,Staff
253036,Gretta,Isaak,Senior Engineer
253037,Zijian,Bharadwaj,Senior Engineer
253042,Mariangiola,Matzke,Senior Staff
253047,Hausi,Manders,Senior Engineer
253048,Basant,Rassart,Senior Staff
253049,Karoline,Begiun,Senior Engineer
253051,Zhenbing,Rahier,Senior Staff
253054,Nectarios,Makrucki,Senior Engineer
253055,Ebru,Syang,Senior Engineer
253066,Faiza,Kugler,Senior Engineer
253070,Zhiguo,Gaughan,Senior Staff
253074,Arlette,Strandh,Senior Staff
253077,Shaowei,Maierhofer,Engineer
253081,Jenwei,Setlzner,Technique Leader
253084,Duro,Potthoff,Senior Engineer
253086,Shugo,Huxford,Senior Engineer
253087,Arunachalam,Pokrovskii,Staff
253091,Yechezkel,Zallocco,Senior Engineer
253094,Hugh,Syrotiuk,Senior Staff
253096,Taiji,Muhling,Senior Staff
253098,Faiza,Delgrande,Technique Leader
253099,Lobel,Atrawala,Senior Engineer
253100,Arunachalam,Lindqvist,Senior Engineer
253101,Tristan,Fontet,Staff
253103,Khosrow,Pappas,Senior Staff
253104,Zengping,Kranzdorf,Engineer
253105,Susanta,Nollmann,Senior Staff
253114,Zongyan,Stifter,Staff
253124,Samphel,Garnham,Senior Engineer
253125,Khalil,Percebois,Senior Engineer
253126,Alejandro,Birta,Senior Staff
253128,Danny,Herbst,Senior Staff
253129,Christophe,Moffat,Engineer
253132,Vitali,Zielinski,Senior Engineer
253140,Claudi,Plumb,Senior Staff
253141,Arra,Chiodo,Senior Staff
253146,Gou,Pramanik,Senior Staff
253149,Ramya,Murrill,Senior Staff
253150,Niclas,Backhouse,Technique Leader
253151,George,Benzmuller,Senior Staff
253155,Tetsushi,Mawatari,Senior Engineer
253157,Radhia,Giveon,Senior Staff
253158,Eckart,Tzvieli,Staff
253165,Adin,Assaf,Senior Engineer
253167,Weiye,Geffroy,Staff
253174,Hidekazu,Henders,Senior Staff
253176,Basant,Giaccio,Staff
253179,Kwangsub,Ghazalie,Engineer
253181,Froduald,Coorg,Senior Staff
253184,Mokhtar,Riexinger,Senior Staff
253190,Rosli,Kuszyk,Senior Engineer
253191,Ottavia,Jahnichen,Senior Staff
253198,Radhika,Bala,Senior Engineer
253204,LiMin,Matzke,Engineer
253209,Khedija,Warwick,Engineer
253210,Woody,Gyimothy,Staff
253212,Anneli,Jarecki,Senior Staff
253217,Subhash,Honiden,Senior Staff
253225,Nevin,Jarecki,Senior Engineer
253228,Froduald,Schrooten,Senior Staff
253233,Mohit,Billawala,Engineer
253234,Utz,Fioravanti,Senior Engineer
253240,Odysseas,DasSarma,Engineer
253249,Breannda,Tiemann,Senior Staff
253260,Isaac,Capobianchi,Senior Staff
253265,Jayesh,Vakili,Staff
253266,Perry,Luft,Senior Staff
253267,Shin,Erol,Engineer
253272,Amalendu,Uehara,Senior Staff
253277,Heekeun,Wynblatt,Technique Leader
253289,Ioana,Willoner,Technique Leader
253294,DeForest,Cherinka,Senior Engineer
253297,Hilary,Gadepally,Staff
253299,Djenana,Escriba,Engineer
253309,Alejandro,Ranka,Assistant Engineer
253315,Bartek,Kusakari,Senior Engineer
253323,Gilbert,Lieberherr,Engineer
253324,Xiong,Vendrig,Senior Staff
253325,Kristine,Ushiama,Senior Engineer
253326,Ger,Kropatsch,Senior Engineer
253329,Rasikan,Loncour,Senior Engineer
253340,Val,Broder,Senior Engineer
253344,Mads,Versino,Staff
253345,Bodh,Wrigley,Senior Engineer
253346,Parviz,Hedayat,Engineer
253351,Shuichi,Serre,Staff
253353,Lansing,Orsini,Senior Staff
253354,Takahito,Hofman,Senior Staff
253359,Gadiel,Terwilliger,Senior Engineer
253362,Odoardo,Stanfel,Engineer
253364,Kazuhiko,Erol,Senior Engineer
253370,Geoffrey,Terekhov,Engineer
253381,Berto,Henders,Senior Staff
253382,Avishai,Limongiello,Senior Staff
253385,Hatim,Lichtman,Engineer
253394,Armond,Marchesini,Senior Staff
253396,Sverrir,Ecklund,Staff
253399,Susumu,Reutenauer,Senior Engineer
253400,Bikash,Simmen,Staff
253402,Guther,Pavlopoulou,Senior Engineer
253405,Sumant,Gustavson,Engineer
253406,Olivera,Baek,Technique Leader
253409,Janalee,Hanratty,Senior Engineer
253410,Teruyuki,Polupanov,Senior Engineer
253415,Tran,Schwaller,Senior Engineer
253417,Irene,Kalorkoti,Senior Staff
253419,Kauko,McDermid,Senior Staff
253425,Shigeichiro,Erdi,Senior Staff
253427,Yunming,Hebden,Senior Engineer
253428,Ortrun,Benner,Technique Leader
253440,Guozhong,Picci,Staff
253444,DeForest,Serdy,Senior Engineer
253445,Deniz,Maliniak,Senior Engineer
253448,Luigi,Hettesheimer,Senior Engineer
253450,Guenter,Magliocco,Staff
253456,Theirry,Azuma,Engineer
253457,Terresa,Stasinski,Senior Engineer
253461,Masali,Bottner,Senior Engineer
253462,Menkae,Sooriamurthi,Engineer
253465,Rayond,Munke,Staff
253469,Rafail,Zeleznik,Senior Engineer
253472,Gianluca,Kusakabe,Senior Staff
253473,Jamaludin,Crooks,Senior Engineer
253474,Franziska,Hardjono,Senior Staff
253478,Idoia,Heuser,Staff
253480,Douadi,Fandrianto,Engineer
253483,Carrsten,Lunn,Senior Engineer
253487,Henk,Pokrovskii,Senior Engineer
253488,Halsur,Terlouw,Senior Staff
253492,Serge,Carrere,Senior Engineer
253496,Shimshon,Marshall,Senior Staff
253501,Xinan,Gladwell,Senior Staff
253503,Tsz,Brendel,Senior Staff
253504,Subbu,Marquardt,Senior Engineer
253505,Baruch,Peternell,Senior Staff
253509,Karsten,Kaminger,Senior Staff
253511,Qingxiang,Nitta,Senior Engineer
253513,Howell,Simmen,Staff
253514,Apostol,Cannane,Engineer
253516,Taizo,Poujol,Senior Engineer
253520,Khun,McDermid,Engineer
253523,Mircea,Horswill,Staff
253524,Fabrizio,Cmelik,Staff
253525,Mani,Maksimenko,Senior Engineer
253539,Bingning,Varker,Senior Engineer
253548,Felicidad,Malinowski,Staff
253549,Tze,Benantar,Senior Staff
253550,Almudena,Vecchi,Senior Engineer
253556,Sarita,Hanratty,Engineer
253557,Tran,Merel,Senior Staff
253558,Armond,Kruskal,Engineer
253561,Augustine,Denna,Staff
253562,Slavian,Sethi,Senior Engineer
253569,Shaowen,Gopalakrishnan,Senior Staff
253571,Tomokazu,Deverell,Engineer
253572,Sachem,Schoegge,Senior Staff
253573,Vasilii,Kawashimo,Staff
253579,Jeanna,Biron,Senior Staff
253580,Duri,Suessmith,Senior Engineer
253582,Lalit,Dulli,Technique Leader
253587,Lillian,Yeung,Engineer
253592,Tesuya,Gerlach,Senior Staff
253594,Tetsushi,Morris,Staff
253595,Tru,Restivo,Staff
253602,Gurbir,Arlazarov,Senior Staff
253603,Atreyi,Rassart,Engineer
253606,Leaf,Lichtman,Technique Leader
253607,Uta,Rosaz,Senior Engineer
253610,Pranav,Morrow,Senior Staff
253613,Chaoyi,Brender,Senior Staff
253615,Nigel,Karunanithi,Staff
253616,Gererd,Pashtan,Senior Staff
253619,Sangeeta,Malabarba,Staff
253625,Leif,Pavlopoulou,Senior Staff
253626,Kyoichi,Munke,Senior Staff
253628,Ranan,Lorin,Senior Engineer
253629,Quingbo,Kriebel,Senior Staff
253632,Pohua,Bresenham,Senior Staff
253634,Sakthirel,Bellone,Technique Leader
253636,Yucel,Itschner,Senior Staff
253648,Tesuya,Millington,Senior Staff
253650,Remzi,Loncour,Senior Engineer
253652,Jaewon,Hasham,Senior Staff
253653,Roselyn,Markovitch,Senior Engineer
253657,Mrinalini,Selvestrel,Engineer
253658,Jessie,Frolund,Engineer
253665,Adit,Perfilyeva,Engineer
253669,Goetz,Thambidurai,Senior Staff
253670,Sachin,Conte,Senior Staff
253672,Renee,Pargas,Technique Leader
253679,Mingdong,Portugali,Staff
253680,Jianwen,Kumaresan,Engineer
253681,Gina,Snedden,Engineer
253682,Jiong,Orsini,Senior Staff
253683,Shaunak,Egerstedt,Senior Staff
253691,Sachio,Aumann,Engineer
253695,Baoqiu,Ohori,Senior Engineer
253697,Zeydy,Nitto,Senior Engineer
253698,Hongzue,Goodrum,Senior Engineer
253700,Masasuke,Comyn,Staff
253701,Masanao,Zuberek,Senior Staff
253704,Sven,Belinskaya,Senior Staff
253705,Eran,Swift,Senior Staff
253714,Maria,Aseltine,Senior Staff
253717,Tommaso,Bondorf,Senior Staff
253723,Jianhua,Feinberg,Engineer
253726,Francoise,Chinin,Senior Engineer
253727,Fayez,Pargas,Senior Engineer
253729,Ziyad,Rusterholz,Senior Engineer
253732,Lenore,Slobodova,Senior Engineer
253733,Jiang,Rissland,Senior Staff
253735,Zhensheng,Luan,Engineer
253736,Aris,Kulisch,Technique Leader
253745,Krassimir,Adachi,Senior Engineer
253747,Mohan,Plotkin,Staff
253750,Marlo,Baez,Engineer
253751,Neelam,Ligten,Senior Staff
253753,Goncalo,Erdi,Engineer
253755,Shahab,Sifakis,Senior Staff
253758,Jouni,Calkin,Senior Engineer
253766,Masoud,Ranft,Senior Engineer
253771,Moie,Kambil,Senior Engineer
253775,Stella,Jeong,Senior Engineer
253777,Kien,Ravishankar,Senior Staff
253785,Eckart,Smailagic,Senior Staff
253786,Kazuyasu,Khalil,Engineer
253793,JoAnna,Passino,Senior Engineer
253796,Masako,Unni,Engineer
253797,Martien,Fabrizio,Senior Staff
253805,Malu,Fargier,Senior Engineer
253811,Richara,Suermann,Senior Staff
253818,Sadok,Moehrke,Senior Staff
253819,Valeri,Bahi,Senior Engineer
253820,Jeong,Conry,Senior Engineer
253823,Gaurav,Casley,Senior Engineer
253827,Iara,Khasidashvili,Senior Staff
253828,Shem,Lubachevsky,Senior Staff
253830,Luerbio,Pintelas,Senior Staff
253831,Maren,Kamber,Staff
253832,Jixiang,Foong,Technique Leader
253835,Rimli,Mukaidono,Engineer
253837,Cristinel,Dolinsky,Senior Engineer
253845,Navin,Androutsos,Engineer
253847,Xiaobin,Suermann,Senior Engineer
253848,Seongbae,Einsfeld,Senior Staff
253851,Piyush,Smailagic,Staff
253861,Shir,McAlpine,Senior Staff
253863,Adam,Maierhofer,Engineer
253865,Fox,Hedayat,Assistant Engineer
253866,Reinhard,Reinhart,Senior Engineer
253868,Beshir,Karnin,Senior Staff
253869,Joydip,Schmiedel,Senior Staff
253873,Frazer,Cheshire,Senior Engineer
253875,Gopalakrishnan,Taubenfeld,Senior Staff
253877,Lene,Gaughan,Technique Leader
253879,Tonny,Hartvigsen,Senior Staff
253880,Marke,Schiper,Senior Engineer
253883,Pasqua,Krone,Staff
253884,Monique,Saoudi,Engineer
253885,Bernd,Atchley,Senior Engineer
253888,Sverrir,Menyhert,Senior Engineer
253896,Mayuri,Akiyama,Senior Staff
253901,Shigeichiro,Porotnikoff,Senior Engineer
253909,Kshitij,Marakhovsky,Senior Engineer
253911,Sumant,Siepmann,Senior Engineer
253914,Syozo,DeMori,Senior Engineer
253916,Phuoc,Suwa,Senior Staff
253917,Sachin,Gaughan,Senior Engineer
253919,Arne,Kroft,Senior Staff
253921,Mang,Mandell,Senior Engineer
253926,Mary,Krichel,Senior Staff
253928,Abdulla,Oberman,Senior Engineer
253930,KayLiang,Moffat,Senior Engineer
253932,Renny,Peris,Senior Engineer
253945,Gina,Rabehasaina,Assistant Engineer
253946,Mana,Puppo,Staff
253952,Cristinel,Kohling,Engineer
253956,Rosli,Loncour,Senior Staff
253962,Steve,Przulj,Senior Staff
253963,Edwin,Speckmann,Staff
253967,Moon,Akazan,Engineer
253977,Tonny,Usdin,Senior Engineer
253979,Sakthirel,Luft,Senior Engineer
253982,Leif,Nishimukai,Senior Staff
253984,Limsoon,Setlzner,Engineer
253988,Maya,Jiang,Senior Staff
253997,Alselm,Fioravanti,Senior Staff
253998,Marin,Conti,Technique Leader
254001,Caolyn,Ranta,Staff
254003,Alenka,Haumacher,Senior Staff
254005,Souichi,Parfitt,Senior Engineer
254010,Shaibal,Barreiro,Staff
254011,Badri,Swift,Senior Engineer
254013,Luise,Luff,Senior Staff
254016,Danel,Bierman,Senior Engineer
254020,Suvo,Rosch,Senior Engineer
254024,Richard,Ernst,Senior Staff
254025,Hausi,Schiettecatte,Staff
254030,Jolita,Uehara,Staff
254032,Along,Waschkowski,Staff
254033,Rosella,Varman,Senior Staff
254037,Carrsten,Engelmann,Technique Leader
254038,Angus,Ernst,Senior Engineer
254041,Zhongwei,Quadeer,Assistant Engineer
254043,Saddek,Peng,Senior Staff
254046,Serap,Karunanithi,Senior Staff
254048,Hidefumi,Awdeh,Engineer
254051,Oscar,Plumb,Senior Engineer
254053,Heeju,Benantar,Senior Engineer
254054,Cheong,Milicia,Senior Staff
254058,Shuzo,Munos,Senior Engineer
254060,Sumant,Heinisuo,Technique Leader
254061,Krister,Kermarrec,Assistant Engineer
254064,Yishai,Baik,Senior Staff
254065,Kazunori,Azadmanesh,Senior Engineer
254069,Uli,Nishimukai,Senior Engineer
254070,Kenroku,Marwedel,Staff
254075,Kazuyasu,Soicher,Senior Staff
254077,Atilio,Uludag,Senior Staff
254079,Iara,Iacovou,Senior Engineer
254084,Visit,Fiebach,Senior Engineer
254086,Barton,Karunanithi,Engineer
254089,Mariangiola,Billingsley,Senior Engineer
254091,Alejandra,Jiang,Senior Staff
254097,Seongbae,Ibel,Senior Engineer
254102,Raimond,Flexer,Staff
254117,Leen,Andreotta,Senior Engineer
254118,Pasqua,Luft,Senior Staff
254124,Xuejun,Heinisuo,Senior Staff
254127,Arfst,Shumilov,Staff
254128,Clyde,Otillio,Senior Engineer
254129,Bojan,Bahi,Engineer
254131,Xinan,Granlund,Staff
254138,Yechiam,Gammage,Engineer
254139,Selwyn,Demke,Engineer
254141,Tran,Tramer,Senior Staff
254153,Padma,Kermarrec,Senior Engineer
254156,Jixiang,Driscoll,Senior Engineer
254160,Zhenbing,Wallrath,Senior Engineer
254163,Jasminko,Baez,Engineer
254166,Leaf,Asrin,Senior Staff
254167,Xianlong,Tibblin,Senior Staff
254168,Vidar,Peron,Technique Leader
254174,Tetsushi,Perfilyeva,Staff
254180,Ronghao,Sewelson,Engineer
254182,Chuanti,Beilner,Senior Engineer
254184,Hercules,Kobara,Technique Leader
254185,Hitomi,Dalton,Senior Staff
254188,Larisa,Peltason,Senior Engineer
254189,Matt,Shokrollahi,Engineer
254190,Baruch,Murrill,Staff
254195,Katsuyuki,Christianini,Senior Staff
254196,Yurij,Speek,Engineer
254197,Kazuhide,Lanzelotte,Assistant Engineer
254198,Yannik,Mitina,Senior Engineer
254203,Rutger,Milicic,Senior Staff
254205,Mani,Ramsey,Engineer
254206,Tamiya,Asmuth,Staff
254209,Nigel,Yurov,Senior Engineer
254212,Mayuri,Leijenhorst,Engineer
254213,Magy,Tetzlaff,Senior Engineer
254218,Mircea,Peck,Staff
254220,Ziyad,Marshall,Engineer
254223,Geraldo,Vieth,Staff
254227,Vitaly,Frezza,Senior Staff
254228,Emdad,Mersereau,Senior Engineer
254236,Ung,Zastre,Senior Engineer
254237,Keung,Slaats,Senior Staff
254238,Koichi,Joslin,Senior Staff
254241,Anneli,Wursthorn,Senior Engineer
254242,Georg,Ranum,Engineer
254245,Kshitij,Puppo,Senior Engineer
254246,Marl,Thebaut,Senior Staff
254247,Van,Furudate,Senior Staff
254249,Xiaoqiang,Staelin,Senior Staff
254258,Hatim,Kroft,Engineer
254267,Sakthirel,Rajala,Senior Staff
254270,Pohua,Hiraishi,Senior Staff
254271,Djenana,Pusterhofer,Senior Staff
254279,Huiqun,Swen,Staff
254281,Anwar,Keirsey,Senior Engineer
254290,Yechezkel,Doering,Senior Staff
254291,Leen,Speckmann,Senior Staff
254292,Pranas,Eppinger,Senior Staff
254293,Stein,Pardalos,Senior Engineer
254294,Shridhar,Benzaken,Senior Engineer
254296,Adamantios,Ananiadou,Assistant Engineer
254298,Olivera,Shackel,Senior Engineer
254299,Miquel,Vidal,Senior Staff
254300,Takahira,Beilner,Assistant Engineer
254312,Selwyn,Dolinsky,Staff
254320,Suzette,Hasham,Staff
254321,Masasuke,Albarhamtoshy,Engineer
254322,Djenana,Socorro,Staff
254324,Stepehn,Merlo,Engineer
254325,Khun,Luiz,Technique Leader
254327,Lillian,Shackel,Senior Staff
254330,Mikhail,Muhling,Senior Staff
254331,Shim,Kobuchi,Senior Engineer
254332,Mohamadou,Muchinsky,Senior Staff
254343,Masamitsu,Lenart,Senior Engineer
254347,Zine,Schwaller,Senior Engineer
254354,Martins,Angiulli,Senior Engineer
254363,Dannz,Angiulli,Engineer
254366,Brendon,Bazzichi,Senior Staff
254367,Dinkar,Honglei,Senior Staff
254369,Selwyn,Varker,Senior Staff
254370,Khedija,Schwartzburd,Senior Staff
254378,Zdislav,Ertl,Technique Leader
254382,Candida,Lipner,Engineer
254391,Kristian,Basagni,Senior Staff
254394,Mingsen,Garnick,Senior Engineer
254401,Valter,Jervis,Senior Engineer
254402,Jaihie,Thiria,Assistant Engineer
254406,Fai,Tzvieli,Engineer
254407,Leucio,Kawashimo,Senior Engineer
254408,Kiyokazu,Pleszkun,Staff
254409,Dante,Gide,Senior Engineer
254412,Akhilish,Vrecion,Senior Engineer
254417,Yurii,Selvestrel,Senior Staff
254418,Huican,Luan,Senior Staff
254421,Seshu,Katiyar,Senior Staff
254425,Francoise,Paludetto,Senior Engineer
254426,Ashish,Schreiter,Assistant Engineer
254434,Tsutomu,Demir,Engineer
254436,Huai,Bottner,Senior Staff
254444,Ramya,Buchter,Senior Engineer
254452,Christophe,Chachaty,Senior Engineer
254453,Shaowen,Plesums,Engineer
254454,Uinam,Ponthieu,Senior Staff
254456,Sanjoy,Openshaw,Senior Engineer
254458,Uli,Panwar,Engineer
254459,Mart,Gadepally,Senior Engineer
254460,Duke,Poujol,Staff
254463,Douadi,Pappas,Staff
254464,Kazuhito,Matteis,Senior Staff
254467,Shounak,Honiden,Engineer
254470,Bouchung,McClure,Senior Engineer
254475,Prodip,Luft,Senior Staff
254478,Paraskevi,Gelosh,Engineer
254482,Ramachenga,Sewelson,Engineer
254483,Rosalyn,Parveen,Senior Staff
254488,Arvind,Benzaken,Senior Staff
254490,Dayanand,Ranta,Senior Engineer
254493,Goetz,Boyle,Engineer
254494,Nikolaus,Saoudi,Senior Staff
254496,Mingsen,Glinert,Senior Engineer
254499,Hisao,Buescher,Senior Engineer
254502,Valeska,Dalphin,Senior Staff
254511,Moss,Velardi,Engineer
254513,Basant,Harnett,Engineer
254516,Aram,Cannata,Senior Engineer
254528,Siamak,Frezza,Senior Engineer
254529,Doowon,Terwilliger,Senior Staff
254531,Samphel,Maliniak,Staff
254534,Jolita,Dulli,Engineer
254537,Jianhua,Papsdorf,Senior Engineer
254538,Mooi,Mikschl,Assistant Engineer
254543,Arto,Perin,Senior Engineer
254547,Nigel,Ecklund,Technique Leader
254552,Geoffry,Doering,Senior Engineer
254554,Noritoshi,Oskamp,Engineer
254556,Tsz,Azadmanesh,Senior Staff
254563,Boaz,Dulin,Senior Staff
254565,Shakhar,Businaro,Senior Engineer
254577,Somnath,Bolotov,Senior Engineer
254585,Insup,Argence,Senior Staff
254586,Sajjan,Wielonsky,Senior Engineer
254588,Alper,Jiang,Engineer
254593,Goa,Morrin,Senior Staff
254595,Richard,Pulkowski,Technique Leader
254597,Guttorm,Yurek,Staff
254598,Divier,Joslin,Senior Staff
254603,Dannz,Simkin,Engineer
254612,Aiichiro,Waleschkowski,Senior Staff
254614,Marjo,Plesums,Senior Staff
254615,Rayond,Ramaiah,Senior Engineer
254625,Stevo,Shrader,Senior Engineer
254628,Gor,Chiola,Senior Staff
254630,Abdelaziz,Cusworth,Senior Engineer
254637,Kellyn,Gini,Staff
254638,Matt,Peres,Senior Engineer
254645,Alassane,Kirkerud,Staff
254647,Irene,Muntz,Senior Staff
254655,Kazuhiko,Waterhouse,Senior Staff
254663,Bernd,Shackell,Senior Engineer
254667,Zhiwei,Granlund,Assistant Engineer
254677,Chaosheng,Candan,Staff
254679,Zeljko,Suermann,Senior Staff
254683,Martijn,Giaccio,Senior Engineer
254694,Jaques,Chinen,Senior Staff
254698,Piyawadee,Suri,Senior Engineer
254699,Zsolt,Zumaque,Senior Engineer
254706,Sedat,Detkin,Senior Staff
254712,Supot,Speek,Senior Staff
254713,Hinrich,Sevcikova,Senior Engineer
254715,Arun,Jumpertz,Engineer
254721,Lena,Meszaros,Senior Staff
254725,Kensyu,Pettey,Engineer
254727,Ramachenga,Range,Senior Engineer
254729,Berry,Ginesta,Engineer
254732,Abdelkader,Uludag,Senior Engineer
254733,Kiyotoshi,Yoshimura,Senior Staff
254741,Kensei,Lunt,Senior Engineer
254742,Zijian,Jumpertz,Senior Engineer
254743,Divier,Hagimont,Engineer
254745,Susumu,Trachtenberg,Senior Staff
254746,Charlene,Muchinsky,Engineer
254749,Dannz,Marshall,Senior Staff
254758,Premsyl,Bergere,Senior Staff
254759,Sreekrishna,Talmor,Senior Engineer
254767,Khosrow,Merro,Senior Engineer
254768,Kwun,Orsini,Engineer
254769,Phillip,Laventhal,Senior Engineer
254772,Jaques,Marrakchi,Staff
254775,Serenella,Heinisuo,Senior Staff
254779,Ioana,Wrigley,Senior Staff
254783,Aris,Yamaashi,Engineer
254788,Jouko,Merlo,Senior Staff
254789,Mechthild,Kropp,Staff
254790,Xiaoshan,Vanwelkenhuysen,Senior Engineer
254791,Lorien,Pluym,Senior Engineer
254796,Rosli,Carrera,Senior Staff
254798,Takanari,Famili,Senior Staff
254800,Shaowei,Danley,Senior Staff
254804,Goo,Sambasivam,Engineer
254806,Heather,Covnot,Senior Engineer
254808,Along,Schiper,Engineer
254814,Tsz,Worfolk,Senior Engineer
254815,Zhaofang,Kornatzky,Staff
254816,Kotesh,Peternell,Senior Engineer
254823,Serif,Streit,Senior Staff
254824,Along,Wossner,Senior Engineer
254826,Hitomi,Serov,Senior Engineer
254831,Shan,Huttel,Senior Engineer
254838,Nevio,Schaft,Senior Staff
254841,Morris,Kranzdorf,Senior Staff
254848,Shaw,Juneja,Assistant Engineer
254850,Huiqun,Masaki,Senior Engineer
254851,Huiqun,Randi,Senior Engineer
254856,Miquel,Theuretzbacher,Engineer
254857,Yuchang,Beerel,Senior Engineer
254860,Lansing,Docker,Senior Staff
254861,Alejandro,Yamaashi,Technique Leader
254863,Bluma,Calkin,Senior Engineer
254868,Mohammad,Bakhtari,Senior Engineer
254869,Shaz,Thummel,Staff
254871,Sverrir,Thiran,Engineer
254872,Teunis,Backhouse,Senior Engineer
254874,Raimond,Gewali,Staff
254880,Tran,Rassart,Senior Staff
254882,Arunas,Bondorf,Senior Staff
254883,Boalin,Brattka,Senior Staff
254885,Eishiro,Mitzlaff,Engineer
254888,Aluzio,Kinley,Senior Engineer
254892,Cheong,Milicia,Senior Engineer
254895,Somnath,Bael,Engineer
254899,Renee,Cairo,Technique Leader
254902,Etsuo,Sifakis,Technique Leader
254904,Jayesh,Montresor,Senior Staff
254906,Jessie,Baalen,Senior Engineer
254907,Zhensheng,Boyle,Senior Staff
254911,Shalesh,Orlowska,Staff
254917,Arif,Harnett,Engineer
254923,Doowon,Collavizza,Senior Engineer
254925,Sukumar,Kobara,Senior Staff
254927,Kazuhide,Bashian,Senior Staff
254929,Anestis,Zeilberger,Technique Leader
254930,Xinyu,Birke,Staff
254931,Inderjeet,Valette,Senior Staff
254932,Masato,Cannard,Senior Staff
254936,Make,Klassen,Senior Engineer
254944,Aiman,Bottner,Technique Leader
254950,Sachar,Moffat,Senior Engineer
254951,DeForest,Randt,Senior Engineer
254957,Val,Lores,Engineer
254959,Sukumar,Kitai,Senior Engineer
254960,Kazuhito,Luby,Engineer
254963,Neven,Bharadwaj,Senior Engineer
254965,Ramya,England,Senior Engineer
254970,Uno,Kossowski,Engineer
254978,Georgy,Pearson,Senior Engineer
254985,Maha,Casperson,Senior Engineer
254995,Mikhail,Norsworthy,Staff
254999,Dannz,Gide,Technique Leader
255004,Selwyn,Coorg,Senior Engineer
255005,Zhonghua,Otillio,Senior Engineer
255006,Ger,Heyers,Senior Staff
255007,Vesna,Radhakrishnan,Senior Engineer
255010,Taiji,Denis,Engineer
255011,Howell,Gips,Senior Engineer
255012,Eberhardt,Gischer,Senior Staff
255013,Valeska,Chandrasekhar,Senior Staff
255018,Chiradeep,Matzke,Senior Engineer
255020,Shao,Yetto,Senior Engineer
255021,Ashish,Crouzet,Senior Staff
255025,Zhenbing,Rijsenbrij,Senior Engineer
255030,Genevieve,Kadhim,Senior Staff
255031,Pranay,Rodite,Senior Engineer
255035,Reinhold,Erbe,Senior Staff
255036,Constantino,Barriga,Senior Staff
255043,Cristinel,Gammage,Technique Leader
255044,Kwee,Conry,Staff
255050,Aruna,Sundgren,Staff
255053,Urs,Bolsens,Senior Engineer
255055,Masato,Oxman,Senior Engineer
255057,Ramya,Angel,Senior Engineer
255059,Tse,Kawashima,Engineer
255062,Yuriy,Zeidenstein,Staff
255063,Howell,Edelhoff,Engineer
255071,Rosalyn,Schwabacher,Senior Engineer
255075,Cullen,Standera,Engineer
255083,Chuanti,Brandsma,Engineer
255087,Gererd,Milicic,Senior Staff
255092,Jenwei,Sinicrope,Senior Staff
255094,Chinya,Baaleh,Senior Staff
255096,Marla,Trogemann,Engineer
255110,Conor,Cronin,Senior Staff
255114,Magdalena,Dulay,Senior Staff
255115,DAIDA,Gulla,Senior Staff
255116,Breannda,Apsitis,Senior Engineer
255117,Tamiya,Bouloucos,Staff
255119,Zejun,Pagter,Senior Staff
255129,Elvis,Setlzner,Senior Staff
255130,Mooi,Krupka,Senior Staff
255132,Yifei,Turnbull,Senior Staff
255133,Shir,Maraist,Senior Staff
255134,Yurij,Peir,Senior Engineer
255139,Moty,Ariola,Staff
255141,Maja,Paludetto,Senior Engineer
255143,Jessie,Bierman,Senior Staff
255144,Pranjal,Perelgut,Senior Engineer
255146,Hugh,Beznosov,Senior Engineer
255150,Goncalo,Muhling,Staff
255151,Rasiah,Reghbati,Senior Staff
255153,Spyrose,Heemskerk,Engineer
255154,Susanna,Androutsos,Engineer
255156,Constantino,Barvinok,Technique Leader
255157,Saeed,Zlotek,Assistant Engineer
255158,Piyawadee,Cummings,Senior Engineer
255160,Boalin,Kaiser,Senior Engineer
255166,Naraig,Sullins,Technique Leader
255167,Fox,Douceur,Staff
255168,Ziva,Ananiadou,Senior Staff
255170,Marl,Businaro,Engineer
255171,Chriss,Gist,Senior Staff
255172,Mani,Rajcani,Senior Staff
255173,Mara,Schaft,Senior Staff
255174,Jeanna,Zyda,Engineer
255175,Remmert,Copas,Staff
255177,Valeri,Baca,Senior Engineer
255182,Kendra,Bahk,Senior Staff
255190,Bernt,Llado,Engineer
255197,Kshitij,Piancastelli,Senior Engineer
255201,Ishfaq,Birge,Staff
255205,Mihalis,Shobatake,Engineer
255216,Cathie,Improta,Senior Staff
255220,Kwangsub,Renear,Senior Staff
255221,Lech,Vandervoorde,Staff
255225,Jiang,Irland,Senior Staff
255227,Sven,Budinsky,Engineer
255228,Takahito,Baranowski,Senior Staff
255231,Moon,Bahl,Senior Engineer
255232,Shridhar,Georgakopoulos,Staff
255234,Susuma,Lorys,Senior Staff
255242,Doowon,Pelz,Senior Engineer
255247,Taisook,Seghrouchni,Senior Staff
255248,Rosita,Pellegrinelli,Senior Engineer
255251,Aruna,Haldar,Senior Staff
255256,Saeed,Figueira,Engineer
255258,Nitsan,Yemenis,Senior Staff
255260,Krisda,Fendler,Senior Staff
255262,Huai,Lanphier,Engineer
255277,Jaihie,Couchot,Senior Engineer
255278,Xuejun,Candan,Staff
255279,Radhia,Geffroy,Engineer
255281,Guttorm,Gist,Staff
255282,Sumant,Aamodt,Assistant Engineer
255285,Xudong,Erie,Senior Staff
255290,Herbert,Potthoff,Staff
255291,Vesna,England,Engineer
255293,Magdalena,Kampfer,Staff
255294,Martial,Llado,Staff
255308,Francesca,Gronowski,Staff
255311,Feixiong,Conia,Senior Staff
255312,Ferdinand,Feinberg,Staff
255313,Leucio,Suri,Senior Staff
255316,Atreyi,Marchesini,Senior Engineer
255317,Nikolaos,Papadias,Technique Leader
255318,Uma,Thimonier,Senior Staff
255321,Shen,Walston,Senior Engineer
255323,Bader,Ferriere,Engineer
255329,Marsha,Porenta,Engineer
255331,Abdelaziz,Kroha,Senior Staff
255332,Bezalel,Maksimenko,Senior Staff
255335,Seshu,Wilfing,Staff
255336,Masasuke,Mattern,Senior Staff
255337,Leon,Raoux,Engineer
255338,Fei,Veeraraghavan,Senior Engineer
255339,Leni,Hitomi,Senior Engineer
255346,Zhonghua,Velardi,Senior Engineer
255349,Niclas,Niizuma,Senior Staff
255352,Miomir,Benzaken,Assistant Engineer
255356,Mohan,Eastman,Engineer
255357,Siddarth,Clouatre,Staff
255358,Zine,Piancastelli,Senior Engineer
255359,Bangqing,Restivo,Staff
255360,Jackson,Klyachko,Engineer
255361,Aamer,Spell,Assistant Engineer
255368,Sanjai,Attimonelli,Senior Staff
255369,Valeri,Luft,Senior Staff
255371,Arie,Kalafatis,Senior Engineer
255373,Sajjad,Hatcliff,Engineer
255382,Zito,Facello,Staff
255388,Gad,Kropatsch,Engineer
255395,Toshimitsu,Rijsenbrij,Senior Staff
255397,Augustine,Guenter,Engineer
255400,Alair,Yetto,Engineer
255403,Yuqun,Goldhammer,Staff
255405,Vishv,Frijda,Senior Engineer
255407,Brewster,Strehl,Senior Engineer
255415,Heejo,Erdi,Assistant Engineer
255416,Monique,Pelz,Engineer
255417,Udaiprakash,Zizka,Engineer
255422,Xinan,Przulj,Senior Staff
255424,Vishwani,Jenevein,Senior Engineer
255425,Jaewoo,Jumpertz,Senior Engineer
255432,Niranjan,Rajaraman,Senior Engineer
255433,Keiichiro,Bennet,Senior Engineer
255439,Mohan,Pagter,Staff
255440,Bodh,Barriga,Senior Engineer
255443,Jingling,Perko,Senior Engineer
255444,Luise,Swick,Senior Engineer
255446,Chinho,Parascandalo,Senior Engineer
255449,Jaideep,Kaminger,Senior Staff
255452,Mack,Roison,Senior Staff
255453,Uriel,Trogemann,Staff
255456,Aleksandar,Tibblin,Senior Staff
255458,Abdulah,Shackell,Senior Engineer
255464,Visit,Kragelund,Senior Engineer
255467,Hugh,Geffroy,Senior Staff
255471,Hongzue,Erde,Staff
255484,Satosi,Swan,Senior Engineer
255488,Vugranam,Azuma,Engineer
255496,Hilary,Murtafg,Senior Staff
255497,Lucian,Thimonier,Senior Engineer
255498,Mara,Jiafu,Engineer
255499,Dannz,Engelmann,Senior Staff
255510,Ute,Denny,Engineer
255514,Yonghong,Oxenboll,Senior Staff
255515,Pragnesh,Norsworthy,Senior Engineer
255517,Niranjan,Schade,Senior Staff
255519,Randy,Lampe,Senior Engineer
255522,Rosita,Muhling,Senior Engineer
255523,Yifei,Denos,Senior Engineer
255524,Munenori,Androutsos,Engineer
255528,Saniya,Junet,Senior Engineer
255532,Pramod,Serov,Staff
255534,Kauko,Ananiadou,Senior Staff
255535,Visit,Panwar,Senior Engineer
255536,Kerryn,Kragelund,Senior Staff
255546,Froduald,Kroll,Staff
255550,Urs,Cunliffe,Engineer
255553,Masato,Pietracaprina,Senior Staff
255555,Zhongwei,Vernadat,Engineer
255556,Hironoby,Kavanagh,Staff
255561,Chiranjit,Albarhamtoshy,Staff
255568,Quingbo,Eiron,Technique Leader
255576,Ulises,Albarhamtoshy,Senior Staff
255579,Baoqiu,Birta,Senior Engineer
255582,Candida,Montresor,Senior Engineer
255587,Zine,Heinisuo,Staff
255590,Yongmin,Kaelbling,Senior Staff
255592,Jaideep,Bakhtari,Senior Staff
255598,Bernardo,Bugaenko,Engineer
255603,Nevio,Taubman,Senior Engineer
255605,Sven,Krzyzanowski,Engineer
255606,Elvis,Bonifati,Senior Staff
255610,Abdulah,Paciorek,Senior Engineer
255611,Hideyuki,Pell,Senior Engineer
255612,Kotesh,Bisiani,Senior Staff
255620,Mani,Tiemann,Staff
255622,Parto,Zuberek,Technique Leader
255624,Rafael,Hebden,Engineer
255626,Boutros,Usdin,Senior Staff
255627,Giordano,Escriba,Senior Engineer
255628,Lalit,Danley,Senior Staff
255630,Kensei,Takkinen,Senior Staff
255636,Itzchak,Docker,Senior Staff
255641,Randy,Bahi,Technique Leader
255646,Lubomir,DeMori,Senior Engineer
255647,Akemi,Smailagic,Technique Leader
255648,Angel,Furudate,Staff
255649,Leah,Ligten,Senior Engineer
255650,Giri,Glowinski,Senior Staff
255665,Samphel,Templeman,Senior Engineer
255667,Ranan,Crooks,Staff
255668,Lokesh,Pashtan,Senior Staff
255672,Huiqun,Kamble,Senior Staff
255673,Yinlin,Crooks,Engineer
255679,Lansing,Garnick,Senior Staff
255680,Temple,Preusig,Senior Engineer
255682,Krister,Andreotta,Technique Leader
255686,Clyde,Peral,Senior Engineer
255699,Hauke,Curless,Engineer
255705,Aimee,Acton,Engineer
255708,Sanjoy,Porenta,Senior Engineer
255711,Duangkaew,Erie,Senior Engineer
255713,Dekang,Nittel,Senior Staff
255714,Rafail,Botman,Senior Staff
255715,Weicheng,Molberg,Senior Staff
255717,Hein,Walstra,Senior Staff
255722,Atreyi,Grospietsch,Senior Staff
255725,Constantine,Merro,Engineer
255728,Anestis,Emmerich,Staff
255733,Herb,Piazza,Senior Staff
255734,Valeri,Velasco,Staff
255741,Jacopo,Terwilliger,Senior Staff
255743,Miquel,Daescu,Assistant Engineer
255748,Amalendu,Benner,Senior Staff
255757,Lalit,Androutsos,Senior Engineer
255759,Jianwen,Bellone,Staff
255761,Nahum,Sabnani,Senior Engineer
255762,Mooi,Openshaw,Senior Staff
255764,Geoffrey,Miyakawa,Staff
255768,Yuuichi,Plavsic,Senior Staff
255769,Panayotis,Vesna,Senior Staff
255773,Ingemar,Emden,Senior Staff
255774,Taiji,Lagarias,Senior Engineer
255777,Jungsoon,Rosti,Senior Staff
255778,Manton,Rodier,Senior Engineer
255780,Krassimir,Streng,Staff
255781,Sanjoy,Coors,Staff
255790,Hatem,Erbe,Senior Engineer
255795,Sashi,Godskesen,Assistant Engineer
255796,Bernardo,Smailagic,Senior Staff
255797,Arno,Sichman,Staff
255800,Hugo,Peron,Senior Staff
255801,Masami,Tetzlaff,Senior Staff
255803,Taegyun,McClurg,Staff
255807,Mingzeng,Kleiser,Senior Staff
255811,Palash,Hanabata,Senior Staff
255815,Arlette,Jahnichen,Staff
255828,Akemi,Kilgore,Senior Engineer
255829,Urs,Segond,Senior Engineer
255832,Yuping,Dayang,Engineer
255834,Brendon,Biros,Technique Leader
255835,Insup,Henders,Staff
255836,Pranjal,Nollmann,Technique Leader
255837,Shigeo,Neimat,Engineer
255839,Xumin,Kobara,Senior Staff
255844,Vishv,Bamford,Senior Staff
255848,Guiseppe,Redmiles,Senior Staff
255852,Vasilii,Rabejac,Senior Engineer
255858,Monique,Marzano,Staff
255865,Sachio,Heuser,Senior Engineer
255875,Mihalis,Pelz,Senior Engineer
255877,Shao,Spinelli,Technique Leader
255890,Kensyu,Birke,Senior Staff
255893,Jordanka,Showalter,Senior Engineer
255894,Nimmagadda,Stemann,Senior Staff
255895,Moto,Hennebert,Senior Engineer
255897,Mark,Khalid,Senior Staff
255898,Phule,Kropp,Senior Staff
255902,Elvia,Businaro,Senior Engineer
255903,Toshimitsu,Junot,Staff
255908,Ashish,Farris,Senior Engineer
255911,Bingning,Gladwell,Senior Engineer
255913,Ibibia,Hofman,Senior Engineer
255914,Vivian,Hutton,Senior Staff
255916,Jaber,Vitiello,Engineer
255917,Gal,Homond,Senior Engineer
255920,Margareta,Fasbender,Technique Leader
255925,Gaetan,Berztiss,Engineer
255928,Tiina,Czaja,Senior Engineer
255929,Feixiong,Bisiani,Staff
255933,Cheong,Swen,Senior Staff
255934,Mantis,Fabrizio,Senior Staff
255938,Honesty,Schmiedel,Senior Engineer
255943,Gao,Cummings,Senior Engineer
255953,Aloke,Rosch,Staff
255956,Hidde,Morris,Staff
255959,Naraig,Zlotek,Engineer
255961,Harngdar,Kopetz,Senior Staff
255962,Selwyn,Malabarba,Senior Engineer
255965,Kolar,Cooke,Engineer
255966,Shay,McFarlin,Senior Staff
255971,Xianlong,Beilner,Senior Staff
255975,Menkae,Ravishankar,Senior Engineer
255980,Lorien,Picel,Engineer
255983,Adly,Thisen,Senior Engineer
255984,Stein,Kulisch,Senior Engineer
255985,Sashi,Duclos,Engineer
255989,Srinidhi,Couchot,Senior Engineer
255990,Jaques,Improta,Assistant Engineer
255991,Sashi,Boreale,Engineer
255997,Ugo,Cincotta,Engineer
256001,Achilleas,Luby,Senior Staff
256012,Shirish,Akazan,Senior Staff
256013,Visit,Nitto,Senior Staff
256017,Ramachenga,Bednarek,Senior Engineer
256028,Barna,Mandell,Senior Engineer
256029,Mads,Bauknecht,Engineer
256030,Jianwen,Bruckman,Senior Engineer
256035,Zeydy,Perna,Senior Engineer
256041,Yishay,Tomescu,Senior Engineer
256046,Akemi,Luders,Engineer
256048,Arra,Kadhim,Engineer
256049,Make,Picci,Staff
256052,Mechthild,Taneja,Senior Staff
256053,Domenick,Kleiser,Staff
256054,Sanjoy,Mandell,Senior Staff
256057,Shem,Khamsi,Senior Staff
256058,Yuriy,Stanger,Senior Engineer
256059,Jessie,Schaap,Senior Engineer
256061,Shiv,Karner,Senior Staff
256064,Sivanarayana,Legleitner,Staff
256065,Yishay,Savasere,Engineer
256073,Fumiyo,Birge,Senior Engineer
256080,Alain,Argence,Senior Staff
256084,Aruna,Krogh,Staff
256099,Kersti,Alencar,Senior Engineer
256101,Ingmar,Hiltgen,Staff
256105,Deborah,Luce,Staff
256113,Snehasis,Vecchio,Senior Engineer
256116,Erzsebet,Walstra,Senior Engineer
256118,Xumin,Pesch,Engineer
256119,Xinyu,Smailagic,Senior Engineer
256121,Katsuyuki,Pollacia,Senior Staff
256123,Franziska,Rullman,Technique Leader
256129,Berhard,Baby,Senior Engineer
256136,Taisook,Olano,Senior Engineer
256137,Beshir,Kamble,Staff
256138,Hailing,Hofman,Senior Engineer
256144,Phuoc,Wrigley,Senior Staff
256149,Tonia,Hiltgen,Senior Staff
256160,Dayanand,Soloway,Senior Staff
256163,Lakshmi,Mamelak,Senior Staff
256166,Jordanka,Velardi,Senior Engineer
256167,Mahendra,Kenevan,Senior Engineer
256169,Fox,Prochazka,Staff
256170,Leandro,Danecki,Staff
256172,Arvin,Arlazarov,Senior Engineer
256173,Uriel,Himler,Senior Engineer
256175,Hidefumi,Tokunaga,Senior Engineer
256178,Randi,Lortz,Senior Engineer
256179,Barun,Ginneken,Engineer
256180,Nikolaos,Lores,Senior Staff
256185,Bodh,Ghalwash,Senior Engineer
256188,Randy,Krogh,Engineer
256189,Kellyn,Reghbati,Senior Staff
256194,Martine,Murrill,Staff
256195,Garnet,Gaughan,Engineer
256204,Ziya,Selvestrel,Senior Engineer
256208,Mingsen,Ressouche,Staff
256213,Shichao,Pileggi,Assistant Engineer
256217,Zijian,Schiettecatte,Senior Staff
256218,Yuguang,Schneeberger,Engineer
256232,Weiru,Papastamatiou,Senior Engineer
256235,Oguz,Halevi,Senior Staff
256239,Stein,Gadepally,Senior Staff
256241,Brigham,Uludag,Senior Staff
256251,Giri,Hardjono,Engineer
256253,Constantino,Bojadziev,Engineer
256256,Sachem,Siprelle,Senior Engineer
256257,Lansing,Marakhovsky,Engineer
256259,Tetsurou,DuCasse,Engineer
256260,Theirry,Piancastelli,Engineer
256262,Henk,Slutz,Staff
256263,Magy,Granlund,Senior Engineer
256264,Mario,Heiserman,Senior Engineer
256267,Saeko,Improta,Staff
256270,Subir,Kruskal,Assistant Engineer
256271,Sarita,Siprelle,Staff
256274,DAIDA,Schiper,Senior Engineer
256277,Khaled,Genther,Staff
256280,Otmar,Terkki,Engineer
256289,Joydip,Nittel,Senior Staff
256291,Shih,Openshaw,Senior Engineer
256292,Prasadram,Beeson,Engineer
256293,Xiaoshan,Menhoudj,Senior Staff
256299,Chikako,Middleton,Senior Staff
256300,Toshiko,Garnier,Senior Engineer
256302,Hercules,Zallocco,Engineer
256304,Bikash,Mawatari,Senior Staff
256305,Xinyu,Kobara,Staff
256308,Zdislav,Niizuma,Senior Staff
256313,Rimli,Mawatari,Engineer
256320,Visit,Erva,Senior Engineer
256324,Uri,Linnainmaa,Engineer
256326,Nalini,Ertl,Technique Leader
256327,Claudi,Trogemann,Senior Staff
256328,Baoqiu,Mahnke,Senior Engineer
256335,Flemming,Baba,Senior Engineer
256341,Parke,Candan,Senior Staff
256342,Barton,Picaronny,Senior Staff
256344,Adly,Garigliano,Staff
256353,Valery,Haraldson,Staff
256356,Guoxiang,Brender,Engineer
256358,Fayez,Brlek,Senior Engineer
256360,Luise,Schaft,Senior Staff
256361,Jaideep,Peltason,Senior Engineer
256365,Zeljko,Itzigehl,Senior Engineer
256367,Tru,Ladret,Senior Engineer
256373,Babette,Benzaken,Staff
256374,Hugh,Ebeling,Senior Staff
256375,DeForest,Marchegay,Senior Engineer
256377,Maja,Couchot,Senior Engineer
256384,Radhia,Sethi,Senior Engineer
256391,Danai,Range,Senior Engineer
256392,Kensei,Benzaken,Staff
256394,Takahiro,Tagansky,Engineer
256402,Dines,Rosen,Staff
256403,Tua,Mattern,Senior Engineer
256407,Boaz,Mawatari,Senior Staff
256408,Ortrud,Pollacia,Technique Leader
256411,Howell,Fendler,Engineer
256412,Yongmao,Mansanne,Senior Engineer
256414,Kaijung,Bharadwaj,Engineer
256415,Toney,Shrader,Senior Staff
256416,Oksana,Beutelspacher,Senior Staff
256417,Eric,Ligten,Senior Engineer
256418,Nobuyoshi,Ulupinar,Engineer
256423,Bodh,Baik,Senior Engineer
256428,Abdulla,Ranum,Engineer
256429,Takahiro,Kaiserswerth,Senior Engineer
256431,Lena,Schiettecatte,Senior Staff
256433,Shahab,Speek,Senior Engineer
256436,Szabolcs,Avouris,Staff
256440,Jenwei,Merey,Senior Engineer
256443,Lorien,Geffroy,Senior Staff
256444,Quingbo,Vingron,Senior Engineer
256449,JoAnna,Pocchiola,Staff
256451,Dmitri,Lueh,Senior Engineer
256455,Moie,Matzen,Technique Leader
256459,Claudi,Ranum,Senior Staff
256461,Khedija,Muniz,Senior Staff
256466,Constantine,Brodie,Staff
256468,Bernice,Grospietsch,Engineer
256471,Adam,Beetstra,Staff
256480,Demos,Ghemri,Senior Engineer
256484,Fayez,Randi,Senior Staff
256485,Taisook,Jakobus,Senior Staff
256487,Kristinn,Busillo,Senior Engineer
256488,Elvis,Hofmeyr,Staff
256494,Kitty,Champarnaud,Senior Staff
256496,Shaibal,Ballarin,Technique Leader
256499,Constantijn,Azadmanesh,Senior Engineer
256500,Margareta,Baaz,Engineer
256503,Weiyi,Kirkerud,Engineer
256508,Krister,Rosaz,Senior Staff
256510,Toshimori,Fendler,Senior Engineer
256511,Luisa,Hainaut,Staff
256514,Alois,Madeira,Senior Engineer
256521,Bangqing,Kampfer,Senior Staff
256527,Chaitali,Lampe,Senior Staff
256528,Gadiel,Rubsam,Senior Engineer
256532,Percy,Benner,Senior Engineer
256535,Yechiam,Danecki,Senior Staff
256536,Conor,Haumacher,Senior Staff
256539,Dhritiman,Slobodova,Staff
256544,Nirmal,Gide,Senior Engineer
256551,Jaewoo,Peroz,Senior Engineer
256559,Arif,Backhouse,Senior Staff
256560,Horward,Raczkowsky,Engineer
256565,Khosrow,Thorensen,Senior Engineer
256572,Gila,Seghrouchni,Senior Engineer
256575,Lijie,Orsini,Senior Staff
256576,Kolar,Boudaillier,Senior Staff
256579,Adhemar,Pfau,Engineer
256583,Fatemeh,Servi,Senior Engineer
256586,Guoxiang,Christianini,Senior Engineer
256596,Aiman,Zeilberger,Senior Staff
256597,Mori,Baer,Engineer
256605,Niteen,Menhardt,Senior Staff
256611,Godehard,Lally,Senior Engineer
256613,Jenwei,Hebden,Engineer
256614,Remmert,Shimshoni,Senior Engineer
256617,Mohan,Alameldin,Senior Engineer
256618,Fumitaka,Hettesheimer,Senior Engineer
256623,Lobel,Matzat,Engineer
256626,Yurii,Fortenbacher,Technique Leader
256628,Leif,Kohling,Engineer
256629,Toong,Jiang,Senior Engineer
256632,Qunsheng,Vingron,Senior Engineer
256633,Babette,Heystek,Senior Staff
256636,Mayuri,Hoppenstand,Senior Engineer
256637,Udi,Madeira,Senior Staff
256638,Hyuncheol,Scharstein,Senior Staff
256639,Kiyotoshi,Soloway,Staff
256643,Jaewon,Pusterhofer,Staff
256648,Muzhong,Binkley,Senior Staff
256656,Remco,Norsworthy,Senior Staff
256657,Terresa,Baumann,Senior Staff
256661,Moriyoshi,Talmor,Senior Engineer
256663,Xiaopeng,Highland,Staff
256664,Alejandra,Poupard,Senior Staff
256665,Jinxi,Zykh,Engineer
256671,Pranav,Kading,Senior Engineer
256678,Quingbo,Gustavson,Senior Staff
256682,Troy,Imataki,Engineer
256689,Olivera,Braccini,Engineer
256691,Itzchak,Shanbhogue,Senior Staff
256692,Mokhtar,Rosiles,Senior Engineer
256695,Khedija,Lorho,Senior Staff
256701,Chikako,Veevers,Senior Engineer
256702,Uli,Murrill,Senior Staff
256703,Shahab,Liedekerke,Senior Staff
256704,Mario,Beilner,Staff
256705,Uinam,Raney,Engineer
256707,Breannda,Bain,Senior Staff
256719,Moto,Rissland,Staff
256727,Marin,Glowinski,Senior Staff
256728,Sajjan,Huxford,Senior Staff
256729,Shen,Meszaros,Engineer
256730,Cedric,Itzigehl,Engineer
256731,Roselyn,Cappello,Staff
256737,Brewster,Dechter,Senior Staff
256738,Masako,Sinicrope,Assistant Engineer
256740,Marsal,Vanwelkenhuysen,Senior Engineer
256743,King,Bhattacharjee,Senior Engineer
256751,Boutros,Morris,Engineer
256756,Arno,Trumbly,Senior Engineer
256763,Leah,Kuszyk,Engineer
256764,Shirish,Merks,Senior Staff
256765,Krisda,Strooper,Senior Engineer
256769,Shiv,Barbanera,Senior Staff
256772,Hiroyasu,Malinowski,Senior Staff
256783,Gonzalo,Bail,Engineer
256784,Sachio,Serdy,Senior Staff
256786,Armond,Slaats,Senior Staff
256790,Jeanne,Rajala,Senior Staff
256791,Kellie,Ertl,Senior Engineer
256792,Kerryn,Merli,Senior Staff
256797,Shushma,Beerel,Engineer
256805,Kendra,Msuda,Technique Leader
256820,Tzu,Peris,Staff
256821,Hisao,Iisaka,Senior Engineer
256823,Divier,Bolsens,Senior Engineer
256826,Hatsukazu,Schade,Staff
256828,Wilmer,Ramaiah,Senior Staff
256831,Godehard,Butner,Senior Staff
256834,Guozhong,Eickenmeyer,Technique Leader
256835,Ranga,Hofstetter,Senior Engineer
256836,Yefim,Veldwijk,Engineer
256840,Bartek,Navazio,Senior Engineer
256842,Barna,Nooteboom,Senior Engineer
256852,Shir,Tanemo,Senior Staff
256853,Morris,Cummings,Engineer
256854,Saddek,Penttonen,Senior Staff
256855,Mohamadou,Improta,Senior Staff
256858,Fuqing,Strooper,Senior Engineer
256861,Kish,Ushiama,Engineer
256862,Moheb,Juneja,Senior Staff
256863,Jahangir,Leonhardt,Senior Engineer
256866,Yolla,Marshall,Senior Staff
256874,Rimli,Takanami,Senior Staff
256879,Jolita,Magliocco,Staff
256887,Candido,Pelc,Staff
256890,Shan,Prampolini,Senior Engineer
256892,Alejandra,Christ,Technique Leader
256895,Sumant,Sessa,Engineer
256914,Claudi,Goldhammer,Staff
256916,Suebskul,Anido,Senior Engineer
256917,Katsuo,Gide,Staff
256918,Dannz,Matzov,Senior Engineer
256919,Suebskul,Crouzet,Senior Staff
256920,Martial,Salinas,Senior Staff
256923,Shaunak,Neimat,Senior Staff
256924,Mountaz,Docker,Senior Engineer
256928,Hongzue,Langford,Engineer
256929,Gadiel,Anguita,Staff
256936,Maha,Redmiles,Senior Engineer
256940,Leszek,Schaft,Senior Engineer
256941,Hyuckchul,Shumilov,Senior Engineer
256942,Shunichi,Speek,Senior Staff
256943,Zhiguo,Levasseur,Engineer
256951,Ranan,Pelz,Staff
256955,Froduald,Ranon,Engineer
256956,Golgen,Unno,Senior Engineer
256958,Tayeb,Zlotek,Senior Engineer
256959,Xiping,Yurek,Senior Staff
256961,Aksel,Farrar,Senior Engineer
256963,Gao,Brookner,Engineer
256965,Vojin,Auyong,Senior Engineer
256969,Kazuhisa,Keohane,Senior Engineer
256974,Kenton,Hopewell,Senior Staff
256981,Eishiro,Viele,Assistant Engineer
256986,Mahendra,Swick,Senior Engineer
256993,Martijn,Laurillard,Engineer
256996,Arfst,Highland,Staff
256999,Shugo,Liesche,Senior Staff
257000,Karoline,Kropp,Engineer
257001,Felicidad,Speel,Senior Staff
257003,Manu,Haumacher,Technique Leader
257004,Godehard,Lowrie,Senior Engineer
257008,Mabo,Gimbel,Staff
257009,Jasminko,Zschoche,Senior Engineer
257013,Vojin,Oppitz,Assistant Engineer
257016,Kshitij,Penttonen,Engineer
257017,Margo,Rousseau,Technique Leader
257018,Poornachandra,Hainaut,Staff
257019,Shigehiro,Rijckaert,Engineer
257022,Dung,Lagarias,Senior Engineer
257031,Boriana,Demeyer,Senior Staff
257037,Shigeu,Lorch,Engineer
257043,Kannan,Rosiles,Senior Engineer
257049,Mohd,Erni,Engineer
257051,Remzi,Norsworthy,Senior Staff
257052,Sajjad,McAlpine,Senior Engineer
257053,Nimmagadda,Emiris,Senior Staff
257054,Oguz,Perko,Engineer
257063,Fumiyo,Perng,Staff
257067,Mohan,Peltason,Engineer
257068,Chuanti,Mahmud,Senior Staff
257069,Fumiyo,Panienski,Senior Engineer
257073,Kagan,Schaar,Senior Staff
257075,Mingdong,Iisaku,Senior Engineer
257078,Boaz,Siepmann,Engineer
257079,Serap,Wiegley,Staff
257082,Mahmut,Wursthorn,Engineer
257086,Xiaocheng,Ghalwash,Senior Engineer
257092,Dharmaraja,Simkin,Senior Engineer
257097,Sudharsan,Zielinski,Senior Engineer
257099,Nevin,Swan,Senior Staff
257101,Jongsuk,Brobst,Senior Engineer
257103,Rildo,Fabrizio,Senior Staff
257111,Kokou,Kandlur,Senior Staff
257114,Gully,Weiland,Staff
257127,Itzchak,Camarinopoulos,Senior Engineer
257128,Dmitry,Dechter,Senior Engineer
257132,Alselm,Calkin,Senior Engineer
257133,Jenwei,Gill,Senior Staff
257141,Venkatesan,Poulakidas,Staff
257152,Phillip,Rosenbaum,Senior Engineer
257153,Constantijn,Gischer,Engineer
257154,Kazuhiro,Vrecion,Senior Staff
257156,Make,Matzov,Senior Staff
257170,Uli,Hooghiemstra,Senior Engineer
257173,Charlene,Serra,Senior Engineer
257179,Hironoby,Nyrup,Senior Staff
257181,Beshir,Wielonsky,Engineer
257182,Leen,Feldhoffer,Engineer
257183,Mario,Yeung,Senior Staff
257189,Arlette,Tischendorf,Senior Engineer
257191,Karoline,Bruckman,Senior Staff
257195,Bogdan,Binding,Senior Staff
257197,Kagan,Sambasivam,Senior Staff
257200,Satosi,Cromarty,Senior Staff
257202,Jeanne,Ossenbruggen,Senior Engineer
257203,Shih,Herber,Senior Staff
257205,Menkae,Heydon,Senior Staff
257206,Premal,Picco,Senior Staff
257209,Tamiya,Huhdanpaa,Engineer
257217,Arco,Horswill,Senior Staff
257235,Serap,Suomi,Senior Engineer
257237,Steve,Mawatari,Staff
257251,Takanari,Bakhtari,Engineer
257254,Owen,Morrin,Senior Staff
257259,Weiyi,Woycyznski,Engineer
257261,Baziley,Chaudhury,Engineer
257262,Geraldo,Cusworth,Engineer
257264,Zhigen,Michaels,Senior Staff
257268,Subbu,Baek,Engineer
257269,Rimon,Collette,Senior Staff
257270,Tomokazu,Muhlberg,Senior Engineer
257274,Yagil,Perfilyeva,Senior Engineer
257276,Eldridge,Schonegge,Senior Staff
257278,Hercules,Armand,Senior Engineer
257281,Akhilish,Heemskerk,Engineer
257291,Marit,Plumb,Senior Staff
257293,Giri,Langford,Technique Leader
257298,Munehiko,Atchley,Technique Leader
257300,Nimmagadda,Taubenfeld,Senior Staff
257301,Zhenhua,Kampfer,Senior Staff
257302,Breannda,Steinauer,Senior Staff
257305,Vidar,Validov,Senior Staff
257307,Godehard,Naumovich,Assistant Engineer
257311,Bernardo,Cooke,Senior Staff
257314,Georgi,Ghalwash,Staff
257321,Guangming,Wrigley,Senior Staff
257322,Kotesh,Veldwijk,Senior Staff
257329,Dharmaraja,Ducloy,Senior Staff
257336,Marlo,Lanphier,Engineer
257339,Mart,Lukaszewicz,Engineer
257340,Gina,Feldmann,Senior Engineer
257347,Masoud,Rabehasaina,Engineer
257348,Aiichiro,Conte,Senior Staff
257350,Kaijung,Bardell,Senior Engineer
257354,Florian,England,Senior Staff
257357,Lidong,Gomatam,Senior Engineer
257360,Honglan,Otillio,Senior Staff
257362,Lunjin,Jakobus,Senior Engineer
257366,Arno,Lukaszewicz,Engineer
257369,Prasadram,Nannarelli,Senior Engineer
257376,Hyuncheol,Schwaller,Senior Staff
257379,Shigehiro,Bridgland,Senior Engineer
257395,Yishay,Navazio,Senior Staff
257399,Ult,Haldar,Senior Staff
257400,Pasqua,Mahmud,Staff
257401,Steve,Scallan,Senior Engineer
257403,Masasuke,Gadepally,Senior Staff
257405,Van,Sambasivam,Senior Staff
257406,Ibibia,Peek,Engineer
257407,Evgueni,Speer,Senior Staff
257409,Yuuichi,Sanella,Senior Engineer
257412,Martine,Bashian,Staff
257415,Ranga,Czaja,Technique Leader
257416,Elvis,Jullig,Engineer
257418,Nagui,Baar,Staff
257420,Miomir,Erman,Senior Staff
257424,Tomofumi,Oxman,Senior Staff
257426,Kyoichi,Fioravanti,Senior Engineer
257428,Owen,Riexinger,Senior Staff
257430,Chenye,Lodder,Senior Engineer
257432,Honglan,Birjandi,Senior Engineer
257435,Bangqing,Krybus,Senior Staff
257436,Arlette,Dahlbom,Senior Staff
257437,Valery,Menyhert,Engineer
257441,Munehiko,Maccarone,Senior Engineer
257450,Naftali,Anguita,Engineer
257455,Maris,Dratva,Senior Staff
257456,Tadahiro,Beilner,Senior Staff
257458,Hirochika,Schwartzbauer,Staff
257461,Leah,Ramaiah,Senior Staff
257466,Khalil,Walston,Assistant Engineer
257467,Jacqueline,Hofmeyr,Senior Engineer
257481,Christoper,Dusink,Technique Leader
257482,Adamantios,Ebeling,Senior Staff
257485,JoAnne,Schade,Senior Staff
257488,Shaw,Lamma,Senior Staff
257494,Srinidhi,Rodite,Senior Engineer
257495,Yaghout,Garnick,Engineer
257498,Taiji,Bharadwaj,Senior Staff
257499,Toshiki,Bharadwaj,Senior Staff
257501,Hilary,Bael,Staff
257505,Eran,Conta,Senior Staff
257507,Junsik,Glowinski,Senior Staff
257510,Abdelghani,Hofmeyr,Technique Leader
257511,Younwoo,Luck,Senior Staff
257514,Frederique,Brickell,Senior Staff
257515,Zhenhua,Tzvieli,Senior Engineer
257516,Arco,Baja,Senior Staff
257517,Salvador,Speckmann,Senior Engineer
257523,Mircea,Lupu,Senior Engineer
257525,Chuanyi,Weisert,Senior Staff
257526,Lalit,Ferretti,Engineer
257527,Phuoc,Percebois,Senior Engineer
257529,Dmitry,Theuretzbacher,Senior Staff
257530,Zejun,Yoshimura,Engineer
257533,Suebskul,Brookner,Senior Engineer
257534,Lunjin,Muniz,Senior Engineer
257537,Souichi,Segond,Engineer
257538,Marco,Bellmore,Senior Engineer
257542,Richard,Peternell,Senior Engineer
257543,Vivian,Himler,Senior Staff
257546,Tuval,Erde,Senior Staff
257551,Neelam,Sridhar,Senior Staff
257552,Guoxiang,Hennings,Senior Engineer
257561,Ronghao,Christianini,Senior Engineer
257563,Moss,Oaver,Senior Staff
257564,Huan,Xiaoshan,Senior Engineer
257565,Ymte,Heyers,Senior Engineer
257566,Guttorm,Munos,Senior Engineer
257567,Satyanarayana,Siochi,Senior Engineer
257570,Unal,Driscoll,Senior Staff
257576,Mantis,Puoti,Assistant Engineer
257578,Ramachenga,Mersereau,Senior Engineer
257579,Khedija,Erie,Staff
257584,Cathie,Meriste,Technique Leader
257585,Kinh,Parhami,Senior Engineer
257587,Xuejia,Rissland,Staff
257588,Arnd,Kambil,Senior Engineer
257593,Ortrud,Alblas,Senior Engineer
257597,Munir,Lueh,Staff
257598,Younwoo,Segond,Senior Staff
257601,Kien,Orlowski,Senior Staff
257602,Sungwon,Wrigley,Senior Engineer
257606,Aris,Underwood,Senior Engineer
257612,Stamatina,Marshall,Engineer
257617,Hideyuki,Markovitch,Senior Engineer
257623,Becky,Validov,Staff
257628,Luisa,Stille,Staff
257630,Jongsuk,Neiman,Senior Staff
257631,Yishai,Murillo,Senior Engineer
257639,Chanjung,Snyers,Staff
257640,Reinhard,Klyachko,Senior Engineer
257643,Abdulah,Selvestrel,Senior Engineer
257647,Keiichiro,Azuma,Engineer
257652,Naftaly,Kirkerud,Senior Staff
257659,Danae,Kadhim,Senior Staff
257665,Keiichiro,Gide,Staff
257667,Alagu,Dechter,Senior Staff
257671,Rayond,Buescher,Senior Staff
257672,Kiyotoshi,Frolund,Engineer
257676,Badri,Vilarrasa,Engineer
257677,Doowon,Bondorf,Senior Engineer
257682,Claudi,Cummings,Engineer
257685,Siamak,Szilard,Senior Engineer
257688,Jaideep,Walston,Senior Staff
257695,Tiina,Lambe,Technique Leader
257697,Radhakrishnan,Kavraki,Staff
257699,Gad,Zykh,Senior Engineer
257701,Gladys,Junet,Senior Engineer
257702,JiYoung,Monarch,Engineer
257705,Takushi,Jumpertz,Senior Staff
257711,Kasidit,Gustavson,Engineer
257724,Filipe,Bratten,Technique Leader
257729,Elgin,Jansch,Engineer
257733,Adin,Toyoshima,Senior Engineer
257735,Nalini,Goldhammer,Senior Staff
257736,Eben,Kohling,Engineer
257740,Jaewon,Merkl,Senior Staff
257749,Sahrah,Brodie,Staff
257752,Huiqun,Dredge,Senior Engineer
257757,Pranas,Buchter,Engineer
257775,Shiv,Krohn,Senior Staff
257777,Shaleah,Holburn,Senior Staff
257779,Etsuo,Farrar,Engineer
257784,Kiyotoshi,Openshaw,Staff
257786,Valter,Mukaidono,Senior Staff
257788,LiMin,Schach,Senior Engineer
257790,Heon,Eterovic,Engineer
257791,Xiaoqiang,Vural,Senior Staff
257793,Mitsuyuki,Kalafatis,Senior Engineer
257796,Marko,Raney,Technique Leader
257797,Yongmin,Gecsei,Senior Staff
257798,Alselm,Samarati,Senior Engineer
257800,Oguz,Pettit,Senior Engineer
257802,Josyula,Vieri,Senior Engineer
257804,Peer,Conte,Senior Engineer
257807,Shaowen,Bruckman,Senior Engineer
257810,Alper,Leslie,Engineer
257814,Jovan,Pavlopoulou,Engineer
257817,Sanjay,Kaminger,Senior Engineer
257818,Subhash,Otillio,Senior Staff
257821,Anyuan,Paludetto,Assistant Engineer
257825,Changho,Strandh,Engineer
257828,Kristin,Iisaka,Senior Staff
257834,Bernd,Kinley,Senior Staff
257836,Tse,Schurmann,Engineer
257843,Zhigen,Schaaf,Engineer
257845,Uriel,Stafford,Senior Engineer
257850,Cathie,Merks,Senior Engineer
257851,Georgi,Gadepally,Senior Staff
257855,Dipankar,Carrere,Senior Engineer
257856,Limsoon,Zucker,Senior Engineer
257860,Shahar,Gill,Senior Engineer
257863,Zhiwei,Niizuma,Senior Engineer
257866,Baruch,Lorys,Senior Staff
257867,Masaki,Collette,Senior Staff
257869,Moriyoshi,Olano,Senior Staff
257870,Luigi,Linnainmaa,Senior Staff
257876,Kiam,Isard,Senior Staff
257881,Frazer,Ishibashi,Senior Staff
257882,Serap,Schoegge,Senior Staff
257883,Herbert,Worfolk,Engineer
257885,Junichi,Krone,Senior Engineer
257888,Zhensheng,Tiemann,Senior Engineer
257892,Leif,Zallocco,Senior Engineer
257898,Bernd,Constantine,Senior Engineer
257907,Jacopo,Serdy,Senior Staff
257914,Garnet,Liedekerke,Senior Engineer
257915,Subir,Noriega,Senior Staff
257920,Marek,Fiebach,Senior Staff
257921,Ioana,Birjandi,Engineer
257928,Otilia,Kirkerud,Staff
257934,Ziyad,Baja,Senior Engineer
257935,Ramachenga,Ranta,Engineer
257938,Rasikan,Oehlmann,Staff
257941,Arfst,Sanella,Engineer
257942,Unal,Carrera,Senior Engineer
257944,Saddek,Weiland,Senior Staff
257947,Keung,Picel,Senior Staff
257953,Kwangyoen,Alencar,Senior Staff
257955,Manu,Zallocco,Staff
257956,Jaihie,McClure,Staff
257957,Ugo,Pramanik,Senior Engineer
257964,Arvin,Ullian,Senior Engineer
257965,Gio,Iwayama,Senior Staff
257971,Hugo,Nivat,Senior Staff
257972,Genki,Shackell,Senior Engineer
257975,Xiaopeng,Hanratty,Senior Staff
257977,Marko,Goodrum,Senior Staff
257982,Saeed,Zaccaria,Engineer
257986,Vishu,Kleiser,Senior Staff
257987,Percy,Ambroszkiewicz,Senior Staff
257988,Phule,Usdin,Senior Engineer
257992,Kazuhito,Besancenot,Senior Staff
257993,Ronnie,Azulay,Senior Engineer
258003,Abdelghani,Rubsam,Staff
258005,Adhemar,Aamodt,Engineer
258008,Lobel,Zweizig,Senior Staff
258009,Renee,Flanders,Senior Engineer
258010,Boaz,Birch,Senior Engineer
258011,Ramya,Berztiss,Staff
258017,Sashi,Bamford,Engineer
258020,Mitchel,Lanteri,Staff
258022,Serenella,Bhattacharjee,Staff
258023,Weiwu,Ratnakar,Staff
258026,Sadok,Yamaashi,Senior Staff
258031,Lakshmi,Poehlman,Senior Staff
258041,Yuchang,Jeong,Senior Engineer
258053,Jeanne,Bahl,Technique Leader
258054,Divier,Barinka,Senior Engineer
258056,Masanao,Spieker,Engineer
258057,Aksel,Shobatake,Technique Leader
258060,Brendon,Renear,Senior Engineer
258061,Elvis,Kakkar,Senior Engineer
258068,Val,Highland,Senior Engineer
258071,Herbert,Jording,Senior Engineer
258078,Hilary,Orlowski,Senior Engineer
258084,Juichirou,Setia,Senior Staff
258089,Serge,Socorro,Senior Engineer
258090,IEEE,Skrikant,Engineer
258091,Waiman,Pollock,Engineer
258096,Shirish,Mitchem,Senior Staff
258097,Sorina,Thombley,Senior Staff
258100,Pranas,Manderick,Senior Engineer
258102,Uinam,Ibel,Senior Engineer
258110,Yuping,Cullers,Staff
258112,Mariangiola,Hemaspaandra,Technique Leader
258117,Gila,Halloran,Technique Leader
258122,Mabhin,Mamelak,Senior Engineer
258125,Zhensheng,Baek,Senior Engineer
258129,Doohun,Heping,Senior Engineer
258132,Haldon,Speel,Staff
258133,Honglan,Azadmanesh,Senior Engineer
258135,Gian,Figueira,Senior Staff
258138,Rimli,Bellone,Engineer
258140,Boutros,Georgakopoulos,Senior Engineer
258142,Weidon,Birta,Senior Staff
258150,Mingsen,Brobst,Engineer
258152,Arvin,Fabrizio,Engineer
258153,Billie,Guting,Senior Engineer
258154,Kannan,Bach,Senior Engineer
258157,Tetsushi,Frijda,Engineer
258159,Ute,Wynblatt,Senior Engineer
258160,Shin,Beilner,Engineer
258168,Junsik,Pews,Senior Engineer
258171,Boriana,Ghelli,Senior Engineer
258173,Shuji,Basagni,Senior Engineer
258176,Honesty,Hinsberger,Engineer
258178,Fei,DeMori,Senior Engineer
258183,Paloma,Benveniste,Staff
258185,Make,Biran,Technique Leader
258186,Tiina,Jullig,Senior Engineer
258187,Sanjay,Kitai,Senior Engineer
258192,Tsuneo,Wegerle,Senior Staff
258193,Shaz,Calkin,Senior Engineer
258194,Shridhar,Albarhamtoshy,Senior Engineer
258196,Adit,Lorys,Senior Staff
258197,Saeko,Ranka,Senior Engineer
258198,Oguz,Heinisuo,Senior Engineer
258201,Aran,Bolsens,Staff
258203,Kazuhiro,Skogmar,Senior Engineer
258205,Gill,Matteis,Technique Leader
258206,Siddarth,Yoshizawa,Engineer
258210,Munehiko,Wallrath,Senior Engineer
258211,Uli,Peres,Staff
258213,Gunilla,Tramer,Engineer
258214,Sandeepan,Picaronny,Senior Staff
258216,Alper,Candan,Senior Engineer
258224,Garnik,Czap,Senior Staff
258230,Mokhtar,Ranon,Senior Engineer
258231,Yifei,Luby,Senior Staff
258233,Padma,Rodham,Senior Engineer
258238,Jeong,Lupu,Engineer
258239,Udi,Ritcey,Technique Leader
258240,Sushant,Clouatre,Senior Staff
258250,Debaprosad,Erol,Senior Staff
258251,Zongyan,DuBourdieux,Staff
258255,Hyuncheol,Baer,Senior Engineer
258256,Sahrah,Dayang,Senior Engineer
258257,Bernardo,Backhouse,Senior Staff
258258,Xiaocheng,Crelier,Senior Engineer
258259,Xudong,Kuzuoka,Senior Engineer
258260,Ewing,Oberman,Senior Engineer
258261,Uinam,Edelhoff,Senior Engineer
258269,Aluzio,Bodoff,Engineer
258271,Mads,Peck,Senior Engineer
258273,JoAnna,Maksimenko,Senior Staff
258280,Kazuhito,Hettesheimer,Senior Engineer
258291,Przemyslawa,Bennet,Engineer
258292,Bodo,Leivant,Senior Staff
258295,Susanna,Rosti,Senior Staff
258298,Takahiro,Gyorkos,Senior Engineer
258300,DeForest,Gimarc,Engineer
258306,Tru,Bain,Staff
258307,IEEE,Fortenbacher,Senior Engineer
258311,Tayeb,Pelc,Senior Engineer
258312,Ulises,Einsfeld,Senior Staff
258313,Mori,Mawatari,Assistant Engineer
258317,Martina,Ciolek,Staff
258318,Manibrata,Remmele,Senior Engineer
258326,Chiradeep,Vilarrasa,Senior Staff
258327,Yifei,Perez,Senior Staff
258328,Peternela,Akiyama,Senior Staff
258336,Shridhar,Miake,Senior Staff
258338,Dulce,Kaltofen,Staff
258341,Dmitri,Chimia,Senior Staff
258345,Masadi,Montresor,Senior Staff
258347,Yoshinari,Poehlman,Senior Engineer
258350,Dmitry,Bergere,Senior Engineer
258354,Ortrud,Sudbeck,Assistant Engineer
258357,Ranan,Danecki,Senior Staff
258358,Byong,Zedlitz,Senior Staff
258359,Saeed,Bresenham,Technique Leader
258360,Fumitaka,Ghemri,Engineer
258361,Sanjai,Orlowska,Staff
258362,Deniz,Angelopoulos,Staff
258371,Udi,Ciolek,Senior Staff
258372,Stella,Fendler,Engineer
258375,Marlo,Demos,Senior Staff
258377,Paloma,Ulupinar,Senior Staff
258381,Tiina,Willoner,Senior Staff
258385,Tsz,Vesna,Senior Staff
258386,Oscar,Ozeki,Senior Engineer
258389,Weiyi,Hemaspaandra,Senior Staff
258390,Quingbo,Coney,Engineer
258393,Supot,Peral,Senior Engineer
258395,Vishv,Alameldin,Engineer
258397,Diederik,Khasidashvili,Senior Staff
258398,Sangeeta,Lieblein,Senior Staff
258399,Kendra,Journel,Senior Engineer
258409,Prasadram,Manderick,Staff
258410,Hongzue,Krone,Senior Engineer
258411,Mihalis,Tchuente,Technique Leader
258426,Rosalie,Klerer,Senior Staff
258432,Fusako,Mitsuhashi,Staff
258436,Sanjai,McClure,Engineer
258438,Mokhtar,Ramsey,Senior Engineer
258446,Niranjan,Oxman,Senior Staff
258449,Arvind,Bouloucos,Assistant Engineer
258451,Nahla,Menhardt,Senior Staff
258457,TRUE,Gihr,Senior Staff
258464,Arve,Demke,Assistant Engineer
258466,Remko,Pocchiola,Senior Staff
258471,Sreekrishna,Birjandi,Senior Staff
258472,Miomir,Naudin,Engineer
258473,Abdulah,Hellwagner,Engineer
258476,Aemilian,Munawer,Senior Engineer
258483,Anneke,Murillo,Senior Engineer
258484,Arve,Minakawa,Senior Staff
258487,Vidya,Vingron,Senior Staff
258490,Christophe,Itzigehl,Senior Staff
258491,Baziley,Vingron,Senior Staff
258493,Zita,Juneja,Senior Engineer
258496,Serap,Zultner,Senior Staff
258497,Wonhee,Docker,Senior Staff
258498,Zeydy,Pagter,Staff
258500,Kristinn,Crabtree,Technique Leader
258501,Nadjib,Bach,Senior Staff
258503,Gen,Krone,Staff
258505,Houman,Cichocki,Senior Engineer
258506,Kyoichi,Porenta,Engineer
258507,Nechama,Miculan,Senior Staff
258513,Lena,Asrin,Engineer
258514,Lech,Thimonier,Senior Engineer
258521,Felicidad,Pintelas,Senior Staff
258522,Nathan,Kroha,Engineer
258523,Yechiam,Kusalik,Engineer
258527,Vishwani,Frijda,Engineer
258529,Zhigen,Merel,Engineer
258534,Sandeepan,Munoz,Assistant Engineer
258540,Barna,Lorch,Senior Engineer
258542,Jessie,Streng,Engineer
258543,Anneli,Vadhan,Senior Engineer
258547,Guiseppe,Kieras,Staff
258548,Jouni,Bierman,Senior Engineer
258551,Arnould,Kroll,Assistant Engineer
258554,Yonghong,Kossowski,Technique Leader
258555,Uwe,Nyrup,Senior Engineer
258557,Kazuhisa,Pollacia,Senior Engineer
258558,Aiman,Lorho,Staff
258562,Sverrir,Schwabacher,Senior Staff
258563,Mantis,Thorensen,Technique Leader
258564,Goh,Randt,Technique Leader
258565,Tomofumi,Erdmenger,Senior Engineer
258568,Susumu,Masada,Senior Engineer
258577,Wuxu,Henseler,Senior Engineer
258581,Fumitaka,Ariola,Senior Engineer
258587,Francoise,Emden,Engineer
258591,Gino,Berendt,Technique Leader
258594,Kiyokazu,Codenie,Senior Engineer
258595,Sadun,Baumann,Senior Staff
258598,Goo,Tsukune,Staff
258599,Xiaocheng,Veccia,Senior Staff
258604,Tsutomu,Rosaz,Senior Staff
258606,Toshiko,Motley,Engineer
258609,Adit,Birge,Senior Engineer
258620,Guther,Gajiwala,Senior Engineer
258621,Arne,Aloia,Senior Engineer
258622,Ramzi,Perna,Senior Engineer
258624,Dines,Swab,Senior Staff
258627,Maris,Cools,Senior Staff
258629,Filipe,Yeung,Technique Leader
258630,Ekawit,Menhardt,Assistant Engineer
258631,Vincent,Pintelas,Engineer
258632,Fei,Slaats,Senior Staff
258633,Annemarie,Feldhoffer,Engineer
258639,Toshimo,Olano,Senior Staff
258647,Mansur,Coorg,Senior Staff
258649,Shai,Jayawardene,Engineer
258651,Oscar,Compeau,Technique Leader
258652,Jeanne,Lundstrom,Senior Staff
258654,Kiam,Plump,Senior Staff
258657,Denis,Choobineh,Senior Engineer
258658,Ewing,Furudate,Engineer
258659,Vugranam,Trachtenberg,Senior Staff
258660,King,Zastre,Senior Engineer
258669,Zissis,Ghazalie,Senior Engineer
258671,Weijing,Delgrossi,Senior Staff
258673,Genki,Harbusch,Senior Staff
258675,Reuven,Bonifati,Senior Engineer
258676,Satoru,Asrin,Engineer
258678,Uinam,Iisaka,Senior Engineer
258680,Nakhoon,Kleiser,Technique Leader
258681,Weijing,Brobst,Technique Leader
258685,Wilmer,Krogh,Senior Engineer
258693,Shigeu,Erni,Senior Staff
258695,Shigeo,Orsini,Senior Engineer
258701,Carrsten,Shrader,Engineer
258706,Chenye,Plump,Senior Staff
258712,Shem,Gire,Senior Engineer
258713,Arunas,Akaboshi,Senior Engineer
258714,Uwe,Dengi,Staff
258716,Shawna,Rabehasaina,Senior Staff
258720,Urs,Bellone,Engineer
258721,Piyush,Ishibashi,Senior Engineer
258734,Juyoung,Sundgren,Senior Engineer
258739,Girolamo,Toyoshima,Senior Engineer
258743,Shaunak,Jonsson,Technique Leader
258747,Shahaf,Candan,Senior Staff
258750,Kwok,Undy,Senior Staff
258752,Adil,Jervis,Senior Staff
258754,Chuanyi,Keohane,Senior Engineer
258756,Saddek,Oberman,Staff
258759,Cordelia,Itzigehl,Senior Staff
258763,Xiadong,Peak,Senior Engineer
258764,Sumant,Simkin,Engineer
258767,Mingzeng,Czaja,Senior Staff
258773,Pohua,Anger,Senior Engineer
258777,Manibrata,Lieberherr,Staff
258781,Alagu,Fasbender,Senior Engineer
258785,Mohan,Akaboshi,Senior Engineer
258786,Huiqun,Birsak,Senior Engineer
258788,Bogdan,Waymire,Staff
258790,Hidekazu,Narahara,Senior Staff
258796,Badri,Hofstetter,Senior Staff
258800,Margareta,Shanbhogue,Senior Engineer
258801,Pramod,Nannarelli,Engineer
258802,Yakkov,Perz,Senior Engineer
258805,Masaru,Gulak,Senior Engineer
258808,Shahab,Velasco,Senior Staff
258810,Ziva,Sabnani,Senior Staff
258817,Yuguang,Hutton,Senior Engineer
258821,Yahiko,Slobodova,Staff
258822,Mizuhito,Pavlopoulou,Technique Leader
258823,Inderjeet,Lamparter,Engineer
258826,Susuma,Limongiello,Senior Engineer
258827,Zhiguo,Pusterhofer,Senior Staff
258831,Adil,Perin,Senior Staff
258838,Zhensheng,Stanger,Senior Staff
258842,Syozo,Heiserman,Staff
258848,Tooru,Suermann,Senior Engineer
258849,Baocai,Rahier,Senior Engineer
258850,Werner,Heuter,Senior Staff
258855,Udi,Guardalben,Senior Staff
258856,Shuji,Khalil,Staff
258861,Sigeru,Aamodt,Senior Engineer
258863,Elvia,Baig,Senior Staff
258865,Marlo,Dichev,Senior Engineer
258867,Boguslaw,Berendt,Senior Engineer
258869,Valeska,Billawala,Senior Engineer
258873,Mary,Czaja,Senior Staff
258877,Shaunak,Sadowsky,Staff
258878,Candido,Varker,Technique Leader
258879,Bedrich,Businaro,Senior Staff
258883,Shan,Hofmeyr,Technique Leader
258884,Florian,Ranum,Engineer
258885,Arne,Rabejac,Senior Engineer
258888,Genta,Junet,Technique Leader
258892,Tadahiko,Encarnacion,Senior Staff
258896,Giordano,Botman,Senior Engineer
258898,Yechezkel,Vasanthakumar,Senior Staff
258901,King,Keirsey,Senior Engineer
258905,Niteen,Czap,Technique Leader
258907,Parke,Kumaresan,Senior Engineer
258908,Kagan,Matteis,Senior Engineer
258915,Chaitali,Uludag,Senior Engineer
258916,Manu,Varker,Engineer
258924,Heekeun,Stiles,Senior Engineer
258925,Ekawit,Ramaiah,Engineer
258926,Berhard,Milicia,Senior Engineer
258927,Fumiya,Kragelund,Senior Staff
258933,Danae,Karlin,Senior Engineer
258935,Moriyoshi,Harllee,Senior Engineer
258936,Divine,Bauknecht,Senior Staff
258937,Marjo,Attimonelli,Senior Staff
258938,Tse,Bugaenko,Senior Engineer
258944,Froduald,Hatcliff,Senior Engineer
258951,Mansur,Zlotek,Senior Staff
258955,Serenella,Pollock,Staff
258957,Hilari,Fortenbacher,Senior Staff
258960,Make,Stroustrup,Senior Staff
258963,Clyde,Riexinger,Senior Staff
258968,Gil,Pokrovskii,Senior Staff
258969,Jungsoon,Brandsma,Senior Engineer
258971,Jaewoo,Nooteboom,Staff
258973,Dulce,Zultner,Senior Engineer
258974,Jinpo,Pusterhofer,Senior Engineer
258981,Guther,Swist,Engineer
258984,Hongzue,Conia,Staff
258985,Taegyun,Baranowski,Senior Engineer
258986,Hailing,Zykh,Senior Staff
258992,Izaskun,Marakhovsky,Senior Staff
258995,King,Salverda,Staff
258996,Halsur,Boudaillier,Senior Staff
259001,Alassane,Nooteboom,Engineer
259002,Karlis,Cummings,Senior Staff
259003,Cathie,Radivojevic,Senior Engineer
259006,Sreekrishna,Neimat,Senior Engineer
259010,Shuji,Krogh,Senior Engineer
259013,Isamu,Lagarias,Senior Engineer
259015,Guther,Breugel,Senior Engineer
259019,Paris,Bahl,Senior Engineer
259021,Maris,Redmiles,Senior Staff
259024,Martien,Baez,Assistant Engineer
259025,Wojceich,Renear,Senior Staff
259029,Kensyu,Senzako,Assistant Engineer
259040,Saddek,Danlos,Staff
259041,Christoper,Feldhoffer,Senior Engineer
259044,Hidde,Choobineh,Staff
259046,Boriana,Zallocco,Engineer
259047,Subhada,Wilharm,Engineer
259050,Jayson,Roccetti,Senior Staff
259052,Mads,Comellas,Senior Staff
259060,Chaoyi,Kornatzky,Senior Staff
259062,Tetsurou,Scharstein,Senior Engineer
259064,Vasilii,Kading,Staff
259067,Gou,McAffer,Senior Engineer
259069,Shirish,Rodite,Senior Engineer
259073,Ortrud,Barriga,Senior Staff
259075,Freyja,Herbst,Engineer
259080,Kenroku,Provine,Senior Engineer
259081,Tse,Lammel,Senior Engineer
259082,Hidde,Gronowski,Engineer
259085,Douadi,Puppe,Senior Staff
259093,Mani,Luks,Staff
259096,Yonghoan,Pavlopoulou,Senior Engineer
259100,Alexius,Schwartzbauer,Senior Staff
259102,Jiong,Nitta,Senior Engineer
259103,Shir,Valiente,Senior Staff
259104,Masali,Ponthieu,Senior Staff
259110,Changho,Baca,Engineer
259111,Christfried,Hennebert,Senior Engineer
259112,Kien,Marciano,Senior Staff
259115,Cordelia,Ghazalie,Senior Engineer
259116,Eckart,Lunt,Senior Staff
259120,Khalid,Matzke,Senior Staff
259126,Dines,Encarnacion,Senior Staff
259127,Masato,Grandbois,Staff
259128,Branimir,Baalen,Technique Leader
259130,Alair,Calkin,Senior Engineer
259131,Gaurav,Gniady,Senior Engineer
259134,Elgin,Raney,Senior Staff
259135,Chinhyun,Cappello,Engineer
259137,Hailing,Thiran,Senior Staff
259140,Anyuan,Samarati,Senior Staff
259146,Lunjin,Baby,Senior Engineer
259150,Kiyomitsu,Majewski,Senior Staff
259154,Zsolt,Waterhouse,Engineer
259160,Marsha,Badr,Senior Staff
259166,Masadi,Krone,Senior Engineer
259167,Aamer,Eterovic,Technique Leader
259168,Mariusz,Simkin,Senior Engineer
259175,Hsiangchu,Suermann,Engineer
259176,Berto,Fargier,Senior Staff
259177,Bilhanan,Bouloucos,Assistant Engineer
259179,Petter,Ramaiah,Senior Engineer
259182,Kellyn,Ozeki,Senior Engineer
259186,Larisa,Ariola,Engineer
259190,Leon,Uhrik,Senior Staff
259194,Sandeepan,Merli,Senior Staff
259195,Mahmut,Broder,Staff
259197,Sahrah,Babb,Senior Engineer
259202,Bodh,Moehrke,Senior Engineer
259205,Shietung,Feinberg,Senior Staff
259207,Mani,Rodiger,Senior Engineer
259212,Arif,Boissier,Senior Engineer
259216,Angus,Rindone,Senior Engineer
259220,Pradeep,Petersohn,Engineer
259223,Apostol,Vakili,Senior Engineer
259224,Chriss,Navazio,Senior Staff
259225,Toshimo,Stifter,Technique Leader
259229,Florina,Swiss,Engineer
259234,Jayson,Leaver,Engineer
259236,Duangkaew,Coney,Senior Engineer
259241,Becky,Setiz,Senior Staff
259244,Richard,Cusworth,Staff
259248,Chuanyi,Hertweck,Senior Engineer
259250,Marsal,Emiris,Staff
259255,Remzi,Czap,Senior Engineer
259256,Rimli,Ramalingam,Senior Staff
259259,Douadi,Gist,Senior Staff
259260,Morris,Pfau,Senior Staff
259269,Genki,Rajala,Engineer
259272,Ebbe,Tramer,Senior Engineer
259277,Sarita,Jansch,Engineer
259279,Tommaso,Woycyznski,Senior Staff
259285,Odoardo,Khasidashvili,Engineer
259288,Mamdouh,Falco,Engineer
259292,Hideo,Rajcani,Senior Staff
259297,Lucian,Nastansky,Senior Engineer
259299,Maik,Plump,Staff
259301,Kensei,McClure,Senior Engineer
259310,Pranav,Zastre,Engineer
259311,Menkae,Hofstetter,Senior Staff
259313,Masadi,Aingworth,Staff
259314,Chenxi,Radwan,Engineer
259315,Manton,Schade,Technique Leader
259322,Maja,Compeau,Senior Engineer
259323,Xuejia,Farris,Senior Staff
259326,Sachar,Perly,Senior Staff
259331,Fumitaka,Chachaty,Staff
259332,Feiyu,Kilgore,Senior Staff
259333,Gor,Poupard,Senior Engineer
259337,Kazuhiro,Raoux,Senior Engineer
259338,Bowen,Restivo,Engineer
259341,Yoshinari,Poehlman,Senior Engineer
259342,Serenella,Seghrouchni,Senior Engineer
259345,Rimon,Gecsel,Senior Engineer
259348,Goa,Comte,Staff
259349,Jordanka,Budinsky,Senior Staff
259350,Poorav,Janetzko,Senior Staff
259351,Takahito,Mungall,Staff
259353,Shigeichiro,Yavatkar,Senior Engineer
259360,Kersti,Negoita,Engineer
259362,Dines,Gilg,Senior Engineer
259364,Holgard,Terlouw,Senior Engineer
259368,Ferdinand,Kowalchuk,Senior Engineer
259374,Yakichi,Lally,Senior Engineer
259382,Gurbir,Ushiama,Senior Engineer
259387,Vivian,Selenyi,Senior Engineer
259391,Gadiel,Fiebach,Senior Engineer
259392,Mary,Jansen,Senior Engineer
259393,Foong,Shackel,Staff
259401,Gaetan,Zhiwei,Staff
259402,Uriel,Seuren,Senior Staff
259403,Debaprosad,Hutton,Senior Engineer
259405,Yurij,Brookner,Senior Engineer
259410,Yechezkel,Waleschkowski,Senior Engineer
259411,Faiza,Perry,Senior Staff
259412,Behnaam,Thombley,Staff
259413,Shalesh,Eastman,Senior Staff
259414,Lena,Daescu,Senior Staff
259424,Barun,Dayana,Senior Staff
259425,Tomofumi,Camarinopoulos,Senior Engineer
259427,Khedija,Lores,Senior Engineer
259428,Dinkar,Passino,Senior Engineer
259430,Yechiam,Kobara,Senior Engineer
259431,Mitchel,Gluchowski,Senior Engineer
259435,Marc,Bahk,Senior Staff
259436,Gadiel,Hiraishi,Senior Engineer
259437,Yucel,Babb,Senior Engineer
259440,Subir,Shumilov,Senior Engineer
259441,Leif,Thimonier,Senior Staff
259443,Yongmin,Ramsay,Staff
259452,Juichirou,Gadepally,Senior Staff
259457,Alper,Garnier,Senior Engineer
259460,Vasilis,Gecsei,Senior Staff
259466,Genki,Aseltine,Senior Staff
259467,Marit,Majewski,Senior Staff
259469,Kristinn,Isard,Senior Engineer
259470,Karlis,Lakshmanan,Engineer
259471,Owen,Baek,Staff
259473,Jovan,Heuter,Senior Staff
259479,Vasilii,Zobel,Senior Engineer
259482,Kotesh,Veccia,Senior Staff
259486,Fun,Bahk,Staff
259487,Mabry,Rosaz,Senior Engineer
259489,Margo,Mitina,Senior Engineer
259490,Yoshimitsu,Kuszyk,Senior Engineer
259499,Chanjung,McFarlin,Senior Engineer
259501,Udi,Zultner,Senior Engineer
259504,Jinxi,Iisaku,Engineer
259505,Mrinalini,Ozeri,Engineer
259506,Geraldo,Scharstein,Senior Staff
259508,Faiza,Stanfel,Senior Staff
259512,Jinxi,Arlazarov,Senior Engineer
259513,Marko,Esteva,Senior Engineer
259517,Tremaine,Miyakawa,Senior Engineer
259518,Mang,Marciano,Staff
259519,Jongsuk,Sambasivam,Senior Engineer
259521,Rajmohan,Birdsall,Staff
259536,Siamak,Verhoeff,Engineer
259538,Sreekrishna,Impagliazzo,Staff
259541,Jaber,Alblas,Senior Staff
259542,Heekeun,Quaggetto,Senior Staff
259549,Jaihie,Schreiter,Engineer
259551,Arup,Coorg,Senior Engineer
259552,Hatsukazu,Constantine,Senior Engineer
259553,Danai,Krychniak,Staff
259562,Xiaoshan,Pesch,Engineer
259563,Alenka,Peyn,Staff
259565,Shirish,Osgood,Senior Engineer
259566,Maja,Schiettecatte,Senior Engineer
259567,Aloys,Bolsens,Senior Engineer
259583,Kiyomitsu,Swan,Senior Staff
259585,Zhigen,Azumi,Senior Engineer
259586,Gill,Clouatre,Engineer
259593,Kasidit,Stenning,Senior Engineer
259595,Monique,Furedi,Senior Staff
259597,Chrisa,Snyers,Senior Staff
259603,Tesuro,Chaudhuri,Senior Staff
259605,Shim,Kohling,Engineer
259609,Kristian,Prochazka,Senior Staff
259612,Shridhar,Ranka,Assistant Engineer
259613,Ulf,Vesel,Senior Engineer
259614,Doohun,Heuter,Staff
259620,Mototsugu,Snedden,Senior Staff
259625,Mikhail,Portugali,Senior Engineer
259629,Sergi,Yemenis,Senior Staff
259633,Stevo,Bottner,Engineer
259636,Dietrich,Syang,Senior Staff
259640,Uwe,Siprelle,Senior Staff
259644,Karoline,Thibadeau,Engineer
259654,Pranay,Dehkordi,Senior Engineer
259657,Bluma,Henders,Senior Staff
259660,Kristinn,Melter,Senior Staff
259662,Shaw,Pluym,Senior Engineer
259663,Masaki,Casley,Senior Engineer
259665,Zsolt,Decaestecker,Technique Leader
259671,Kendra,Hiroyama,Senior Engineer
259672,Chinho,Lodder,Senior Staff
259679,Jiong,Ishibashi,Senior Engineer
259682,Zine,Shobatake,Senior Staff
259684,Radhia,Veldwijk,Assistant Engineer
259687,Richard,Ratzlaff,Senior Staff
259689,Sergi,Msuda,Senior Engineer
259691,Naftali,Setlzner,Senior Engineer
259693,Steen,Rosen,Senior Engineer
259696,Henk,Iwayama,Staff
259700,Ronghao,Hebert,Staff
259702,Sedat,Anguita,Staff
259703,Huan,Rosar,Senior Engineer
259704,Valdiodio,Rosiles,Senior Engineer
259707,Rosella,Perin,Senior Engineer
259714,Odoardo,Jakobus,Staff
259716,Remzi,Kolinko,Senior Staff
259717,Masanao,Msuda,Engineer
259722,Candida,Vendrig,Senior Engineer
259726,Houman,Cyne,Senior Engineer
259729,Weidon,Foong,Staff
259731,Masaki,Flasterstein,Senior Staff
259734,Reinhold,Gils,Staff
259740,Satoru,Stafford,Staff
259742,Gladys,Panienski,Senior Engineer
259747,Emdad,Poupard,Senior Engineer
259749,Masanao,Eiter,Senior Engineer
259766,Erez,Gecseg,Senior Engineer
259769,Zito,Syrotiuk,Staff
259770,Moni,Covnot,Senior Staff
259771,Youssef,Chaudhuri,Technique Leader
259777,Siamak,Godskesen,Technique Leader
259781,Yurij,Nitto,Staff
259783,Genevieve,Luby,Staff
259785,Itzchak,Vidya,Senior Staff
259786,Suebskul,Krider,Senior Engineer
259787,Yonghong,Giveon,Senior Engineer
259793,Yefim,Birke,Senior Staff
259794,Gen,DasSarma,Engineer
259796,Kwangjo,Oberman,Staff
259803,Kensyu,Zielinski,Senior Staff
259805,Leandro,Hutton,Senior Staff
259808,Slavian,Streng,Staff
259810,Tru,Baak,Engineer
259812,Vasiliy,Koyama,Senior Engineer
259814,Fumitaka,Heijenga,Senior Staff
259825,Utpal,Soicher,Senior Staff
259835,IEEE,Biran,Senior Staff
259838,Abdelkader,Miake,Senior Engineer
259841,Pascal,Beausoleil,Engineer
259843,Genevieve,Rodite,Senior Staff
259846,Muneo,Parfitt,Staff
259847,Atreyi,Templeman,Assistant Engineer
259849,Odoardo,Prampolini,Senior Staff
259850,Masaru,Chiodo,Engineer
259856,Yuriy,Camurati,Senior Engineer
259859,Miomir,Hooghiemstra,Senior Staff
259860,Falguni,Polajnar,Senior Staff
259863,Jovan,Siegrist,Senior Staff
259866,Qingxiang,Ghazalie,Staff
259874,Kensyu,Chorvat,Senior Staff
259880,Shuji,Bolsens,Senior Engineer
259882,Lijie,Bernini,Senior Engineer
259889,Renee,Kusalik,Senior Engineer
259890,Hironobu,Aingworth,Senior Engineer
259891,Irena,Flanders,Technique Leader
259895,Kwangsub,Rodier,Engineer
259898,Lakshmi,Angel,Engineer
259899,Joydip,Thambidurai,Staff
259900,Taiji,Sanella,Senior Staff
259902,Elrique,Pokrovskii,Staff
259903,DAIDA,Pileggi,Senior Engineer
259904,Khedija,Massonet,Senior Staff
259908,Lijie,Onuegbe,Staff
259913,Chuanyi,Niizuma,Senior Engineer
259915,Akemi,Radivojevic,Senior Staff
259916,Tzu,Demri,Senior Engineer
259917,Isaac,Marletta,Senior Engineer
259919,Lorien,Vesel,Senior Engineer
259922,Terresa,Kitsuregawa,Senior Engineer
259925,Jaewoo,Siepmann,Engineer
259928,Charmane,Baak,Senior Engineer
259929,Randy,Bahr,Technique Leader
259931,Mostafa,Vrecion,Senior Engineer
259942,Arra,Linnainmaa,Senior Engineer
259944,Manu,Shackel,Senior Staff
259947,Kasidit,Yoshimura,Senior Engineer
259949,Marc,Veeraraghavan,Senior Engineer
259951,Shir,Beerel,Senior Engineer
259952,Fei,Zultner,Engineer
259956,Leszek,Angel,Staff
259957,Remko,Cyre,Senior Engineer
259958,Vatsa,DeMori,Engineer
259960,Danae,Thambidurai,Senior Engineer
259962,Hyuncheol,Tzvieli,Senior Engineer
259978,Mart,Riefers,Senior Staff
259982,Sachio,Mahmud,Engineer
259987,Xinan,Benantar,Staff
259988,Dmitri,Ressouche,Senior Engineer
259989,Magdalena,Nitsche,Senior Engineer
259993,Spyrose,Sinitsyn,Staff
260000,Sudhanshu,Kalefeld,Senior Engineer
260001,Yifei,Conte,Senior Staff
260007,Ute,McAffer,Engineer
260011,Rosalie,Falck,Senior Staff
260016,Izaskun,Farrel,Staff
260017,Berto,Swist,Engineer
260018,Fumiyo,Cherinka,Staff
260029,Charmane,Keirsey,Senior Staff
260031,Deborah,Michaels,Senior Engineer
260035,Radhakrishnan,Morrey,Senior Staff
260037,Naraig,Prochazka,Senior Engineer
260038,Ziyad,Malabarba,Senior Engineer
260039,Arunachalam,Rissland,Engineer
260040,Yonghong,Rodier,Senior Engineer
260044,Josyula,Oaver,Senior Engineer
260046,Wonhee,Orlowski,Senior Engineer
260050,Sakthirel,Litvinov,Senior Staff
260053,Thodoros,Munawer,Senior Staff
260059,Chaitali,Ozery,Senior Staff
260063,Qiwen,Iisaka,Senior Engineer
260065,Hinrich,Bruckman,Senior Staff
260066,Xinan,Guenter,Senior Staff
260072,Fumiyo,Grandbois,Technique Leader
260074,Adhemar,Heydon,Engineer
260077,Vishwani,Wallrath,Staff
260080,Gregory,Marzano,Senior Staff
260082,Gina,Swan,Senior Staff
260092,Aruna,Detkin,Senior Engineer
260100,Jinpo,Rodite,Engineer
260101,Dhritiman,Ghazalie,Senior Staff
260103,Juyoung,Gien,Staff
260108,Shim,Michaeli,Senior Staff
260110,Yefim,Sidou,Staff
260114,Matk,Rathonyi,Assistant Engineer
260117,Margo,Raczkowsky,Senior Engineer
260118,Basim,Bresenham,Senior Staff
260123,Mechthild,Fontan,Senior Engineer
260126,Spyrose,Worfolk,Senior Engineer
260128,Willard,Yoshimura,Senior Staff
260134,Maik,Seuren,Senior Staff
260136,Hyuncheol,Kroha,Senior Staff
260143,Masako,Stellhorn,Senior Engineer
260144,Fun,Baja,Senior Staff
260145,Lihong,Rajcani,Senior Staff
260148,Yaghout,Eterovic,Staff
260150,Gonzalo,Menhoudj,Senior Staff
260161,Hironobu,Maksimenko,Senior Staff
260166,Valter,Pleszkun,Senior Staff
260168,Isaac,Guting,Senior Engineer
260169,Lokesh,Codenie,Technique Leader
260171,Kien,Chinal,Senior Engineer
260177,Sanjoy,Francisci,Senior Staff
260179,Ziva,Sgarro,Senior Engineer
260181,Evgueni,Shanbhogue,Senior Engineer
260189,Stabislas,Salvesen,Senior Engineer
260192,Murthy,Schlegelmilch,Staff
260193,Maya,Rassart,Senior Engineer
260201,Bernice,Krider,Senior Staff
260206,Pranjal,Waterhouse,Senior Engineer
260213,Ortrun,Dengi,Senior Staff
260219,Moti,Hofmeyr,Senior Staff
260221,Khedija,Engelmann,Senior Engineer
260222,Berry,Preusig,Senior Staff
260226,Adamantios,Kalloufi,Engineer
260234,Gay,Katzenelson,Senior Engineer
260239,Susanna,Roisin,Staff
260244,Jessie,Varker,Engineer
260246,Alagu,Birta,Staff
260253,Gianluca,Maksimenko,Staff
260256,Atreyi,Peac,Senior Engineer
260260,Sachin,Sidhu,Engineer
260262,Van,Boudaillier,Senior Staff
260268,Marie,Munos,Staff
260272,Yefim,Talmor,Senior Staff
260273,Lillian,McAlpine,Technique Leader
260280,LiMin,Zyda,Senior Staff
260281,Hidefumi,Lodder,Senior Staff
260284,Gill,Reinhart,Senior Staff
260285,Foong,Irland,Staff
260291,Padma,Murtafg,Senior Staff
260296,Heng,Denti,Senior Staff
260302,Munir,Velasco,Senior Engineer
260303,Ferdinand,Sambasivam,Senior Engineer
260305,Jiong,Gill,Senior Engineer
260306,Lein,Fetvedt,Senior Engineer
260307,Anyuan,Dalton,Senior Staff
260317,Shaibal,Yeung,Engineer
260322,Arlette,Lamparter,Senior Engineer
260325,Zorica,Lamma,Senior Staff
260327,Shigehiro,Gecsei,Engineer
260330,Irena,McAffer,Senior Engineer
260331,Niteen,Matteis,Senior Staff
260342,Leaf,Peroz,Staff
260344,Sugwoo,Marchesini,Senior Engineer
260346,Junichi,Suermann,Senior Staff
260348,Stafford,Pettit,Engineer
260350,Masali,Salinas,Engineer
260352,Ayonca,Kilgore,Senior Engineer
260359,Kensyu,Furudate,Senior Engineer
260366,Eric,Asser,Senior Staff
260367,Stein,Bail,Staff
260371,Boguslaw,Atrawala,Senior Engineer
260373,Anestis,Ruther,Senior Engineer
260376,Gino,Selvestrel,Staff
260377,Perry,Mateescu,Technique Leader
260378,Taisook,Basagni,Senior Engineer
260380,Utpal,Tagansky,Engineer
260381,Prasadram,Kaelbling,Senior Engineer
260388,Abdelghani,Diderrich,Staff
260393,Jongsuk,Matheson,Senior Engineer
260398,Weiru,Ponthieu,Senior Engineer
260407,Kagan,Kakkar,Engineer
260409,Mori,Schapire,Senior Engineer
260410,Bojan,Delgrange,Engineer
260414,Stamatina,Jullig,Technique Leader
260415,Lobel,Broder,Senior Engineer
260417,Wuxu,Trachtenberg,Senior Engineer
260418,Alejandro,Pezzoli,Senior Engineer
260420,Yurii,Senzako,Senior Staff
260423,Debaprosad,Papadias,Senior Engineer
260425,Lansing,Sgarro,Staff
260426,Mostafa,Jakobus,Senior Staff
260427,Munehiro,Jervis,Senior Engineer
260431,Branimir,Liesche,Senior Engineer
260433,Harngdar,Plesums,Engineer
260435,Shuichi,Gulak,Senior Engineer
260440,Ayonca,Kilgour,Staff
260441,Ennio,Gruenwald,Engineer
260442,Matk,Luck,Senior Staff
260446,Saniya,Dulin,Engineer
260456,Shounak,Luck,Senior Staff
260457,Berna,Miara,Senior Staff
260464,Aran,Lorch,Engineer
260470,Tetsushi,Ulupinar,Senior Staff
260480,Jiakeng,Sherertz,Staff
260487,Maha,Baig,Staff
260500,Yakkov,Katiyar,Senior Staff
260502,Danco,Jeong,Senior Staff
260507,Foong,Lueh,Staff
260510,Wojceich,Showalter,Engineer
260516,Hidekazu,Byoun,Senior Engineer
260517,Szabolcs,Keohane,Engineer
260521,Dekang,Marrevee,Senior Staff
260522,Kasturi,Baez,Senior Engineer
260527,Katsuyuki,Lindqvist,Technique Leader
260529,Nechama,Hofstetter,Senior Engineer
260531,Kersti,Hashii,Senior Staff
260535,Luisa,Zallocco,Staff
260537,Georgi,Chiola,Senior Staff
260541,Ute,Scharstein,Senior Staff
260543,Hatsukazu,Decleir,Senior Staff
260546,Behnaam,Haldar,Technique Leader
260549,Harjit,Camarinopoulos,Senior Engineer
260550,Ebru,Birjandi,Senior Engineer
260551,Alper,Murtha,Engineer
260555,Yunming,Boguraev,Senior Engineer
260556,Hilary,Polajnar,Engineer
260557,Vugranam,Mayerwieser,Engineer
260566,Carrsten,Siegrist,Senior Engineer
260567,Lenore,Lorho,Staff
260568,Fun,Tchuente,Staff
260571,Pranay,Munoz,Senior Engineer
260573,Abdulla,Lamparter,Senior Staff
260575,Kokou,Ushiama,Senior Engineer
260576,Tomokazu,Junet,Staff
260581,Gritta,Maliniak,Senior Staff
260585,Zhiguo,Gopalakrishnan,Senior Staff
260586,Saddek,Delgrange,Engineer
260587,Shuho,Wixon,Staff
260588,Shuichi,Speel,Senior Engineer
260597,Khaled,Swiss,Staff
260599,Mang,Bellmore,Engineer
260602,Kwangho,Anger,Senior Staff
260603,Spyrose,Falster,Senior Staff
260612,Roded,Conte,Staff
260616,Amalendu,Herath,Staff
260621,Christophe,Binding,Senior Engineer
260626,Piyawadee,Eppinger,Staff
260627,Shridhar,Vuskovic,Senior Engineer
260634,Beshir,Angelov,Senior Staff
260638,Richara,Cronan,Technique Leader
260640,Rosita,Emmart,Engineer
260642,Xianlong,Kemmerer,Senior Staff
260643,Fox,Shanbhogue,Senior Staff
260644,Moty,Bennet,Senior Staff
260645,Carrsten,Brickell,Assistant Engineer
260649,Oscar,Porenta,Senior Engineer
260653,Emdad,Mandell,Assistant Engineer
260657,Marsja,Barvinok,Senior Staff
260660,Pohua,Fordan,Staff
260664,Dines,Woycyznski,Senior Staff
260665,Kaijung,Sidhu,Technique Leader
260667,Akemi,Weedon,Senior Engineer
260669,Nitsan,Sinicrope,Senior Engineer
260670,Divine,Acton,Engineer
260672,Gina,Schauser,Senior Engineer
260675,Rosine,Ramsey,Senior Staff
260678,Marsha,Hemaspaandra,Engineer
260681,Matt,Ghelli,Technique Leader
260690,Kristin,Tibblin,Senior Engineer
260693,Oksana,Mungall,Senior Engineer
260697,Nagui,Renear,Engineer
260700,Eishiro,Taubenfeld,Senior Staff
260702,Eric,Merks,Engineer
260704,Venkatesan,Emmerich,Senior Staff
260705,Janche,Lanzelotte,Staff
260708,Arlette,Kaiserswerth,Senior Engineer
260711,Martine,Szmurlo,Staff
260715,Jungsoon,Heyers,Senior Staff
260716,Vitali,Buescher,Senior Staff
260717,Yucel,Greenaway,Staff
260724,Rimli,Reinhart,Senior Engineer
260727,Nalini,Billawala,Senior Staff
260728,Macha,Glowinski,Engineer
260729,Jingling,Panienski,Engineer
260731,Idoia,Schaar,Technique Leader
260732,Adel,Feinberg,Senior Staff
260733,Ashish,Junet,Senior Engineer
260734,Eckart,Leuchs,Engineer
260735,Manibrata,McAlpine,Senior Engineer
260742,Domenico,Schmiedel,Senior Staff
260743,Ger,Pargas,Engineer
260756,Jahangir,Swick,Senior Engineer
260764,Honesty,Kalefeld,Engineer
260766,Gil,Bouloucos,Senior Engineer
260770,Itzchak,Snyers,Staff
260774,Jianhua,Rothenberg,Engineer
260779,Stepehn,Rando,Staff
260781,Bangqing,Walstra,Senior Engineer
260783,Danny,Emmerich,Technique Leader
260784,Josyula,Zongker,Assistant Engineer
260785,Hideyuki,Pews,Senior Staff
260790,Niteen,Perfilyeva,Senior Engineer
260796,Samphel,Plump,Engineer
260797,Dines,Kragelund,Engineer
260801,Jagoda,Gecsei,Technique Leader
260808,Val,Cappello,Senior Engineer
260810,Mohua,Pollacia,Senior Engineer
260816,Gadiel,Bernardinello,Senior Engineer
260817,Radoslaw,Barriga,Staff
260821,Arfst,Dengi,Senior Staff
260822,Uta,Simmen,Senior Engineer
260824,Aram,Cooman,Senior Engineer
260827,Slavian,Farrow,Engineer
260828,Ashish,Marletta,Engineer
260834,Khoa,Tomescu,Technique Leader
260837,Angus,Bruckman,Senior Engineer
260838,Mohammad,Auyong,Senior Engineer
260839,Iara,Ladret,Staff
260843,Sumali,Kushner,Senior Staff
260844,Hisao,Denti,Technique Leader
260845,Youpyo,Delaune,Assistant Engineer
260848,Michaela,Cmelik,Engineer
260850,Goa,Serra,Senior Engineer
260852,Zongyan,Brickell,Engineer
260857,Zongyan,Cronan,Senior Staff
260861,Prodip,Litzkow,Senior Engineer
260864,Aram,Asser,Senior Staff
260865,Giao,Zallocco,Senior Engineer
260874,Khoa,Chelton,Senior Engineer
260880,JoAnne,Genin,Staff
260882,Bernardo,Joslin,Senior Staff
260889,Mona,Streng,Senior Engineer
260891,Guangming,Boreale,Assistant Engineer
260895,Prasadram,Templeman,Senior Staff
260900,Kankanahalli,Karunanithi,Engineer
260902,Mandell,Raczkowsky,Senior Engineer
260906,Sergi,Heinisuo,Senior Staff
260910,Emran,Shiratori,Senior Staff
260911,Tru,Vecchio,Senior Engineer
260912,Arlette,Nations,Senior Engineer
260913,Geoffry,Ulupinar,Staff
260915,Leen,Greenaway,Senior Engineer
260916,Garnik,Christ,Senior Staff
260917,Mantis,Gruenwald,Senior Staff
260920,Irena,Highland,Senior Staff
260922,Irena,Bugrara,Senior Engineer
260928,Barun,Undy,Engineer
260929,Danel,Muhlberg,Engineer
260933,Poorav,Maraist,Senior Engineer
260939,Akhilish,Zongker,Staff
260943,Lene,Makrucki,Technique Leader
260944,Remco,Vesel,Staff
260949,Sudharsan,Oberman,Senior Staff
260950,Prasadram,Besselaar,Staff
260959,DeForest,Percebois,Senior Engineer
260964,Leon,Oaver,Senior Engineer
260965,Tianruo,Alpay,Senior Engineer
260969,Aamod,Leuchs,Senior Staff
260970,Bouchung,Jumpertz,Senior Engineer
260973,Hatim,Sidou,Engineer
260976,Aimee,Oberman,Senior Engineer
260978,Shih,Hofmeyr,Senior Engineer
260981,Reuven,Ermel,Senior Staff
260982,Roded,Menhardt,Assistant Engineer
260984,Marl,Sooriamurthi,Staff
260986,Dung,Cardazo,Senior Engineer
260992,Dietrich,Etalle,Senior Engineer
260993,Shaowen,Oehlmann,Staff
260994,Kazuhide,Schonegge,Senior Engineer
260998,Vishwani,Zyda,Staff
261004,Rance,Reistad,Senior Engineer
261007,Yakkov,Jayawardene,Staff
261010,Fei,Nourani,Engineer
261013,Kristin,Hatcliff,Technique Leader
261017,Genta,Varker,Senior Staff
261021,Boguslaw,Sevcikova,Senior Engineer
261028,Pranjal,Pettit,Senior Engineer
261030,Thodoros,Smeets,Staff
261032,Owen,Talmon,Senior Staff
261040,Arnould,Peroz,Staff
261044,Bogdan,Copas,Assistant Engineer
261045,Krisda,Dratva,Engineer
261046,Nevin,Oxenboll,Senior Engineer
261049,Naraig,Cooman,Staff
261053,Uwe,Honglei,Senior Staff
261054,Almudena,Weiland,Assistant Engineer
261056,Weiru,Broder,Senior Staff
261062,Teruyuki,Dehkordi,Staff
261070,King,Zuberek,Senior Engineer
261071,Kristian,Eiron,Engineer
261073,Carrsten,Wilfing,Senior Engineer
261075,Chandrasekaran,Esposito,Senior Staff
261080,Ziyad,Delgrande,Senior Staff
261084,Gilbert,Mukaidono,Staff
261087,Teiji,Hegner,Senior Staff
261088,Zejun,Lichtman,Senior Engineer
261090,Yechezkel,Samarati,Staff
261092,Gila,Bratsberg,Senior Engineer
261101,Bangqing,Uchoa,Senior Engineer
261102,Chaoyi,Speckmann,Senior Staff
261108,Rosalie,Erva,Senior Engineer
261109,Bogdan,Quadeer,Engineer
261112,Xiaobin,Speer,Senior Engineer
261113,Shaowen,Jansch,Technique Leader
261115,Zhonghua,Farris,Senior Staff
261125,Xuedong,Einsfeld,Engineer
261126,Shiv,Feldhoffer,Staff
261127,Tremaine,Pena,Senior Staff
261130,Brigham,Stassinopoulos,Senior Engineer
261131,Menkae,Heyers,Senior Engineer
261132,Pintsang,Braccini,Senior Engineer
261133,Magy,Stanger,Senior Staff
261134,Alois,Fabrizio,Staff
261135,Chriss,Noriega,Engineer
261136,Vishv,Joslin,Senior Staff
261138,Kauko,Orsini,Senior Engineer
261139,Candida,Peltason,Senior Engineer
261142,Stein,Cochrane,Staff
261143,Reinhard,Mansanne,Senior Engineer
261144,Shigeichiro,Calkin,Senior Staff
261147,Tommaso,Murillo,Senior Engineer
261148,Teruyuki,Shackel,Senior Staff
261149,Wayne,Riesenhuber,Senior Staff
261150,Xiaopeng,Maraist,Staff
261152,Heejo,Lamma,Senior Engineer
261153,Fusako,Anily,Senior Engineer
261159,Kokou,Janocha,Staff
261165,Sadok,Heuser,Senior Engineer
261171,Zine,Teitelbaum,Assistant Engineer
261172,Katsuyuki,Luit,Senior Staff
261177,Tsvetan,Borovoy,Senior Engineer
261180,Leni,Hasenauer,Staff
261183,Atilio,Weedman,Engineer
261189,Ottavia,Michaeli,Senior Staff
261190,Ranga,Pusterhofer,Engineer
261192,Susanta,Schneeberger,Staff
261194,Nimmagadda,Nitta,Senior Engineer
261196,Maya,Kitsuregawa,Senior Engineer
261198,Kerryn,Gewali,Engineer
261205,Wanqing,Chimia,Senior Staff
261208,Koldo,Kolvik,Senior Staff
261213,Abdulah,Covnot,Senior Staff
261214,Zhilian,Vickson,Senior Engineer
261219,Snehasis,Sevcikova,Engineer
261225,Parto,Honiden,Senior Engineer
261226,Zhaofang,Baby,Senior Staff
261230,Mary,Percebois,Assistant Engineer
261231,Shimshon,Melski,Senior Engineer
261245,Shahab,Schusler,Senior Engineer
261246,Arfst,Gargeya,Senior Engineer
261247,Sanjiv,Munos,Engineer
261249,Gift,Negoita,Senior Engineer
261255,Sven,Michaels,Technique Leader
261262,Bikash,Schahn,Senior Staff
261264,Manu,Lally,Staff
261266,Tadahiro,Bazelow,Senior Engineer
261268,Morris,Ruther,Senior Engineer
261271,Dipayan,Murillo,Senior Engineer
261272,Fun,Gopalakrishnan,Senior Engineer
261274,Mads,Serra,Senior Engineer
261279,Ghassan,Sgarro,Senior Staff
261282,Guttorm,Tempesti,Senior Engineer
261283,Flemming,Versino,Staff
261285,Kayoko,Milicia,Assistant Engineer
261293,Moti,Ellozy,Engineer
261294,Djelloul,McAlpine,Engineer
261298,Ottavia,Ventosa,Senior Engineer
261311,Barna,Eastman,Senior Engineer
261317,Chenxi,Prenel,Senior Engineer
261320,Berthier,Gladwell,Senior Staff
261321,Aram,Eldridge,Staff
261324,Gudjon,Duclos,Technique Leader
261326,Kwun,Jiang,Staff
261330,Takahira,DiGiano,Senior Engineer
261335,Weidon,Iisaku,Senior Staff
261336,IEEE,Manders,Staff
261337,Deniz,Leslie,Senior Staff
261342,Collette,Kroft,Senior Engineer
261346,Elvis,Brendel,Engineer
261347,Udi,Solares,Senior Engineer
261349,Arnd,Theuretzbacher,Staff
261351,Ottavia,Erde,Senior Engineer
261353,Krisda,Mitchem,Engineer
261354,Mooi,Picel,Senior Engineer
261356,Georgi,Cappello,Engineer
261359,Weicheng,Salverda,Technique Leader
261362,Zdislav,Emiris,Senior Staff
261365,Feiyu,Asmuth,Senior Staff
261366,Guadalupe,Zielinski,Senior Staff
261372,Xianlong,Uhrig,Senior Engineer
261374,Arumugam,Antonisse,Senior Engineer
261379,Bodh,Chepyzhov,Senior Engineer
261383,Elliott,Manders,Senior Staff
261385,Roddy,Angel,Senior Engineer
261392,Leon,Birch,Assistant Engineer
261395,Hironobu,Highland,Senior Staff
261397,Irene,Sethi,Staff
261403,Berna,Uhrig,Senior Staff
261409,Chiradeep,Cairo,Senior Staff
261410,JiYoung,Sethi,Senior Engineer
261411,Volkmar,Kalefeld,Senior Staff
261413,Adhemar,Varley,Technique Leader
261416,Sreenivas,Vilarrasa,Senior Staff
261419,Valeri,Pollock,Senior Engineer
261421,Bingning,Tramer,Senior Staff
261427,Ioana,Sinicrope,Senior Engineer
261431,Xuedong,Ranta,Senior Staff
261435,Arnd,Coney,Staff
261437,Niclas,Cairo,Senior Engineer
261438,Rafael,Range,Senior Engineer
261440,Susanta,Reeken,Senior Staff
261443,Charlene,Flasterstein,Staff
261446,Erzsebet,Ligten,Senior Staff
261451,Randi,Gide,Senior Staff
261456,Idoia,Perelgut,Senior Engineer
261458,Eberhardt,Swiss,Technique Leader
261465,Nalini,Cardazo,Assistant Engineer
261466,Falguni,Taubenfeld,Engineer
261468,Radoslaw,Covnot,Senior Engineer
261469,Danae,Danlos,Engineer
261476,Arlette,Bala,Engineer
261479,Tetsushi,Masada,Staff
261480,Danel,Irland,Senior Engineer
261486,Bezalel,Schreiter,Senior Staff
261488,Vasiliy,Engelmann,Senior Staff
261492,Leon,Godskesen,Senior Engineer
261494,Ayakannu,Kossowski,Engineer
261496,Bodo,Dolinsky,Senior Staff
261499,Qunsheng,Driscoll,Senior Staff
261507,George,Driscoll,Senior Staff
261510,Takahito,Ohori,Senior Engineer
261516,Kitty,Ravishankar,Staff
261517,Caolyn,Orsini,Senior Staff
261526,Fumiyo,Munro,Senior Staff
261527,Arunachalam,Butner,Senior Engineer
261531,Hiroyasu,Vesna,Engineer
261532,Vatsa,Merro,Staff
261541,Sachem,Streng,Senior Engineer
261542,Hugh,Zweizig,Staff
261546,Sungwon,Chenney,Senior Staff
261548,Gita,Karunanithi,Staff
261552,Jaewon,Vuskovic,Senior Engineer
261554,Shushma,Taubenfeld,Senior Engineer
261563,Zengping,Staylopatis,Technique Leader
261565,Danel,Chleq,Senior Staff
261566,Billur,Vieth,Senior Staff
261569,Thodoros,Albarhamtoshy,Senior Staff
261575,Maha,Comte,Senior Staff
261578,Mahmut,Willoner,Engineer
261580,Kellie,Chappelet,Engineer
261581,Morris,Kumaresan,Senior Engineer
261584,Limsoon,Pokrovskii,Senior Engineer
261585,Reinhard,Dahlbom,Senior Staff
261586,Ranan,Krzyzanowski,Senior Engineer
261588,Rance,Zaiane,Staff
261589,Volkmar,Perry,Senior Staff
261590,Vasilis,Ferriere,Engineer
261592,Takushi,Kolinko,Assistant Engineer
261594,Lech,Litzkow,Senior Engineer
261595,Kankanahalli,Dymetman,Technique Leader
261597,Shaunak,Prochazka,Senior Staff
261598,Mostafa,Anily,Senior Staff
261599,Jouko,Genin,Senior Engineer
261600,Radhakrishnan,Lally,Senior Staff
261602,Jongsuk,Botman,Engineer
261603,Dung,Stenning,Senior Engineer
261607,Billur,Gunderson,Senior Engineer
261614,Aleksandar,Calkin,Assistant Engineer
261615,Faiza,Nittel,Senior Staff
261616,Mohan,Gluchowski,Senior Staff
261617,Domenico,Kolinko,Technique Leader
261619,Kellyn,Iisaka,Senior Staff
261623,Xuejun,Cannane,Engineer
261624,Freyja,Takanami,Senior Staff
261627,Mokhtar,Kemmerer,Senior Staff
261628,Arvin,Rajaraman,Senior Engineer
261633,Zhiguo,Hertweck,Senior Engineer
261635,Amalendu,Ruther,Senior Engineer
261639,Huican,Cesareni,Senior Engineer
261644,Stafford,Codenie,Senior Engineer
261645,Tonny,Dalphin,Senior Engineer
261648,Zhenbing,Maksimenko,Senior Engineer
261650,Bernardo,Matteis,Engineer
261651,Angus,Anguita,Engineer
261661,Salvador,Mattern,Senior Engineer
261671,Jiann,Birdsall,Assistant Engineer
261673,Fatemeh,Birta,Engineer
261683,Miomir,Parhami,Engineer
261686,Kenton,Perin,Senior Engineer
261692,Koldo,Chorvat,Engineer
261693,Lobel,Chinen,Technique Leader
261695,Giri,Acton,Senior Engineer
261698,Domenico,Veevers,Senior Engineer
261700,Mamdouh,Gronowski,Assistant Engineer
261702,Goa,Kaltofen,Senior Engineer
261704,Arunas,Brender,Technique Leader
261705,Yolla,Demke,Engineer
261716,Youpyo,Szemeredi,Senior Staff
261717,Kazuyasu,Koshiba,Senior Staff
261729,Oldrich,Mawatari,Senior Engineer
261732,Bogdan,Pfau,Senior Staff
261735,Shahaf,Brlek,Senior Staff
261738,Radhia,Velardi,Engineer
261746,Hinrich,Cangellaris,Senior Engineer
261748,Herb,Massonet,Senior Staff
261750,Anyuan,Codenie,Senior Engineer
261754,Tzvetan,Bala,Senior Engineer
261760,Khedija,Matzen,Engineer
261764,Kenton,Viele,Senior Engineer
261771,Goa,Yetto,Senior Engineer
261772,Weiyi,Esteva,Staff
261773,Sanjiv,Stifter,Senior Staff
261775,Weiru,Tchuente,Senior Staff
261779,Yahiko,Dichev,Senior Engineer
261782,Eran,Borovoy,Senior Staff
261784,Amstein,Vrecion,Senior Engineer
261786,Pantung,Fontet,Senior Staff
261791,Ebbe,Papsdorf,Staff
261796,Christfried,Birnbaum,Senior Engineer
261798,Erez,Provine,Engineer
261801,Van,Kinley,Senior Staff
261802,Sajjan,Thambidurai,Engineer
261803,Hugh,Kowalchuk,Senior Engineer
261805,Akeel,Veeraraghavan,Senior Engineer
261806,Keiichiro,Anguita,Senior Engineer
261811,Kensei,Middleton,Senior Staff
261815,Makato,Zaumen,Senior Engineer
261817,Guadalupe,Kowalchuk,Engineer
261819,Vishv,Erie,Senior Engineer
261821,Stein,Broder,Senior Staff
261822,Shakhar,Feldhoffer,Staff
261823,Jagoda,Nishimukai,Assistant Engineer
261824,Muneo,Hebden,Senior Staff
261826,Martins,Ulupinar,Engineer
261832,Minghong,Klerer,Engineer
261833,Doowon,Miyakawa,Staff
261839,Magy,Aloisi,Senior Staff
261842,Vivian,Chenney,Staff
261844,Genki,Bojadziev,Senior Staff
261845,Maria,Schmittgen,Senior Staff
261846,Phuoc,Farris,Senior Engineer
261849,Alselm,Makinen,Senior Engineer
261850,Brendon,Nyrup,Senior Engineer
261852,Vesna,Orsini,Senior Staff
261853,Cedric,Gerlach,Senior Staff
261856,Domenico,Gente,Staff
261861,Erez,Denis,Senior Engineer
261862,Demin,Penn,Senior Engineer
261866,Michaela,Juneja,Senior Engineer
261871,Almudena,Wroclawski,Assistant Engineer
261874,Elrique,Mandelberg,Senior Staff
261876,Kazuhiko,Lieberherr,Staff
261878,Kwee,Baja,Staff
261883,Froduald,Versino,Senior Engineer
261888,Gunilla,Hammerschmidt,Engineer
261894,Nechama,Versino,Senior Staff
261897,Moss,Molberg,Senior Engineer
261900,Zongyan,Randt,Senior Engineer
261901,Richara,Covnot,Senior Engineer
261904,Gurbir,Raczkowsky,Senior Engineer
261906,Vojin,Broomell,Technique Leader
261907,Marsha,Perng,Staff
261911,Toshiko,Kavvadias,Technique Leader
261912,Pranjal,Ghalwash,Senior Staff
261923,Roded,Zaccaria,Senior Engineer
261926,Narain,Zedlitz,Senior Engineer
261931,Tianruo,Delaune,Senior Engineer
261934,Anestis,Gargeya,Senior Staff
261942,Mechthild,Salverda,Senior Staff
261953,KayLiang,Speer,Staff
261957,Thodoros,Gecseg,Engineer
261960,Xinyu,Mahnke,Senior Engineer
261961,Kannan,Servieres,Senior Engineer
261962,Boutros,Ramaiah,Senior Engineer
261965,Kien,Stellhorn,Staff
261972,Isaac,Valiente,Engineer
261978,Mahendra,Willoner,Senior Engineer
261987,Sanjoy,Kushner,Senior Staff
261991,Jaewoo,Velardi,Engineer
261993,Gretta,Bresenham,Engineer
261994,Dante,Bratten,Engineer
261996,Masali,Herbst,Engineer
261998,Ennio,Lunt,Staff
262003,Xuejia,Werthner,Senior Staff
262006,Steve,Sherertz,Staff
262008,Tetsushi,Ranft,Senior Engineer
262010,Eberhardt,Asmuth,Engineer
262011,Lijia,Bhattacharjee,Senior Staff
262014,Stafford,Gils,Engineer
262015,Shigeaki,Fairtlough,Engineer
262022,Takahiro,Sessa,Staff
262025,Kankanahalli,Lanzelotte,Assistant Engineer
262027,Georg,Schauser,Senior Engineer
262034,Kersti,Flanders,Senior Staff
262035,Clyde,Streng,Senior Engineer
262037,Moriyoshi,Ratzlaff,Senior Engineer
262038,Huai,Boyle,Senior Engineer
262040,Hyuncheol,Awdeh,Senior Staff
262041,Eckart,Valette,Senior Engineer
262042,Takahira,Jiang,Engineer
262043,Jasminko,Schrooten,Senior Engineer
262046,Charmane,Haraldson,Senior Staff
262047,Aksel,Thibadeau,Senior Engineer
262051,Martien,Cummings,Senior Engineer
262053,Hailing,Colorni,Senior Engineer
262057,Dinah,Bojadziev,Staff
262058,Akeno,Heiserman,Senior Engineer
262059,Jiakeng,Carrera,Senior Engineer
262067,Fay,Kakkad,Senior Staff
262076,Erez,Hennebert,Staff
262080,Rosine,Validov,Engineer
262084,Bodh,Wendorf,Senior Engineer
262089,Shir,Magliocco,Staff
262095,Phule,Spieker,Staff
262105,Heeju,Perly,Senior Staff
262110,Fei,Camarinopoulos,Senior Engineer
262113,Alair,Bojadziev,Engineer
262115,Shao,Farris,Engineer
262116,Shunichi,Swift,Senior Engineer
262119,Ebru,Birjandi,Senior Engineer
262120,Gou,Hofting,Senior Engineer
262122,Stamatina,Krzyzanowski,Staff
262126,Chanjung,Giarratana,Senior Engineer
262127,Golgen,Codenie,Senior Staff
262129,Moon,Schnabel,Senior Engineer
262131,Jiang,Bernini,Staff
262132,Genevieve,Lichtman,Senior Engineer
262134,Behnaam,Aseltine,Staff
262139,Maya,Perri,Senior Engineer
262141,Bartek,Kilgour,Senior Engineer
262149,Yakkov,Kushner,Senior Staff
262150,Macha,Coney,Senior Engineer
262160,Niranjan,Chinen,Senior Engineer
262162,Eberhardt,Bernardeschi,Senior Engineer
262168,Youjian,Pews,Senior Staff
262173,Sverrir,Trumbly,Engineer
262174,Akeno,Rouquie,Senior Staff
262178,Stein,Dalphin,Engineer
262180,Toshiko,Claffy,Staff
262183,Make,Siepmann,Senior Staff
262184,Trygve,Farrel,Senior Engineer
262185,Suvo,Thorensen,Staff
262190,Marin,Hofman,Senior Staff
262199,Padma,Erbe,Staff
262203,Caolyn,Chinal,Engineer
262211,Mohan,Yoshimura,Engineer
262212,Evgueni,Clouatre,Senior Engineer
262214,Shawna,Pardalos,Assistant Engineer
262216,Ennio,Auria,Senior Staff
262221,Dharmaraja,Seuren,Senior Engineer
262222,Reinhold,Morton,Senior Engineer
262223,Bojan,Lally,Staff
262233,Vugranam,Knightly,Engineer
262240,Arno,Sessa,Senior Staff
262242,Arvind,Redmiles,Senior Staff
262243,Qunsheng,Buchter,Senior Staff
262255,Eberhardt,Prenel,Assistant Engineer
262258,Candido,Roisin,Technique Leader
262259,Roddy,Gyimothy,Technique Leader
262260,Ishfaq,Lund,Senior Engineer
262270,Parto,Klassen,Senior Engineer
262271,Martina,Maliniak,Engineer
262273,Yakkov,Guting,Senior Staff
262280,Duri,Hennings,Engineer
262282,Djelloul,Steinauer,Senior Engineer
262283,Holgard,Boreale,Engineer
262287,Gopalakrishnan,Schaaf,Technique Leader
262291,Rimon,Giveon,Technique Leader
262292,Hyuckchul,Cardazo,Staff
262293,Phuoc,Lodder,Senior Staff
262296,Harngdar,Rindone,Senior Engineer
262301,Sandeepan,Azuma,Staff
262304,Izaskun,Schwartzburd,Senior Engineer
262306,Qiwen,Halloran,Staff
262308,Marsal,Zweizig,Staff
262311,Yolla,Whittlesey,Staff
262318,Goa,Schiettecatte,Senior Staff
262319,Mooi,Barreiro,Technique Leader
262322,Petter,Halevi,Staff
262323,Sugwoo,Rodiger,Senior Engineer
262325,Zejun,Luit,Senior Engineer
262327,Nagui,McFarlan,Senior Engineer
262331,Steve,Bondorf,Senior Staff
262333,Fayez,Haumacher,Senior Engineer
262336,Aran,Vesel,Senior Engineer
262338,Taisook,Highland,Engineer
262340,Zengping,Deverell,Senior Staff
262348,Aksel,Frezza,Senior Staff
262352,Seongbae,Reistad,Staff
262354,Leon,Bratsberg,Senior Engineer
262362,Arnd,Birge,Senior Engineer
262364,Shan,Koprowski,Senior Engineer
262368,Shir,Masamoto,Senior Staff
262369,Pranjal,Condotta,Assistant Engineer
262371,Ute,Weedman,Senior Engineer
262373,Sahrah,Koblitz,Senior Engineer
262374,Masasuke,Bodoff,Senior Engineer
262375,Tsutomu,Masamoto,Engineer
262379,Zhigen,Pettis,Senior Staff
262384,Angus,Msuda,Senior Engineer
262389,Hongzhu,Millington,Staff
262392,Teiji,Majewski,Senior Engineer
262397,Marin,Kobara,Senior Engineer
262398,Yucel,Stellhorn,Staff
262399,Godehard,Otillio,Engineer
262405,Bader,Coorg,Staff
262407,Wanqing,Bruckman,Staff
262414,Suzette,Tischendorf,Engineer
262415,Kenroku,Junot,Senior Engineer
262416,Syozo,Armand,Senior Staff
262419,Kristinn,Falco,Engineer
262426,Kenroku,Rosca,Senior Staff
262427,Shuichi,Angiulli,Senior Staff
262428,Changho,Gerlach,Senior Staff
262430,Kokou,Itzigehl,Engineer
262432,Chuanyi,Kopetz,Senior Engineer
262435,Shen,Yurov,Senior Engineer
262436,Chandrasekaran,Caine,Senior Staff
262437,Sreekrishna,Barbanera,Engineer
262438,Ramya,Kenevan,Engineer
262441,Shmuel,Jording,Senior Engineer
262443,Khun,Conta,Senior Engineer
262451,Baoqiu,Pokrovskii,Assistant Engineer
262453,Kotesh,Simkin,Engineer
262457,Stein,Collavizza,Engineer
262460,Piyush,Angelopoulos,Senior Engineer
262462,Michaela,Kobuchi,Senior Engineer
262463,Weidon,Sherertz,Senior Engineer
262467,Muneo,Cincotta,Staff
262469,Jacqueline,Schlumberger,Staff
262478,Otilia,Pargas,Senior Staff
262479,Make,Morrow,Engineer
262485,Tsvetan,Danecki,Assistant Engineer
262486,Pranas,Farrow,Senior Engineer
262498,Navin,Sluis,Senior Staff
262505,Shahab,Peris,Senior Engineer
262506,Masamitsu,Fordan,Senior Staff
262511,Fatemeh,Jansen,Engineer
262515,Siamak,Perez,Engineer
262516,Kayoko,Nilsson,Senior Engineer
262521,Susumu,Ratnakar,Technique Leader
262522,Zhilian,Klerer,Senior Staff
262524,Toshimi,Anandan,Staff
262526,Shaunak,Mateescu,Senior Staff
262530,Yuping,Bondorf,Senior Staff
262532,Constantino,Ghemri,Staff
262534,Nevin,Debuse,Engineer
262538,Youssef,Luiz,Senior Engineer
262546,Woody,Beausoleil,Engineer
262549,Yucel,Landherr,Senior Engineer
262550,Masako,Baranowski,Senior Staff
262554,Gererd,Erdmenger,Senior Engineer
262556,Nidapan,Samarati,Engineer
262557,Rosalie,Barriga,Senior Staff
262566,Rafols,Ladret,Senior Engineer
262572,Xiaobin,Srimani,Senior Staff
262576,Hideyuki,Bernardeschi,Engineer
262581,Aiichiro,Thombley,Senior Staff
262585,Hein,Weisert,Senior Staff
262590,Masoud,Llado,Senior Staff
262591,Vivian,Ramalingam,Senior Staff
262592,Danai,Limongiello,Engineer
262599,Maria,Mullainathan,Senior Engineer
262602,Masasuke,Cannata,Senior Engineer
262607,Kendra,Buchter,Staff
262608,Aria,Pfau,Senior Engineer
262609,Shahid,Bael,Staff
262610,Randi,Escriba,Technique Leader
262611,Georgy,Nitsche,Engineer
262614,Gennady,Pargas,Senior Staff
262617,Dipankar,Wolniewicz,Technique Leader
262618,Arup,Marquardt,Engineer
262622,Theron,Taubman,Senior Staff
262623,Nirmal,Vrecion,Senior Engineer
262625,Gopalakrishnan,Streit,Senior Staff
262630,Sudharsan,Grandbois,Senior Engineer
262631,Sverrir,Egerstedt,Senior Staff
262633,Nahla,Kaminger,Technique Leader
262634,Shakhar,Ritzmann,Senior Engineer
262635,Marit,Syrzycki,Senior Staff
262642,Xiaoheng,Alameldin,Staff
262645,Martins,Ranum,Staff
262647,Peer,Heinisuo,Engineer
262648,Rance,Dusink,Technique Leader
262651,Jianhua,Bugrara,Engineer
262653,Georgi,Berztiss,Engineer
262663,Fumino,Riexinger,Senior Staff
262666,Gina,Casley,Senior Engineer
262671,Evgueni,Zhiwei,Senior Staff
262673,Kazuhira,Wixon,Engineer
262677,Eishiro,Zumaque,Senior Staff
262679,Sahrah,Gyimothy,Senior Engineer
262687,Kamakshi,Stanger,Senior Staff
262691,Rance,Foote,Senior Staff
262696,Mart,Setlzner,Technique Leader
262699,Leon,Koblick,Senior Engineer
262700,Ishfaq,Sooriamurthi,Engineer
262701,Sajjad,Melton,Senior Engineer
262702,Ortrun,Hoogerwoord,Senior Staff
262703,Leif,Lorch,Staff
262704,Sven,Kirkerud,Engineer
262709,Parto,Cmelik,Senior Staff
262711,Willard,Greenaway,Senior Staff
262715,Boaz,Montresor,Senior Engineer
262725,Miyeon,Schiettecatte,Senior Engineer
262730,Odysseas,Rahimi,Engineer
262733,Mitsuyuki,Schahn,Senior Staff
262736,Maris,Waschkowski,Assistant Engineer
262738,Krassimir,Tagansky,Engineer
262743,Slavian,Prenel,Senior Engineer
262749,Khue,Olano,Senior Staff
262750,Vishwani,Rahier,Engineer
262753,Mari,Muhlberg,Senior Engineer
262754,Hidekazu,Mikschl,Engineer
262755,Arunachalam,Collette,Senior Engineer
262757,Fumiyo,Thimonier,Senior Staff
262763,Kokou,Minakawa,Senior Engineer
262764,Mads,Poupard,Senior Staff
262766,Hauke,Meszaros,Senior Staff
262767,Sumant,Remmele,Senior Staff
262770,Odysseas,Kermarrec,Senior Staff
262771,Guttorm,Lammel,Engineer
262777,Kwan,Millington,Senior Staff
262785,Aleksandar,Staylopatis,Senior Engineer
262790,Supot,Compeau,Senior Staff
262797,Moni,Perry,Engineer
262799,Herbert,Frezza,Staff
262801,Aamer,Krider,Senior Engineer
262806,Yannik,Angelov,Staff
262807,Christfried,Gyorkos,Senior Staff
262814,Vasiliy,Coullard,Senior Engineer
262819,Shaz,Murtagh,Engineer
262825,Barun,Lukaszewicz,Senior Engineer
262842,Golgen,Massonet,Senior Engineer
262844,Jovan,Capobianchi,Staff
262845,Arfst,Gill,Staff
262846,Arco,Dulli,Senior Engineer
262850,Ishfaq,Luiz,Senior Engineer
262851,Wilmer,Picci,Technique Leader
262854,Moriyoshi,Coullard,Senior Staff
262856,Yinghua,Jarecki,Senior Engineer
262857,Eckart,Bahi,Senior Staff
262858,Shalesh,Gini,Senior Engineer
262863,Moheb,Zschoche,Senior Engineer
262865,Tremaine,Narwekar,Engineer
262866,Poorav,Morrow,Engineer
262867,Danae,Neiman,Senior Staff
262868,Arnould,Seiwald,Senior Staff
262871,Susuma,Pollock,Engineer
262874,Djenana,Meszaros,Senior Engineer
262876,Gina,Heydon,Staff
262879,Mostafa,Zedlitz,Senior Engineer
262881,Erzsebet,Kieras,Senior Engineer
262882,Hatsukazu,Erdi,Senior Engineer
262885,Stella,Parascandalo,Engineer
262887,Zito,Guenter,Staff
262889,Stafford,Tibblin,Engineer
262894,Mara,Gajiwala,Senior Staff
262898,Susuma,Shihab,Engineer
262900,IEEE,Egerstedt,Engineer
262902,Wayne,Guting,Staff
262903,Geoff,Pettit,Senior Engineer
262910,Masasuke,Garnham,Senior Engineer
262918,Collette,Codenie,Senior Engineer
262919,Naftali,Gist,Senior Staff
262920,Arunas,Bednarek,Senior Engineer
262923,Utz,Kakkad,Senior Staff
262929,Kazuhide,Hasenauer,Senior Engineer
262934,Breannda,Gini,Senior Engineer
262936,Shigehiro,Varman,Engineer
262938,Bluma,Goodrum,Technique Leader
262940,Rildo,Sadowsky,Engineer
262949,Tamiya,Cyre,Senior Engineer
262953,Maha,Feldmann,Senior Engineer
262955,Shigehiro,Wixon,Senior Staff
262959,Phillip,Dulli,Engineer
262965,Arvin,Jayawardene,Senior Engineer
262967,Rosita,Morris,Senior Engineer
262975,Suvo,Lanphier,Senior Engineer
262976,Anneli,Matzov,Senior Engineer
262980,Chenyi,Erdi,Engineer
262983,Siamak,Klyachko,Senior Staff
262992,Sakthirel,Speek,Senior Engineer
262993,Guttorm,Danley,Senior Staff
262995,Duro,Vural,Senior Engineer
262996,Weiye,Speek,Senior Engineer
262999,Poorav,Zongker,Engineer
263000,Mayuko,Bale,Senior Staff
263001,Gennady,Versino,Senior Engineer
263002,Ramzi,Bernatsky,Senior Staff
263003,Kshitij,Range,Engineer
263010,Neelam,Ibel,Engineer
263014,Muneo,Rothenberg,Technique Leader
263023,Peer,Binding,Senior Staff
263024,Shahar,Mikschl,Senior Engineer
263025,Idoia,Ginneken,Senior Staff
263028,Kazuhiko,Homond,Senior Engineer
263030,Akeel,Yoshizawa,Staff
263036,Along,Morrin,Senior Staff
263038,Sanjeeva,Kavanagh,Senior Engineer
263039,Susuma,Egerstedt,Senior Engineer
263040,Renny,Munke,Staff
263052,Sachem,Schlegelmilch,Staff
263056,Kasidit,Vanwelkenhuysen,Senior Staff
263057,Shigenori,Yeung,Senior Staff
263061,Xiaobin,Jenevein,Senior Staff
263062,Berto,Piancastelli,Senior Engineer
263068,Satoru,Unno,Senior Engineer
263070,Subhrajyoti,Raney,Engineer
263071,Hideo,Constantine,Senior Staff
263074,Masadi,Schapire,Senior Engineer
263080,Macha,Melichar,Engineer
263082,Bluma,Roisin,Senior Staff
263084,Subhrajyoti,Ranai,Engineer
263088,Xianlong,Undy,Senior Staff
263104,Sivanarayana,Casperson,Staff
263105,Geoffrey,Albarhamtoshy,Senior Engineer
263107,Vitaly,Ventosa,Senior Staff
263109,King,Turnbull,Senior Engineer
263111,Arup,Avouris,Senior Engineer
263112,Zhiwei,Angelopoulos,Senior Engineer
263116,Baziley,Jullig,Technique Leader
263117,Gift,Hegner,Senior Engineer
263119,Duri,Backhouse,Senior Staff
263122,Hyuckchul,Ranai,Engineer
263124,Chinya,Bellmore,Senior Staff
263126,Berry,Hinsberger,Senior Staff
263127,Stepehn,Berstel,Staff
263130,Haldun,Grandbois,Senior Engineer
263132,Kiyokazu,Valiente,Engineer
263133,Macha,Harbusch,Senior Engineer
263140,Abdulla,Iisaku,Senior Staff
263141,Niclas,Stavenow,Senior Staff
263142,Masaki,Linares,Senior Staff
263143,Berhard,Baca,Engineer
263147,Fumiya,Broomell,Senior Engineer
263148,Sasan,Streng,Senior Staff
263149,Chuanyi,Dichev,Senior Staff
263150,Chaosheng,Uehara,Senior Engineer
263166,Iara,Salinas,Engineer
263167,Petter,Penn,Senior Staff
263169,Kamakshi,Schaad,Senior Staff
263171,Kokou,Gulak,Assistant Engineer
263173,Douadi,Massonet,Technique Leader
263174,Shen,Wielonsky,Engineer
263182,Yongmin,Garnham,Senior Engineer
263183,Giri,Awdeh,Senior Staff
263191,Aiichiro,Walston,Engineer
263194,Ranan,Gini,Senior Engineer
263195,Harjit,Rabehasaina,Senior Engineer
263196,Zhilian,Luck,Technique Leader
263198,Sampalli,Genther,Senior Staff
263199,Lene,Quittner,Engineer
263200,Eran,Rusmann,Engineer
263202,Adhemar,Lyonns,Senior Staff
263205,Zhaofang,Goodrum,Engineer
263209,Howell,Schieder,Senior Engineer
263210,Atreyi,Hoppenstand,Engineer
263214,Bojan,Llado,Senior Staff
263219,Hisao,Pokrovskii,Senior Engineer
263223,Hisao,Khalil,Engineer
263224,Sivanarayana,Flanders,Staff
263228,Mostafa,Fordan,Senior Engineer
263233,Maria,Fontan,Senior Engineer
263234,Xiaocheng,Rassart,Senior Staff
263235,Elgin,Doering,Senior Engineer
263243,Amstein,Giveon,Senior Staff
263244,Moti,Kaiserswerth,Engineer
263248,Jeong,Fiebach,Technique Leader
263250,Armond,Heiserman,Senior Staff
263258,Gor,Cochrane,Engineer
263270,Bedir,Sullins,Senior Engineer
263271,Ramya,Cangellaris,Engineer
263272,Bokyung,Farrow,Technique Leader
263274,Amalendu,Engberts,Senior Engineer
263276,Ramya,Ullian,Senior Staff
263282,Siddarth,Kranzdorf,Senior Staff
263284,Tuval,Foote,Engineer
263287,Jessie,Cherinka,Engineer
263292,Honesty,Terekhov,Senior Engineer
263293,Leaf,Unni,Senior Engineer
263299,Ramalingam,Bael,Engineer
263304,Siddarth,Beausoleil,Engineer
263305,Arie,Luit,Senior Engineer
263306,Mong,Kuhnemann,Senior Staff
263308,Rafail,Ferriere,Engineer
263310,Ebru,Avouris,Senior Engineer
263312,Chinhyun,Krider,Senior Staff
263313,Mitsuyuki,Perko,Senior Engineer
263318,Kazuhisa,Muhling,Technique Leader
263320,Weiye,Oberman,Senior Staff
263332,Vitaly,Gelosh,Staff
263335,Leah,Rullman,Senior Engineer
263341,Peternela,Bolotov,Staff
263346,Waiman,Hasham,Staff
263349,Lucien,Naumovich,Technique Leader
263354,Emdad,Caine,Staff
263355,Janche,Barvinok,Senior Engineer
263358,Ranga,Melter,Assistant Engineer
263360,Sanjeeva,Butterworth,Senior Staff
263362,Temple,Sridhar,Engineer
263363,Abdelwaheb,Rohrbach,Assistant Engineer
263366,Ewing,Bolotov,Senior Engineer
263374,Arnould,Farrar,Technique Leader
263376,Debaprosad,Rosin,Senior Staff
263380,Haldon,Samarati,Senior Staff
263383,Mingsen,Takkinen,Senior Staff
263392,Guadalupe,Panangaden,Senior Staff
263395,Maha,Bernardeschi,Senior Staff
263398,Rutger,Gente,Staff
263399,Mariangiola,Gils,Staff
263400,Mads,Solovay,Technique Leader
263405,Marsja,Munos,Senior Engineer
263409,Vincent,Crelier,Senior Engineer
263410,Vitaly,Fraisse,Staff
263411,Iara,Eiter,Senior Engineer
263412,Jasminko,Orlowski,Engineer
263414,Amalendu,Debuse,Senior Staff
263428,Subbu,Falster,Technique Leader
263429,Claudi,Kropf,Senior Staff
263435,Tran,Munke,Engineer
263440,Selwyn,Haumacher,Senior Staff
263443,Uno,Condotta,Senior Staff
263444,Alexius,Rissland,Technique Leader
263448,Gopalakrishnan,Brodal,Senior Engineer
263454,Oddvar,Nergos,Senior Staff
263456,Shichao,Nourani,Engineer
263461,Vugranam,Munro,Engineer
263462,Theron,Jarecki,Senior Staff
263466,Baruch,Lubachevsky,Senior Staff
263467,Sverrir,Nilsson,Senior Staff
263468,Mayuri,Conti,Senior Engineer
263471,Candida,Fiebach,Senior Engineer
263472,Hironoby,Kaiser,Staff
263473,Taisook,Decleir,Senior Engineer
263474,Baocai,Vrecion,Senior Engineer
263480,Ortrud,Boreale,Senior Staff
263494,Arco,Ghemri,Senior Engineer
263500,Sachio,Gyorkos,Senior Staff
263508,Shirish,Neiman,Senior Engineer
263510,Deniz,Bolotov,Engineer
263514,Mayuko,Lorie,Senior Engineer
263515,Ramya,Cyne,Staff
263516,Youssef,Berendt,Senior Engineer
263517,Remko,Strandh,Staff
263522,Sham,Irland,Senior Staff
263525,Reinhard,Baek,Senior Staff
263527,Guenter,Tyugu,Senior Staff
263528,Jaques,Matzat,Senior Engineer
263540,Dharmaraja,Cummings,Senior Engineer
263541,Sergi,Gadepally,Engineer
263544,Kazuyasu,Baez,Senior Engineer
263547,Masadi,Kaminger,Senior Engineer
263550,Mohit,Bierman,Senior Staff
263551,KayLiang,Uhrik,Senior Staff
263552,Fan,Akazan,Staff
263560,Mabry,Harllee,Senior Staff
263568,Martial,Yurov,Assistant Engineer
263569,Barun,Gips,Senior Staff
263573,Visit,Anguita,Engineer
263574,Teunis,Erie,Staff
263577,Ulf,Cullers,Senior Staff
263582,Froduald,Ruther,Senior Engineer
263583,Fun,Speel,Senior Engineer
263587,Suzette,Heydon,Technique Leader
263590,Jinpo,Erev,Senior Engineer
263591,Parviz,Restivo,Senior Staff
263592,Chenyi,Jumpertz,Staff
263597,Achilleas,Pettis,Assistant Engineer
263599,Fen,VanScheik,Senior Staff
263600,Zijian,Miara,Staff
263608,Waiman,Pepe,Staff
263619,Ortrun,Szemeredi,Staff
263624,Adin,Fiebach,Senior Engineer
263630,Ute,Terekhov,Senior Staff
263633,Morris,Bisiani,Senior Engineer
263634,Odinaldo,Pulkowski,Senior Staff
263637,Maja,Stamatiou,Engineer
263640,Gina,Alpin,Senior Engineer
263641,Rosalyn,Pehl,Senior Staff
263646,Nathalie,Remmele,Senior Engineer
263647,Weidon,Hellwagner,Senior Engineer
263651,Geoffry,Rassart,Senior Staff
263655,Florina,Stifter,Senior Staff
263656,Mohua,Zultner,Staff
263659,Aram,Chiola,Senior Engineer
263661,Luisa,Kaelbling,Senior Engineer
263664,Lijia,Baer,Engineer
263665,Sashi,Ritzmann,Senior Engineer
263666,Licheng,Menyhert,Engineer
263668,Jaewon,Furedi,Engineer
263679,Selwyn,Porenta,Senior Engineer
263684,Kensyu,Penttonen,Senior Staff
263685,Satyanarayana,Knightly,Engineer
263690,Janalee,Gubsky,Staff
263691,Masaru,Collavizza,Senior Engineer
263692,Remko,Gyimothy,Staff
263710,Tonia,Papastamatiou,Senior Engineer
263713,Abdulla,Bashian,Senior Engineer
263714,Yagil,Kleiser,Senior Staff
263717,Harjit,Flasterstein,Senior Staff
263719,Miquel,Usdin,Staff
263722,Shakhar,Pellegrinelli,Senior Engineer
263725,Serap,Tramer,Senior Engineer
263727,Amabile,Marrevee,Senior Engineer
263730,Huai,Frezza,Senior Engineer
263733,Tokuyasu,Daescu,Staff
263735,Magdalena,Siksek,Senior Staff
263738,Kazunori,Bressoud,Senior Engineer
263740,Feipei,Kalefeld,Technique Leader
263750,Xiadong,Zuberek,Senior Staff
263753,Szabolcs,Gulak,Engineer
263757,Souichi,Giaccio,Technique Leader
263760,Yoshinari,Irland,Senior Staff
263764,Marl,Genin,Engineer
263765,Abdelkader,Sridhar,Engineer
263766,Raimond,Kilgour,Senior Engineer
263767,Aleksander,Hedayat,Senior Engineer
263769,Mang,Ramsay,Staff
263773,Kazuhira,Hegner,Engineer
263777,Janche,Oppitz,Senior Staff
263788,Waiman,Busillo,Staff
263790,Hauke,Christ,Senior Engineer
263792,Brigham,Merel,Senior Engineer
263793,Shay,Mikschl,Engineer
263798,Elliott,Validov,Engineer
263804,Takanari,Ellozy,Senior Engineer
263806,Marsal,Wielonsky,Senior Engineer
263807,Aimee,Kermarrec,Senior Staff
263808,Hisao,Petereit,Engineer
263822,Seongbin,Ananiadou,Senior Engineer
263824,Yolla,Constantine,Senior Engineer
263828,Stamatina,Hofmeyr,Senior Engineer
263829,Jagoda,Ohori,Senior Engineer
263830,Kwangjo,McFarlin,Assistant Engineer
263831,TRUE,McFarlan,Senior Engineer
263836,Armond,Braunmuhl,Senior Staff
263838,Oddvar,Fritzsche,Senior Staff
263842,Zhonghua,Lamba,Senior Engineer
263851,Ult,Greenaway,Senior Engineer
263855,Collette,Gecsei,Senior Staff
263857,Junsik,Gecseg,Senior Staff
263861,Lein,Matzen,Engineer
263868,Chinhyun,Koprowski,Senior Staff
263875,Arlette,Muniz,Senior Staff
263879,Tianruo,Carrere,Senior Engineer
263887,Pranas,Chinen,Senior Engineer
263891,Kristinn,Nollmann,Senior Staff
263892,Elzbieta,Dymetman,Senior Staff
263893,Masali,Dolinsky,Senior Staff
263894,Leen,Kaiser,Senior Staff
263896,Gad,Kitsuregawa,Engineer
263901,Jaques,Peral,Staff
263910,DAIDA,Heusch,Senior Staff
263911,Dzung,Ballarin,Senior Engineer
263913,Sampalli,Berstel,Senior Staff
263920,Pintsang,Gecsel,Senior Staff
263922,Radhia,Krzyzanowski,Senior Staff
263924,Jacqueline,Waymire,Senior Engineer
263925,Poorav,Yamaashi,Senior Engineer
263927,Charlene,Zaccaria,Senior Engineer
263935,Xiaocheng,Gruenwald,Senior Staff
263937,Gopalakrishnan,Kandlur,Staff
263939,Magy,Navazio,Senior Staff
263940,Suebskul,Emmerich,Senior Staff
263941,Leah,Gente,Engineer
263944,Qunsheng,Showalter,Senior Staff
263945,Marsja,Bach,Senior Engineer
263946,Berto,Schaar,Senior Engineer
263947,Siamak,Markovitch,Senior Engineer
263951,Magdalena,Molenaar,Staff
263952,Vincent,Joslin,Senior Staff
263953,Rosli,Oxman,Assistant Engineer
263956,Shaowen,Schmiedel,Engineer
263959,Cedric,Wynblatt,Senior Engineer
263967,Pranav,Farrag,Senior Staff
263968,Mahendra,Panienski,Senior Engineer
263973,Armond,Vecchi,Senior Staff
263975,Tadahiko,Bisiani,Senior Staff
263985,Tiina,Stifter,Senior Staff
263988,Licheng,Sinitsyn,Senior Staff
263990,Radhika,Ruther,Senior Staff
263993,Reinhold,Anick,Senior Engineer
263994,Alain,Massonet,Engineer
263997,Gita,Begiun,Technique Leader
264002,Dinah,Muchinsky,Staff
264004,Chiradeep,Compeau,Technique Leader
264013,Baziley,Stifter,Staff
264018,Djenana,Lorcy,Senior Staff
264019,Ulises,Barreiro,Senior Staff
264020,Remko,Picco,Senior Engineer
264024,Supot,Rohrbach,Engineer
264038,Tran,Choobineh,Senior Staff
264039,Oscar,Smeets,Senior Staff
264042,Manibrata,Winter,Senior Engineer
264044,Gay,Kalloufi,Senior Engineer
264045,Fai,Schaaf,Senior Engineer
264047,Isaac,Barriga,Senior Engineer
264049,Maik,Bakhtari,Technique Leader
264052,Youngkon,Farris,Assistant Engineer
264057,Pranav,Cmelik,Senior Engineer
264061,Brigham,Gill,Senior Staff
264068,Rosita,Casley,Engineer
264069,Conrado,Denny,Engineer
264074,Martine,Serov,Senior Staff
264077,Alejandra,Makrucki,Senior Engineer
264081,Sadok,Feldmann,Senior Engineer
264083,Vojin,Acton,Senior Staff
264086,Aris,Deverell,Senior Staff
264087,Shridhar,Simkin,Senior Engineer
264091,Leen,Erol,Senior Engineer
264092,Marlo,Kusakari,Technique Leader
264096,Serenella,Valiente,Engineer
264097,Xiaopeng,Suermann,Engineer
264098,Sverrir,Rohrbach,Engineer
264099,Toshimitsu,Rettelbach,Senior Engineer
264100,Sumant,Itzfeldt,Senior Staff
264101,Kish,Kavanagh,Senior Staff
264103,Shigeu,Szmurlo,Senior Engineer
264105,Rasikan,Lichtman,Staff
264107,Shalesh,Chenney,Senior Staff
264108,Supot,Hofmeyr,Senior Engineer
264111,Yunming,Kuszyk,Engineer
264112,Krassimir,Avouris,Senior Engineer
264117,Tzvetan,Denny,Senior Staff
264121,Ulises,Weiland,Senior Engineer
264122,Hyuckchul,Oppitz,Engineer
264124,Atreyi,Pargaonkar,Staff
264125,Arnould,Thibadeau,Senior Staff
264126,Toshiki,Thimonier,Engineer
264127,Serap,Rabehasaina,Staff
264128,Guangming,Suomi,Senior Staff
264129,Masaki,Picaronny,Senior Staff
264133,Maha,Aamodt,Senior Staff
264137,Wanqing,Serov,Senior Engineer
264138,Mara,Garrabrants,Senior Staff
264139,Stein,Schade,Senior Engineer
264143,Gift,Angelopoulos,Staff
264144,Saeed,Cronin,Senior Staff
264148,Suebskul,Smeets,Senior Staff
264150,Ziya,Hatcliff,Senior Staff
264151,Heather,Worfolk,Senior Staff
264153,Prodip,Denti,Engineer
264160,Vishu,Marshall,Senior Staff
264161,Arun,Montemayor,Staff
264162,Mats,Besselaar,Assistant Engineer
264171,Kristinn,Angelopoulos,Staff
264174,Jianwen,Brizzi,Senior Engineer
264176,Yucai,Schapiro,Engineer
264184,Kannan,Yurov,Senior Engineer
264187,Navin,Klerer,Senior Staff
264188,Tonia,Marquardt,Senior Engineer
264190,Limsoon,Schaap,Senior Staff
264191,Jessie,Haraldson,Senior Staff
264193,Gererd,Desikan,Staff
264194,Aral,Merey,Senior Staff
264198,Richard,Siprelle,Senior Engineer
264200,Almudena,Koblick,Senior Engineer
264201,Karlis,Mahmud,Technique Leader
264207,Yinlin,Schwartzbauer,Senior Staff
264212,Salvador,Lagarias,Senior Engineer
264213,Genki,Hambrick,Engineer
264215,Juichirou,Zastre,Senior Engineer
264218,Baruch,Rosch,Senior Staff
264230,Kwan,Coorg,Senior Staff
264234,Rayond,Benzaken,Senior Engineer
264236,Sadun,Papsdorf,Senior Engineer
264237,Shaowen,Sigstam,Staff
264241,Shin,Chvatal,Senior Staff
264242,Odoardo,Covnot,Senior Staff
264247,Herbert,Rotem,Senior Engineer
264249,Snehasis,Pelc,Technique Leader
264250,Shmuel,Fasbender,Senior Engineer
264255,Serge,Murrill,Engineer
264266,Masato,Nicolson,Engineer
264267,Conrado,Chappelet,Senior Engineer
264276,Nechama,Cyne,Staff
264280,Mohua,Lienhardt,Assistant Engineer
264281,Heather,Halloran,Senior Engineer
264282,Shahab,Lindqvist,Senior Staff
264289,Nikolaos,Laventhal,Engineer
264292,Boguslaw,Frolund,Engineer
264302,Juichirou,Staylopatis,Senior Staff
264306,Xiaobin,Curless,Senior Staff
264308,Suvo,Esteva,Engineer
264311,Christoper,Muniz,Senior Engineer
264323,Mountaz,Clouatre,Senior Engineer
264327,Kristen,Speer,Senior Engineer
264334,Kenroku,Penttonen,Senior Engineer
264338,Luerbio,Garigliano,Senior Engineer
264340,Ioana,Fadgyas,Senior Staff
264344,Ronnie,Gini,Staff
264345,Foong,Moffat,Senior Engineer
264347,Peternela,Gladwell,Senior Engineer
264351,Georg,Perna,Senior Engineer
264352,Adil,Billingsley,Senior Engineer
264353,Changho,Standera,Technique Leader
264354,Sreekrishna,Lamparter,Senior Staff
264356,Niteen,McAlpine,Senior Engineer
264359,Kazuhiro,Hoogerwoord,Staff
264361,Ferdinand,Kambil,Senior Engineer
264370,Brigham,Schapire,Senior Engineer
264372,Khalid,Liesche,Staff
264382,Barton,Kusakabe,Senior Engineer
264383,Freyja,Krohn,Technique Leader
264385,Tru,Narahari,Senior Engineer
264386,Inderjeet,Thiria,Senior Staff
264387,Janche,Laurillard,Senior Engineer
264390,Abdelghani,Waeselynck,Senior Staff
264397,Samphel,Homond,Senior Engineer
264398,Lene,Ballarin,Senior Staff
264401,Along,Lodder,Engineer
264402,Shan,Lagarias,Senior Staff
264403,Jeane,Barinka,Senior Engineer
264411,Kyoichi,Boissier,Senior Engineer
264413,Xiadong,Kirkerud,Senior Engineer
264415,Uzi,Furudate,Senior Engineer
264428,JiYoung,McFarlin,Senior Engineer
264429,Richard,Chimia,Engineer
264434,Mizuhito,Ghelli,Senior Staff
264435,Ung,Sudkamp,Staff
264441,Horward,Sinitsyn,Senior Engineer
264445,Jamaludin,Naumovich,Engineer
264446,Katsuo,Kroha,Senior Engineer
264450,Kellie,Rodham,Technique Leader
264451,Yuuichi,Callaway,Senior Staff
264452,Jaana,Siegrist,Senior Engineer
264454,Hsiangchu,Hatcliff,Senior Engineer
264456,Muzhong,Rando,Senior Staff
264459,Wilmer,Baca,Engineer
264461,Ewing,Jording,Engineer
264463,Kenton,Prampolini,Senior Staff
264465,Naftali,Heydon,Engineer
264470,Kokou,Stenning,Engineer
264473,Rimon,Selenyi,Staff
264477,Sigeru,Orsini,Technique Leader
264478,Giri,Trumbly,Engineer
264481,Lene,Cooman,Staff
264482,Mansur,Salverda,Senior Engineer
264485,Eben,Fontet,Staff
264492,Ebru,Harllee,Technique Leader
264493,Sugwoo,Vieri,Engineer
264494,Yolla,Itzfeldt,Senior Staff
264495,Manibrata,Cyre,Senior Engineer
264498,Gaetan,Hertweck,Technique Leader
264500,Tianruo,Beutelspacher,Senior Engineer
264506,Parke,Kalefeld,Senior Engineer
264507,Barna,Brender,Senior Engineer
264510,Kannan,Plump,Senior Engineer
264512,Fumiko,Godskesen,Engineer
264513,Kazuhira,Kugler,Senior Engineer
264514,Akemi,Baaleh,Senior Engineer
264517,Alenka,Maquelin,Engineer
264518,Fun,Pashtan,Engineer
264521,Suvo,Boissier,Engineer
264528,Mani,Gils,Senior Staff
264535,Gunilla,Ashish,Senior Engineer
264539,Danel,Marzano,Staff
264541,Luisa,Emden,Senior Staff
264542,Stamatina,Lammel,Engineer
264543,Marsal,Kroll,Senior Staff
264545,Mani,Panwar,Senior Staff
264546,Branimir,Perl,Senior Staff
264549,Tamiya,Petersohn,Senior Staff
264552,Steen,Uehara,Senior Staff
264555,Kerhong,Carrere,Engineer
264559,Kiyotoshi,Mundy,Senior Engineer
264560,Leaf,Lowrie,Engineer
264565,Berthier,Willoner,Senior Staff
264568,Khatoun,Leijenhorst,Senior Staff
264577,Leandro,Thiria,Senior Engineer
264580,Valeri,Rosis,Senior Engineer
264587,Flemming,Herbst,Senior Staff
264588,Zine,Onuegbe,Senior Staff
264591,Oddvar,Rissanen,Engineer
264592,Margo,Pero,Senior Engineer
264598,Temple,Schreiter,Senior Staff
264607,Shaw,Sullins,Engineer
264610,Prodip,Benaini,Senior Engineer
264612,Hatim,Calkin,Staff
264614,Jacopo,Pleszkun,Senior Staff
264618,Kazuyasu,Mahnke,Senior Staff
264623,Uma,Setia,Senior Staff
264629,Guiseppe,Herbst,Senior Staff
264630,Mrinalini,Maccarone,Senior Staff
264633,Aral,Lichtman,Senior Engineer
264635,Ravishankar,Vernadat,Senior Engineer
264636,Kwangsub,Stassinopoulos,Senior Staff
264638,Kolar,Melter,Senior Staff
264640,Ipke,Siprelle,Senior Engineer
264647,Yannik,Rothenberg,Senior Engineer
264648,Youpyo,Farrow,Staff
264649,Kwee,Benantar,Senior Staff
264652,Boriana,Hempstead,Staff
264654,Oscar,Morrey,Senior Engineer
264655,Snehasis,Litvinov,Engineer
264657,Taegyun,Fabrizio,Senior Engineer
264658,Magdalena,Hanratty,Technique Leader
264662,Zhonghui,Yetim,Senior Engineer
264663,Martial,Stenning,Senior Engineer
264664,Paddy,Lanteri,Senior Engineer
264665,Shuji,Peir,Senior Engineer
264666,Deborah,Luon,Senior Staff
264667,Uwe,Mitsuhashi,Senior Staff
264669,Brewster,Collette,Technique Leader
264670,Dinkar,Ferretti,Senior Staff
264675,Seongbin,Masada,Senior Engineer
264676,Shigeo,Polupanov,Technique Leader
264680,Zissis,Businaro,Senior Staff
264688,Jovan,Kobara,Staff
264689,Sangeeta,Rajcani,Senior Engineer
264690,Venkatesan,Sewelson,Technique Leader
264692,Persi,Bondorf,Senior Staff
264695,Hisao,Serre,Engineer
264699,Remmert,Usery,Senior Engineer
264703,Temple,Genther,Senior Engineer
264712,Eishiro,Otillio,Engineer
264717,Adel,McConalogue,Senior Engineer
264719,Ebbe,Vendrig,Senior Staff
264723,Xiong,Furudate,Senior Staff
264724,Babette,Baig,Senior Engineer
264726,Zorica,Merkl,Senior Engineer
264728,Izaskun,Setia,Senior Engineer
264731,Hitofumi,Kriebel,Engineer
264737,Jinxi,Kawashimo,Engineer
264745,Filipp,Syrzycki,Senior Staff
264748,Qiwen,Penttonen,Senior Staff
264750,DAIDA,DeMori,Technique Leader
264752,Juichirou,Syrotiuk,Senior Engineer
264754,Tesuya,Benzmuller,Senior Staff
264760,Annemarie,Dulin,Staff
264763,Tsuneo,Khamsi,Staff
264764,Sashi,Yemenis,Staff
264766,Chenyi,Toyoshima,Senior Engineer
264773,Jaber,Willoner,Senior Staff
264775,Kristine,Azadmanesh,Senior Staff
264776,Richard,Ritcey,Senior Engineer
264786,Xinglin,Riefers,Senior Staff
264787,Selwyn,Bergere,Senior Staff
264788,Jianwen,Tanemo,Engineer
264789,Hilary,Birjandi,Senior Staff
264790,Kerryn,Krogh,Senior Engineer
264793,Phule,Vitiello,Senior Staff
264794,Jiong,Bael,Senior Engineer
264797,Sariel,Emmerich,Engineer
264798,Kristine,Bennet,Senior Engineer
264800,Ymte,Collavizza,Senior Staff
264801,Terresa,Cherinka,Staff
264802,Bluma,Kroll,Senior Engineer
264803,Ymte,Suppi,Senior Staff
264804,Frazer,Rosis,Senior Engineer
264813,Jeanna,Reutenauer,Senior Staff
264814,Sreekrishna,Erman,Staff
264815,Tiina,Sigstam,Engineer
264816,Heeju,Biran,Assistant Engineer
264824,Chaitali,DasSarma,Senior Staff
264825,Mariangiola,Hiraishi,Senior Engineer
264828,DeForest,Journel,Senior Staff
264830,Heng,Denti,Senior Staff
264831,Dines,Szmurlo,Technique Leader
264842,Valeri,Asrin,Senior Engineer
264846,Dinah,Reeken,Senior Engineer
264848,Gino,Fandrianto,Senior Engineer
264851,Sadok,Muntz,Senior Engineer
264855,Slavian,Peres,Senior Staff
264858,Candida,Ducloy,Senior Staff
264860,Menkae,Munos,Engineer
264861,Marjo,Serot,Senior Engineer
264863,Trygve,Kopetz,Senior Staff
264866,Yishay,Klyachko,Senior Staff
264868,Vishu,Chartres,Engineer
264869,Kwee,Perri,Staff
264883,Vitaly,Hanabata,Senior Engineer
264884,Berto,Lambe,Senior Engineer
264890,Serenella,Unno,Senior Engineer
264892,Manohar,Minakawa,Staff
264894,Constantino,McAlpine,Staff
264898,Michaela,Ranum,Senior Engineer
264901,Billur,Broder,Senior Staff
264904,Sachin,Siksek,Senior Staff
264907,Menkae,Rajaraman,Senior Staff
264915,Kamran,Christianini,Technique Leader
264916,Ziva,Cyne,Senior Staff
264929,Yuichiro,Esteva,Staff
264931,Mantis,Gips,Senior Staff
264932,Abdulah,Valiente,Staff
264935,Kristinn,Rissland,Senior Staff
264937,Mang,Chachaty,Senior Staff
264943,Xiahua,Auyong,Senior Staff
264945,Baoqiu,Salinas,Senior Engineer
264947,KayLiang,Lalonde,Technique Leader
264948,Fay,Litzkow,Senior Engineer
264950,Atilio,Hardjono,Engineer
264951,Jagoda,Brobst,Senior Staff
264952,Jahangir,Narlikar,Assistant Engineer
264953,Rafael,Dredge,Senior Staff
264954,Naftali,McClure,Technique Leader
264955,Souichi,Muniz,Senior Staff
264956,Christophe,Oskamp,Senior Engineer
264963,Harjit,Luan,Senior Engineer
264968,Collette,Farrel,Senior Engineer
264969,Yaghout,Karnin,Senior Engineer
264970,Aris,Peng,Technique Leader
264971,Shaz,Einsfeld,Staff
264975,Breannda,Makinen,Engineer
264976,Changho,Eiter,Senior Engineer
264984,Pranav,Birdsall,Senior Staff
264990,Filipe,Randt,Engineer
264992,Boalin,Manders,Staff
264994,Gou,Brender,Senior Staff
264996,Gian,Avouris,Technique Leader
265007,Hilari,Leaver,Staff
265009,Tze,Harbusch,Senior Engineer
265011,Yuping,Karner,Senior Engineer
265012,Boriana,Wilharm,Engineer
265018,Tran,Bressoud,Senior Engineer
265020,Jiafu,Setia,Senior Staff
265021,Demos,Escriba,Senior Engineer
265022,Ayakannu,Erni,Senior Engineer
265025,Chriss,Anick,Engineer
265034,Tayeb,Kinley,Senior Engineer
265037,Yuuichi,Shimshoni,Senior Staff
265040,Yuping,Choobineh,Senior Engineer
265044,Francoise,Ambroszkiewicz,Senior Staff
265048,Toshimitsu,Bugrara,Senior Engineer
265050,Shigeichiro,Azevdeo,Senior Staff
265051,Chikara,Millington,Senior Engineer
265054,Pragnesh,Wossner,Engineer
265057,Thodoros,Openshaw,Engineer
265060,Ortrud,Serot,Technique Leader
265063,Evgueni,Giaccio,Senior Engineer
265064,Zhaofang,Merlo,Senior Staff
265068,Weidon,Bernardinello,Senior Staff
265071,Uno,Hiraishi,Staff
265072,Udaiprakash,Marzano,Senior Staff
265074,Shigeo,Alpay,Engineer
265079,Maik,Isaak,Senior Engineer
265080,Hideo,Cronan,Senior Staff
265089,Saniya,Pepe,Senior Engineer
265090,Xiaoheng,Bierman,Senior Staff
265098,Kenton,Moehrke,Senior Engineer
265102,Shigeu,Peroz,Technique Leader
265105,Ronnie,Capobianchi,Senior Staff
265108,Arto,Stiles,Engineer
265115,Heekeun,Plavsic,Senior Engineer
265119,Sumali,Esteva,Senior Staff
265124,Aemilian,Panienski,Senior Staff
265128,Alois,Aseltine,Senior Staff
265131,Naftaly,Bottner,Engineer
265133,Neven,DiGiano,Senior Staff
265134,Ulf,Ventosa,Senior Staff
265137,Ugo,Panangaden,Senior Staff
265138,Yoshimitsu,Massonet,Senior Engineer
265147,Qunsheng,Silva,Senior Staff
265148,Subhada,Schneeberger,Senior Engineer
265149,Zejun,Rosiles,Technique Leader
265151,Gurbir,Heinisuo,Engineer
265157,Narain,Aamodt,Senior Staff
265161,Hausi,Pfau,Senior Staff
265174,Tsvetan,Whittlesey,Engineer
265177,Tsz,Verspoor,Engineer
265179,Nobuyoshi,Muhling,Senior Engineer
265182,Shigeaki,Driscoll,Technique Leader
265186,Gen,Templeman,Senior Engineer
265189,Katsuyuki,Demri,Senior Staff
265191,Uinam,Boudaillier,Senior Staff
265194,Shahar,Menhardt,Senior Engineer
265198,Olivera,Pena,Engineer
265200,Ishfaq,Chaudhuri,Senior Engineer
265201,Lakshmi,Walstra,Senior Engineer
265203,Debatosh,Sudkamp,Senior Staff
265207,Atilio,Radhakrishnan,Senior Engineer
265216,Hilary,Perko,Senior Staff
265217,Selwyn,Danley,Senior Staff
265223,Danny,Minakawa,Senior Engineer
265224,Sarita,Bazelow,Engineer
265228,Miomir,Aamodt,Engineer
265229,Yonghoan,Kulisch,Engineer
265230,Rafail,Setlzner,Senior Staff
265234,Jingling,Yemenis,Senior Engineer
265237,Jiafu,Kavraki,Senior Engineer
265238,Goa,Benzaken,Senior Engineer
265241,Lenore,Baja,Senior Engineer
265242,George,Sessa,Senior Engineer
265249,Jacqueline,Levergood,Senior Engineer
265250,Khaled,Panangaden,Staff
265257,Chenxi,Kilgour,Engineer
265260,KayLiang,Compeau,Senior Engineer
265268,Yoshinari,Lally,Senior Staff
265272,Kousuke,Akiyama,Senior Staff
265273,Sailaja,Giveon,Engineer
265276,Toshiki,Back,Senior Staff
265279,Alejandra,Nishimukai,Senior Engineer
265286,Inderjeet,Mahmud,Senior Staff
265288,Lena,Lorys,Staff
265290,Zito,Sigstam,Senior Staff
265293,Herbert,Hempstead,Senior Staff
265307,Gino,Socorro,Engineer
265308,Ung,Picaronny,Senior Engineer
265316,Geraldo,Angel,Technique Leader
265323,Arunas,Masand,Senior Engineer
265327,Sahrah,Journel,Engineer
265332,Xiaoqiang,Szemeredi,Engineer
265335,Yolla,Mahnke,Technique Leader
265339,Lijie,Camurati,Senior Engineer
265340,Jiann,Shinomoto,Senior Staff
265342,Tadahiro,Iivonen,Senior Engineer
265345,Hiroyasu,Conry,Senior Engineer
265346,Rosita,Peir,Senior Staff
265363,Keiichiro,Morrey,Engineer
265364,Cristinel,Stavenow,Engineer
265370,Indrajit,Jenevein,Senior Staff
265375,Macha,Cunliffe,Senior Engineer
265377,Vasilii,Merle,Senior Staff
265379,Jacopo,Angelopoulos,Senior Staff
265389,Ranga,Gustavson,Technique Leader
265391,Moto,Kakkad,Senior Staff
265394,Kazuhira,Hennebert,Technique Leader
265398,Debaprosad,Lindqvist,Senior Engineer
265399,Shahab,Raney,Senior Engineer
265400,Claude,Krybus,Staff
265407,Richard,Picht,Senior Staff
265408,Phillip,Zumaque,Staff
265413,Shaz,Thibadeau,Senior Engineer
265422,Gurbir,Gerlach,Senior Engineer
265423,Bokyung,Rosis,Senior Engineer
265424,Xianlong,Asrin,Senior Engineer
265429,Hatem,Juneja,Senior Engineer
265435,Aleksander,Garnham,Senior Staff
265436,Zita,Piazza,Senior Staff
265440,Ashish,Jumpertz,Senior Engineer
265443,Dinkar,Hellwagner,Engineer
265444,Hideyuki,Foote,Senior Engineer
265445,Janche,Rosca,Senior Staff
265452,Honesty,Rosay,Senior Engineer
265456,Xiaoqiang,Reutenauer,Senior Engineer
265458,Samphel,Yavatkar,Senior Staff
265462,Mara,Guardalben,Senior Staff
265465,Kotesh,Ishibashi,Senior Staff
265469,Taisook,Brandsma,Senior Staff
265470,Marjo,Bael,Assistant Engineer
265475,Sergi,Marshall,Staff
265477,Maia,Buescher,Technique Leader
265479,Seshu,Babb,Engineer
265481,Sven,Kolinko,Technique Leader
265482,Mitchel,Gecsei,Staff
265484,Eric,Solovay,Senior Staff
265486,Hirochika,Sudkamp,Senior Staff
265489,Mitchel,Koprowski,Senior Engineer
265492,Mechthild,Baba,Technique Leader
265493,Michaela,Gopalakrishnan,Engineer
265496,Rance,Crabtree,Engineer
265497,Dinah,Anick,Staff
265499,Xiaopeng,Kobuchi,Staff
265501,Paraskevi,Cromarty,Senior Staff
265503,Djelloul,Picci,Senior Engineer
265505,Changho,Vakili,Senior Engineer
265506,Carrsten,Fordan,Senior Staff
265512,Elrique,Gopalakrishnan,Staff
265514,Yunming,Matheson,Technique Leader
265523,Koldo,Daescu,Staff
265527,Olivera,Hiraishi,Technique Leader
265532,Jayesh,Beetstra,Engineer
265535,Arne,Emmerich,Assistant Engineer
265538,Tadahiko,Jarecki,Senior Engineer
265540,Matt,Reistad,Senior Staff
265542,Serap,Srimani,Senior Engineer
265544,Pasqua,Rosiles,Senior Staff
265549,Basil,Kulisch,Engineer
265550,Fun,Bottner,Staff
265557,Younwoo,Roccetti,Senior Engineer
265563,Janche,Ginneken,Senior Staff
265572,Frederique,Serna,Staff
265573,Branimir,Pollacia,Senior Staff
265579,Christophe,Kroha,Technique Leader
265582,Vitaly,Isard,Engineer
265584,Jayson,Vuskovic,Senior Staff
265588,Syozo,Gils,Senior Staff
265594,Leucio,Perly,Senior Engineer
265595,Tooru,Levergood,Senior Staff
265600,Rosli,Kulisch,Engineer
265606,Boalin,Zhang,Senior Engineer
265607,Hausi,Negoita,Engineer
265614,Kirk,Joslin,Senior Staff
265622,Babette,Picel,Engineer
265625,Xuejun,Bolsens,Senior Engineer
265626,Alagu,Pagter,Senior Staff
265635,Djelloul,Marakhovsky,Senior Staff
265636,Arve,Benantar,Senior Staff
265652,Mandell,Bazelow,Senior Staff
265654,Basant,Poupard,Staff
265657,Dharmaraja,Nitta,Senior Engineer
265661,Alenka,Masamoto,Senior Engineer
265663,Shao,Schlegelmilch,Engineer
265665,Luerbio,Serov,Technique Leader
265666,Shushma,Henders,Senior Staff
265670,Reuven,Baby,Staff
265671,Aleksandar,Kruskal,Engineer
265674,Xinglin,Sherertz,Senior Engineer
265675,Sachin,Chiola,Technique Leader
265676,Owen,Monarch,Staff
265681,Marsal,Atrawala,Senior Staff
265682,Xiaobin,Irland,Senior Staff
265687,Shuky,Ranta,Senior Engineer
265692,Gregory,Trogemann,Senior Engineer
265696,Fayez,Jiang,Senior Staff
265697,Jahangir,Ecklund,Staff
265701,Lijia,Shigei,Senior Engineer
265707,Hairong,Gide,Senior Staff
265712,Jasminko,Erol,Senior Engineer
265713,Jiafu,Shumilov,Engineer
265720,Yucai,Otillio,Senior Staff
265721,Jongsuk,Morrey,Senior Staff
265730,Piyawadee,Pettis,Senior Engineer
265733,Adly,Pelc,Senior Staff
265739,Nahum,Perng,Senior Staff
265741,Odoardo,Guenter,Senior Staff
265742,Rosella,Makrucki,Senior Staff
265747,Chaosheng,Himler,Senior Engineer
265748,Dinah,Krogh,Senior Staff
265751,Youpyo,Conta,Engineer
265762,George,Murrill,Senior Engineer
265764,Elrique,Oskamp,Senior Staff
265770,Pintsang,Hashii,Senior Staff
265775,Hilary,Ranka,Staff
265783,Palash,Furedi,Technique Leader
265787,Gou,Tchuente,Senior Engineer
265789,Tsutomu,Besselaar,Staff
265790,Terresa,Lyonns,Staff
265791,Shem,Gien,Senior Staff
265797,Lidong,Hagimont,Senior Staff
265801,Kasturi,Beidas,Senior Engineer
265802,Morris,Erol,Senior Engineer
265810,Martine,Erez,Staff
265812,Sanjeeva,Setia,Assistant Engineer
265813,Elliott,Businaro,Senior Staff
265814,Adam,Garrabrants,Senior Staff
265822,Georgy,Kornatzky,Senior Engineer
265827,Kenton,Delaune,Staff
265829,Demos,Menhoudj,Senior Staff
265830,Adam,Marchegay,Senior Engineer
265831,Takanari,Hempstead,Staff
265832,Zissis,Biran,Staff
265839,Marl,Baca,Technique Leader
265840,Hatsukazu,Pietrzykowski,Engineer
265841,Dzung,Akaboshi,Assistant Engineer
265846,Akemi,Birge,Senior Staff
265852,DAIDA,Thiria,Senior Staff
265855,Mandell,Simmel,Senior Engineer
265857,Make,Conti,Engineer
265864,Mari,Molenkamp,Staff
265870,Zongyan,Lamba,Senior Staff
265872,Reuven,Alblas,Senior Engineer
265874,Jixiang,Melter,Senior Engineer
265876,Sudhanshu,Hatcliff,Engineer
265878,Susanta,Cooke,Staff
265882,Francoise,Fontet,Staff
265883,Ennio,Solovay,Engineer
265884,Jeanna,Stavenow,Senior Engineer
265891,Huei,Legleitner,Engineer
265893,Kolar,Detkin,Assistant Engineer
265902,Barna,Pepe,Staff
265903,Abdelkader,Angelov,Senior Staff
265907,Jungsoon,Foong,Staff
265912,Arno,Remmers,Engineer
265916,Hausi,Bratsberg,Engineer
265917,Sukumar,Erdmenger,Senior Engineer
265926,Masaki,Bernini,Senior Staff
265931,Pohua,Borstler,Staff
265932,Dekang,Ginneken,Senior Engineer
265936,Fun,Kawashimo,Senior Staff
265937,Shuji,Chinen,Senior Engineer
265947,Berni,Percebois,Engineer
265948,Weiru,Budinsky,Staff
265951,Edwin,Suermann,Senior Staff
265954,Shen,Biros,Engineer
265956,Murthy,Baca,Senior Engineer
265962,Nahid,Pepe,Senior Engineer
265963,Hongzhu,Lorin,Senior Engineer
265966,Haldon,Brookman,Senior Engineer
265970,Dekang,Ratzlaff,Senior Staff
265971,Kotesh,Serov,Senior Staff
265972,Aksel,Rodier,Senior Engineer
265973,Toney,Dayang,Engineer
265975,Debaprosad,Demir,Senior Engineer
265977,Lene,Tischendorf,Senior Engineer
265979,Guoxiang,Sevcikova,Senior Staff
265981,Taegyun,Georg,Staff
265984,Taegyun,Kenevan,Senior Staff
265985,Christ,Picaronny,Senior Staff
265988,Moto,Bail,Engineer
265989,Martine,Dratva,Senior Engineer
265990,Claudi,Brattka,Senior Engineer
265991,Sreekrishna,Sluis,Senior Engineer
265994,Pantung,Szmurlo,Assistant Engineer
265996,Shooichi,Karnin,Staff
265997,Shen,Otillio,Engineer
265998,Guther,Heering,Senior Engineer
266000,Zhonghua,Brookman,Senior Staff
266002,Golgen,Avouris,Engineer
266004,Xinyu,Kaiserswerth,Senior Staff
266012,Satosi,Vieri,Senior Staff
266017,Gift,Spelt,Senior Staff
266018,Masanao,Cools,Senior Engineer
266023,Martijn,Murthy,Senior Engineer
266024,Shooichi,Nergos,Senior Engineer
266030,Shuji,Poujol,Senior Staff
266031,Ulises,Collavizza,Engineer
266032,Shaz,Orlowska,Engineer
266033,Theirry,Pettit,Senior Staff
266038,Bodh,Chinin,Senior Engineer
266039,Mart,Miara,Senior Engineer
266043,Alain,Swift,Engineer
266044,Sibyl,Gunderson,Senior Staff
266046,Gadiel,Marsiglia,Engineer
266048,Shaowen,Tetzlaff,Senior Engineer
266049,Odysseas,Delaune,Senior Staff
266050,Mingdong,Adachi,Staff
266053,Mario,Szilard,Senior Engineer
266054,Younwoo,Ratnakar,Senior Engineer
266055,Qunsheng,Zschoche,Senior Staff
266060,Richara,Ranst,Engineer
266061,Marjo,Restivo,Senior Engineer
266062,Chuanyi,Soloway,Engineer
266065,Ayonca,Daescu,Staff
266067,Jingling,Butner,Senior Staff
266075,Makato,Lovengreen,Senior Engineer
266076,Uli,Bage,Staff
266079,Adil,Ghemri,Senior Engineer
266080,Mari,Maraist,Engineer
266082,Randi,Cichocki,Senior Engineer
266084,Abdulla,Fabrizio,Engineer
266085,Sumali,Markovitch,Staff
266089,Arno,Ranum,Engineer
266090,Bojan,Gihr,Senior Engineer
266092,Rafael,Feinberg,Senior Staff
266096,Candido,Thisen,Senior Staff
266100,Maria,Ritcey,Senior Staff
266112,Kazuhiko,Billawala,Senior Engineer
266114,Arvind,Marletta,Senior Engineer
266115,Oksana,Willoner,Senior Staff
266120,Filipp,Bail,Assistant Engineer
266121,Kazunori,Cooke,Engineer
266135,Shridhar,Apsitis,Senior Engineer
266138,Huei,Gyorkos,Staff
266141,Kwangyoen,Gruenwald,Senior Engineer
266142,Marco,Bernini,Engineer
266146,Elrique,Chinen,Senior Staff
266147,Lalit,Krichel,Staff
266148,Ferdinand,Gerlach,Technique Leader
266150,Marsha,Simmen,Engineer
266157,Hidefumi,Luby,Staff
266159,Navid,Uludag,Senior Engineer
266161,Gita,Mansanne,Senior Staff
266167,Kasidit,Kamber,Engineer
266169,Maia,Lorie,Senior Engineer
266170,Sungwon,Stellhorn,Senior Staff
266173,Arie,Cannane,Senior Staff
266176,Rutger,Danecki,Engineer
266177,Marke,Weedon,Senior Engineer
266179,Kwangjo,Hoppenstand,Senior Engineer
266181,Hidefumi,Lodder,Staff
266184,Geraldo,Snyers,Senior Engineer
266185,Kazuhiro,Perl,Senior Staff
266186,Kien,Perz,Senior Engineer
266190,Xiahua,Xiaoshan,Senior Engineer
266194,Seshu,Cooke,Senior Staff
266199,Goetz,Ferriere,Senior Engineer
266202,TRUE,Gill,Senior Staff
266209,Hinrich,Erde,Senior Staff
266212,Sangeeta,Hedayat,Senior Engineer
266215,Yaghout,Hoogerwoord,Senior Engineer
266217,Wuxu,Takanami,Staff
266219,Abdelwaheb,Coullard,Senior Staff
266221,Sashi,Hofmeyr,Senior Engineer
266224,Munehiko,Terwilliger,Senior Engineer
266228,Renny,Takanami,Senior Staff
266233,Larisa,Honiden,Engineer
266234,Marc,Orlowska,Senior Engineer
266236,Guenter,Cherinka,Staff
266238,Sachar,Weedon,Senior Staff
266239,Henk,Schaar,Staff
266241,Ashish,Kilgour,Staff
266242,Fusako,Berstel,Senior Staff
266243,Lech,Borovoy,Senior Staff
266244,Akeel,Cairo,Staff
266245,Subhada,Junet,Senior Engineer
266248,Erzsebet,Plesums,Staff
266251,Yuping,Isaak,Senior Engineer
266253,Kendra,Stellhorn,Senior Staff
266255,Manu,Dehkordi,Engineer
266257,Franziska,Camarinopoulos,Senior Staff
266261,Guenter,Luon,Senior Staff
266263,Arno,Kopetz,Engineer
266266,Xuedong,Angelov,Assistant Engineer
266272,Panayotis,Glinert,Senior Staff
266274,Fabrizio,Anily,Senior Staff
266275,Greger,Rosch,Senior Staff
266277,Boaz,Kleiser,Technique Leader
266278,Francesca,Sidhu,Engineer
266279,Pascal,Kugler,Engineer
266282,Dung,Oppitz,Engineer
266284,Zejun,Thiria,Senior Engineer
266285,Nathan,Murtafg,Staff
266287,Serif,Decaestecker,Staff
266289,Subir,Munch,Staff
266292,Janche,Ferriere,Engineer
266294,Gaurav,Rajala,Senior Staff
266309,Dipankar,Rodiger,Senior Engineer
266312,Tremaine,Lovengreen,Engineer
266315,Taisook,Boguraev,Senior Staff
266318,Arvin,Madeira,Senior Staff
266325,Boriana,Hemaspaandra,Senior Staff
266333,Moss,Oppitz,Senior Staff
266341,Murthy,Veeraraghavan,Senior Staff
266343,Felicidad,Qiwen,Senior Staff
266349,Foong,Stille,Assistant Engineer
266351,Morris,Monkewich,Senior Engineer
266360,Ramya,Kusalik,Engineer
266373,Utpal,Ramamoorthy,Senior Engineer
266375,Miquel,Bugrara,Engineer
266377,Fumitaka,Ranon,Senior Engineer
266378,Candido,Wielonsky,Senior Engineer
266385,Hidde,Gill,Senior Engineer
266387,Tsutomu,Kornyak,Staff
266388,Bojan,Broomell,Engineer
266389,Armond,Pauthner,Senior Staff
266390,Chiranjit,Spinelli,Senior Engineer
266396,Sedat,Stifter,Senior Engineer
266399,Breannda,Rubsam,Senior Engineer
266402,Siamak,Flowers,Engineer
266406,Duro,Dalton,Senior Staff
266408,Shugo,Anandan,Engineer
266415,Genki,Ventosa,Engineer
266418,Sailaja,Gniady,Staff
266423,Aleksander,Back,Engineer
266432,Roddy,Biron,Technique Leader
266437,Paloma,Valiente,Senior Engineer
266438,Nobuyoshi,Tomescu,Senior Staff
266441,Vatsa,Chiola,Senior Engineer
266443,Yishay,Schurmann,Engineer
266450,Toshiki,Gulak,Senior Engineer
266451,Xiong,Hockney,Staff
266457,Yannis,Kobuchi,Senior Engineer
266458,Jeong,Breugel,Senior Staff
266459,Maik,Munoz,Assistant Engineer
266466,Hidefumi,Tomescu,Senior Engineer
266467,Miquel,Tiemann,Senior Engineer
266471,Quingbo,Birke,Staff
266476,Sastry,Rodiger,Staff
266483,Younwoo,Servieres,Senior Engineer
266484,Dhritiman,Kakkar,Senior Engineer
266485,Sandeepan,Caine,Senior Staff
266486,Taizo,Picci,Senior Engineer
266487,Unal,Boyle,Technique Leader
266490,Hidefumi,Versino,Senior Engineer
266491,Atilio,Chelton,Engineer
266492,Yakichi,Biron,Engineer
266496,Barry,Benveniste,Engineer
266498,Sreenivas,Feldmann,Senior Staff
266500,Hidekazu,Brickell,Staff
266503,Sanjeeva,VanScheik,Senior Engineer
266507,Mong,Christ,Senior Engineer
266516,Shaz,Beerel,Staff
266519,Marke,Pfau,Assistant Engineer
266521,Mana,Strooper,Staff
266529,Tommaso,Cannane,Engineer
266530,Susumu,Rattan,Senior Staff
266531,Syozo,Veevers,Senior Staff
266533,Krisda,Morrin,Assistant Engineer
266535,Mikhail,Eldridge,Staff
266539,Brewster,Nourani,Senior Engineer
266540,Akeel,Herbst,Senior Engineer
266542,Shim,Bail,Senior Staff
266547,Kasturi,Stassinopoulos,Senior Engineer
266548,Valeska,Niizuma,Senior Engineer
266550,Yuriy,Rouquie,Staff
266552,Kirk,Asmuth,Senior Engineer
266554,Yakichi,Meriste,Senior Staff
266562,Ebru,Peltason,Senior Engineer
266564,Nimmagadda,Swiler,Senior Engineer
266575,Abdelkader,Debuse,Senior Staff
266576,Sumant,Melski,Engineer
266579,Rosella,Ranai,Senior Staff
266581,Gonzalo,Leppanen,Technique Leader
266590,Toshimi,Wissmann,Senior Staff
266591,Satosi,Demos,Senior Engineer
266594,Mohd,Gomatam,Assistant Engineer
266599,Rosine,Barreiro,Senior Engineer
266600,Zengping,Siochi,Senior Engineer
266601,Tru,Kilgore,Technique Leader
266607,Tran,Hopewell,Engineer
266608,Amstein,Sessa,Staff
266609,Marke,Kragelund,Senior Engineer
266610,Giao,Gimarc,Senior Engineer
266613,Arra,Hoppenstand,Senior Staff
266614,Sadegh,Schwaller,Engineer
266615,Monique,Menhardt,Senior Staff
266617,Changho,Angelopoulos,Engineer
266621,Candida,Piveteau,Engineer
266632,Tayeb,Suermann,Senior Staff
266635,Miquel,Speel,Senior Engineer
266638,Maik,Schlumberger,Senior Staff
266641,Lidong,Wursthorn,Senior Engineer
266643,Tonia,Basawa,Senior Engineer
266647,Domenick,Moffat,Senior Staff
266649,Moss,Kropf,Engineer
266653,Khun,Cochrane,Engineer
266654,Randy,Heyers,Senior Engineer
266667,Sadun,England,Engineer
266672,Sreekrishna,Angel,Engineer
266673,Stevo,Schade,Senior Engineer
266676,Ingmar,Rahier,Assistant Engineer
266680,Qingxiang,Lamba,Senior Staff
266684,Kerhong,Bakhtari,Senior Engineer
266686,Shridhar,Mullainathan,Senior Engineer
266697,Jouko,Speel,Senior Staff
266699,Takahito,Provine,Senior Engineer
266702,Arlette,Alencar,Engineer
266708,Nahid,Ariola,Senior Engineer
266709,Moie,Potthoff,Technique Leader
266712,Yahiko,Schnelling,Staff
266715,Basil,Birnbaum,Senior Engineer
266716,Bernt,Buchter,Technique Leader
266719,Masaru,Szmurlo,Staff
266721,Atreye,Emmerich,Senior Staff
266724,Cathie,Gide,Senior Staff
266729,Nahid,Bellone,Senior Engineer
266731,Hugo,Khamsi,Senior Engineer
266735,Adamantios,Thambidurai,Senior Staff
266737,Zengping,Schicker,Engineer
266741,Utz,Birnbaum,Senior Engineer
266747,Shigenori,Bael,Senior Engineer
266748,Henk,Nitsch,Senior Engineer
266751,Dhritiman,Penz,Senior Staff
266752,Shay,Flanders,Senior Staff
266756,Yishai,Buescher,Senior Engineer
266759,Boriana,Slaats,Technique Leader
266760,Divine,Mitchem,Technique Leader
266762,Niranjan,Luon,Senior Engineer
266764,Manibrata,Feldmann,Senior Engineer
266766,Stein,Solares,Senior Engineer
266767,Utz,Uhrig,Engineer
266768,Bouchung,Munro,Senior Engineer
266769,Zhongwei,Birge,Senior Engineer
266770,Berry,Setia,Engineer
266773,Qingxiang,Veeraraghavan,Senior Engineer
266774,Weiwu,Vingron,Senior Engineer
266783,Pranjal,Barvinok,Senior Staff
266788,Ranga,Reutenauer,Engineer
266789,Alejandro,Vesna,Senior Staff
266798,Yongmin,Yeung,Senior Staff
266804,Marin,Rahimi,Senior Engineer
266807,Dekang,Serra,Assistant Engineer
266812,Siamak,Zhiwei,Staff
266814,Vasiliy,Granlund,Senior Staff
266815,Michaela,Tibblin,Senior Staff
266816,Yongdong,Lowrie,Senior Staff
266821,Akeno,Cooke,Senior Staff
266825,Karlis,Skrikant,Senior Engineer
266827,Udi,Gronowski,Senior Engineer
266828,Lobel,Curless,Staff
266847,Noritoshi,Servieres,Senior Staff
266849,Gill,Asmuth,Staff
266851,Hiroyasu,Geffroy,Senior Staff
266853,Hironobu,Piancastelli,Engineer
266856,Kwee,Azadmanesh,Engineer
266860,Miomir,Otillio,Senior Engineer
266865,Tuval,Mawatari,Senior Staff
266866,Shounak,Lakshmanan,Senior Engineer
266867,Kirk,Isaak,Staff
266871,Adib,Tsukune,Senior Engineer
266878,Sashi,Gajiwala,Senior Engineer
266880,Georgy,Daescu,Technique Leader
266885,Shawna,Bojadziev,Senior Staff
266890,Youjian,Zweizig,Senior Staff
266895,Jaihie,Litecky,Senior Engineer
266896,Francoise,Mandell,Senior Engineer
266904,Shalesh,Jeong,Engineer
266908,Kokou,Thorensen,Senior Engineer
266914,Sudharsan,Steenbeek,Senior Engineer
266918,Fumitaka,Cangellaris,Technique Leader
266920,Gian,Gladwell,Staff
266921,Rimli,Hutton,Senior Engineer
266922,Koldo,Erde,Senior Staff
266926,Tristan,Vesel,Senior Engineer
266929,Gaetan,Tzvieli,Engineer
266934,Guadalupe,Pavlopoulou,Senior Engineer
266936,Vidya,Rusterholz,Senior Engineer
266939,Chinhyun,Zobel,Senior Engineer
266944,Tsvetan,Koblick,Engineer
266945,Xiaobin,Aseltine,Engineer
266948,Aris,Unno,Senior Engineer
266957,Susumu,Marciano,Senior Engineer
266959,Valery,Thiran,Technique Leader
266964,Christ,Menyhert,Senior Engineer
266968,Hisao,Hettesheimer,Senior Staff
266974,Rafael,Bellone,Senior Engineer
266990,Renny,Skrikant,Senior Staff
266993,Gilbert,Levasseur,Senior Engineer
266995,Gritta,Beznosov,Staff
266999,Vivian,Rubsam,Senior Engineer
267001,Sreenivas,Baer,Senior Engineer
267003,Wuxu,Brattka,Staff
267009,Jaber,Irland,Assistant Engineer
267012,Armond,Lodder,Senior Engineer
267013,Atreye,Waterhouse,Senior Engineer
267015,Abdulah,Bahk,Senior Engineer
267019,Perla,Kushnir,Senior Staff
267024,Manu,Walstra,Staff
267032,Mani,Back,Senior Engineer
267041,Diederik,Vasanthakumar,Senior Staff
267046,Saeed,Kushner,Senior Engineer
267049,Bouchung,Quaggetto,Senior Engineer
267051,Guttorm,Zeilberger,Staff
267058,Christoper,Michaeli,Senior Engineer
267063,Kiyotoshi,Swick,Senior Staff
267070,Yishai,Standera,Senior Staff
267083,JoAnna,Knightly,Senior Staff
267087,Heping,Colorni,Engineer
267088,Kien,Backhouse,Senior Staff
267091,Nidapan,Rusterholz,Engineer
267094,Ymte,Kaelbling,Senior Staff
267097,Elgin,Zobel,Senior Staff
267103,Bernice,Figueira,Senior Engineer
267104,Ronghao,Marciano,Senior Engineer
267109,Mohua,Kaminger,Senior Staff
267114,Augustine,Wynblatt,Senior Engineer
267122,Karoline,Serov,Senior Engineer
267124,Kwangsub,Bauknecht,Staff
267125,Xiaobin,Fairtlough,Senior Engineer
267127,Xuejia,Saoudi,Engineer
267128,Kaijung,Angiulli,Senior Staff
267132,Subir,Gire,Engineer
267138,Alair,Auyong,Senior Staff
267143,Charmane,Albarhamtoshy,Senior Engineer
267148,Fayez,Coors,Senior Engineer
267160,Alselm,Brookner,Engineer
267170,Tzu,Cheshire,Senior Staff
267175,Muzhong,Baezner,Engineer
267177,Susanta,Brlek,Engineer
267178,Licheng,Sinicrope,Senior Engineer
267179,Shichao,Sadowski,Senior Engineer
267183,Nahid,Magalhaes,Engineer
267187,Sariel,Thibadeau,Senior Staff
267196,Palash,Haraldson,Staff
267197,Sanjiv,Coombs,Senior Staff
267198,Przemyslawa,Casperson,Senior Staff
267211,Berni,Nicolson,Engineer
267214,Alenka,Sluis,Engineer
267220,Kwan,Sluis,Senior Engineer
267222,Atreye,Pell,Staff
267228,Van,Crouzet,Engineer
267230,Sanjiv,Prampolini,Engineer
267233,Saeko,Jervis,Senior Engineer
267235,Mechthild,Schwartzbauer,Senior Staff
267241,Keiichiro,Wilharm,Staff
267243,Luisa,Plotkin,Senior Staff
267244,Sadegh,Reistad,Senior Engineer
267246,Leif,Valiente,Senior Engineer
267249,Ziya,Range,Senior Staff
267254,Djenana,Rothe,Senior Staff
267257,Somnath,Sidhu,Senior Staff
267258,Magdalena,Cochrane,Staff
267259,Takahito,Skafidas,Senior Staff
267261,Stepehn,Frolund,Senior Engineer
267271,Limsoon,Besselaar,Engineer
267273,Reinhold,Belinskaya,Senior Engineer
267274,Munehiko,Kornyak,Senior Staff
267275,Marit,Ananiadou,Senior Engineer
267278,Oscar,Qiwen,Engineer
267280,Josyula,Fraisse,Senior Staff
267282,Guttorm,Szmurlo,Technique Leader
267285,Kish,Teitelbaum,Staff
267287,Samphel,Swen,Engineer
267288,Rajmohan,Porenta,Staff
267294,Sibyl,Bugrara,Senior Staff
267295,Guiseppe,Fujisaki,Staff
267299,Ennio,Bisiani,Engineer
267300,Ugo,Panienski,Senior Engineer
267301,Irene,Antonakopoulos,Senior Engineer
267303,Fumitake,Skafidas,Senior Engineer
267305,Yucai,Pesch,Senior Staff
267307,Saeed,Kamber,Senior Staff
267314,Zorica,Zucker,Engineer
267316,Jinya,Himler,Senior Staff
267320,Haldun,Genther,Technique Leader
267326,Shuji,Lakshmanan,Staff
267328,Marsja,Luders,Senior Staff
267329,Saeed,Langford,Senior Staff
267333,Pranav,Levasseur,Engineer
267344,Otmar,Ghemri,Staff
267348,Aris,Schusler,Senior Staff
267350,Mototsugu,Schaft,Senior Engineer
267353,Oksana,Cooley,Engineer
267355,Florian,Weedman,Staff
267356,JoAnne,Sury,Senior Engineer
267357,Brewster,Vieth,Senior Engineer
267362,Bluma,Impagliazzo,Senior Engineer
267364,Mart,Baek,Staff
267367,Giordano,Gihr,Staff
267368,George,Boyle,Staff
267375,Koichi,Birdsall,Senior Staff
267376,Randi,Peck,Senior Engineer
267378,Tiina,Kawashimo,Senior Staff
267383,Anyuan,Verhoeff,Senior Staff
267385,Moti,Eugenio,Engineer
267386,DAIDA,Sichman,Senior Engineer
267387,Mohammad,Ghemri,Senior Engineer
267390,Boalin,Kusakabe,Senior Engineer
267393,Hironobu,Makinen,Staff
267394,Gererd,Zuberek,Engineer
267398,Cedric,Madeira,Engineer
267407,Taisook,Falster,Senior Staff
267411,Gio,Aloia,Technique Leader
267415,Zita,Fetvedt,Senior Engineer
267417,Kannan,Rissanen,Senior Staff
267425,Saniya,Khalil,Senior Engineer
267426,Paddy,Jervis,Staff
267437,Naraig,Servi,Senior Engineer
267440,Cedric,Wielonsky,Senior Staff
267451,Uta,Murthy,Staff
267452,Hitofumi,Goldhammer,Senior Engineer
267457,Ramalingam,Benaini,Assistant Engineer
267459,Sreekrishna,Rissanen,Technique Leader
267460,Surveyors,Mukaidono,Senior Staff
267461,Mack,Swist,Senior Staff
267463,Hinrich,Keustermans,Engineer
267467,Billur,Ramsak,Staff
267478,Yakkov,Bottner,Engineer
267479,Jingling,Munck,Senior Engineer
267480,Xiaoqiu,Koshiba,Senior Engineer
267484,Janalee,Cardazo,Senior Engineer
267485,Valery,Tsunoo,Technique Leader
267507,Peer,Riexinger,Senior Staff
267508,Otmar,Glowinski,Senior Engineer
267512,Arnould,Collette,Senior Engineer
267517,Maha,Peek,Senior Staff
267519,Brendon,Slobodova,Senior Engineer
267520,Toshimo,Zaiane,Engineer
267525,Kazuhiko,Litvinov,Senior Staff
267527,Serenella,Comte,Senior Engineer
267533,Deniz,Haldar,Senior Staff
267534,Teruyuki,Walstra,Engineer
267535,Mototsugu,Maierhofer,Engineer
267536,Tonny,Harnett,Staff
267540,Danny,Sabnani,Senior Staff
267544,Ingmar,Honglei,Senior Engineer
267545,Guther,Quadeer,Engineer
267546,Rimon,Zumaque,Senior Staff
267547,Lobel,Winter,Engineer
267549,Cordelia,Albarhamtoshy,Senior Engineer
267556,Gita,Molenaar,Senior Engineer
267566,Tayeb,Schnabel,Senior Staff
267572,Debaprosad,Katzenelson,Senior Staff
267573,Huan,Billingsley,Senior Engineer
267575,Lalit,Falster,Senior Engineer
267577,Lijia,Swift,Senior Staff
267582,Rayond,Bratten,Senior Engineer
267585,Keung,Swen,Technique Leader
267590,Yoshinari,Klyachko,Senior Engineer
267595,Sanjeeva,Redmiles,Engineer
267599,Youjian,Niizuma,Senior Engineer
267604,Woody,Pusterhofer,Senior Engineer
267605,Mohamadou,Melichar,Senior Engineer
267606,Lubomir,Vidya,Senior Engineer
267608,Makato,Narahari,Staff
267610,Rance,Zyda,Senior Staff
267613,Fumino,Blokdijk,Senior Staff
267614,Goo,Bashian,Senior Engineer
267619,Zengping,Lienhardt,Senior Staff
267622,Miyeon,Sury,Staff
267623,Arco,Sundgren,Technique Leader
267635,Francesca,Peroz,Senior Staff
267636,Ramzi,Badache,Senior Engineer
267642,Raimond,Strandh,Engineer
267652,Peer,Clemencon,Engineer
267663,Kirk,Bellmore,Senior Engineer
267672,Masato,Cmelik,Engineer
267679,Valery,Taneja,Senior Engineer
267681,Berhard,Apsitis,Senior Staff
267682,Baoqiu,dAstous,Senior Staff
267686,Fuqing,Lakshmanan,Senior Staff
267688,Woody,Poujol,Senior Staff
267690,Yongmin,Coney,Engineer
267692,Vishu,Spelt,Senior Staff
267693,Gurbir,Ligten,Senior Engineer
267702,Gritta,Tzvieli,Staff
267703,Shushma,Versino,Senior Engineer
267704,Anneke,Rande,Senior Engineer
267705,Domenick,Broomell,Engineer
267706,Miomir,Rusterholz,Senior Staff
267707,Tze,Giveon,Senior Engineer
267710,Sanjoy,Baer,Engineer
267712,Premsyl,Plotkin,Engineer
267715,Jouni,Businaro,Engineer
267716,Sanjoy,Sidhu,Senior Staff
267717,Arve,Karner,Senior Engineer
267718,Remco,Esteva,Engineer
267719,Almudena,Kavvadias,Senior Engineer
267722,Baruch,Cangellaris,Staff
267725,Kolar,Fasbender,Senior Staff
267726,Arfst,Zongker,Engineer
267727,Yakkov,Furedi,Senior Engineer
267729,Bangqing,Fiebach,Senior Staff
267731,Hairong,Simkin,Engineer
267742,Stafford,Auria,Senior Engineer
267750,Sahrah,Suppi,Senior Engineer
267752,Siddarth,Oxenboll,Senior Staff
267754,Lein,Lukaszewicz,Staff
267761,Sham,Berstel,Senior Engineer
267763,Bokyung,Spataro,Senior Staff
267766,Zhenhua,Pulkowski,Engineer
267767,Lubomir,Yetto,Engineer
267768,Francesca,Vigier,Senior Engineer
267769,Eldridge,Middleton,Senior Engineer
267770,Vitali,Skrikant,Senior Staff
267778,Garnik,Pettis,Senior Engineer
267779,Shalesh,Thambidurai,Staff
267781,Nathan,Bade,Senior Staff
267789,Mohd,Acton,Senior Engineer
267793,Guther,Heydon,Engineer
267795,Nimmagadda,Gente,Staff
267796,Moie,Coors,Engineer
267799,Honesty,Rijsenbrij,Senior Staff
267800,Chaoyi,Katiyar,Staff
267806,Jinya,Peek,Senior Staff
267807,Weiye,Harnett,Senior Staff
267808,Yahiko,Whitcomb,Staff
267811,Adel,Kornatzky,Senior Engineer
267812,Dmitri,Minakawa,Staff
267813,Joydip,Bellmore,Senior Engineer
267825,Radoslaw,Karner,Senior Engineer
267830,Jaewoo,Macedo,Senior Staff
267831,Make,Luce,Senior Engineer
267840,Jianhui,Benzaken,Senior Engineer
267841,Shaw,Magalhaes,Senior Staff
267845,Basant,Vieri,Senior Staff
267847,Apostol,Ebeling,Engineer
267851,Visit,Stasinski,Technique Leader
267854,Remko,Meszaros,Senior Staff
267856,Jinxi,Quaggetto,Senior Staff
267860,Zvonko,Goodrum,Senior Engineer
267868,IEEE,Karner,Senior Engineer
267870,Genevieve,Silva,Senior Staff
267887,Yuqun,Masada,Technique Leader
267889,Francesca,Adachi,Staff
267891,Rafail,Rajala,Technique Leader
267904,Suebskul,Rande,Assistant Engineer
267906,Nectarios,Kaminger,Engineer
267912,Marie,Mikschl,Senior Staff
267923,Valter,Karnin,Senior Staff
267924,Bernardo,Munos,Senior Staff
267932,Paraskevi,Zaiane,Senior Staff
267940,Janche,Schwartzbauer,Staff
267945,Along,Remmele,Senior Engineer
267946,Candida,Nyanchama,Senior Staff
267952,Boriana,Fandrianto,Staff
267954,Yannik,Salvesen,Senior Staff
267956,Chikako,Kenevan,Engineer
267966,Stein,Granlund,Senior Engineer
267967,Kankanahalli,Isaac,Senior Engineer
267971,Gad,Rodiger,Senior Staff
267974,Lenore,Swiss,Staff
267978,Takahira,Merro,Senior Staff
267982,Adit,Radivojevic,Engineer
267985,Sven,Denti,Senior Staff
267986,Fan,Assaf,Engineer
267988,Deborah,Alblas,Senior Engineer
267993,Kerryn,Zwicker,Senior Engineer
267996,Tamiya,Kandlur,Staff
267998,Vivian,Lagarias,Senior Staff
268000,Samphel,Heiserman,Senior Engineer
268006,Michaela,Rabehasaina,Senior Engineer
268009,Yolla,Quadeer,Senior Engineer
268012,Rafail,Fasbender,Engineer
268013,Debaprosad,Linnainmaa,Engineer
268014,Hitomi,Rosca,Senior Engineer
268015,Rajmohan,Waterhouse,Engineer
268016,Jaihie,Papsdorf,Senior Staff
268021,Valeri,Waymire,Staff
268022,Froduald,Gyorkos,Staff
268026,Nishit,Eugenio,Technique Leader
268030,Duro,Peyn,Senior Staff
268035,Sanjeeva,Dahlbom,Engineer
268042,Sangeeta,Vadhan,Senior Engineer
268054,Tonia,Demos,Senior Engineer
268055,Shahid,Kornyak,Senior Staff
268056,Lucian,Speek,Senior Engineer
268057,Gennady,Cesareni,Senior Staff
268058,Perla,Kusakari,Senior Staff
268060,Mack,Swen,Senior Engineer
268070,Khoa,Jumpertz,Senior Staff
268072,Parke,Lundstrom,Senior Engineer
268075,Jongsuk,Harllee,Senior Staff
268076,Sachar,Huttel,Technique Leader
268077,Edwin,Rosch,Senior Engineer
268079,Toshimori,Papsdorf,Senior Engineer
268081,Constantijn,Lamparter,Staff
268088,Joydip,Biros,Senior Staff
268090,Seongbae,Panwar,Staff
268091,Sergi,Brendel,Engineer
268094,Phule,Picci,Staff
268108,Yonghong,Nitsche,Senior Engineer
268109,Cristinel,Hanabata,Engineer
268113,Uzi,Weedon,Technique Leader
268118,Mohua,Birta,Senior Engineer
268123,Krister,Kulisch,Engineer
268129,Yifei,Merle,Engineer
268133,Leszek,Zizka,Engineer
268136,Ravishankar,Maliniak,Senior Staff
268137,Girolamo,Gunderson,Engineer
268138,Changho,Miara,Senior Staff
268139,Ramachenga,Fritzsche,Senior Engineer
268141,Navid,Scharstein,Senior Engineer
268142,Baocai,Brendel,Senior Engineer
268143,Arto,Roohalamini,Senior Staff
268144,Shounak,Gammage,Engineer
268145,Adas,Koblick,Senior Engineer
268147,Shao,Asrin,Engineer
268149,Eirik,Spinelli,Technique Leader
268163,Constantijn,Zizka,Staff
268164,Shahaf,Sambasivam,Senior Staff
268174,Remzi,Domenig,Senior Staff
268179,Lansing,Ratnaker,Senior Staff
268180,Alois,Baca,Technique Leader
268181,Golgen,Armand,Senior Engineer
268189,Fox,Jumpertz,Senior Staff
268190,Paddy,Ermel,Staff
268195,Neven,Weisert,Senior Staff
268201,Jungsoon,Chelton,Senior Engineer
268203,Gunilla,Zschoche,Senior Engineer
268204,Nahid,Vakili,Senior Staff
268205,Jinpo,Krzyzanowski,Senior Engineer
268207,Nigel,Baalen,Senior Staff
268209,Pranay,Attimonelli,Senior Engineer
268211,Sverrir,Jansch,Senior Staff
268217,Giordano,Daescu,Senior Engineer
268218,Xiping,Maliniak,Staff
268219,Marsha,Khamsi,Senior Engineer
268225,Constantijn,Wolniewicz,Engineer
268227,Arif,Showalter,Senior Staff
268230,Mona,Setiz,Assistant Engineer
268239,Naraig,Cmelik,Staff
268240,Adit,Skrikant,Engineer
268250,Mandell,Callaway,Senior Staff
268256,Marla,Gire,Senior Staff
268264,Joydip,Peyn,Senior Engineer
268267,Nahid,Vandervoorde,Senior Staff
268268,Jamaludin,Gonthier,Senior Engineer
268273,Teruyuki,Denti,Technique Leader
268275,Kristine,Kobuchi,Senior Engineer
268277,Shugo,Beilner,Engineer
268281,Yaghout,Jakobus,Senior Staff
268282,Constantino,Langford,Technique Leader
268292,Ferdinand,Herbst,Senior Engineer
268294,Weiye,Ressouche,Senior Engineer
268307,Mana,Schiettecatte,Senior Engineer
268309,Mrinalini,Hockney,Technique Leader
268310,Persi,Ghalwash,Engineer
268312,Tsvetan,Kaiser,Engineer
268313,Arlette,Showalter,Senior Staff
268314,Arie,Terlouw,Senior Staff
268316,Rosalie,Minakawa,Senior Engineer
268321,Qunsheng,Lanzelotte,Engineer
268324,Leandro,Merlo,Senior Engineer
268337,Hinrich,Openshaw,Senior Engineer
268339,Sigeru,Jonsson,Engineer
268349,Aleksander,Pelc,Engineer
268351,Mingzeng,Rahimi,Senior Engineer
268352,Candido,Felcyn,Senior Staff
268353,Bernardo,Bellmore,Staff
268354,Temple,Gist,Senior Staff
268355,Gregory,Petereit,Senior Staff
268357,Jiann,Birke,Senior Staff
268359,Sakthirel,Byoun,Senior Staff
268361,Kristof,Kruskal,Senior Staff
268365,Hinrich,Ossenbruggen,Senior Staff
268366,Jaques,Moffat,Senior Engineer
268369,Teiji,Porenta,Senior Engineer
268372,Masaki,Lorys,Staff
268381,Gennady,Greenaway,Engineer
268384,Aruna,Kambil,Senior Staff
268386,Jiong,Bardell,Senior Engineer
268388,Takanari,Pietrzykowski,Senior Engineer
268391,Fumiya,Fritzsche,Senior Engineer
268393,Ung,Garigliano,Senior Staff
268398,Mircea,Zastre,Senior Staff
268403,Muzhong,Llado,Senior Engineer
268405,Keiichiro,Penz,Technique Leader
268407,Yongdong,Madeira,Senior Staff
268408,Shahar,Brendel,Senior Staff
268414,Genki,Middleton,Technique Leader
268416,Mahendra,Ermel,Senior Staff
268419,Constantino,Champarnaud,Senior Staff
268420,Maren,Macedo,Senior Engineer
268421,Toshimitsu,Uludag,Senior Staff
268424,Jessie,Wynblatt,Staff
268425,Caolyn,Koblick,Engineer
268430,Erez,Avouris,Senior Engineer
268436,Phuoc,Onuegbe,Senior Engineer
268437,Toshiko,Naumovich,Technique Leader
268440,Ashish,Ressouche,Senior Staff
268441,Shuzo,Baaleh,Senior Staff
268445,Phuoc,Waschkowski,Assistant Engineer
268447,Denis,Shackel,Senior Engineer
268452,Renny,Picht,Senior Engineer
268455,Vishwani,Selvestrel,Senior Staff
268462,Jackson,Chenoweth,Senior Engineer
268465,Zhilian,Riefers,Staff
268466,Youngkon,Baer,Senior Engineer
268468,Seongbin,Ranze,Engineer
268469,Christ,Chaudhuri,Staff
268474,Sastry,Ghandeharizadeh,Senior Staff
268475,Eldridge,Dredge,Senior Engineer
268480,Apostol,Kropf,Staff
268483,Zita,Mayerwieser,Senior Staff
268485,Visit,Wielonsky,Engineer
268486,Fumino,Pews,Senior Engineer
268487,Gay,Kaelbling,Staff
268489,Zita,Fontan,Senior Staff
268492,Marie,Flowers,Technique Leader
268494,Ramachenga,Azadmanesh,Senior Staff
268498,Ziya,Setlzner,Staff
268499,Heping,Staudhammer,Engineer
268500,Yaghout,Weedman,Senior Staff
268501,Xiadong,Ariola,Senior Staff
268502,Hongzhu,Ramaiah,Engineer
268507,Tadahiro,Rajaraman,Senior Engineer
268509,Chrisa,Cardazo,Senior Engineer
268513,Alenka,Macedo,Technique Leader
268518,Arif,Gihr,Staff
268522,Pranjal,Beetstra,Engineer
268523,Ghassan,Foong,Staff
268527,Muzhong,Zucker,Senior Staff
268530,Aria,Mayerwieser,Engineer
268539,Nikolaos,Atchley,Engineer
268541,Goh,Rettelbach,Senior Staff
268544,Howell,Backhouse,Senior Staff
268548,Mahendra,Spieker,Staff
268550,Jaihie,Zaiane,Engineer
268555,Rildo,Kornyak,Engineer
268561,Thanasis,Thummel,Senior Staff
268569,Remmert,Sifakis,Senior Staff
268574,Koldo,Dredge,Senior Engineer
268580,Lucien,Matzov,Senior Engineer
268585,Kazuyasu,Monkewich,Engineer
268592,Remzi,Mateescu,Senior Engineer
268596,Matk,Demian,Senior Staff
268601,Goncalo,Ratnaker,Senior Staff
268603,Dietrich,Farrag,Senior Engineer
268607,Larisa,Collette,Senior Engineer
268608,Nechama,Ouhyoung,Senior Staff
268613,Tadahiko,Cherinka,Assistant Engineer
268614,Shigeu,Krzyzanowski,Senior Engineer
268615,Lansing,Koshiba,Senior Staff
268616,Conal,Adachi,Senior Engineer
268620,Leszek,Kossowski,Senior Staff
268624,Fay,Erev,Senior Engineer
268626,Djenana,Rabejac,Engineer
268629,Randy,Junot,Staff
268633,Kshitij,Litecky,Technique Leader
268637,Erez,Chleq,Engineer
268638,Janalee,Gien,Staff
268639,Anwar,Nitsch,Senior Staff
268644,Chandrasekaran,Diderrich,Senior Staff
268646,Golgen,Garrabrants,Senior Staff
268650,Jaques,Willoner,Engineer
268652,Frazer,Bojadziev,Staff
268655,Yahiko,Mandell,Engineer
268656,Gaetan,Copas,Senior Staff
268659,Pradeep,Weedon,Senior Staff
268661,Mohammad,Zaccaria,Senior Staff
268665,Hyuckchul,Panwar,Senior Engineer
268667,Munir,Piazza,Senior Staff
268677,Odinaldo,Heemskerk,Senior Engineer
268678,Xiaoqiang,Tsukune,Senior Staff
268681,Macha,Emiris,Senior Staff
268684,Yinghua,Ramras,Staff
268690,Martial,Emiris,Senior Staff
268695,Chuanti,Tagansky,Senior Engineer
268697,Patricio,Chorvat,Senior Staff
268698,Hercules,Streng,Senior Staff
268699,Nadjib,Azadmanesh,Senior Staff
268701,Jiang,Segond,Senior Engineer
268702,Rosine,Hennings,Engineer
268706,Berthier,Rissanen,Senior Engineer
268709,Arunachalam,Rassart,Senior Staff
268717,Zejun,Pettis,Senior Engineer
268722,Muneo,Marshall,Senior Engineer
268723,Aleksander,Wegerle,Senior Engineer
268726,Jianwen,Thummel,Senior Engineer
268728,Jouni,Kuszyk,Senior Engineer
268732,Doowon,Magliocco,Staff
268740,Fumiya,Zhang,Senior Engineer
268742,Gianluca,Halloran,Senior Engineer
268747,Kitty,Casperson,Senior Engineer
268748,Hsiangchu,Ruther,Senior Staff
268761,Zhanqiu,Buescher,Senior Staff
268772,Aron,Baak,Senior Staff
268778,Guadalupe,Akazan,Engineer
268779,Mooi,Krichel,Senior Engineer
268782,Gao,Riesenhuber,Senior Staff
268783,Padma,Paciorek,Technique Leader
268785,Tristan,Swift,Senior Engineer
268787,Herbert,Hiyoshi,Senior Engineer
268790,Franziska,Baumann,Senior Engineer
268791,Xiaobin,Felder,Staff
268792,Frederique,Ventosa,Senior Engineer
268795,Takahiro,Lakshmanan,Engineer
268796,Ayakannu,Panangaden,Engineer
268804,Shuho,Peng,Senior Staff
268808,Elliott,Brandsma,Senior Engineer
268815,Syozo,Merey,Senior Staff
268822,Siddarth,dAstous,Senior Engineer
268829,Mingdong,Brandsma,Engineer
268838,Mabry,Jumpertz,Senior Engineer
268839,Zeljko,Slutz,Staff
268848,Lene,Vandervoorde,Senior Engineer
268849,Emdad,Naudin,Senior Staff
268854,Caolyn,Chachaty,Assistant Engineer
268855,Jaihie,Lally,Engineer
268856,Kazuhiro,Doering,Senior Engineer
268858,JoAnne,Fritzsche,Senior Staff
268859,Sailaja,Sridhar,Senior Engineer
268860,Mooi,Aloisi,Senior Engineer
268861,Duke,Ecklund,Senior Engineer
268862,Jianhui,Rassart,Staff
268863,Sanjeeva,Pleszkun,Senior Engineer
268864,Suzette,Vecchi,Senior Engineer
268867,Tetsurou,Parascandalo,Senior Engineer
268872,Elvia,Peac,Technique Leader
268874,Gou,Radwan,Senior Engineer
268876,Pohua,Hofmeyr,Staff
268880,Mary,Strooper,Senior Staff
268885,Gila,Portugali,Senior Staff
268886,Yuuichi,Perelgut,Engineer
268887,Krister,Calkin,Senior Engineer
268892,Bokyung,Senzako,Staff
268898,Uno,Kushnir,Senior Staff
268901,Zengping,Segond,Engineer
268902,Arup,Krohm,Senior Staff
268905,Shaw,Schach,Senior Staff
268906,Serenella,Erdmenger,Staff
268911,Randi,Carrera,Staff
268912,Gully,DuBourdieux,Technique Leader
268913,Takanari,Worfolk,Senior Staff
268914,Barry,Alpin,Senior Engineer
268916,Koichi,Wilfing,Senior Staff
268919,Shay,Rosin,Senior Engineer
268920,Danny,Hammerschmidt,Senior Staff
268922,Eishiro,Bonifati,Senior Staff
268925,Udo,Boissier,Senior Staff
268928,Nikolaus,Gopalakrishnan,Senior Staff
268934,Jeong,Binding,Senior Engineer
268935,Munehiko,Gimbel,Senior Engineer
268936,Yongdong,Lunn,Senior Staff
268938,Kerhong,Peltason,Technique Leader
268941,Danny,Edelhoff,Senior Engineer
268947,Kazuhiro,Pargaonkar,Engineer
268953,Baruch,Schaft,Senior Staff
268957,Heather,Schapire,Staff
268960,Kish,Kobara,Senior Engineer
268961,Yifei,Improta,Technique Leader
268962,Chaosheng,dAstous,Senior Engineer
268965,Kiyomitsu,Attimonelli,Senior Staff
268967,Tooru,Snedden,Technique Leader
268968,Van,Wilharm,Senior Engineer
268969,Lein,Kermarrec,Senior Staff
268977,Luigi,Baak,Engineer
268981,Miomir,Schusler,Staff
268985,Unal,Sichman,Senior Engineer
268992,Basil,Genther,Senior Staff
268995,Toney,Mawatari,Senior Engineer
268999,Persi,Back,Engineer
269000,Tadanori,Krybus,Staff
269008,Ranga,Emmart,Senior Staff
269011,Ferdinand,Schwabacher,Senior Engineer
269012,Ronghao,Puoti,Senior Engineer
269017,Prodip,Worfolk,Senior Engineer
269018,Edwin,Uehara,Staff
269019,Vasiliy,Mundy,Senior Staff
269020,Sven,McAffer,Senior Engineer
269022,Masoud,Gunderson,Senior Engineer
269027,Ult,Ranum,Senior Engineer
269029,Fan,Bouloucos,Staff
269030,Aruna,Masada,Senior Staff
269039,Lenore,Alpin,Assistant Engineer
269041,Yahiko,Picaronny,Assistant Engineer
269049,Felicidad,Furudate,Senior Engineer
269051,Jianhua,Yurov,Senior Engineer
269052,Georg,Katzenelson,Technique Leader
269059,Chrisa,Cummings,Staff
269063,Alois,Berztiss,Senior Staff
269066,Brigham,Plavsic,Senior Engineer
269069,Vishv,Mundy,Senior Engineer
269077,Ayakannu,Senzako,Senior Engineer
269080,Sumant,Crelier,Senior Engineer
269081,Tiina,Besancenot,Senior Engineer
269086,Tooru,Bolotov,Senior Staff
269089,Xianlong,Hofstetter,Assistant Engineer
269091,Uriel,Reeker,Senior Engineer
269093,Unal,Debuse,Senior Engineer
269096,Bogdan,Giaccio,Senior Staff
269097,Sverrir,Lalonde,Engineer
269098,Bader,Steinauer,Senior Engineer
269101,Beshir,Hiyoshi,Assistant Engineer
269102,Kyoichi,Spinelli,Staff
269107,Candida,Ritzmann,Senior Engineer
269109,Karlis,Goldhammer,Senior Staff
269117,Pranav,Basart,Staff
269118,Alejandro,Siegrist,Staff
269119,Georgi,Perl,Senior Staff
269120,Shaunak,Slutz,Staff
269121,Odysseas,Gammage,Staff
269126,Jaroslava,Rodham,Senior Engineer
269127,Poorav,Ishibashi,Senior Staff
269133,Janche,Krychniak,Senior Engineer
269134,Serge,Barriga,Senior Staff
269139,Jeane,Gewali,Senior Staff
269151,Unal,Zaumen,Senior Engineer
269157,Leaf,Asrin,Senior Staff
269159,Saniya,Leslie,Staff
269161,Oksana,Feldmann,Senior Engineer
269171,Surveyors,Menhardt,Senior Staff
269172,Bernardo,Gewali,Staff
269180,Subir,VanScheik,Senior Staff
269184,King,Gonthier,Senior Engineer
269188,Pramod,Szilard,Senior Engineer
269195,Bouchung,Lalonde,Staff
269196,Yonghoan,Schlenzig,Senior Staff
269197,Kiyokazu,Undy,Senior Engineer
269201,Houman,Thiran,Senior Staff
269202,Jagoda,Rahier,Senior Staff
269205,Fumitake,Junet,Senior Staff
269207,Arumugam,Back,Staff
269216,Weijing,Zweizig,Senior Staff
269224,Shahab,Zwicker,Senior Staff
269226,Tesuya,Schurmann,Senior Engineer
269233,Jahangir,Redmiles,Senior Staff
269237,Maik,Naudin,Senior Staff
269239,Kazuhira,Hoogerwoord,Senior Staff
269240,Saddek,Luck,Staff
269241,Zhiguo,Kuzuoka,Senior Engineer
269248,Ibibia,Serna,Engineer
269252,Behnaam,Schwartzbauer,Staff
269253,Feipei,Rusmann,Senior Engineer
269256,Zongyan,Huttel,Technique Leader
269257,Sivanarayana,Tibblin,Staff
269259,Duro,Wolniewicz,Senior Staff
269265,Gadiel,Docker,Engineer
269268,Khatoun,Steinauer,Staff
269269,Leucio,Buchter,Senior Staff
269270,Manohar,Melton,Senior Staff
269271,Boaz,Zizka,Senior Staff
269275,Parke,Spinelli,Senior Staff
269279,Aria,Staelin,Engineer
269281,Satyanarayana,Murtha,Senior Engineer
269285,Hsiangchu,Falco,Senior Engineer
269286,Sorina,Lamba,Staff
269290,Mohan,Seuren,Senior Engineer
269293,Hairong,Kamber,Senior Engineer
269296,Genevieve,Budinsky,Senior Staff
269300,Venkatesan,Sudbeck,Senior Staff
269301,Persi,Rathonyi,Engineer
269303,Toshimori,Lund,Senior Engineer
269305,Sergi,Prenel,Senior Engineer
269309,Hatim,Pelz,Engineer
269311,Gino,Chepyzhov,Senior Engineer
269315,Geoffrey,Kleiser,Senior Engineer
269316,Bartek,Luby,Senior Engineer
269317,Debatosh,Cairo,Staff
269320,Sushant,Gewali,Senior Staff
269323,Shunichi,Conte,Senior Staff
269324,Barna,Ozery,Senior Staff
269329,Kristina,Hofman,Senior Engineer
269330,Mooi,Lichtner,Senior Staff
269331,Subhash,Itzigehl,Senior Engineer
269333,Etsuo,Bolsens,Engineer
269338,Kazunori,Merli,Senior Engineer
269341,Aluzio,Keohane,Senior Engineer
269343,Serge,Emiris,Engineer
269345,Reuven,Farrag,Engineer
269348,Remko,Barvinok,Technique Leader
269349,Jouni,Birch,Staff
269350,Luigi,Iwayama,Staff
269351,Armond,Zuberek,Senior Staff
269359,Branimir,Paludetto,Engineer
269364,Younwoo,Tchuente,Senior Engineer
269365,Khalid,Decleir,Engineer
269368,Shalesh,Tasistro,Senior Engineer
269373,Jasminko,Thambidurai,Technique Leader
269381,Hugh,Peak,Senior Engineer
269385,Fay,Aumann,Senior Engineer
269390,Dietrich,Suomi,Engineer
269392,Jaana,Polupanov,Staff
269394,Teiji,Noriega,Assistant Engineer
269399,Danny,Iacovou,Senior Engineer
269400,Shuho,Murillo,Senior Engineer
269402,Mona,Weiland,Senior Engineer
269409,Oscal,Luan,Senior Staff
269413,Zhensheng,Rodiger,Senior Staff
269414,Izaskun,Khalil,Senior Engineer
269419,Goa,Liesche,Senior Staff
269423,Sajjad,Kolinko,Senior Engineer
269427,Poorav,Stille,Senior Engineer
269428,Tesuya,Lagarias,Senior Engineer
269429,Sedat,Brodal,Assistant Engineer
269432,Hideyuki,Fujisawa,Senior Engineer
269435,Shuho,Benveniste,Engineer
269437,Jolita,Chinen,Senior Staff
269439,Kerryn,Billingsley,Senior Staff
269440,Paraskevi,Otillio,Engineer
269441,Pradeep,Zschoche,Senior Engineer
269443,Ute,Schaad,Engineer
269446,Leif,Merel,Senior Staff
269447,Steen,Gulik,Engineer
269450,Baoqiu,Simmen,Technique Leader
269452,Shaowei,Zuberek,Engineer
269453,Yishai,Chaudhuri,Senior Staff
269458,Alois,Ligten,Senior Engineer
269461,Noritoshi,Zastre,Senior Staff
269462,Basem,Zlotek,Senior Engineer
269463,Duke,Karlin,Senior Staff
269464,Toshimo,Bressoud,Engineer
269466,Khalil,Baer,Senior Engineer
269468,Ramachenga,Stroustrup,Senior Engineer
269473,Greger,Driscoll,Senior Staff
269474,Tomofumi,Stille,Engineer
269477,Insup,Bahi,Staff
269495,King,Androutsos,Senior Staff
269500,Dung,Ramsak,Senior Engineer
269501,Udi,Delaune,Senior Staff
269505,Erzsebet,Basawa,Senior Engineer
269513,Kensei,Rodiger,Senior Staff
269516,Ronnie,Rosca,Staff
269519,Nigel,Beidas,Assistant Engineer
269524,Margo,Zongker,Senior Engineer
269525,Theirry,Mitchem,Engineer
269526,Gopalakrishnan,Oaver,Senior Staff
269529,Phule,Choobineh,Staff
269534,Kwok,Trogemann,Senior Engineer
269537,Tua,Gunderson,Senior Engineer
269539,Shaz,Peha,Engineer
269541,Jaewon,Compeau,Senior Engineer
269550,Mohammad,Berztiss,Engineer
269552,Chiranjit,Kakkad,Senior Engineer
269556,Indrajit,Lodder,Senior Staff
269557,Khedija,Ranon,Senior Engineer
269562,Shim,Henders,Technique Leader
269564,Zita,Schiettecatte,Senior Staff
269565,Maik,Rosar,Technique Leader
269570,Eben,Kermarrec,Senior Staff
269572,Richara,Leslie,Senior Staff
269576,Odoardo,Herath,Staff
269580,Rafael,Impagliazzo,Senior Staff
269581,Tonny,Hasenauer,Senior Staff
269583,Mori,Mattern,Staff
269587,Visit,Hedayat,Senior Staff
269590,Baruch,Boguraev,Engineer
269592,Kauko,Argence,Engineer
269594,Domenick,Lund,Senior Engineer
269598,Rajmohan,Junot,Technique Leader
269605,Sudhanshu,Aamodt,Staff
269606,Sadok,Pluym,Senior Engineer
269611,Shahar,Bultermann,Engineer
269612,Gregory,Vandervoorde,Senior Staff
269614,Filipp,Murthy,Senior Engineer
269616,Yakkov,Apsitis,Senior Engineer
269617,Xianlong,Perng,Senior Engineer
269619,Elliott,Ramalingam,Engineer
269621,Mohan,Preusig,Senior Engineer
269623,Billie,Melichar,Senior Engineer
269625,Martien,Fairtlough,Senior Engineer
269627,Howell,Rullman,Technique Leader
269635,Garnet,Munro,Senior Staff
269636,Bedrich,Genther,Senior Staff
269637,Mandell,Emmart,Engineer
269639,Georg,Rousseau,Engineer
269641,Ymte,Lamma,Senior Engineer
269647,Abdulah,Oskamp,Staff
269648,Martial,Kirkerud,Senior Engineer
269654,Mansur,Langford,Engineer
269656,Aris,Danlos,Senior Engineer
269658,Arnould,Kambil,Engineer
269659,Huai,Bennis,Senior Staff
269661,Arve,Syang,Senior Staff
269662,Shih,Benantar,Senior Staff
269665,Koichi,Demir,Senior Engineer
269667,Mabry,Dalphin,Engineer
269668,Erez,Egerstedt,Senior Engineer
269672,Xiaoheng,Masaki,Senior Engineer
269675,Padma,Cannard,Senior Engineer
269676,Tuval,Hmelo,Senior Engineer
269678,Richard,Coney,Senior Engineer
269680,Fusako,Hanabata,Senior Engineer
269684,Aloke,Melter,Senior Staff
269686,Hidde,Rosay,Senior Staff
269691,Ulises,Weiland,Engineer
269692,Nevio,Valette,Senior Staff
269694,Haldun,Picht,Staff
269695,Slavian,Kadhim,Technique Leader
269697,Candido,Weisert,Senior Staff
269698,Miomir,Savasere,Senior Staff
269703,Palash,Parfitt,Engineer
269705,Kensyu,Soloway,Senior Staff
269706,Berni,Wissmann,Senior Staff
269708,Kousuke,Remmers,Engineer
269712,Kazunori,Vieth,Senior Engineer
269714,Xiahua,Zucker,Senior Staff
269715,Ohad,Crelier,Senior Engineer
269719,Fai,Brodal,Senior Staff
269720,Perla,Penttonen,Senior Engineer
269725,Sarita,Ranon,Senior Engineer
269726,Goo,Valiente,Technique Leader
269729,Augustine,Butner,Engineer
269730,Jordanka,Ranft,Senior Engineer
269736,Francoise,Picco,Staff
269739,Ekawit,Reistad,Senior Staff
269742,Danel,Masand,Technique Leader
269744,Younwoo,Kornyak,Staff
269748,Ortrud,Albarhamtoshy,Senior Staff
269753,Akemi,Siochi,Senior Staff
269758,Oldrich,Speckmann,Senior Engineer
269761,Jayson,Janetzko,Engineer
269768,Khaled,Rusterholz,Senior Engineer
269772,Doowon,Hennebert,Senior Engineer
269775,Kellie,Katzenelson,Senior Engineer
269776,Achilleas,Pelc,Senior Staff
269779,Kazuhisa,Syang,Senior Engineer
269780,Weijing,Terkki,Engineer
269781,Xiaobin,Lanphier,Staff
269788,Tonny,Barreiro,Engineer
269790,Shen,Gustavson,Technique Leader
269792,Gopalakrishnan,Lorcy,Senior Staff
269800,Tadahiro,Juneja,Senior Engineer
269802,Gregory,Tiemann,Senior Staff
269804,Lucian,Coney,Engineer
269811,Khoa,Jansch,Senior Staff
269812,Dayanand,Thorensen,Senior Staff
269813,Chaitali,Egerstedt,Staff
269817,Shigehito,Savasere,Senior Staff
269825,Zdislav,Reeken,Senior Staff
269828,Itzchak,Khamsi,Senior Staff
269829,Shen,Eugenio,Technique Leader
269830,Yaghout,Narahari,Senior Engineer
269832,Ranan,Zallocco,Senior Engineer
269833,Mihalis,Turnbull,Senior Staff
269834,Wuxu,Erde,Senior Staff
269835,Rasikan,Massonet,Senior Staff
269841,Vasilis,Jumpertz,Senior Staff
269843,Seshu,Hammerschmidt,Engineer
269848,Premal,Mayerwieser,Assistant Engineer
269850,Lucian,Anily,Engineer
269853,Marsha,Hmelo,Engineer
269854,Shih,Gente,Engineer
269865,Mohammed,Scharstein,Senior Engineer
269870,Aamer,Soloway,Staff
269873,Hidekazu,Danner,Senior Staff
269874,Susumu,Angot,Senior Engineer
269875,Ravishankar,Erde,Technique Leader
269877,Mads,Servi,Senior Staff
269878,Premal,Oehlmann,Staff
269879,Ziva,Bahl,Senior Engineer
269883,Valdiodio,Lalonde,Senior Staff
269885,Salvador,Tetzlaff,Senior Engineer
269893,Tayeb,McAlpine,Senior Staff
269898,Unal,Castellani,Staff
269902,Samphel,Rosenbaum,Senior Engineer
269907,Abdulah,Butterworth,Assistant Engineer
269911,Yakichi,Lienhardt,Senior Staff
269912,Zhenhua,Spelt,Engineer
269913,Alain,Jervis,Senior Staff
269914,Fan,Baer,Senior Engineer
269917,Duro,Velasco,Technique Leader
269918,Stella,Pelc,Senior Staff
269922,Susanna,Kakkar,Senior Staff
269923,Sanjiv,Vadhan,Staff
269924,Francoise,Berstel,Senior Staff
269929,Lijia,Clemencon,Senior Staff
269931,Anneli,Cummings,Engineer
269935,Fei,Candan,Senior Engineer
269936,Cathie,Bratsberg,Senior Staff
269943,Arve,Couchot,Senior Engineer
269945,Berto,Baezner,Technique Leader
269948,Akeel,Gopalakrishnan,Technique Leader
269949,Val,Tyugu,Engineer
269950,Huei,Irland,Senior Engineer
269952,Lijie,Kroha,Senior Engineer
269955,Fabrizio,Katiyar,Technique Leader
269963,Ravishankar,Maraist,Senior Staff
269964,Leucio,Milicic,Engineer
269968,Shahid,Nourani,Senior Staff
269969,Premsyl,Schaap,Senior Engineer
269975,Idoia,Salvesen,Senior Engineer
269976,Marko,Ghemri,Senior Staff
269980,Kamran,Bazzichi,Senior Staff
269982,Aiichiro,Sundgren,Senior Staff
269985,Mingsen,Kriebel,Senior Staff
269987,Falguni,Crouzet,Senior Staff
269988,Giao,Shimshoni,Senior Engineer
269992,Yuchang,Sadowski,Technique Leader
269993,Taizo,Comte,Staff
270000,Anwar,Eterovic,Senior Engineer
270004,Annemarie,Keirsey,Staff
270006,Selwyn,Bolsens,Senior Engineer
270008,Tetsushi,England,Senior Engineer
270020,Mahmut,Vendrig,Senior Engineer
270026,Moss,Ghalwash,Senior Staff
270027,Theirry,Binkley,Senior Engineer
270033,Muneo,Sluis,Senior Engineer
270037,Jianhao,Hedayat,Technique Leader
270039,Minghong,Ecklund,Senior Staff
270040,Eric,Schueller,Senior Engineer
270041,Stafford,Emmerich,Engineer
270042,Gor,Orsini,Senior Staff
270044,Maren,Falck,Senior Engineer
270045,Tetsushi,Randt,Staff
270046,JoAnna,Vesna,Senior Engineer
270047,Kerryn,Oehlmann,Senior Staff
270052,Sanjay,Serna,Technique Leader
270054,Xiadong,Passafiume,Senior Staff
270058,Oscal,Rodite,Senior Engineer
270062,Maha,Tomescu,Staff
270065,Domenico,Siksek,Senior Engineer
270068,Mantis,Gimbel,Engineer
270076,Gadiel,Rohrbach,Staff
270077,Krisda,Hanabata,Senior Engineer
270082,Kien,Georgakopoulos,Staff
270087,Kinh,Ranum,Senior Engineer
270094,Jolita,Billawala,Senior Engineer
270095,JoAnne,Matzov,Senior Engineer
270097,Eirik,Malinowski,Staff
270099,Krister,Rosaz,Staff
270103,Edwin,Melski,Senior Engineer
270106,Jeane,Vanwelkenhuysen,Senior Engineer
270109,Mara,Fujisaki,Senior Staff
270112,Jayson,Ritzmann,Senior Staff
270120,Oguz,Gluchowski,Senior Engineer
270121,Kaijung,Ritcey,Senior Staff
270123,Saeed,Bach,Senior Staff
270125,Shih,Hettesheimer,Technique Leader
270130,Kayoko,Ashish,Senior Staff
270135,Mary,Heyers,Engineer
270138,Debatosh,Kawashimo,Senior Engineer
270142,Xuejun,DuBourdieux,Senior Staff
270144,Takahira,Uchoa,Engineer
270145,Brigham,Pell,Senior Staff
270146,Bernt,Cappelli,Senior Engineer
270148,Serap,Heydon,Assistant Engineer
270149,Zhanqiu,Busillo,Senior Staff
270150,Atreyi,Bellone,Senior Engineer
270151,Christoph,Chiodo,Senior Staff
270154,Perry,Lortz,Senior Engineer
270162,Kitty,Joslin,Senior Engineer
270165,Mahendra,Trelles,Senior Staff
270170,Martijn,Litzkow,Senior Engineer
270173,Younwoo,Keohane,Senior Engineer
270174,Mabhin,Herath,Engineer
270175,Anoosh,Bugrara,Senior Staff
270179,Yakichi,Chepyzhov,Senior Staff
270180,Magdalena,Chiodo,Engineer
270181,Renee,Dichev,Engineer
270184,Udo,Azumi,Senior Staff
270189,Kitty,Cronau,Senior Staff
270190,Hyuckchul,Gerlach,Senior Staff
270201,Lillian,Pileggi,Senior Engineer
270204,Tadahiro,Pena,Engineer
270207,Vasilii,Papadias,Senior Staff
270212,Denny,Hinsberger,Senior Engineer
270213,Kristin,Khalid,Staff
270215,Rasikan,Wuwongse,Senior Staff
270216,Spyrose,Underwood,Senior Engineer
270219,Yurij,Schlumberger,Senior Engineer
270228,Boaz,Luca,Senior Staff
270229,Odysseas,Emmart,Senior Engineer
270234,Demos,Munck,Senior Staff
270235,Zeydy,Sundgren,Staff
270239,Huican,Haddadi,Senior Staff
270245,Lillian,McAlpine,Engineer
270246,Tristan,Lunt,Senior Engineer
270247,Mats,Szmurlo,Senior Staff
270249,Juichirou,Reeker,Engineer
270253,Kasturi,Basart,Senior Engineer
270258,Feipei,Hasenauer,Senior Engineer
270259,Christoper,Onuegbe,Technique Leader
270262,Jeong,Schreiter,Senior Engineer
270265,Akeno,Raoux,Senior Engineer
270269,Remzi,Kinley,Engineer
270272,Jouko,Huttel,Senior Staff
270275,Geoffrey,Akazan,Senior Engineer
270276,Katsuo,Delgrossi,Technique Leader
270281,Chinho,Buescher,Senior Engineer
270284,Alper,Buchter,Engineer
270290,Younwoo,Asser,Staff
270292,Lena,Tempesti,Assistant Engineer
270293,Vitali,Hmelo,Senior Engineer
270295,Kazuhiko,Esposito,Senior Engineer
270296,Jasminko,Barvinok,Senior Staff
270299,Genta,Akazan,Senior Staff
270302,Eckart,Bellmore,Technique Leader
270303,Shaibal,Biros,Senior Engineer
270304,Amabile,Ramsak,Engineer
270309,Uma,Rodite,Senior Engineer
270312,Gilbert,Plessier,Staff
270313,Vidya,Swift,Staff
270318,TRUE,Macedo,Staff
270320,Tetsushi,Azulay,Senior Engineer
270322,Dannz,Zastre,Senior Engineer
270325,Rimon,Roccetti,Senior Engineer
270326,Emran,Rettelbach,Senior Staff
270332,Sajjan,Chachaty,Senior Staff
270336,Christ,Docker,Senior Engineer
270339,Sashi,Hanratty,Senior Engineer
270344,Goa,Erie,Senior Staff
270348,Nitsan,Rubsam,Senior Staff
270349,Kellyn,Herath,Senior Engineer
270354,Tiina,Lovengreen,Senior Engineer
270359,JiYoung,Demir,Senior Staff
270361,Leon,Ritzmann,Engineer
270362,Satosi,Wursthorn,Senior Engineer
270364,Anoosh,Pellegrinelli,Engineer
270371,Moon,Capobianchi,Senior Staff
270373,Maris,Rattan,Staff
270382,Jeane,Merks,Senior Staff
270383,Marsha,Boguraev,Staff
270388,Dung,Rullman,Staff
270389,Zissis,Dayana,Staff
270391,Szabolcs,Kumaresan,Senior Engineer
270394,Suvo,Improta,Senior Engineer
270401,Uri,Baez,Senior Staff
270403,Suebskul,Cherinka,Staff
270404,Gaurav,Minakawa,Staff
270406,Masato,Trogemann,Senior Staff
270409,Yuchang,Merlo,Senior Engineer
270410,Dannz,Rodier,Staff
270416,Jianwen,Perly,Senior Engineer
270421,Kayoko,Rodite,Engineer
270424,Ferdinand,Lamba,Senior Engineer
270425,Hatsukazu,Chinen,Senior Engineer
270427,Shahid,Kruskal,Engineer
270428,Mariusz,Bolsens,Senior Staff
270431,Cullen,Setia,Assistant Engineer
270435,Elvis,Leuchs,Staff
270438,King,Whitcomb,Senior Staff
270448,Becky,Snedden,Senior Engineer
270450,Sedat,Biran,Staff
270453,Sadok,Perri,Staff
270463,Kwee,Hebert,Senior Engineer
270464,Taegyun,Felder,Senior Staff
270480,Radhia,Heuser,Technique Leader
270482,Muneo,Businaro,Senior Engineer
270486,Randy,Schwabacher,Senior Staff
270488,Augustine,Genther,Engineer
270492,Achilleas,Leonhardt,Engineer
270496,Kolar,Peak,Senior Staff
270500,Alexius,Heering,Senior Engineer
270509,Moni,Taubenfeld,Senior Engineer
270510,Claude,Bazelow,Senior Engineer
270512,Bernardo,Kropp,Engineer
270521,Heekeun,Demos,Engineer
270527,Hinrich,Strandh,Senior Staff
270528,Weiru,Narwekar,Senior Staff
270529,Tamiya,Heinisuo,Senior Engineer
270531,Mana,Francisci,Senior Staff
270532,Geoffry,Riexinger,Senior Engineer
270533,Roselyn,Standera,Staff
270534,Taizo,Fasbender,Senior Staff
270536,Elgin,Vuskovic,Senior Engineer
270547,Rimon,Nyrup,Assistant Engineer
270552,Venkatesan,Greibach,Senior Staff
270555,Michaela,Marquardt,Engineer
270556,Baocai,Makrucki,Engineer
270557,Achilleas,Baig,Engineer
270560,Brendon,Turnbull,Senior Engineer
270561,Sanjoy,Marrakchi,Senior Staff
270564,Abdelaziz,Pearson,Senior Staff
270579,Godehard,Denna,Senior Engineer
270581,Duri,Ritzmann,Senior Staff
270583,Xinyu,Nitsche,Assistant Engineer
270584,Yakkov,DuCasse,Engineer
270585,Anneke,Glinert,Senior Engineer
270589,Jinpo,Blokdijk,Engineer
270596,Uriel,Gien,Staff
270599,Zeljko,Munck,Senior Engineer
270605,Moriyoshi,Fendler,Senior Engineer
270613,Isamu,Kusakari,Staff
270618,Xiaoheng,Crooks,Engineer
270625,Rajmohan,Azevdeo,Senior Engineer
270630,Masaru,Lortz,Senior Staff
270633,Duri,Millington,Senior Staff
270634,Akeel,Vakili,Senior Engineer
270639,Yongdong,Decleir,Senior Engineer
270641,Hongzue,Itzfeldt,Senior Staff
270643,Guther,Luit,Senior Engineer
270644,Sachio,Sambasivam,Senior Engineer
270649,Slavian,Baik,Engineer
270651,Amstein,Passino,Senior Engineer
270655,Terresa,Benveniste,Staff
270658,Ewing,Beidas,Senior Engineer
270659,Jessie,Ranum,Senior Engineer
270662,Hausi,Copas,Engineer
270664,Tsuneo,Brodal,Staff
270667,Domenico,Schnelling,Senior Staff
270668,Fox,Socorro,Senior Staff
270669,Leen,Farrel,Staff
270674,Khoa,Murtafg,Senior Staff
270677,Yannik,Pargaonkar,Senior Staff
270679,JoAnne,Cannata,Technique Leader
270683,Dzung,Salinas,Engineer
270690,Hausi,Monkewich,Engineer
270695,Marit,Dahlbom,Staff
270698,Hongzhu,Lieblein,Senior Engineer
270699,Barun,Vandervoorde,Staff
270700,Duke,Hinsberger,Senior Staff
270702,Hailing,Birrer,Senior Staff
270704,Rosella,Leivant,Senior Engineer
270709,Naraig,Pietracaprina,Senior Engineer
270712,Eric,Riexinger,Assistant Engineer
270713,Persi,Baer,Engineer
270717,Sailaja,Cooke,Assistant Engineer
270718,Berhard,Birta,Senior Engineer
270719,Anestis,Gente,Staff
270721,Margo,Luby,Staff
270729,Sadun,Cichocki,Staff
270730,Rafols,Parascandalo,Staff
270732,Ghassan,Itzigehl,Staff
270735,Yucai,Beausoleil,Senior Staff
270737,Xinyu,Marsiglia,Senior Engineer
270738,Shen,Serdy,Senior Staff
270740,Toney,Kohling,Senior Engineer
270741,Shigenori,Setlzner,Senior Engineer
270742,Takahito,Merlo,Senior Engineer
270748,Tetsushi,Shackel,Technique Leader
270754,Odinaldo,Kropf,Senior Engineer
270755,Masadi,Perelgut,Engineer
270764,Khatoun,Terwilliger,Senior Staff
270765,Stafford,Flanders,Senior Staff
270766,Jianhao,Cherinka,Senior Staff
270767,Sivanarayana,Colorni,Senior Engineer
270768,Tuval,Smeets,Senior Engineer
270770,Petter,Cronin,Senior Staff
270773,Matt,Himler,Engineer
270774,DeForest,Marshall,Senior Staff
270783,Aamod,Vilarrasa,Staff
270784,Piyush,Docker,Senior Staff
270785,Yurii,Zaiane,Staff
270787,Utpal,Wolniewicz,Engineer
270795,Domenico,Diderrich,Senior Staff
270796,Phuoc,Rosar,Engineer
270803,DeForest,Cannane,Engineer
270805,Weidon,Khamsi,Technique Leader
270810,Gonzalo,Braccini,Senior Staff
270818,Moss,Terekhov,Engineer
270820,Nahid,Pettis,Senior Engineer
270822,Kwun,Rodier,Senior Staff
270830,Xiaoqiang,Angiulli,Senior Staff
270831,Troy,Homond,Staff
270838,Yurij,Jiang,Senior Staff
270842,Masasuke,Birke,Senior Staff
270849,Tamiya,Matzel,Senior Staff
270851,Rosalyn,Anger,Staff
270856,Claudi,Anido,Senior Staff
270860,Clyde,Ossenbruggen,Senior Engineer
270863,Sibyl,Huttel,Engineer
270870,Caolyn,Baaleh,Senior Staff
270872,Nathalie,Mansanne,Senior Staff
270874,Vitaly,Terlouw,Senior Engineer
270875,Tadahiro,Magalhaes,Technique Leader
270876,Katsuyuki,Grabner,Senior Engineer
270877,Sariel,Iwayama,Senior Staff
270879,Jahangir,Sigstam,Senior Engineer
270880,Heekeun,Gecsei,Senior Staff
270884,Isamu,Encarnacion,Senior Engineer
270885,Yuuichi,Veldwijk,Staff
270887,Hiroyasu,Kropatsch,Senior Staff
270888,Dannz,Rodham,Staff
270889,Berto,Thebaut,Senior Engineer
270890,Basant,Ohori,Senior Engineer
270898,Arno,Tanemo,Staff
270906,Raimond,Furedi,Senior Engineer
270908,Chriss,Brendel,Senior Engineer
270909,Ortrud,Cromarty,Engineer
270912,Guadalupe,Hemaspaandra,Senior Staff
270913,Wojceich,Zallocco,Engineer
270914,Monique,Staelin,Staff
270915,Constantino,Taubenfeld,Senior Engineer
270919,JiYoung,Zweizig,Senior Staff
270921,Adam,Wilfing,Engineer
270922,Aram,Rouquie,Senior Engineer
270930,Fumiyo,Ellozy,Senior Engineer
270932,Changho,Kriebel,Senior Staff
270935,Shan,Jenevein,Staff
270951,Mario,Hasham,Engineer
270952,Guozhong,Luce,Senior Staff
270957,Foong,Oskamp,Senior Engineer
270958,Miyeon,Laurillard,Staff
270959,Odysseas,Danley,Senior Engineer
270966,Hongzue,Heering,Senior Staff
270970,Jaroslava,Picaronny,Senior Engineer
270973,Malu,Kalloufi,Senior Engineer
270983,Shen,Einsfeld,Staff
270985,Parto,Boguraev,Senior Engineer
270987,Goa,Aloisi,Technique Leader
270988,Basant,Binding,Senior Engineer
270993,Irena,Heusch,Staff
271007,Bezalel,Ponthieu,Senior Staff
271008,Masaru,Plotkin,Senior Engineer
271013,Ipke,Bage,Senior Engineer
271016,Mihalis,Morton,Senior Staff
271017,Vitali,Bardell,Engineer
271019,Mitchel,Geffroy,Senior Staff
271023,Syozo,Lamba,Senior Staff
271026,Zongyan,Otillio,Staff
271032,Babette,Escriba,Staff
271033,Anyuan,Sidou,Senior Staff
271034,Billie,Delaune,Engineer
271039,Cedric,Colorni,Senior Engineer
271040,Chirstian,Sidou,Senior Staff
271046,Heon,Birke,Senior Staff
271048,Kristin,Cangellaris,Engineer
271050,Takushi,Koblick,Senior Staff
271052,Hauke,Hiroyama,Senior Engineer
271053,Bernd,Baby,Senior Engineer
271054,Fayez,Schrooten,Senior Staff
271063,Ramzi,Morrow,Senior Engineer
271068,Nahla,Angel,Senior Staff
271070,Yannis,Kornatzky,Senior Engineer
271072,Palash,Marzano,Senior Staff
271073,Lijie,Lambe,Senior Engineer
271074,Vitali,Szmurlo,Staff
271077,Kannan,Stille,Senior Engineer
271080,Kwangsub,Alencar,Staff
271081,Shih,Giaccio,Engineer
271082,Arch,Suwa,Senior Staff
271084,Duri,Trystram,Senior Engineer
271085,Maria,Beutelspacher,Senior Engineer
271092,Subbu,Hennings,Senior Staff
271098,Fay,Hasham,Senior Engineer
271099,Aleksander,Lyonns,Senior Engineer
271103,Berry,Shigei,Senior Staff
271109,Vincent,Bednarek,Engineer
271113,Barun,Kenevan,Staff
271117,LiMin,Gulik,Senior Staff
271120,Vidar,Penn,Senior Staff
271124,Shooichi,Jarecki,Senior Staff
271125,Khun,Birnbaum,Staff
271135,Chinho,Brattka,Senior Staff
271143,Mizuhito,Farris,Senior Engineer
271145,Stella,Shackel,Senior Staff
271148,Adel,Czaja,Assistant Engineer
271150,Nikolaus,Kroha,Senior Engineer
271155,Chinhyun,Strooper,Technique Leader
271157,Masaki,Hemaspaandra,Senior Staff
271166,Zsolt,Chachaty,Staff
271172,Chandrasekaran,Heijenga,Senior Engineer
271174,Mantis,Aloisi,Senior Staff
271175,Jeanna,Viele,Senior Engineer
271179,Jaewoo,Murrill,Senior Staff
271186,Frederique,Engberts,Senior Engineer
271188,Chanjung,Stiles,Technique Leader
271189,Eirik,Plump,Staff
271190,Pradeep,Genther,Staff
271192,Tooru,Marchegay,Staff
271199,Tzvetan,Karner,Staff
271201,Franziska,Lagarias,Senior Engineer
271203,Karoline,Poupard,Engineer
271205,Caolyn,Hartvigsen,Senior Engineer
271206,Zongyan,Makrucki,Senior Staff
271208,Lalit,Ozery,Engineer
271210,Lokesh,VanScheik,Senior Engineer
271212,Christfried,Pappas,Senior Engineer
271213,Shrikanth,Gide,Staff
271216,Martins,Lammel,Assistant Engineer
271222,Sampalli,Homond,Senior Engineer
271231,Munehiro,Terlouw,Senior Engineer
271232,Ingmar,Demian,Senior Engineer
271234,Naftali,Gluchowski,Senior Staff
271236,Visit,Krybus,Senior Staff
271238,Doohun,Gomatam,Senior Engineer
271243,Tsutomu,Provine,Senior Engineer
271255,Shahid,Kusakabe,Senior Engineer
271261,Xiaoshan,Improta,Engineer
271263,Elvia,Conti,Senior Engineer
271268,Shietung,Rajcani,Senior Engineer
271271,Yurii,Seghrouchni,Senior Staff
271272,Willard,Matheson,Senior Engineer
271275,Kwangho,Chorvat,Senior Engineer
271282,Kamran,Siochi,Senior Staff
271283,Abdelghani,Karnin,Technique Leader
271284,Jackson,Barvinok,Senior Engineer
271296,Billur,Demri,Senior Staff
271297,Diederik,Pillow,Senior Engineer
271300,Gilbert,Curless,Senior Staff
271304,Kazuhito,Granlund,Engineer
271305,Lena,Zolotykh,Engineer
271306,Karoline,Flasterstein,Senior Engineer
271307,Shaowei,Pietrzykowski,Senior Staff
271311,Christ,Gargeya,Senior Staff
271313,Atreyi,Plavsic,Senior Engineer
271318,Jahangir,Kambil,Engineer
271319,Hideo,Rosin,Senior Staff
271326,Idoia,Szmurlo,Senior Staff
271330,Phillip,Werthner,Staff
271337,Amabile,Vecchi,Senior Engineer
271340,Zhongwei,Farris,Engineer
271341,Ramzi,Talmor,Senior Engineer
271344,Eckart,Rodiger,Senior Staff
271347,Ramachenga,Driscoll,Senior Staff
271348,Kwangho,Pettis,Senior Engineer
271350,JoAnna,Strooper,Senior Staff
271352,George,Sevcikova,Senior Engineer
271368,Narain,Tramer,Senior Engineer
271369,Zhenbing,Peak,Senior Engineer
271370,Pasqua,Schreiter,Senior Engineer
271371,Neven,Irland,Senior Engineer
271372,Bartek,Setia,Senior Engineer
271374,Stabislas,Gajiwala,Senior Staff
271376,Giap,Manderick,Senior Engineer
271380,LiMin,Dahlbom,Senior Engineer
271381,Brigham,Schaft,Staff
271383,Nishit,Syang,Senior Engineer
271384,Kwangho,Peron,Senior Staff
271385,Abdelwaheb,Sgarro,Staff
271390,Carrsten,Templeman,Senior Engineer
271392,Mansur,Farrel,Senior Engineer
271400,Elrique,Narwekar,Assistant Engineer
271403,Baocai,Kuzuoka,Senior Staff
271411,Akhilish,Muniz,Senior Engineer
271412,Nigel,Setiz,Senior Engineer
271415,Ortrud,Bisiani,Senior Staff
271421,Nectarios,Litvinov,Senior Engineer
271425,Mana,Lalonde,Engineer
271429,Mostafa,Gustavson,Senior Staff
271436,Fei,Cummings,Engineer
271438,Alois,Asrin,Engineer
271451,Bluma,Leijenhorst,Senior Staff
271452,Hitomi,Bergere,Engineer
271453,Shalesh,Gadepally,Senior Staff
271455,Sven,Krogh,Staff
271459,Kenroku,Plump,Senior Engineer
271460,Paraskevi,Danecki,Staff
271462,Gonzalo,Conte,Staff
271463,Duri,Quittner,Staff
271468,Evgueni,Kawashima,Senior Staff
271469,Martien,Bisiani,Senior Staff
271470,Rosine,Siochi,Technique Leader
271477,Naftali,Whittlesey,Senior Engineer
271480,Arumugam,Cooley,Senior Staff
271488,Fatemeh,Improta,Senior Engineer
271491,Fen,Snedden,Senior Staff
271493,Ulises,Jullig,Senior Engineer
271495,Lena,Falco,Senior Engineer
271497,Salvador,Bojadziev,Senior Engineer
271502,Munir,Vickson,Engineer
271504,Olivera,Clemencon,Senior Staff
271505,Alenka,Itschner,Engineer
271508,Toong,Cappello,Senior Engineer
271509,Roded,Hiroyama,Engineer
271517,Jasminko,Salvesen,Engineer
271518,Maia,Bazzichi,Engineer
271520,Ayakannu,Zucker,Senior Engineer
271532,Bilhanan,Heering,Senior Staff
271536,Luisa,Henders,Senior Engineer
271537,Gio,Tiemann,Senior Engineer
271539,Yakkov,Rosca,Staff
271541,Vidya,Cronau,Staff
271543,Valery,Iisaka,Senior Engineer
271545,Temple,Negoita,Senior Staff
271546,Guoxiang,Flasterstein,Engineer
271549,Bartek,Schauser,Senior Staff
271550,Mats,Menhardt,Senior Staff
271551,Golgen,Hiraishi,Engineer
271554,Lillian,Koprowski,Senior Staff
271560,Mohan,Papastamatiou,Senior Staff
271561,Xiahua,Taubenfeld,Engineer
271563,Sreenivas,Sidhu,Senior Engineer
271564,Horward,Selvestrel,Assistant Engineer
271565,Sugwoo,Juneja,Senior Engineer
271572,Xiong,Jahnichen,Senior Engineer
271575,Karoline,Tsunoo,Engineer
271576,Kirk,Marquardt,Senior Staff
271579,Mechthild,Luan,Engineer
271580,Khun,Delgrossi,Senior Staff
271588,Sailaja,Valtorta,Engineer
271589,Yuriy,Krohn,Senior Staff
271592,Mansur,Swiss,Senior Staff
271594,Marjo,Jonsson,Technique Leader
271598,Byong,Olivero,Senior Engineer
271602,Troy,Baak,Technique Leader
271603,Szabolcs,Carrere,Senior Staff
271604,Phillip,Bael,Senior Engineer
271605,Demin,Yemenis,Technique Leader
271607,Augustine,Pezzoli,Senior Engineer
271611,Vitaly,Raczkowsky,Senior Engineer
271612,Franziska,Butterworth,Engineer
271620,Tiina,Honiden,Senior Engineer
271623,Utz,Pettis,Staff
271629,Arumugam,Porotnikoff,Senior Engineer
271630,Fai,Peac,Senior Staff
271631,Ravishankar,Litecky,Technique Leader
271632,Susanta,Curless,Senior Staff
271633,Venkatesan,Segond,Senior Staff
271638,Jungsoon,Plavsic,Senior Engineer
271642,Cullen,Solares,Senior Engineer
271644,Pranav,Peroz,Senior Engineer
271645,Roddy,Besselaar,Senior Engineer
271646,Chiradeep,Taubenfeld,Engineer
271648,Jungsoon,Unno,Senior Engineer
271650,Sushant,Morris,Senior Engineer
271653,Feixiong,McAlpine,Senior Staff
271672,Ortrun,DeMori,Engineer
271674,Arif,Slobodova,Senior Staff
271675,Gunilla,Ginneken,Staff
271676,Ottavia,Herath,Senior Staff
271677,Yurii,Syang,Engineer
271679,Shaz,Ladret,Senior Staff
271694,Abdulah,Gilg,Senior Staff
271699,Macha,Kadhim,Staff
271703,Debatosh,Flowers,Senior Staff
271704,Vivian,Gente,Staff
271710,Leszek,Ossenbruggen,Senior Staff
271717,Jouni,Montresor,Senior Engineer
271718,Almudena,Barriga,Staff
271720,Martijn,Cronan,Engineer
271721,Shridhar,Gelosh,Assistant Engineer
271725,Gina,Flasterstein,Senior Engineer
271726,Akeno,Narwekar,Staff
271727,Dmitri,Nourani,Staff
271731,Uta,Rosar,Assistant Engineer
271733,Sigeru,Lubachevsky,Senior Engineer
271735,Danco,Nitsche,Senior Engineer
271736,Anestis,Uhrig,Senior Staff
271740,Maren,Zwicker,Engineer
271743,Anoosh,Itzfeldt,Senior Engineer
271744,Jaroslava,Taubman,Technique Leader
271751,Martins,Zedlitz,Senior Staff
271752,Yuguang,Lipner,Senior Staff
271754,Kenroku,Gente,Senior Staff
271755,Rafail,Syrzycki,Staff
271756,Kiyokazu,Lorie,Senior Staff
271757,Mona,Miyakawa,Staff
271759,Vugranam,Jansen,Senior Engineer
271760,Tzu,Yavatkar,Senior Staff
271763,Alois,Furedi,Senior Staff
271769,Richara,Daescu,Senior Engineer
271770,Mary,Schlegelmilch,Senior Engineer
271771,Zito,Valtorta,Assistant Engineer
271776,Vasilii,Makrucki,Senior Staff
271777,Cedric,Shackel,Senior Engineer
271778,Samphel,Aingworth,Senior Staff
271781,Khalil,Dalton,Senior Engineer
271790,Cathie,Maliniak,Senior Staff
271793,Kenroku,Brendel,Senior Staff
271796,Adin,Silva,Senior Engineer
271801,IEEE,Bernardeschi,Senior Engineer
271803,Tru,Dichev,Senior Staff
271812,Stepehn,Hoppenstand,Senior Engineer
271813,Sham,Raney,Senior Staff
271814,Tze,Rodier,Staff
271816,Chandrasekaran,Przulj,Engineer
271820,Yongmin,Mundy,Engineer
271828,Kamakshi,Braunmuhl,Senior Staff
271831,Akhilish,Bratsberg,Senior Engineer
271832,Ramzi,Perna,Engineer
271837,Narain,Szmurlo,Staff
271846,Abdelghani,Koshino,Staff
271847,Valdiodio,Takanami,Senior Staff
271862,Vidya,Denis,Senior Staff
271863,Moheb,Trachtenberg,Senior Engineer
271864,Berry,Pero,Senior Engineer
271867,Chenye,Aloia,Staff
271871,Joydip,Birjandi,Engineer
271872,Vivian,Scallan,Senior Engineer
271873,Piyush,Jiafu,Senior Staff
271876,Nectarios,Sanella,Senior Staff
271880,Nahum,Giaccio,Senior Staff
271884,Mandell,Cochrane,Senior Engineer
271888,Dekang,Gide,Senior Engineer
271890,Weiyi,Redmiles,Senior Engineer
271891,Karlis,Ouhyoung,Senior Engineer
271893,KayLiang,Godskesen,Senior Staff
271902,Maria,Crouzet,Senior Staff
271906,Bogdan,Kusakari,Staff
271912,Remzi,Snedden,Staff
271914,Doohun,Cyne,Senior Staff
271915,Zhenbing,Anandan,Senior Engineer
271918,Giri,Cronau,Senior Staff
271919,Christophe,Ranta,Senior Engineer
271922,Val,Kalefeld,Senior Staff
271933,Arnould,Ducloy,Staff
271940,Werner,Fiutem,Engineer
271942,Uta,Borstler,Engineer
271953,Dannz,Ebeling,Senior Engineer
271961,Lena,Ladret,Senior Engineer
271962,Stamatina,Ranft,Senior Staff
271968,Weiye,Gill,Senior Engineer
271969,Ranan,Heystek,Senior Engineer
271972,Teruyuki,Baig,Senior Engineer
271973,Mototsugu,Iwayama,Senior Engineer
271974,Alois,Hopewell,Senior Staff
271976,Mary,Kuhnemann,Senior Staff
271980,Shigenori,Angel,Senior Staff
271983,Ute,Lorys,Senior Engineer
271991,Kwangjo,Michaels,Engineer
271992,Zita,Doering,Senior Staff
271997,Werner,Koshiba,Staff
271998,Arne,Peternell,Technique Leader
272007,Sachin,Delaune,Senior Engineer
272009,Deborah,Woycyznski,Senior Engineer
272010,Guenter,Negoita,Staff
272011,Bogdan,Hasenauer,Senior Engineer
272021,Baoqiu,Asrin,Senior Staff
272025,Sigeru,Conry,Senior Engineer
272026,Malu,Restivo,Engineer
272028,Laurentiu,Curless,Senior Engineer
272032,Ronghao,Zschoche,Senior Staff
272034,Zdislav,Atchley,Staff
272035,Armond,Lorys,Senior Engineer
272036,Christoper,Serov,Senior Engineer
272038,Uri,Koshino,Engineer
272041,Younwoo,Gimarc,Senior Staff
272056,Kristinn,Ramamoorthy,Engineer
272059,Zhongwei,Gischer,Engineer
272061,Henk,Guenter,Staff
272065,Jinxi,Terlouw,Senior Engineer
272067,Barton,Luff,Staff
272073,Valeska,Belinskaya,Staff
272080,Masoud,Snedden,Engineer
272085,Arie,Swen,Senior Staff
272089,Reuven,Makrucki,Senior Engineer
272093,Boalin,Alpin,Senior Engineer
272094,Uli,Mamelak,Senior Staff
272096,Geoffrey,Veevers,Senior Staff
272098,Arno,Bashian,Engineer
272100,Berthier,Murtagh,Engineer
272104,Paris,Koshino,Assistant Engineer
272105,Vasiliy,Mahmud,Senior Staff
272109,Kellyn,Famili,Senior Staff
272111,Masadi,Baby,Staff
272114,Heather,Janetzko,Staff
272118,Shigehiro,Ertl,Senior Engineer
272119,Akhilish,Businaro,Senior Engineer
272120,Lunjin,Esposito,Senior Staff
272122,Isaac,Kabayashi,Senior Staff
272123,Sibyl,Warwick,Senior Staff
272125,Ranan,Demir,Senior Engineer
272129,Ulf,Jonsson,Senior Engineer
272132,Juichirou,Ranze,Senior Staff
272133,Demos,Silva,Engineer
272136,Baocai,Werthner,Senior Engineer
272139,Guangming,Zwicker,Senior Staff
272144,Cheong,Scharstein,Technique Leader
272145,Gretta,Homond,Senior Engineer
272146,Tommaso,Tramer,Senior Engineer
272149,Giap,Kopetz,Senior Staff
272159,Siddarth,Nilsson,Senior Staff
272161,Reinhold,Orlowska,Senior Staff
272162,Kwangyoen,Ouhyoung,Staff
272163,Ronghao,Ashish,Staff
272166,Jiang,Dolinsky,Engineer
272170,Zhigen,Vieri,Engineer
272176,Jungsoon,Molenaar,Senior Engineer
272184,Khoa,Nilsson,Assistant Engineer
272188,Vasilii,Luck,Senior Staff
272193,Rance,Carrere,Senior Engineer
272197,Wilmer,Meriste,Staff
272203,Somnath,Pardalos,Senior Staff
272206,Shuzo,Plavsic,Senior Staff
272214,Yurij,Alpin,Senior Engineer
272219,Anoosh,Barinka,Senior Engineer
272222,Heng,McConalogue,Staff
272225,Martijn,Millington,Staff
272227,Gil,Trachtenberg,Senior Staff
272228,Miquel,Stanger,Engineer
272230,Kwangsub,Peternell,Senior Engineer
272239,Weiwu,Falster,Technique Leader
272241,Zorica,Litzkow,Senior Engineer
272248,Make,Schwaller,Senior Engineer
272251,Larisa,Grospietsch,Senior Engineer
272252,Gay,Murillo,Engineer
272254,Danel,Lambe,Senior Staff
272259,Yongqiao,Lorcy,Senior Staff
272267,Jolita,Gadepally,Senior Staff
272269,Jaewoo,Zhang,Senior Engineer
272270,Prodip,DeMori,Staff
272272,Ziva,Fontet,Senior Staff
272273,Pragnesh,Siepmann,Senior Engineer
272280,Pranjal,Rodiger,Staff
272281,Abdelkader,Fairtlough,Senior Engineer
272283,Mack,Siksek,Senior Engineer
272284,Zengping,Heijenga,Senior Engineer
272296,Duro,Bennet,Engineer
272297,Emdad,Rouquie,Senior Staff
272305,Lorien,Oppitz,Senior Staff
272307,Pramod,Hofman,Senior Engineer
272309,Tadahiro,Waeselynck,Senior Engineer
272317,Zhiguo,Luga,Senior Staff
272318,Carrsten,Angot,Senior Staff
272322,Shrikanth,DuCasse,Senior Engineer
272324,Toshiko,Feinberg,Senior Staff
272332,Mang,Schwartzburd,Senior Staff
272334,Shietung,Basagni,Senior Staff
272344,Mamdouh,Vesna,Senior Staff
272346,Masami,Schaar,Staff
272347,Clyde,Farrel,Engineer
272349,Slavian,Standera,Senior Engineer
272353,Kauko,Rajala,Engineer
272355,Ger,Setia,Senior Staff
272357,Xianlong,Baba,Staff
272361,Mechthild,Ramras,Senior Staff
272372,Bernice,Tsunoo,Engineer
272373,Harjit,Stasinski,Senior Engineer
272378,Kamakshi,Ranta,Senior Engineer
272380,Tetsurou,Parhami,Senior Engineer
272385,Vojin,Fraisse,Engineer
272395,Chenyi,Kamble,Senior Engineer
272396,Yuichiro,Maginnis,Senior Engineer
272397,Ravishankar,Rando,Senior Engineer
272400,Nishit,Andreotta,Senior Staff
272404,Debatosh,Woycyznski,Senior Staff
272406,Ger,Zucker,Senior Staff
272408,Uriel,Bridgland,Senior Staff
272409,Tomoyuki,Sudbeck,Senior Staff
272413,Nidapan,Candan,Senior Staff
272415,Vasiliy,Azumi,Senior Engineer
272416,Gio,Greibach,Senior Engineer
272418,Golgen,Versino,Senior Staff
272419,Masanao,Kuhnemann,Senior Staff
272433,Nobuyoshi,Lamba,Senior Staff
272434,Shugo,Ishibashi,Senior Engineer
272436,Muneo,Lieblein,Senior Engineer
272438,Tonia,Litecky,Senior Staff
272439,Luigi,Radwan,Technique Leader
272440,Toshiko,Underwood,Senior Staff
272443,Yuchang,Shinomoto,Technique Leader
272446,Yonghong,Molenkamp,Senior Staff
272448,Constantine,Pearson,Senior Engineer
272456,Billie,Leslie,Technique Leader
272458,Rildo,Moffat,Staff
272462,Flemming,Pagter,Staff
272463,Constantijn,Ranka,Staff
272467,Kwangyoen,Picaronny,Senior Staff
272468,Maha,Hammerschmidt,Technique Leader
272470,Claude,Sinitsyn,Senior Engineer
272471,Wayne,Gerteisen,Senior Staff
272474,Unal,Fordan,Senior Engineer
272475,Shai,Peres,Staff
272479,Yishay,Cappello,Senior Staff
272482,Kwangyoen,Karnin,Senior Engineer
272486,Anneke,Gide,Senior Engineer
272487,Roddy,Stanfel,Senior Staff
272492,Sanjai,Toyoshima,Technique Leader
272494,Yoshimitsu,Murrill,Senior Staff
272495,Chenxi,Osgood,Senior Staff
272498,Mansur,Keohane,Senior Engineer
272500,Mani,Carrere,Senior Staff
272502,Uwe,Wiegley,Senior Engineer
272509,Udi,Kamber,Technique Leader
272514,Douadi,Talmon,Engineer
272516,Mansur,Socorro,Senior Engineer
272520,Shigehito,Gomatam,Technique Leader
272531,Filipe,Schiettecatte,Senior Engineer
272535,Turgut,Baranowski,Senior Staff
272536,Tommaso,Rajala,Senior Staff
272537,Zongyan,Bamford,Senior Staff
272538,Masoud,Hiroyama,Staff
272541,Arie,Bade,Senior Staff
272543,Feiyu,Karunanithi,Senior Engineer
272544,Yefim,Malinowski,Senior Staff
272545,Kasturi,Rando,Senior Staff
272548,Odinaldo,Heuser,Senior Staff
272549,Fumino,Stemann,Engineer
272550,Katsuyuki,Cmelik,Technique Leader
272552,Tetsurou,Azadmanesh,Engineer
272553,Maia,Wegerle,Senior Staff
272555,Atreye,Birnbaum,Assistant Engineer
272561,Adib,Thimonier,Staff
272566,Tonia,Kavraki,Senior Staff
272567,Adas,Klerer,Engineer
272575,Iara,Pfau,Engineer
272577,Mark,Glinert,Senior Engineer
272594,Sanjeeva,Birsak,Technique Leader
272598,Subhankar,Marrakchi,Staff
272601,Marla,Andreotta,Senior Engineer
272604,Xiaoheng,Belinskaya,Staff
272610,Shai,Brickell,Senior Engineer
272611,Naftaly,Conry,Senior Staff
272615,Debatosh,Heyers,Staff
272624,Shounak,Mersereau,Senior Staff
272625,Hitomi,Roccetti,Senior Staff
272626,Sashi,Pena,Senior Engineer
272627,Naraig,Chvatal,Engineer
272631,Jianhua,Liesche,Senior Engineer
272637,Remzi,Greibach,Staff
272638,Mabhin,Honglei,Technique Leader
272639,Marsha,Boudaillier,Senior Engineer
272642,Shahab,Furudate,Senior Engineer
272643,Emdad,Basawa,Senior Staff
272644,Naftaly,Wilharm,Staff
272646,Youngkon,Bahr,Engineer
272648,Jungsoon,Belinskaya,Engineer
272651,Constantino,Orsini,Staff
272653,Mack,Bernardinello,Technique Leader
272654,Piyush,Uehara,Senior Engineer
272657,Vincent,Rusmann,Senior Engineer
272666,Gopalakrishnan,Varker,Senior Staff
272670,Shigeichiro,Schmittgen,Senior Staff
272673,Vitali,Ghalwash,Staff
272674,Tianruo,Selenyi,Senior Engineer
272676,Danny,Hebden,Senior Staff
272677,Narain,Demos,Staff
272681,Jaewon,Matheson,Staff
272682,Aral,Schapire,Engineer
272683,Monique,Cyne,Staff
272685,Emdad,Trachtenberg,Senior Staff
272691,Nectarios,Usery,Senior Staff
272693,Shichao,Douceur,Senior Engineer
272695,Wuxu,Heystek,Senior Staff
272699,Elrique,Uchoa,Senior Engineer
272700,Shahab,Gilg,Staff
272704,Noritoshi,Laurillard,Senior Engineer
272708,Juyoung,Huhdanpaa,Technique Leader
272709,Denny,Rodier,Senior Engineer
272712,Utpal,Heering,Senior Engineer
272720,Yuguang,Carrere,Engineer
272725,Lalit,Thiria,Senior Staff
272726,Marsha,Eppinger,Senior Staff
272727,Adam,Shiratori,Technique Leader
272729,Weicheng,McClurg,Senior Staff
272731,Paraskevi,Kandlur,Engineer
272732,Moss,Henders,Engineer
272742,Zhensheng,Engberts,Senior Engineer
272745,Goa,Maierhofer,Senior Engineer
272754,Sanjit,Ruther,Senior Engineer
272755,Shrikanth,Butterworth,Senior Staff
272758,Qiwen,Rosti,Staff
272762,Kokou,Kamber,Senior Staff
272763,Heekeun,Zambonelli,Senior Engineer
272765,Jinya,Verhoeff,Engineer
272766,Bodh,Kilgore,Senior Engineer
272767,Jongsuk,Schwartzburd,Senior Staff
272769,Shaunak,Huxford,Senior Staff
272774,Dipankar,Krychniak,Senior Staff
272780,Neven,Lemarechal,Staff
272781,Kwan,Shinomoto,Senior Engineer
272783,Babette,Kulisch,Senior Staff
272786,Vesna,Loncour,Senior Engineer
272795,Aemilian,Herbst,Senior Engineer
272802,Marko,Peek,Senior Engineer
272806,Tomokazu,Marrakchi,Staff
272808,Kerryn,Jansen,Senior Staff
272811,Youpyo,Zaccaria,Senior Engineer
272813,Abdelwaheb,Chinal,Engineer
272816,Gita,Litvinov,Senior Staff
272817,Lijia,Maginnis,Senior Engineer
272818,Mong,Eiron,Technique Leader
272819,Naftali,Aloia,Senior Engineer
272820,Kwan,Wuwongse,Assistant Engineer
272825,Kensyu,Bahl,Senior Staff
272826,Odoardo,Ranze,Senior Engineer
272831,Augustine,Mapelli,Senior Staff
272832,Nahid,Zizka,Engineer
272833,Goo,Maierhofer,Senior Staff
272837,Leaf,Thombley,Senior Engineer
272848,Kazuhira,Silva,Senior Staff
272849,Oddvar,Spataro,Senior Engineer
272850,Hugh,Veldwijk,Staff
272855,Rosalyn,Ecklund,Senior Staff
272856,Moss,Danner,Engineer
272857,Yuqun,Theuretzbacher,Senior Engineer
272859,Sachin,Plavsic,Senior Engineer
272861,Gonzalo,Angelopoulos,Senior Engineer
272863,Mang,Hockney,Senior Engineer
272864,Jiong,Hellwagner,Senior Staff
272870,Branimir,Krogh,Senior Engineer
272873,Vitaly,Thibadeau,Senior Engineer
272876,Aamer,Standera,Senior Staff
272878,Shih,Luit,Staff
272881,Moriyoshi,Szmurlo,Senior Staff
272887,Baziley,Acton,Engineer
272895,Berna,Hertweck,Engineer
272897,Gila,Erde,Senior Staff
272902,Junsik,Shumilov,Senior Staff
272903,Sergi,Mundy,Senior Engineer
272904,Seongbin,Basawa,Senior Engineer
272905,Hideyuki,Varker,Senior Engineer
272906,Mamdouh,Panangaden,Engineer
272930,Sasan,Hoogerwoord,Senior Staff
272932,Szabolcs,Veccia,Staff
272934,Xumin,Senzako,Senior Staff
272937,Utpal,Champarnaud,Engineer
272940,Mohua,Heuter,Staff
272943,Temple,Gewali,Senior Staff
272945,Tran,Mayerwieser,Senior Engineer
272947,Kirk,Basawa,Senior Staff
272957,Rafols,Jonsson,Engineer
272958,Marc,Chepyzhov,Senior Engineer
272961,Prodip,Danner,Senior Staff
272963,Berthier,Berztiss,Senior Engineer
272968,Martien,Murrill,Senior Staff
272970,Constantine,Bolsens,Technique Leader
272972,Rafael,Conia,Engineer
272974,Waiman,Klerer,Senior Staff
272975,Sungwon,Armand,Technique Leader
272976,Augustine,Hiraishi,Staff
272984,Marc,Isard,Senior Engineer
272988,Guttorm,Gyorkos,Senior Staff
272990,Mahendra,Ernst,Assistant Engineer
272991,Heejo,Gerlach,Senior Engineer
272992,Spyrose,Streng,Engineer
272995,Yuping,Lampe,Senior Staff
273002,Guiseppe,Middleton,Senior Engineer
273003,Pantung,Rotem,Senior Staff
273004,Sedat,Brlek,Engineer
273007,Yuqun,Ghemri,Senior Engineer
273012,Boutros,Marrevee,Technique Leader
273013,Taisook,Rodiger,Senior Staff
273015,Parviz,Blokdijk,Senior Staff
273019,Lucian,Lampe,Senior Staff
273023,Masasuke,Francisci,Senior Engineer
273025,Petter,Preusig,Technique Leader
273032,Jongsuk,Miyakawa,Senior Engineer
273033,Caolyn,Argence,Senior Engineer
273037,Hongzue,Bernini,Senior Staff
273040,Tayeb,Nanard,Staff
273043,Constantine,Massonet,Senior Engineer
273047,Suzette,Ressouche,Senior Staff
273048,Jaihie,Oehlmann,Senior Engineer
273049,Luisa,Poupard,Senior Staff
273052,Lihong,Gajiwala,Assistant Engineer
273053,Jiong,Hofstetter,Senior Engineer
273060,Kitty,Riefers,Engineer
273063,Tsz,Zuberek,Senior Staff
273065,Vasiliy,Luff,Engineer
273067,Matk,Barinka,Senior Staff
273068,Arfst,Ramaiah,Senior Staff
273070,Bouchung,Ozery,Technique Leader
273074,Shushma,Constantine,Senior Engineer
273075,Nagui,Kuszyk,Technique Leader
273079,Danny,Tsunoo,Engineer
273081,Tsuneo,Hinsberger,Senior Staff
273083,Kazuhito,Vitiello,Senior Engineer
273084,IEEE,Gulla,Staff
273092,Snehasis,Hoogerwoord,Senior Engineer
273095,Souichi,dAstous,Senior Staff
273097,Fumiya,Hoppenstand,Engineer
273098,Ronghao,Viele,Engineer
273102,Spyrose,Goodrum,Engineer
273103,Candida,Pelc,Engineer
273105,Tuval,Basart,Senior Staff
273107,Richard,Ligten,Staff
273108,Zhiguo,Murtafg,Senior Engineer
273109,Demos,Linnainmaa,Staff
273113,Mihalis,Rosay,Senior Engineer
273115,Morrie,Usery,Staff
273120,Alejandro,Imataki,Senior Staff
273126,Shaz,Rissland,Engineer
273127,Susanna,Fujisaki,Assistant Engineer
273128,Xianlong,Schwabacher,Senior Engineer
273129,Sumant,Whitcomb,Senior Staff
273132,Dmitry,Munro,Senior Engineer
273136,Itzchak,Sidje,Senior Staff
273138,Mizuhito,Rebaine,Senior Staff
273144,Vasilii,Leivant,Staff
273146,Arnd,Kaelbling,Senior Engineer
273155,Ung,Loncour,Senior Engineer
273157,Maik,Valtorta,Senior Staff
273158,Kristinn,McClurg,Senior Engineer
273162,Jayesh,Trachtenberg,Staff
273173,Maha,Farris,Senior Staff
273177,Shao,Eickenmeyer,Senior Engineer
273181,Etsuo,Isard,Senior Engineer
273196,Heeju,Honiden,Staff
273198,Martijn,Conti,Engineer
273201,Feipei,Molenkamp,Senior Engineer
273208,Uta,Delgrange,Senior Engineer
273213,Masako,Sommen,Senior Staff
273216,Tristan,Cannata,Senior Engineer
273218,Adel,Picci,Staff
273219,Arlette,Zirintsis,Staff
273223,Ult,Simkin,Senior Engineer
273225,Jeong,Zolotykh,Senior Staff
273227,Ulf,Bratten,Staff
273231,Mong,Schlegelmilch,Senior Staff
273232,Mamdouh,Soicher,Staff
273234,Moto,Pettis,Engineer
273235,Ramya,Ernst,Senior Staff
273238,Yefim,Kamble,Staff
273240,Cordelia,Brendel,Senior Staff
273242,Jianhao,Straney,Staff
273243,Aloke,Collette,Senior Staff
273245,Gil,Teitelbaum,Senior Engineer
273247,Filipp,Kinley,Engineer
273250,Martien,Nergos,Staff
273253,Radhika,Zielinski,Staff
273255,Neven,Haumacher,Senior Staff
273264,Tonny,Broder,Senior Staff
273266,Aiman,Manderick,Staff
273276,Maya,Makrucki,Senior Engineer
273277,Renny,Douceur,Senior Staff
273285,Mabhin,Beetstra,Technique Leader
273289,Zhiwei,Gulik,Engineer
273291,Dante,Cullers,Staff
273292,Rance,Conde,Senior Staff
273293,Koldo,Gornas,Senior Engineer
273296,Tokuyasu,Journel,Engineer
273298,Gennady,Claffy,Senior Engineer
273299,Takushi,Kalorkoti,Staff
273300,Tzu,Katiyar,Engineer
273304,Conrado,Melichar,Engineer
273306,Ziyad,Otillio,Technique Leader
273311,Domenico,Garnier,Senior Staff
273312,Shahaf,Sankaranarayanan,Staff
273318,Baoqiu,Marrakchi,Staff
273322,Jaana,Lagarias,Senior Staff
273323,Toshiko,Masand,Senior Engineer
273325,Shir,Rohrbach,Senior Staff
273326,Aksel,Gulik,Senior Staff
273329,Fumiyo,Scharstein,Staff
273333,Jungsoon,Luff,Senior Staff
273339,Mayuko,Luff,Engineer
273343,Elzbieta,Comyn,Senior Staff
273344,Christ,Heiserman,Technique Leader
273346,Jordanka,Percebois,Senior Engineer
273350,Huei,Kalefeld,Engineer
273351,Kolar,Tanemo,Engineer
273352,Sanjay,Molenkamp,Senior Engineer
273360,Kellie,Bade,Senior Engineer
273367,Shalesh,Munawer,Senior Engineer
273368,Koichi,Pargas,Engineer
273370,Subhada,Ranze,Senior Staff
273381,Yongmao,Bolsens,Engineer
273383,Ekawit,Marsiglia,Senior Staff
273384,Arra,Terkki,Staff
273392,Thanasis,Eldridge,Staff
273393,Herbert,Krohm,Senior Engineer
273395,Mabhin,Jahnichen,Senior Engineer
273398,Masamitsu,Bolsens,Senior Engineer
273399,Shalesh,Lovengreen,Senior Engineer
273400,Berni,Hegner,Senior Engineer
273406,Hitofumi,Randt,Senior Engineer
273409,Nectarios,Camarinopoulos,Senior Staff
273411,Tetsushi,Fabrizio,Staff
273414,Kayoko,Kemmerer,Senior Engineer
273422,Roded,Encarnacion,Senior Engineer
273425,Martina,Bottner,Senior Engineer
273427,Arvind,Melski,Senior Engineer
273429,Abdulah,Lovengreen,Senior Engineer
273433,Flemming,Stellhorn,Senior Staff
273435,Becky,Serov,Senior Staff
273444,Toshimori,Zallocco,Staff
273447,Saddek,Bonifati,Senior Staff
273448,DAIDA,Fairtlough,Senior Engineer
273450,Marco,Randt,Senior Engineer
273469,Moheb,Perin,Senior Engineer
273472,Gaurav,Knightly,Senior Staff
273475,Peternela,Baig,Engineer
273476,Mong,Falster,Senior Staff
273477,Shaowen,Validov,Senior Engineer
273485,Leif,Hmelo,Senior Engineer
273491,Tsz,Pappas,Engineer
273495,Kristen,Frijda,Senior Engineer
273497,Mantis,Birdsall,Senior Staff
273511,Surveyors,Lundstrom,Staff
273513,Chiranjit,Luan,Staff
273523,Stepehn,Birsak,Senior Staff
273527,IEEE,Kolinko,Senior Staff
273530,Xinyu,Kavraki,Senior Staff
273532,Sivanarayana,Bonifati,Senior Staff
273537,Djelloul,Georg,Staff
273540,Karoline,Anick,Senior Staff
273545,Gianluca,Cooley,Engineer
273547,Mohammed,Melichar,Senior Engineer
273549,Sastry,Paludetto,Senior Engineer
273553,Leaf,Kroha,Staff
273555,Ortrun,Standera,Senior Staff
273561,Susanne,McAffer,Senior Engineer
273563,Shaz,Ohori,Senior Engineer
273565,DeForest,Billawala,Engineer
273568,Mizuhito,Kilgore,Senior Staff
273570,Saniya,Halevi,Senior Engineer
273571,Dannz,Pokrovskii,Technique Leader
273575,Neelam,Colorni,Senior Staff
273578,Giao,Saoudi,Senior Staff
273579,Dhritiman,Salvesen,Technique Leader
273593,Ranga,Tyugu,Senior Engineer
273594,Bernd,Huttel,Technique Leader
273595,Qingxiang,Oehlmann,Staff
273596,Wuxu,Schwartzburd,Senior Engineer
273597,Takahira,Penttonen,Senior Engineer
273598,Ayakannu,Hennebert,Engineer
273601,Anwar,Seiwald,Senior Engineer
273617,Theron,Nyanchama,Senior Staff
273627,Mabo,Harnett,Senior Engineer
273631,Richara,Perfilyeva,Staff
273638,Chikara,Farrar,Engineer
273639,Aron,Veeraraghavan,Staff
273645,Jovan,Bultermann,Senior Engineer
273652,Susanta,Fujisaki,Senior Staff
273653,Christfried,Nastansky,Senior Staff
273654,Taegyun,Reinhart,Senior Staff
273657,Jouko,Hashii,Technique Leader
273658,Jaana,Lipner,Senior Staff
273659,Toshimo,Smailagic,Senior Staff
273661,Alper,Heijenga,Engineer
273662,Arunachalam,Baba,Engineer
273663,Bartek,Ananiadou,Senior Staff
273675,Kotesh,Teitelbaum,Staff
273678,Gro,Cronau,Senior Staff
273679,Valeska,Lieberherr,Staff
273684,Mokhtar,Bolotov,Engineer
273687,Bouchung,Beidas,Engineer
273688,Kish,Lienhardt,Staff
273689,Gritta,Setia,Engineer
273699,Fumino,Lung,Staff
273701,Bernardo,Chartres,Senior Engineer
273703,Youpyo,Schach,Senior Staff
273705,Susanne,Stroustrup,Senior Staff
273711,Kensyu,Rodier,Senior Staff
273712,Mart,Miara,Staff
273718,Padma,Nitto,Senior Engineer
273720,Genevieve,Rettelbach,Staff
273721,Kazuhisa,Wegerle,Staff
273723,Basem,Llado,Engineer
273738,Karsten,Vakili,Senior Staff
273739,Arnd,Stamatiou,Senior Staff
273740,Youpyo,Cannata,Senior Staff
273742,Rildo,Armand,Senior Engineer
273745,Tristan,Cusworth,Senior Staff
273749,Youssef,Standera,Senior Engineer
273754,Kristin,Chartres,Staff
273758,DAIDA,Peltason,Senior Staff
273759,Dzung,Hitomi,Senior Engineer
273762,Masoud,Schaap,Engineer
273763,Karoline,Sgarro,Senior Staff
273764,Chrisa,Yurov,Technique Leader
273771,Sudhanshu,Perri,Senior Engineer
273773,Fan,Seuren,Senior Staff
273778,Maik,Landherr,Senior Staff
273782,Shooichi,Kornyak,Senior Staff
273783,Geoffrey,Vesna,Senior Engineer
273789,Mona,Sewelson,Senior Engineer
273791,Fumitaka,Chelton,Senior Engineer
273792,Berna,McClurg,Senior Staff
273795,Jianhao,Lorho,Senior Engineer
273798,Katsuo,Gyimothy,Senior Engineer
273799,Mandell,Schaar,Staff
273814,Sadok,Staelin,Senior Engineer
273822,Mana,Roison,Senior Engineer
273823,Kolar,Salinas,Senior Staff
273825,Demin,Navazio,Senior Engineer
273829,Marsja,Murtafg,Senior Engineer
273831,Kousuke,Farrar,Senior Staff
273832,Dmitri,Hanabata,Engineer
273840,Sasan,Laventhal,Senior Engineer
273843,Arvin,Beetstra,Senior Engineer
273847,Kwangjo,Bale,Senior Staff
273848,Yolla,Brodal,Engineer
273856,Sukumar,Macedo,Senior Engineer
273861,Honesty,Emmart,Senior Engineer
273864,Isaac,Perelgut,Senior Staff
273865,Manohar,Lorch,Senior Staff
273867,Arch,Leaver,Senior Engineer
273871,Kannan,Pleszkun,Engineer
273875,Danny,Rande,Technique Leader
273878,Subhada,Cannard,Senior Staff
273879,Achilleas,Angelov,Senior Engineer
273881,Stamatina,Klerer,Technique Leader
273882,Aris,Hofstetter,Engineer
273883,Sanjit,Rothe,Senior Engineer
273894,Shalesh,Giaccio,Senior Staff
273896,Shushma,Erman,Engineer
273900,Jianhui,Waleschkowski,Senior Engineer
273902,Mabhin,Feldmann,Senior Engineer
273904,Steen,Leijenhorst,Senior Staff
273917,Chriss,Gopalakrishnan,Senior Engineer
273918,Mario,Samarati,Senior Staff
273920,Subhankar,Wilharm,Staff
273925,Bilhanan,Cheshire,Senior Staff
273926,Hisao,Schlenzig,Senior Engineer
273927,Huican,Unno,Technique Leader
273928,Ramachenga,Irland,Staff
273929,Dharmaraja,Garrabrants,Senior Engineer
273931,Shahid,Zykh,Staff
273933,Sreenivas,Parfitt,Senior Staff
273935,Heng,Gils,Senior Engineer
273936,Heon,Kawashima,Senior Staff
273941,Wonhee,Janocha,Senior Engineer
273942,Ayakannu,Boissier,Senior Engineer
273945,Aruna,Rijckaert,Senior Staff
273949,Maik,Cappello,Senior Engineer
273952,Nahla,Braccini,Technique Leader
273953,Maria,Benzaken,Staff
273958,Jiafu,Klerer,Technique Leader
273961,Nagui,Delgrande,Engineer
273963,Ewing,Binding,Senior Engineer
273964,Nathan,Ratnaker,Technique Leader
273972,Danae,Conta,Senior Engineer
273975,Fayez,Koyama,Senior Engineer
273978,Huican,Chenoweth,Senior Staff
273981,Gunilla,Bratsberg,Senior Engineer
273982,Jeanne,Stassinopoulos,Technique Leader
273983,Manohar,Matzen,Senior Engineer
273985,Debatosh,Joslin,Senior Staff
273986,Hilari,Randi,Senior Staff
273987,Emran,Halloran,Senior Engineer
273995,Hilary,Litvinov,Engineer
273997,Yechiam,Braunschweig,Senior Staff
273998,Zvonko,Serdy,Senior Engineer
274002,Taisook,Milicia,Staff
274008,Khalid,Trystram,Senior Staff
274011,Breannda,Mawatari,Senior Staff
274017,Mona,Fortenbacher,Senior Staff
274020,Xianlong,Kusalik,Senior Engineer
274029,Xiong,Randt,Staff
274030,Danil,Mitzlaff,Senior Engineer
274031,Hyuckchul,Fiutem,Engineer
274033,Pranjal,Schwabacher,Assistant Engineer
274036,Hongzue,Butner,Senior Engineer
274044,Yuchang,Erni,Senior Engineer
274048,Susanna,Snyers,Senior Staff
274049,Gill,Rohrbach,Senior Staff
274052,Monique,Hempstead,Senior Engineer
274058,Sachin,Siegrist,Staff
274062,Isaac,Mandell,Engineer
274064,Nevio,Rande,Senior Staff
274066,Navin,Aloisi,Senior Staff
274068,Yuuichi,Arlazarov,Senior Staff
274075,Bingning,Boreale,Senior Engineer
274078,IEEE,Moffat,Senior Engineer
274083,Aram,Paciorek,Senior Engineer
274084,Bernice,Luon,Senior Engineer
274085,Bader,Schmezko,Senior Engineer
274087,Mari,Olano,Engineer
274090,Franziska,Peng,Senior Staff
274091,Elvia,Angel,Staff
274098,Tze,Swab,Staff
274099,Stevo,Perko,Technique Leader
274106,Leon,Herber,Staff
274107,Mingzeng,Oxenboll,Senior Staff
274110,Mahendra,Schapire,Staff
274116,Rasiah,Schwartzburd,Senior Staff
274118,Kinh,Srimani,Senior Staff
274119,Hugo,Narwekar,Engineer
274120,Eishiro,Soloway,Staff
274124,Chikako,McClure,Engineer
274135,Amabile,Luit,Senior Engineer
274137,Sampalli,Berendt,Senior Staff
274139,Narain,Schonegge,Assistant Engineer
274146,Duke,Belinskaya,Engineer
274147,Suvo,Eiron,Senior Engineer
274152,KayLiang,Krupka,Engineer
274155,Supot,Schaar,Senior Staff
274161,TRUE,Szilard,Senior Staff
274168,Kensyu,Clouatre,Senior Engineer
274172,Jinxi,Leppanen,Senior Staff
274174,Guiseppe,Walston,Staff
274176,Kristof,Gronowski,Senior Staff
274179,Boalin,Rahier,Senior Engineer
274181,Yechezkel,Fortenbacher,Senior Staff
274183,Giap,Erdi,Senior Staff
274184,Lucien,Debuse,Engineer
274187,Gao,Sidhu,Senior Staff
274195,Yucel,Gulla,Staff
274197,Geoffrey,Randi,Senior Staff
274199,Kotesh,Dengi,Assistant Engineer
274202,Guoxiang,Christ,Senior Engineer
274208,Terresa,Babb,Senior Engineer
274214,Tomoyuki,Conti,Senior Engineer
274220,Apostol,Karcich,Senior Engineer
274225,Fumitaka,Fioravanti,Engineer
274227,Chenxi,Gniady,Senior Staff
274230,Takanari,Sridhar,Engineer
274238,Geraldo,Kumaresan,Engineer
274239,Juyoung,Borovoy,Senior Staff
274245,Jaroslava,Baalen,Staff
274251,Heon,Kadhim,Senior Staff
274254,Sushant,Saoudi,Senior Engineer
274257,Arif,Kavvadias,Senior Engineer
274260,Constantine,Wuwongse,Staff
274262,Cedric,Scallan,Technique Leader
274268,Goo,Keirsey,Senior Staff
274269,Macha,Nitto,Senior Engineer
274272,Persi,Conia,Senior Staff
274274,Marlo,Kaiser,Staff
274277,Kellyn,Cheshire,Senior Engineer
274278,Horward,Oberman,Engineer
274279,Spyrose,Grandbois,Staff
274282,Saeko,Bernatsky,Staff
274283,Takahira,Sherertz,Staff
274290,Tsuneo,Birke,Senior Engineer
274299,Kish,Puoti,Senior Staff
274303,Val,Gustavson,Engineer
274304,Moto,Sadowski,Senior Engineer
274308,Ramalingam,Lieberherr,Engineer
274319,Sanjay,Gammage,Senior Engineer
274325,Akemi,Conti,Senior Staff
274326,Bernice,Cools,Engineer
274327,Arto,Miake,Senior Engineer
274331,Yakichi,Awdeh,Staff
274333,Ramya,Kampfer,Senior Engineer
274341,Serif,Velardi,Technique Leader
274342,Mihalis,Baca,Senior Staff
274344,Uzi,Millington,Senior Staff
274346,Sadun,Plessier,Senior Engineer
274348,Cheong,Siksek,Senior Engineer
274349,Lubomir,Wilfing,Senior Staff
274351,Alexius,Wilharm,Senior Staff
274352,Spyrose,Barbanera,Staff
274355,Mara,Pfau,Engineer
274360,Shuzo,Oskamp,Senior Engineer
274363,Dannz,Alvarado,Senior Engineer
274364,Reuven,Kavraki,Engineer
274366,Heng,Rassart,Senior Engineer
274371,Genki,Delaune,Senior Staff
274372,Herbert,Atrawala,Senior Engineer
274377,Clyde,Juneja,Senior Engineer
274380,Christoper,Motley,Senior Staff
274381,Chirstian,Hemaspaandra,Engineer
274390,Marsja,Salinas,Staff
274392,Matt,Schrooten,Staff
274393,Uno,Thebaut,Engineer
274397,Rimli,Wendorf,Senior Staff
274401,Inderjeet,Demos,Senior Staff
274410,Teruyuki,Zockler,Senior Staff
274413,Stamatina,Valtorta,Senior Engineer
274419,Satoru,Ponthieu,Engineer
274420,Tomofumi,Neiman,Senior Staff
274422,Supot,Clemencon,Staff
274424,Mansur,Erol,Senior Staff
274427,Guther,Akaboshi,Senior Staff
274428,Lenore,Savasere,Senior Staff
274434,Taisook,Choobineh,Technique Leader
274436,Brewster,Zockler,Senior Staff
274440,Mahmut,Valette,Engineer
274441,Marla,Denis,Senior Staff
274442,Christ,Fairtlough,Senior Engineer
274444,Giri,Qiwen,Senior Staff
274445,Danai,Kriebel,Engineer
274450,Dinah,Vakili,Staff
274458,Arfst,Ghandeharizadeh,Senior Engineer
274459,Manu,Curless,Senior Engineer
274462,Mamdouh,Leonhardt,Senior Staff
274463,Uli,Glowinski,Senior Engineer
274464,Reinhold,Gischer,Senior Staff
274465,Leszek,Stenning,Technique Leader
274468,Gaurav,Gurbaxani,Staff
274473,Rutger,Bhattacharjee,Senior Engineer
274478,Sugwoo,Paludetto,Senior Staff
274482,Shuky,Klerer,Technique Leader
274484,Falguni,Neiman,Staff
274489,Dhritiman,Gulak,Technique Leader
274492,Malu,Zeilberger,Senior Staff
274496,Danae,Boguraev,Technique Leader
274503,Weicheng,Lunt,Senior Staff
274508,Rosli,Vickson,Senior Staff
274511,Stafford,Pews,Engineer
274514,Kersti,Rijckaert,Senior Engineer
274519,Remmert,Farrel,Senior Staff
274523,Mani,Cronin,Senior Engineer
274526,Yuichiro,Ramsay,Senior Engineer
274529,Candida,Staylopatis,Senior Engineer
274530,Gad,Bazzichi,Senior Staff
274534,Freyja,McClurg,Senior Engineer
274543,Teruyuki,Marrakchi,Senior Staff
274548,Anestis,Auria,Staff
274549,Fen,Olano,Senior Staff
274550,Bezalel,Frolund,Senior Engineer
274554,Sakthirel,Rattan,Senior Engineer
274560,Snehasis,Pusterhofer,Senior Engineer
274563,Masaki,Serre,Senior Engineer
274564,Gao,Eterovic,Senior Staff
274569,Hatem,Ramsak,Senior Engineer
274570,Zijian,Rodham,Engineer
274572,Barton,Restivo,Staff
274574,Chirstian,Bharadwaj,Senior Staff
274576,Krassimir,Benzaken,Senior Staff
274584,Dayanand,Pelz,Engineer
274585,Aleksandar,Itzfeldt,Senior Staff
274586,Masali,Rodite,Senior Staff
274595,Shaowen,Krychniak,Engineer
274596,Roddy,Simkin,Senior Staff
274598,Terresa,Gischer,Staff
274603,Harjit,Erie,Senior Staff
274606,Chaitali,Pardalos,Senior Engineer
274612,Bodh,Masaki,Senior Staff
274620,Palash,Codenie,Staff
274621,Baoqiu,Falco,Senior Engineer
274624,Fun,Serna,Technique Leader
274625,Fatemeh,Assaf,Senior Staff
274627,Ibibia,Cooke,Senior Engineer
274643,Marit,Oxman,Engineer
274645,Yannis,Liedekerke,Engineer
274646,Sanjeeva,Frijda,Senior Staff
274658,Sushant,Henseler,Engineer
274659,Alain,Dichev,Staff
274667,Eben,Gente,Senior Staff
274673,Sandeepan,Shumilov,Engineer
274676,Niteen,Mondadori,Engineer
274679,Vatsa,Cochrane,Senior Engineer
274683,Elrique,Strooper,Senior Engineer
274689,Youssef,Kisuki,Senior Engineer
274690,Wuxu,Paludetto,Staff
274696,Hailing,Armand,Assistant Engineer
274701,Yuping,Thummel,Engineer
274704,Masanao,Rothe,Senior Staff
274706,Xiaoqiu,Thimonier,Staff
274710,Arfst,Lubachevsky,Senior Staff
274711,Akemi,Baig,Staff
274713,Chiranjit,Krychniak,Engineer
274714,Marit,Kakkad,Senior Engineer
274716,Jungsoon,Legleitner,Senior Engineer
274721,Magdalena,Strooper,Technique Leader
274725,Aral,Molenkamp,Engineer
274729,Manibrata,Glinert,Senior Engineer
274731,Babette,Landherr,Senior Staff
274732,Oguz,Whitcomb,Senior Engineer
274735,Noritoshi,Haldar,Senior Staff
274742,Sadok,Demos,Senior Engineer
274743,Irena,Driscoll,Senior Staff
274746,Taegyun,Slutz,Senior Engineer
274748,Parviz,Atchley,Engineer
274749,Luisa,Danner,Staff
274754,Eberhardt,Peternell,Assistant Engineer
274755,Richara,DasSarma,Staff
274757,Jiann,Pettis,Senior Staff
274760,Goh,Prampolini,Senior Engineer
274761,Jianwen,Milicia,Senior Engineer
274764,Dharmaraja,Pepe,Technique Leader
274765,Srinidhi,Baranowski,Senior Engineer
274767,Yuuichi,Gubsky,Senior Engineer
274769,Lorien,Etalle,Technique Leader
274772,Palash,Busillo,Senior Staff
274785,Sandeepan,Krohn,Senior Staff
274789,Magy,Hinsberger,Engineer
274790,Ennio,DuBourdieux,Staff
274794,Nitsan,Hertweck,Engineer
274795,Sukumar,Baca,Senior Staff
274806,Uma,Vecchio,Senior Engineer
274809,Taiji,Jayawardene,Senior Engineer
274816,Shigehiro,Minakawa,Senior Staff
274817,Sastry,Hainaut,Senior Engineer
274820,Kyoichi,Naudin,Senior Engineer
274825,Kwangyoen,Demke,Senior Staff
274826,Petter,Ligten,Staff
274832,Kristof,Sidhu,Staff
274833,Chikako,Krohm,Senior Engineer
274836,Almudena,Furudate,Senior Engineer
274838,Katsuyuki,Petereit,Staff
274842,Phillip,Dredge,Technique Leader
274845,Satoru,Schaad,Senior Engineer
274846,Poornachandra,Krohm,Staff
274856,Fayez,Weedman,Staff
274857,Fayez,Luce,Senior Staff
274858,Jayesh,Standera,Senior Engineer
274868,Leen,Pillow,Senior Staff
274869,Nadjib,Bressoud,Technique Leader
274872,Przemyslawa,Sessa,Senior Engineer
274874,Chenye,Pietracaprina,Senior Engineer
274875,Teruyuki,Erbe,Senior Engineer
274879,Kwangho,Skafidas,Engineer
274884,Chiradeep,Ramras,Staff
274886,Kaijung,Kaminger,Staff
274893,Sverrir,Kropatsch,Engineer
274894,Oldrich,Zaiane,Assistant Engineer
274896,Kazuyasu,Snedden,Senior Staff
274898,Qiwen,Deyuan,Senior Engineer
274899,Chenxi,Panienski,Engineer
274903,Fusako,Crooks,Senior Staff
274904,Makato,Auria,Engineer
274907,Weiwu,Msuda,Senior Staff
274910,Parke,Braccini,Senior Staff
274913,Dmitry,Ishibashi,Senior Engineer
274919,Piyush,Kaminger,Engineer
274925,Sadun,Meriste,Senior Engineer
274927,Amstein,Delgrande,Senior Engineer
274930,Vojin,Steinauer,Engineer
274932,Mikhail,Schmiedel,Senior Staff
274935,Christoper,Cannane,Staff
274945,Stein,Barriga,Engineer
274951,Shiv,Ulupinar,Senior Engineer
274955,Elvis,Perri,Senior Engineer
274971,Alper,Kitsuregawa,Senior Engineer
274972,Gretta,Thorelli,Senior Engineer
274976,Godehard,Otillio,Senior Engineer
274980,Sahrah,Slobodova,Senior Staff
274983,Shahab,Gecsel,Senior Engineer
274984,Tesuya,Marshall,Senior Staff
274985,Alagu,Emmerich,Senior Engineer
274986,Utpal,Munke,Staff
274987,Yuping,Choobineh,Staff
274991,Xinyu,Gide,Senior Staff
274993,Sanjai,Cardazo,Senior Staff
274994,Tru,Casperson,Senior Staff
274996,Abdelghani,Fioravanti,Senior Engineer
274998,Shigeaki,Barvinok,Technique Leader
275001,Katsuo,Mitina,Senior Staff
275002,Hercules,Yurek,Engineer
275004,Wuxu,Mamelak,Engineer
275005,Adas,Murthy,Senior Staff
275008,Rosine,Perl,Senior Engineer
275009,Kwun,Rettelbach,Staff
275011,Leen,Wallrath,Senior Staff
275014,Herb,Kolvik,Senior Staff
275020,Valeri,Danley,Senior Staff
275022,Lansing,Yoshimura,Senior Staff
275026,Oguz,Tzvieli,Assistant Engineer
275027,Sham,Bolotov,Senior Engineer
275032,Horward,Rubsam,Technique Leader
275035,Kasidit,Benner,Senior Staff
275036,Sachin,Erez,Senior Engineer
275037,Dmitry,Spelt,Senior Staff
275040,Howell,Stassinopoulos,Senior Engineer
275042,Filipe,Gide,Staff
275043,Haldon,Coors,Senior Staff
275048,Nidapan,Gniady,Senior Engineer
275054,Girolamo,Butterworth,Senior Engineer
275070,Yongdong,Maccarone,Engineer
275074,Eran,Akaboshi,Senior Engineer
275076,Foong,Barbanera,Senior Staff
275083,Pranjal,Kopetz,Assistant Engineer
275085,Utz,Beetstra,Senior Engineer
275088,Hilary,Kieras,Senior Engineer
275090,Elvia,Ramaiah,Senior Staff
275091,Saeko,Pouyioutas,Staff
275092,Remko,Schmiedel,Senior Engineer
275099,Saeed,Dalton,Senior Engineer
275100,Hisao,Lung,Senior Engineer
275102,Mabry,Shiratori,Engineer
275106,Unal,Muhling,Senior Engineer
275107,Hauke,Fiebach,Senior Engineer
275110,Pradeep,McConalogue,Senior Engineer
275115,Vitali,Huttel,Technique Leader
275120,Jaideep,Aamodt,Senior Staff
275126,Abdelkader,Dichev,Senior Staff
275133,Vasiliy,Buchter,Staff
275138,Mona,Oxenboll,Senior Engineer
275139,Qingxiang,dAstous,Technique Leader
275144,Taegyun,Varman,Senior Engineer
275148,Shahid,Vesna,Senior Staff
275150,Naftali,Pollacia,Senior Engineer
275155,Kazuhiko,Kampfer,Staff
275160,Raimond,Rusmann,Staff
275165,Nathan,Muchinsky,Senior Staff
275166,Hairong,Vieri,Senior Engineer
275175,Doowon,Camarinopoulos,Senior Engineer
275181,Yuchang,Kriebel,Senior Engineer
275182,Poornachandra,Engberts,Senior Engineer
275184,Tse,Emiris,Senior Staff
275189,Sachar,Katzenelson,Engineer
275190,Phuoc,Lanphier,Staff
275194,Doowon,Shobatake,Senior Engineer
275200,Lucian,Angel,Senior Staff
275207,Gad,Scharstein,Senior Staff
275209,Heng,Rosch,Engineer
275211,Mong,Veccia,Staff
275214,Tran,Besancenot,Senior Engineer
275220,Jiafu,Rabejac,Senior Engineer
275221,Masadi,Merro,Senior Staff
275225,Mong,Luce,Staff
275228,Jenwei,Huxford,Senior Engineer
275229,Berna,Gewali,Engineer
275234,Persi,Quittner,Senior Staff
275236,Marsja,Pepe,Senior Staff
275237,Kwok,Griswold,Engineer
275239,Guther,Collette,Senior Staff
275252,Candida,Murtagh,Senior Engineer
275256,Gudjon,Emmart,Senior Engineer
275257,Kasidit,Yavatkar,Senior Engineer
275258,Chuanti,Dayana,Senior Staff
275261,Gita,Thisen,Senior Engineer
275264,Sajjan,Otillio,Engineer
275266,Arve,Vernadat,Staff
275269,Sahrah,Jullig,Senior Engineer
275270,Mountaz,Hettesheimer,Technique Leader
275272,Alassane,Foong,Senior Staff
275275,Shmuel,Pileggi,Engineer
275281,Nadjib,Veevers,Senior Staff
275283,Xiaopeng,Ozery,Senior Engineer
275285,Mana,Aingworth,Technique Leader
275288,Sadegh,Sommen,Senior Staff
275292,Hsiangchu,Malinowski,Senior Engineer
275293,Gadiel,Orsini,Engineer
275296,Halsur,Francisci,Engineer
275303,Gopalakrishnan,Schaap,Engineer
275308,Samphel,Chinin,Senior Staff
275309,Jessie,Muchinsky,Engineer
275313,Serge,Keustermans,Senior Staff
275315,Hsiangchu,Denti,Senior Engineer
275319,Mani,Vadhan,Staff
275325,Oscal,Sigstam,Engineer
275334,Gio,Fordan,Senior Engineer
275337,Ortrud,Matzke,Senior Engineer
275340,Jiann,Breugel,Senior Staff
275343,Aamod,Heusch,Engineer
275347,Parke,Spinelli,Senior Staff
275348,Woody,Gist,Staff
275352,Sanjoy,Kalloufi,Senior Staff
275354,Jordanka,Eugenio,Senior Engineer
275356,Shuho,Halevi,Engineer
275357,Ziya,Orsini,Senior Staff
275359,Fabrizio,Suri,Senior Staff
275364,Nishit,Muntz,Staff
275367,Maren,Hebert,Staff
275369,Pohua,Kermarrec,Senior Staff
275370,Basem,Plesums,Staff
275372,Xuejia,Danecki,Senior Engineer
275374,Salvador,Samarati,Senior Engineer
275378,Vatsa,Heyers,Technique Leader
275379,Seshu,Pulkowski,Senior Staff
275382,Naraig,Trogemann,Staff
275386,Parke,Lortz,Staff
275389,Hitofumi,Seiwald,Staff
275392,Zhiwei,Wroclawski,Staff
275393,Geoff,Kushnir,Senior Engineer
275394,Ferdinand,Karner,Assistant Engineer
275403,Fei,Farrag,Technique Leader
275405,Tua,Leivant,Senior Staff
275407,Florina,Beutelspacher,Senior Engineer
275410,Marin,Businaro,Senior Staff
275411,Feixiong,Horswill,Senior Staff
275412,Elvia,Billawala,Staff
275421,King,Cooley,Senior Staff
275424,Abdelkader,Birge,Engineer
275426,Shigeu,Waterhouse,Engineer
275428,Bernd,Onuegbe,Senior Staff
275429,Lansing,Pietracaprina,Engineer
275431,Fumitake,Gomatam,Engineer
275435,Fumiya,Gluchowski,Senior Staff
275447,Denny,Begiun,Senior Engineer
275448,Yongqiao,Felder,Senior Staff
275449,Ronghao,Lambe,Technique Leader
275453,Aemilian,Hegner,Senior Staff
275458,Gonzalo,Barbanera,Senior Staff
275460,Zine,Egerstedt,Engineer
275461,Tua,Famili,Senior Staff
275466,Danco,Puoti,Senior Engineer
275467,Takahiro,Eiter,Senior Engineer
275469,Arne,Borstler,Senior Engineer
275477,Prasadram,Vigier,Engineer
275478,Hsiangchu,Ranai,Assistant Engineer
275479,Georgi,Ratnakar,Senior Staff
275487,Chaosheng,Bolsens,Senior Engineer
275501,Khun,Poupard,Engineer
275502,Hailing,Muntz,Senior Staff
275504,Aluzio,Bahi,Engineer
275509,Lobel,Beznosov,Senior Staff
275510,Berry,Murthy,Senior Engineer
275512,Sham,Denny,Senior Staff
275515,Gurbir,Qiwen,Staff
275516,Mang,Taubman,Senior Staff
275517,Sungwon,Kambil,Senior Staff
275523,Shiv,Khalid,Staff
275527,Arnould,Swick,Assistant Engineer
275531,Doohun,Macedo,Senior Engineer
275532,Denis,Katiyar,Staff
275533,Takanari,Muhling,Senior Staff
275534,Troy,Oxman,Senior Staff
275539,Ebru,Michaels,Staff
275542,Magy,Assaf,Staff
275543,Odysseas,Kuzuoka,Assistant Engineer
275545,Dinkar,Mitina,Senior Engineer
275546,Gay,DuCasse,Staff
275549,LiMin,Usdin,Senior Engineer
275552,Sachin,Passafiume,Staff
275555,Rosita,Merle,Engineer
275556,Jiakeng,Grandbois,Staff
275559,Dhritiman,Fasbender,Staff
275562,Ohad,Magliocco,Technique Leader
275564,Mrinalini,Figueira,Senior Staff
275565,Frederique,Bail,Senior Staff
275566,Maja,Birrer,Senior Engineer
275568,Uwe,Bottner,Senior Engineer
275569,Szabolcs,Pluym,Engineer
275570,Masaru,Streit,Senior Engineer
275577,Shaz,Benveniste,Assistant Engineer
275579,Joydip,Llado,Senior Staff
275581,Honglan,Azulay,Staff
275582,Goh,Khalil,Engineer
275583,Lein,Przulj,Engineer
275584,Stafford,Landherr,Engineer
275588,Xumin,Peak,Senior Engineer
275593,Jaques,Androutsos,Engineer
275599,Toshimi,Cichocki,Senior Engineer
275602,Gil,Ulupinar,Engineer
275603,Siddarth,Rehfuss,Senior Engineer
275606,Stamatina,Alpay,Senior Engineer
275607,Jaihie,Ligten,Senior Engineer
275610,Remzi,Eickenmeyer,Senior Staff
275612,Roded,Chvatal,Staff
275617,Khalid,Barbanera,Senior Staff
275620,Arunas,Yetim,Senior Engineer
275622,Ennio,Emiris,Technique Leader
275624,Yucai,Herbst,Senior Engineer
275626,Stevo,Kilgore,Senior Engineer
275627,Avishai,Luby,Staff
275630,Tokuyasu,Birch,Technique Leader
275634,Zhiwei,Beerel,Senior Staff
275639,Kasturi,Claffy,Senior Staff
275641,Oldrich,Ulupinar,Senior Engineer
275643,Premsyl,Setiz,Senior Staff
275648,Shaz,Marchegay,Senior Engineer
275661,Ramzi,Falck,Engineer
275665,Ibibia,Rodiger,Senior Staff
275669,Kiyomitsu,Coors,Senior Staff
275674,Xiong,Leppanen,Senior Engineer
275675,Hitomi,Shanbhogue,Senior Engineer
275678,Josyula,Luit,Technique Leader
275681,Ramya,Peyn,Senior Staff
275683,Froduald,Jarecki,Senior Staff
275686,Frederique,Denny,Senior Staff
275688,Arno,Mamelak,Senior Staff
275689,Nevio,McDermid,Senior Engineer
275692,Arfst,Soloway,Senior Staff
275700,Jacopo,Henseler,Senior Staff
275701,Mads,Gerteisen,Senior Staff
275702,Hailing,Raczkowsky,Senior Staff
275703,Panayotis,Unni,Senior Engineer
275706,Arfst,Mandell,Senior Engineer
275707,Junsik,Skrikant,Staff
275710,Abdelwaheb,Hofmeyr,Senior Staff
275711,Foong,Minakawa,Senior Staff
275712,Sverrir,Karnin,Technique Leader
275719,Licheng,Nollmann,Senior Staff
275720,Zeljko,Leuchs,Senior Engineer
275721,Shigeichiro,Farrar,Senior Engineer
275722,Supot,Tsunoo,Senior Engineer
275724,Marke,Tzvieli,Engineer
275729,Yunming,Gargeya,Engineer
275735,Chinya,Compeau,Senior Staff
275739,Patricio,Snyers,Staff
275741,Anoosh,Riefers,Senior Staff
275747,Heping,Bruckman,Technique Leader
275751,Pohua,Restivo,Senior Staff
275752,Chriss,Lorin,Engineer
275754,Debatosh,Rosaz,Senior Staff
275755,Yagil,Comyn,Senior Staff
275757,Foong,Peron,Senior Engineer
275762,Hugh,Brlek,Senior Staff
275766,Tadanori,Eterovic,Senior Engineer
275767,Uinam,Varker,Senior Staff
275770,Udaiprakash,Chaudhury,Senior Engineer
275775,Dung,Oppitz,Senior Staff
275785,Piyush,Lambe,Senior Staff
275792,Martine,Camarinopoulos,Senior Engineer
275798,Anneke,Gente,Engineer
275803,Jaroslava,Erdmenger,Technique Leader
275805,Susanta,Billingsley,Senior Staff
275808,Vitali,Swiler,Senior Staff
275809,Leni,Karlin,Assistant Engineer
275810,Idoia,Kolvik,Senior Engineer
275811,Sailaja,McAlpine,Senior Engineer
275814,Hilary,Jording,Technique Leader
275816,Rosalyn,Kavvadias,Senior Staff
275818,Lunjin,Narahara,Senior Engineer
275819,Tiina,Thibadeau,Senior Staff
275821,Petter,Ghelli,Engineer
275823,Boaz,Kilgore,Senior Engineer
275824,Sivanarayana,Brookman,Engineer
275828,Yifei,Terlouw,Senior Engineer
275834,Martial,Yamaashi,Engineer
275835,Suebskul,Marzano,Senior Engineer
275837,Claude,Colorni,Senior Engineer
275839,Mang,Gomatam,Staff
275844,Giri,Morrey,Engineer
275847,Fay,Streng,Senior Engineer
275848,Vivian,Sgarro,Senior Engineer
275851,Panayotis,Glowinski,Senior Staff
275854,Szabolcs,Kavraki,Senior Engineer
275858,Tse,Krupka,Senior Staff
275862,Shem,Trumbly,Assistant Engineer
275863,Margo,Jording,Senior Engineer
275865,Joydip,Fritzsche,Senior Engineer
275872,Sadun,Thummel,Senior Engineer
275873,Tuval,Haumacher,Senior Staff
275877,Ziya,Desikan,Engineer
275880,Geraldo,Picaronny,Staff
275883,Kasidit,Cunliffe,Engineer
275890,Juyoung,Beutelspacher,Senior Engineer
275891,Tonia,Minakawa,Engineer
275893,Jouni,Erev,Staff
275896,Hongzue,Peha,Senior Engineer
275907,Dekang,Birch,Senior Engineer
275908,Bodo,Ratnaker,Senior Engineer
275911,Mayuri,Cronan,Senior Engineer
275920,Alselm,Luce,Senior Staff
275928,Manu,Braunmuhl,Senior Staff
275930,Nagui,Rosis,Senior Engineer
275931,Manibrata,Dolinsky,Senior Engineer
275932,Mantis,Millington,Senior Staff
275939,Serenella,Sethi,Senior Engineer
275940,Gadiel,Setlzner,Staff
275941,Vishwani,Zambonelli,Staff
275944,Janche,Leonhardt,Senior Engineer
275947,Dinah,Shinomoto,Senior Engineer
275954,Shahid,Luan,Engineer
275955,Domenick,Menhoudj,Senior Staff
275957,Jaber,Poehlman,Staff
275964,Dines,Shrader,Senior Engineer
275966,Shawna,Esteva,Engineer
275967,Uno,Conry,Senior Staff
275977,Ibibia,Wilfing,Senior Engineer
275978,Ramalingam,Kalefeld,Senior Staff
275980,Mostafa,Ponthieu,Senior Staff
275983,Steve,Lueh,Engineer
275985,Baruch,Baek,Staff
275987,Wayne,Cichocki,Senior Engineer
275988,Teiji,Kamber,Staff
275990,Yakichi,Facello,Senior Engineer
275991,Tzu,Staudhammer,Senior Engineer
275997,Taiji,Hemaspaandra,Senior Engineer
276002,Amabile,Albarhamtoshy,Senior Engineer
276006,Gurbir,Iisaku,Senior Staff
276010,Khoa,Baig,Senior Engineer
276019,Abdulla,Erev,Senior Staff
276026,Toney,Meriste,Engineer
276028,Guoxiang,Hutter,Senior Engineer
276029,Mikhail,Bresenham,Senior Staff
276031,Suzette,Melter,Staff
276033,Vesna,Milicia,Staff
276034,Chinhyun,Pero,Senior Engineer
276037,Alexius,Salverda,Assistant Engineer
276038,Yongqiao,Bellmore,Engineer
276040,Luigi,Lagarias,Technique Leader
276042,Valeska,Panangaden,Senior Engineer
276044,Atreye,Whitcomb,Senior Engineer
276046,Sanjai,Hartvigsen,Senior Staff
276048,Xiadong,Zucker,Staff
276053,TRUE,Lyonns,Senior Staff
276054,Manohar,Gils,Senior Engineer
276056,Piyawadee,Frezza,Senior Engineer
276058,Shiv,Tchuente,Engineer
276063,Tsvetan,Khalil,Assistant Engineer
276067,Jiann,Ressouche,Staff
276072,Youjian,Bael,Senior Staff
276073,Hailing,Selenyi,Senior Engineer
276074,Niranjan,Penz,Senior Staff
276079,Jessie,Brlek,Senior Staff
276087,Baziley,Schieder,Senior Staff
276088,Uma,Zastre,Senior Engineer
276089,Achilleas,Goldhammer,Senior Engineer
276090,Kristina,Frolund,Staff
276091,Szabolcs,Halevi,Staff
276098,Nathalie,Plesums,Senior Engineer
276107,Mantis,Luke,Staff
276112,Halsur,Swist,Senior Engineer
276113,Rosli,Griswold,Senior Staff
276114,Moni,Zuberek,Engineer
276117,Christfried,Buescher,Senior Staff
276118,Sanjai,Schaft,Staff
276120,Kazuhito,Peris,Senior Engineer
276127,Hsiangchu,Broomell,Engineer
276128,Mohan,Alvarado,Staff
276140,Francesca,Ramsay,Staff
276143,Vishv,Hedayat,Senior Staff
276153,Kazuhito,Copas,Senior Staff
276162,Erzsebet,Herbst,Senior Engineer
276166,Qingxiang,DuBourdieux,Senior Engineer
276173,Snehasis,Krychniak,Assistant Engineer
276174,Karoline,Litecky,Senior Engineer
276176,Cordelia,Kading,Senior Staff
276177,Augustine,Rettelbach,Senior Engineer
276178,Jacqueline,Gerlach,Senior Engineer
276179,Stein,Matteis,Senior Engineer
276197,Anestis,Peha,Staff
276200,Divier,Loncour,Senior Engineer
276218,Leucio,Muhlberg,Senior Engineer
276222,Manu,Stellhorn,Senior Engineer
276224,Xianlong,Luft,Staff
276225,Xianlong,Tokunaga,Senior Engineer
276228,Seongbin,Bierbaum,Senior Engineer
276236,Suzette,Levergood,Senior Staff
276240,Aamod,Kitsuregawa,Senior Engineer
276242,Nikolaus,Itzigehl,Senior Engineer
276243,Kolar,Nittel,Senior Staff
276244,Shigeichiro,Hofmeyr,Senior Engineer
276245,Kwee,Merks,Senior Engineer
276254,Saddek,Kalorkoti,Senior Engineer
276255,Edwin,Kriebel,Senior Staff
276258,Ulf,Denis,Senior Staff
276261,Sudhanshu,Hooghiemstra,Engineer
276262,Dmitry,Reeken,Engineer
276263,Sverrir,Braunmuhl,Senior Engineer
276264,Marla,Decaestecker,Senior Staff
276266,Saniya,Sherertz,Technique Leader
276268,Souichi,Cmelik,Staff
276271,Masaki,Lamparter,Senior Staff
276272,Sverrir,Aloisi,Senior Staff
276273,Anyuan,Kushnir,Senior Engineer
276275,Denis,Nanard,Senior Staff
276281,Luise,Schurmann,Senior Engineer
276287,Weiru,Kropf,Senior Staff
276289,Yuchang,Gilg,Staff
276292,Domenico,Peres,Staff
276293,Munehiko,Covnot,Senior Staff
276294,Indrajit,Gecsei,Technique Leader
276296,Tomoyuki,Munawer,Senior Engineer
276299,Frazer,Bierman,Senior Engineer
276314,Evgueni,Demke,Senior Engineer
276317,Hausi,Iwayama,Engineer
276318,Rosella,Neiman,Senior Staff
276319,Yuichiro,Khalid,Staff
276327,Lijie,Kadhim,Senior Engineer
276335,Martina,Whitcomb,Senior Staff
276337,Boguslaw,Polajnar,Senior Staff
276342,Gritta,Swiler,Staff
276344,Mana,Vieri,Assistant Engineer
276345,Martijn,Orsini,Senior Staff
276346,Zito,Chappelet,Senior Staff
276347,Shichao,Buchter,Senior Engineer
276349,Susanna,Vigier,Senior Staff
276355,Alejandro,Matzen,Engineer
276359,Honesty,Soicher,Senior Engineer
276360,Berry,Gerlach,Engineer
276362,Miomir,Ritzmann,Senior Staff
276364,Parviz,Leuchs,Senior Engineer
276369,Alexius,Hardjono,Senior Staff
276370,Kshitij,Menhoudj,Senior Engineer
276371,Khaled,Rubsam,Senior Staff
276377,Kinh,Delaune,Staff
276378,Wanqing,Luiz,Engineer
276381,Genki,Kirkerud,Technique Leader
276389,Van,Hofman,Staff
276393,Franziska,Lakshmanan,Senior Engineer
276395,Udo,Fujisaki,Engineer
276403,Maria,Yurek,Technique Leader
276405,Weiru,Guerreiro,Senior Staff
276409,Mingsen,Cools,Senior Staff
276412,Tadahiro,Cappello,Senior Engineer
276413,Kwangho,Mellouli,Senior Staff
276415,Yannis,Segond,Senior Staff
276416,Moon,Ishibashi,Staff
276423,Tadanori,Billawala,Senior Staff
276426,Christophe,Narahari,Technique Leader
276431,Vishu,VanScheik,Engineer
276433,Dante,Morton,Senior Engineer
276437,Lein,Sabnani,Senior Staff
276448,Berna,Capobianchi,Staff
276450,Sachin,Budinsky,Staff
276451,Xiaoqiu,Riefers,Senior Staff
276455,Remko,Awdeh,Senior Staff
276457,Oldrich,Hellwagner,Engineer
276458,Christfried,Litvinov,Senior Staff
276463,Kyoichi,Vandervoorde,Senior Engineer
276464,Guiseppe,Luks,Senior Engineer
276466,Yucel,Vasanthakumar,Senior Engineer
276467,Duangkaew,Griswold,Senior Engineer
276468,Rosalie,DuCasse,Senior Staff
276471,Prodip,Makrucki,Senior Staff
276474,Arunachalam,Baba,Senior Staff
276475,Susanne,Passino,Senior Engineer
276476,Susuma,Kropf,Engineer
276481,Joydip,Cyre,Staff
276484,Limsoon,Flasterstein,Senior Engineer
276486,Yannis,Rosen,Technique Leader
276488,Shuji,Cromarty,Senior Engineer
276494,Xiaopeng,Ermel,Senior Engineer
276495,Soenke,Magliocco,Engineer
276497,Valery,Schieder,Engineer
276499,Neelam,Erbe,Engineer
276502,Indrajit,Segond,Senior Staff
276503,Tesuro,Schrooten,Assistant Engineer
276507,Remko,Masaki,Senior Staff
276514,Zvonko,Ozery,Engineer
276515,Hercules,Granlund,Senior Staff
276517,Kitty,Matzke,Technique Leader
276518,Giri,Vakili,Staff
276524,Parto,Stafford,Senior Staff
276528,Shushma,Setia,Staff
276531,Michaela,Litvinov,Senior Staff
276540,Marke,Fioravanti,Engineer
276541,Pranav,Krohm,Senior Engineer
276542,Leif,Pintelas,Senior Staff
276543,Georg,Vanwelkenhuysen,Engineer
276545,Uri,Mungall,Senior Engineer
276546,Gou,Benantar,Staff
276565,Djelloul,Camurati,Senior Staff
276571,Alair,Benzaken,Senior Staff
276576,Guadalupe,McClurg,Senior Staff
276578,Sibyl,Luff,Senior Staff
276584,Toshiki,Shobatake,Senior Engineer
276586,Constantine,Janetzko,Senior Staff
276597,Taegyun,Veldwijk,Senior Engineer
276607,Shietung,Billingsley,Senior Engineer
276612,Xuejia,Rothe,Engineer
276616,Weiyi,Grospietsch,Senior Staff
276619,Jasminko,Vickson,Senior Engineer
276622,Jiong,Eiron,Senior Engineer
276626,Baruch,Aseltine,Senior Engineer
276627,Dzung,Tempesti,Senior Staff
276632,Otmar,Menyhert,Staff
276633,Shin,Birdsall,Senior Staff
276636,Vishwani,Lorys,Senior Engineer
276640,Vidya,Gulik,Senior Engineer
276643,Rosli,Stroustrup,Senior Engineer
276644,Iara,Fasbender,Staff
276646,Leni,Muniz,Staff
276648,Mokhtar,Tetzlaff,Staff
276650,Itzchak,Yeung,Senior Engineer
276657,Reinhold,Wrigley,Senior Staff
276659,Sedat,McAffer,Assistant Engineer
276666,Kwok,Jeong,Senior Staff
276668,Subhada,Cappello,Senior Engineer
276670,Vasilis,Hegner,Senior Engineer
276677,Danel,Kalafatis,Senior Engineer
276681,Stabislas,Casperson,Senior Staff
276683,Jingling,Shackel,Senior Engineer
276685,Pradeep,Piveteau,Senior Staff
276686,Reinhold,Solares,Senior Staff
276691,Otmar,Hegner,Engineer
276693,Chrisa,Condotta,Senior Staff
276694,Ymte,Emmerich,Senior Engineer
276695,Katsuyuki,Menhoudj,Senior Staff
276696,Rasiah,Ebeling,Senior Engineer
276700,Kousuke,Kaiser,Engineer
276701,Arto,Skrikant,Engineer
276705,Kristinn,Walston,Senior Engineer
276714,Serap,Krybus,Technique Leader
276715,Teiji,Castellani,Engineer
276719,Kankanahalli,Cusworth,Engineer
276720,Guadalupe,Solovay,Engineer
276722,Uzi,Verhoeff,Staff
276723,Aruna,Chappelet,Senior Staff
276727,Kinh,Teitelbaum,Senior Engineer
276728,Ziya,Boreale,Technique Leader
276729,Radhakrishnan,Lubachevsky,Assistant Engineer
276733,Sungwon,Schonegge,Senior Staff
276739,Nevio,Birta,Senior Staff
276740,Yaghout,Bharadwaj,Engineer
276741,Ramya,Colorni,Technique Leader
276744,Ipke,Schaap,Senior Engineer
276746,Holgard,Unno,Engineer
276747,JoAnne,Ressouche,Staff
276749,Barna,Farrar,Engineer
276755,Xuedong,Hartvigsen,Senior Staff
276764,Xiaoheng,Emmart,Senior Staff
276766,Mircea,Axelband,Senior Staff
276767,Richara,Ernst,Senior Engineer
276768,Barry,Chinal,Staff
276771,Tremaine,Moehrke,Senior Staff
276773,Parke,Pearson,Senior Engineer
276774,Bader,Barriga,Senior Staff
276776,Nirmal,Krzyzanowski,Engineer
276781,Atreye,Merle,Senior Engineer
276786,Arvind,Domenig,Senior Staff
276792,Gretta,Kakkad,Senior Engineer
276797,Larisa,Erdi,Engineer
276800,Honglan,Remmele,Senior Staff
276812,Richard,Farrel,Technique Leader
276814,Lalit,Chandrasekhar,Engineer
276818,Mats,Remmers,Senior Staff
276820,Divier,Stentiford,Senior Staff
276822,Hironobu,Suomi,Senior Staff
276824,Zsolt,Setia,Senior Staff
276831,Kwangyoen,Olivero,Senior Engineer
276835,Vishwani,Lagarias,Senior Staff
276837,Gina,Farrag,Senior Engineer
276841,Jacqueline,Uludag,Senior Engineer
276844,Elzbieta,Peltason,Senior Staff
276847,Salvador,Massonet,Staff
276848,Diederik,Staylopatis,Staff
276850,Malu,Belinskaya,Staff
276851,Holgard,McFarlin,Engineer
276854,Kamran,Rattan,Senior Engineer
276859,Hilary,Fontet,Engineer
276864,Arne,Hanabata,Staff
276867,Duro,Bain,Senior Engineer
276873,Yurij,Haldar,Engineer
276876,Anoosh,Quittner,Senior Staff
276878,Yechiam,Ravishankar,Staff
276879,Matt,Leppanen,Senior Engineer
276880,Ramalingam,Kobuchi,Senior Engineer
276884,Weiwu,Lemarechal,Senior Engineer
276889,Shahar,Bugaenko,Engineer
276890,Tamiya,Katalagarianos,Senior Engineer
276891,Temple,Erman,Senior Staff
276896,Chiranjit,Glowinski,Senior Staff
276898,Cristinel,Chaudhury,Senior Engineer
276900,Suvo,Laurillard,Senior Staff
276910,Pranas,Matheson,Senior Staff
276912,Youssef,Schiettecatte,Senior Engineer
276913,Charmane,Backhouse,Senior Staff
276915,Huican,Rajcani,Staff
276918,Yongqiao,Garnham,Engineer
276926,Mads,Beidas,Staff
276927,Berry,Codenie,Senior Staff
276928,Dinah,Maraist,Senior Engineer
276932,Genta,Vesel,Engineer
276933,Raimond,Heemskerk,Senior Staff
276941,Bogdan,Plavsic,Staff
276943,Macha,Hardjono,Senior Engineer
276944,Arlette,Picco,Senior Engineer
276945,Vasilii,Argence,Technique Leader
276947,Dinkar,Yoshizawa,Senior Staff
276948,Adel,Businaro,Staff
276950,Berthier,Sewelson,Senior Staff
276952,Hugo,Juneja,Engineer
276954,Shahaf,Matteis,Staff
276961,Tomoyuki,Birnbaum,Engineer
276969,Eishiro,Garnier,Staff
276971,Abdulah,Kropp,Senior Engineer
276972,Cordelia,Butner,Senior Staff
276975,Vugranam,Cappelli,Staff
276976,Woody,Terkki,Senior Staff
276978,Jenwei,Ginneken,Assistant Engineer
276981,Danai,Perfilyeva,Senior Engineer
276982,Hairong,Delgrange,Senior Engineer
276986,Alenka,Rajala,Engineer
276989,Kensei,Garnham,Senior Engineer
276993,Rasikan,Macedo,Technique Leader
276999,Xudong,Lamba,Assistant Engineer
277003,Hitofumi,Cyre,Senior Engineer
277016,Makato,Frolund,Staff
277018,Magdalena,Serre,Senior Staff
277019,Toshimi,Cherinka,Senior Staff
277020,Fumiya,Claffy,Senior Staff
277021,Akemi,Hebert,Senior Engineer
277025,Kyoichi,Dichev,Staff
277029,Fumiyo,Bade,Staff
277032,Shounak,Kaiserswerth,Senior Staff
277033,Paloma,Thorelli,Senior Engineer
277035,Hidefumi,Ramsay,Senior Engineer
277037,Gaurav,Swick,Senior Staff
277038,Ottavia,Oberman,Senior Engineer
277045,Rutger,Gecsei,Senior Engineer
277046,Dipayan,Karcich,Senior Staff
277049,Jaihie,Erde,Staff
277055,Insup,Sichman,Senior Engineer
277060,Eckart,Brodal,Senior Staff
277065,Izaskun,Garnier,Engineer
277066,Yongmao,Uchoa,Engineer
277074,Toshimo,Melski,Staff
277075,Alois,Breugel,Staff
277077,Abdulah,Jarecki,Senior Engineer
277082,Phule,Belinskaya,Senior Staff
277085,Alper,Vasanthakumar,Senior Staff
277086,Felicidad,Felder,Senior Engineer
277094,Genki,Berztiss,Senior Staff
277095,Atilio,Kaelbling,Senior Engineer
277101,Froduald,Rando,Senior Staff
277105,Gurbir,Bernatsky,Senior Engineer
277123,Miquel,Schnabel,Senior Staff
277127,Kirk,Luby,Senior Engineer
277129,Uma,Besancenot,Senior Staff
277130,Bojan,Passino,Senior Staff
277134,Tadahiko,Pettey,Senior Engineer
277137,Neven,Mullainathan,Technique Leader
277143,Vasilis,Farrel,Staff
277144,Vishv,Munck,Senior Staff
277146,Frazer,Lodder,Senior Staff
277153,Giap,Lindenbaum,Senior Engineer
277156,Mitsuyuki,Kalsbeek,Senior Engineer
277157,Boutros,Fasbender,Senior Staff
277160,Adamantios,Pouyioutas,Senior Engineer
277165,Takanari,Lally,Senior Engineer
277166,Yuchang,Poehlman,Staff
277172,Yongmin,Sluis,Senior Engineer
277182,Alejandra,Comyn,Senior Staff
277187,Arlette,Shinomoto,Staff
277203,Shigeichiro,Piancastelli,Senior Engineer
277204,Garnik,Busillo,Senior Engineer
277205,Candida,Pokrovskii,Senior Engineer
277209,Fox,Levergood,Senior Staff
277212,Jaques,Candan,Assistant Engineer
277216,Xuejia,Bresenham,Engineer
277220,Shakhar,Daescu,Senior Staff
277224,Alassane,Baby,Engineer
277235,Ayakannu,Ashish,Senior Staff
277239,Sven,Lanzelotte,Senior Engineer
277242,Brigham,Aumann,Technique Leader
277246,Filipp,Yurov,Staff
277248,Barna,Erni,Senior Staff
277252,Sampalli,Gurbaxani,Engineer
277253,Francesca,Poehlman,Engineer
277255,Quingbo,Businaro,Engineer
277258,Jianhao,Sgarro,Engineer
277274,Uli,Peternell,Senior Staff
277276,Marsha,Figueira,Senior Engineer
277280,Yakichi,Markovitch,Senior Engineer
277281,Shahar,Lieberherr,Engineer
277286,Petter,Himler,Senior Staff
277287,Guoxiang,Milicic,Engineer
277288,Juyoung,Rosen,Senior Staff
277290,Masali,Kalefeld,Senior Engineer
277292,Felicidad,Muchinsky,Senior Engineer
277294,Teiji,Thombley,Engineer
277295,Youjian,Candan,Engineer
277296,Xiaoshan,Randi,Senior Engineer
277297,Srinidhi,Ramalingam,Senior Staff
277298,Phuoc,Garnier,Senior Staff
277302,Rosli,Shokrollahi,Engineer
277308,Patricio,Matzat,Senior Staff
277312,Jianhua,Muchinsky,Engineer
277318,Niclas,Zambonelli,Senior Engineer
277319,Qingxiang,Bressoud,Staff
277328,Mooi,Yurek,Technique Leader
277330,Tsuneo,Brobst,Staff
277331,Uno,Ghalwash,Engineer
277332,Chaitali,Bondorf,Engineer
277334,Xianlong,Oppitz,Senior Staff
277336,Moss,Merlo,Senior Engineer
277339,Djelloul,Kamble,Engineer
277348,Raimond,Parhami,Senior Engineer
277350,Teiji,Morrow,Senior Engineer
277351,JiYoung,Ramsey,Technique Leader
277353,Felicidad,Tetzlaff,Senior Engineer
277357,Nathan,Itschner,Senior Engineer
277358,Sahrah,Brizzi,Senior Engineer
277359,Kazuhide,Serna,Staff
277361,Cedric,Nilsson,Senior Engineer
277366,Susanna,Weisert,Senior Engineer
277372,Koichi,Terkki,Senior Staff
277376,Indrajit,Unno,Senior Staff
277380,Xinan,Deville,Senior Staff
277382,Piyawadee,Verhoeff,Senior Staff
277383,Marie,Muchinsky,Engineer
277384,Hercules,Maliniak,Senior Engineer
277387,Werner,Karlin,Staff
277389,Yefim,Zlotek,Engineer
277393,Xianlong,Braunmuhl,Engineer
277404,Goo,Dechter,Senior Staff
277409,Eran,Tomescu,Senior Staff
277411,Shushma,Thorelli,Assistant Engineer
277415,Xiaoqiang,Ramamoorthy,Technique Leader
277418,Kasidit,Terekhov,Senior Engineer
277423,Paloma,Baranowski,Engineer
277426,Huican,Beetstra,Staff
277436,Yucel,Carrere,Senior Staff
277442,Hirochika,Pero,Senior Engineer
277452,Maia,Wiegley,Engineer
277455,Luigi,Kermarrec,Engineer
277465,Hiroyasu,Ponthieu,Senior Engineer
277467,Zhiwei,Lalonde,Assistant Engineer
277472,Bernd,Lung,Senior Staff
277473,Petter,Azevdeo,Senior Staff
277474,Zhenhua,Shigei,Engineer
277476,Yefim,Peris,Engineer
277490,Samphel,Lichtman,Senior Engineer
277494,Kinh,Coullard,Staff
277495,Etsuo,Couchot,Senior Staff
277496,Masaki,Zeleznik,Staff
277501,Sastry,Lupu,Technique Leader
277502,Selwyn,Rossi,Staff
277503,Eberhardt,Gomatam,Senior Staff
277506,Dipayan,Sidou,Senior Staff
277508,Gita,Basart,Senior Engineer
277510,Bouchung,Roccetti,Engineer
277511,Yuriy,Tasistro,Senior Staff
277515,Nirmal,Birke,Senior Engineer
277518,Luigi,Demizu,Engineer
277521,DeForest,Bazzichi,Senior Engineer
277523,Yuqun,Fabrizio,Senior Engineer
277526,Jinpo,Nittel,Senior Staff
277528,Zorica,Eugenio,Staff
277531,Gen,Constantine,Staff
277537,Mayumi,Oehlmann,Staff
277542,Aran,Riexinger,Engineer
277549,Shunichi,Nilsson,Staff
277554,Jianhao,Perry,Senior Staff
277558,Herbert,Luit,Staff
277561,Premsyl,Jakobus,Senior Staff
277566,Jinya,Kumaresan,Senior Staff
277571,Ingmar,Ponthieu,Senior Engineer
277572,Qingxiang,McFarlan,Engineer
277577,Arvin,Ruemmler,Staff
277580,Jaques,Schaar,Senior Engineer
277584,Keiichiro,Kusakabe,Senior Staff
277587,Gladys,Uhrik,Senior Engineer
277588,Kensei,Guerreiro,Senior Staff
277592,Rafael,Eiron,Senior Staff
277595,Freyja,Polupanov,Senior Engineer
277597,Remco,Pillow,Engineer
277598,Xiadong,Kranzdorf,Senior Staff
277600,Maya,Eiter,Engineer
277606,Gina,Muhlberg,Staff
277608,Vasilis,Pettis,Senior Staff
277612,Lokesh,Flowers,Senior Staff
277619,Jovan,Danecki,Senior Engineer
277620,Zijian,Rande,Engineer
277621,Shin,Lorch,Senior Engineer
277624,Werner,Waleschkowski,Engineer
277625,Giap,Suppi,Senior Staff
277628,Gil,Varker,Engineer
277632,Yucai,Benner,Senior Staff
277633,Rimli,Solares,Senior Staff
277636,Kazuhiko,Mateescu,Senior Staff
277637,Margo,Cichocki,Assistant Engineer
277639,Greger,Jahnichen,Engineer
277641,Noritoshi,Aloisi,Staff
277645,Alexius,Heering,Staff
277646,Oscar,Pettit,Senior Staff
277655,Kien,Setia,Technique Leader
277656,Pramod,Mattern,Staff
277657,Sanjoy,Botman,Staff
277660,Mostafa,Ishibashi,Senior Staff
277661,Hilari,Bednarek,Senior Engineer
277666,Prasadram,Ramsey,Senior Staff
277682,Flemming,Cyne,Senior Staff
277683,Abdelghani,Restivo,Senior Engineer
277694,Ute,Androutsos,Senior Staff
277695,Panayotis,Baaleh,Senior Engineer
277700,Joydip,Yurek,Staff
277702,Bodh,Lindenbaum,Senior Staff
277707,Oguz,Muntz,Engineer
277708,Ayonca,Tsukune,Senior Staff
277709,Supot,Leonhardt,Senior Staff
277713,Jeanna,Sudkamp,Senior Staff
277717,Danai,Setiz,Staff
277719,Greger,Vecchi,Senior Engineer
277720,Mantis,Marquardt,Staff
277729,Shirish,Nanard,Senior Staff
277730,Shushma,Molberg,Senior Staff
277731,Stabislas,Botman,Senior Staff
277734,Nathan,Arlazarov,Senior Engineer
277735,Weiye,Cmelik,Engineer
277742,Shaleah,Lamparter,Senior Staff
277745,Fay,Suppi,Senior Staff
277746,Geoffrey,Lichtman,Senior Staff
277750,Adhemar,Curless,Staff
277755,Shahar,Facello,Senior Engineer
277759,Steve,Emmerich,Senior Staff
277762,Fusako,Bondorf,Senior Staff
277764,Ferdinand,Schaap,Engineer
277765,Moheb,Gewali,Senior Engineer
277766,Hausi,Weisert,Senior Staff
277776,Mingdong,Lipner,Senior Engineer
277781,Paddy,Onuegbe,Staff
277784,Jacqueline,Pfau,Senior Engineer
277788,Zijian,Syang,Engineer
277789,Katsuyuki,Aloisi,Senior Engineer
277793,Georg,Reeker,Technique Leader
277794,Bodo,Strandh,Senior Staff
277797,Shan,Lorin,Engineer
277799,Rafols,McFarlan,Engineer
277804,Chikara,Kolvik,Senior Engineer
277805,Hatim,Wallrath,Senior Staff
277806,Uzi,Dalton,Senior Staff
277815,Stein,Hebden,Senior Staff
277819,Tsutomu,Pappas,Assistant Engineer
277820,Joydip,Molberg,Assistant Engineer
277822,Odoardo,Rosch,Senior Staff
277824,Tooru,Krzyzanowski,Engineer
277833,Manohar,Hennebert,Senior Engineer
277835,Arup,Wixon,Engineer
277840,Roselyn,Stiles,Senior Engineer
277841,Lucien,Burnard,Senior Staff
277842,Chikako,Benzaken,Senior Engineer
277850,Niclas,Mahnke,Senior Staff
277852,Zissis,Flowers,Senior Staff
277853,Manibrata,Bale,Senior Staff
277854,Shem,Levergood,Senior Engineer
277867,Padma,Chiola,Engineer
277869,Berto,Kakkar,Senior Engineer
277886,Vishv,Yeung,Assistant Engineer
277887,Terresa,Yetto,Senior Staff
277889,Vugranam,Beetstra,Staff
277892,Pintsang,Heyers,Senior Engineer
277895,Aloke,Swiler,Senior Engineer
277896,Danil,Lindenbaum,Senior Staff
277898,Gererd,Bednarek,Senior Staff
277899,Volkmar,Grabner,Staff
277901,Vitali,Assaf,Engineer
277909,Supot,Boyle,Senior Engineer
277910,Eirik,Kieras,Senior Staff
277911,Bedir,Krybus,Senior Engineer
277912,Remmert,Rosis,Senior Engineer
277916,Satoru,Cullers,Engineer
277921,Fuqing,Bouloucos,Senior Engineer
277928,Uma,Pettey,Senior Engineer
277932,Rimli,Xiaoshan,Senior Engineer
277935,Bedrich,Ghalwash,Engineer
277937,Subir,Biros,Senior Engineer
277939,Xiaoheng,Halevi,Senior Engineer
277945,Yechiam,Kumaresan,Staff
277946,Gonzalo,Anandan,Senior Staff
277947,Gaurav,Rouquie,Senior Staff
277948,Arunachalam,Coors,Staff
277949,Kasidit,Plump,Technique Leader
277951,Gad,Falster,Senior Engineer
277954,Maren,Gornas,Staff
277965,Luigi,Murillo,Senior Staff
277968,Marl,Vuskovic,Engineer
277971,Lijie,Mansanne,Senior Staff
277973,Parviz,Morton,Senior Staff
277979,Jaroslava,Lammel,Senior Staff
277982,Mart,Kroha,Staff
277983,Randi,Krzyzanowski,Assistant Engineer
277984,Marke,Dalton,Assistant Engineer
277995,Yakkov,Kusalik,Staff
277996,Naftaly,Straney,Senior Staff
277999,Radoslaw,Gruenwald,Senior Engineer
278000,Siddarth,Usery,Staff
278001,Pascal,Schurmann,Engineer
278003,Mohit,Melichar,Engineer
278007,Hatim,Hashii,Engineer
278008,Krassimir,Merle,Senior Staff
278011,Nimmagadda,Bala,Engineer
278012,Magy,Poujol,Senior Engineer
278020,Xiaopeng,Chaudhuri,Senior Engineer
278022,Conor,Fandrianto,Engineer
278023,Christoph,Hiraishi,Staff
278024,Guangming,Sridhar,Senior Staff
278025,Yongmin,Whittlesey,Staff
278027,Anyuan,Benner,Senior Engineer
278028,Shaz,Malinowski,Senior Engineer
278029,Heather,Kavraki,Senior Engineer
278031,Marco,Chandrasekhar,Senior Staff
278040,Tayeb,Cheshire,Engineer
278041,Kristian,Bolotov,Senior Engineer
278043,Shuji,Stamatiou,Senior Engineer
278051,Hugh,DuBourdieux,Engineer
278053,Bernardo,Heystek,Senior Engineer
278058,Gao,Gide,Senior Engineer
278061,Tianruo,Birnbaum,Senior Staff
278065,Shigehito,Bade,Senior Engineer
278075,Akeno,Soicher,Senior Staff
278078,Greger,Hettesheimer,Senior Engineer
278079,Mayumi,Chandrasekhar,Engineer
278083,Georg,Pollock,Senior Engineer
278085,Georg,Businaro,Senior Engineer
278089,Barry,Harbusch,Staff
278095,Nagui,Merel,Staff
278098,Harjit,Moehrke,Staff
278099,Yuqun,Falck,Engineer
278103,Eben,Lally,Senior Engineer
278112,Paddy,Ginneken,Senior Staff
278118,Xiaoqiang,Werthner,Senior Engineer
278119,Shaunak,Dichev,Senior Staff
278123,Shaibal,Hinsberger,Senior Engineer
278126,Zdislav,Greibach,Senior Staff
278127,LiMin,Stentiford,Senior Staff
278134,Sorina,Crouzet,Senior Staff
278135,Cristinel,Gustavson,Senior Engineer
278136,Fumitake,Mahnke,Senior Engineer
278138,Teiji,Thibadeau,Senior Staff
278139,Susanna,Merli,Assistant Engineer
278151,Jaihie,Cairo,Senior Engineer
278153,Nevin,Reinhard,Engineer
278154,Masaru,Zucker,Senior Staff
278163,Fabrizio,Pagter,Staff
278166,Toney,Hanabata,Senior Staff
278167,Janalee,Jullig,Senior Staff
278168,Weicheng,Horswill,Senior Engineer
278177,Moni,Percebois,Senior Staff
278181,Selwyn,Foong,Senior Engineer
278183,Francoise,Plessier,Engineer
278189,Yinlin,Gunderson,Senior Engineer
278194,Mototsugu,Murillo,Staff
278211,Trygve,Junot,Senior Engineer
278213,Nadjib,Viele,Staff
278215,Ottavia,Zaccaria,Senior Staff
278217,Neven,Anido,Senior Staff
278223,Gian,Niizuma,Engineer
278225,Xuedong,Wuwongse,Senior Engineer
278227,Luisa,Kropp,Senior Staff
278228,Kerryn,Beutelspacher,Senior Engineer
278229,Tzu,Koyama,Staff
278232,Krassimir,Sanella,Staff
278234,Mori,Besancenot,Staff
278237,Ewing,Azuma,Senior Staff
278240,Youssef,Nitsch,Senior Staff
278241,Krister,Yamaashi,Staff
278242,Lillian,Mandell,Engineer
278243,Werner,Roison,Senior Engineer
278245,Nechama,Selenyi,Staff
278250,Satosi,Schade,Engineer
278253,Rosalyn,Stroustrup,Engineer
278256,Beshir,Stasinski,Engineer
278257,Mona,Beutelspacher,Senior Engineer
278260,Ravishankar,Diderrich,Senior Engineer
278267,Patricia,Sichman,Senior Staff
278274,Uri,Karcich,Engineer
278280,Adib,Shiratori,Senior Staff
278285,Ronghao,Fairtlough,Senior Staff
278290,Shigeaki,Millington,Senior Engineer
278291,Arnd,Jeong,Assistant Engineer
278292,Kankanahalli,Gronowski,Engineer
278293,Souichi,Back,Staff
278295,Tse,Teitelbaum,Senior Staff
278298,Ronghao,Fadgyas,Staff
278299,Leon,Baak,Senior Engineer
278301,Kwangho,Rusterholz,Senior Staff
278304,Margareta,Spelt,Senior Engineer
278308,Sadun,Velasco,Senior Staff
278310,Troy,Cools,Engineer
278313,Bader,Flasterstein,Senior Staff
278317,Hein,Millington,Senior Engineer
278321,Otilia,Fabrizio,Senior Staff
278326,Mantis,Braunmuhl,Senior Engineer
278329,Khatoun,Isard,Senior Staff
278330,Izaskun,Arlazarov,Staff
278332,Mototsugu,Baezner,Engineer
278338,Serap,Fadgyas,Senior Staff
278343,Pohua,Plumb,Senior Staff
278346,Siddarth,Duclos,Senior Engineer
278353,Junichi,Kalsbeek,Staff
278356,Bernardo,Picel,Engineer
278357,Vishv,Ullian,Senior Staff
278359,Bojan,Ernst,Assistant Engineer
278360,Gregory,Bottner,Senior Staff
278361,Licheng,Marchesini,Senior Staff
278364,Sivanarayana,Hammerschmidt,Senior Staff
278366,Hauke,DuCasse,Staff
278368,Parke,Skrikant,Senior Staff
278372,Rosita,Talmon,Senior Engineer
278374,Dinkar,Ullian,Staff
278379,Iara,Braunmuhl,Senior Engineer
278383,Syozo,Kavvadias,Senior Staff
278391,Tzu,Camarinopoulos,Assistant Engineer
278395,Somnath,Motley,Engineer
278396,Xianlong,Marakhovsky,Senior Staff
278400,Wanqing,Duclos,Engineer
278402,Junichi,Rosin,Senior Engineer
278404,Sastry,Nergos,Senior Engineer
278407,Lunjin,Egerstedt,Senior Engineer
278408,Basem,Gips,Senior Engineer
278409,Rimli,Haldar,Staff
278413,Seshu,Fasbender,Technique Leader
278417,Sudhanshu,Benzaken,Senior Staff
278419,Bilhanan,Gewali,Senior Staff
278422,Peer,Zeleznik,Senior Staff
278424,Mara,Lenart,Senior Staff
278426,Ult,Remmers,Senior Engineer
278429,Shugo,Ecklund,Senior Staff
278433,Udaiprakash,Hoogerwoord,Senior Engineer
278439,Along,Weiland,Engineer
278441,Rosine,Brickell,Staff
278442,Janalee,Barreiro,Staff
278445,Kamakshi,Improta,Senior Staff
278446,Sachio,Carrere,Engineer
278449,Erzsebet,Kuhnemann,Technique Leader
278456,Xuedong,Shackel,Senior Staff
278460,Domenick,Menhoudj,Engineer
278464,Troy,Irland,Engineer
278466,Armond,Boreale,Senior Staff
278470,Ennio,Stanfel,Engineer
278474,Vivian,Tokunaga,Staff
278475,Jixiang,Masand,Staff
278477,Jagoda,Swiler,Engineer
278478,Gil,Michaels,Engineer
278479,Goa,Simmen,Engineer
278486,Aiichiro,Maraist,Senior Staff
278495,Gilbert,Erdi,Engineer
278505,Prodip,Wrigley,Senior Engineer
278508,Mansur,Improta,Staff
278509,Akemi,Buescher,Engineer
278510,Gil,Baak,Engineer
278513,Mara,Luff,Senior Staff
278516,Soenke,Levasseur,Engineer
278519,Akhilish,Reinhart,Engineer
278522,Slavian,Siochi,Engineer
278523,Berni,Back,Senior Staff
278524,Shichao,Highland,Engineer
278528,Maya,Rando,Senior Staff
278530,Bilhanan,Stille,Senior Engineer
278531,Zeljko,Serre,Senior Staff
278534,Renny,Ghemri,Assistant Engineer
278537,Fusako,Kermarrec,Senior Engineer
278540,Naraig,Iacovou,Senior Staff
278541,Yuichiro,Chaudhuri,Engineer
278547,Supot,Jayawardene,Staff
278548,Aiichiro,Prampolini,Engineer
278555,JoAnna,Spelt,Staff
278558,Shin,Lowrie,Senior Staff
278559,Make,Jarecki,Staff
278564,Raimond,Flasterstein,Senior Staff
278578,Yurii,Terlouw,Staff
278579,Mantis,Cronin,Staff
278587,Uli,Kranzdorf,Senior Staff
278596,Barun,Makrucki,Senior Engineer
278607,Froduald,Zolotykh,Engineer
278608,Reuven,Angel,Technique Leader
278610,Akeno,Benzmuller,Senior Staff
278615,Paris,Himler,Engineer
278619,Malu,Denis,Senior Staff
278621,Horward,Huhdanpaa,Staff
278624,Rimli,Demizu,Senior Staff
278632,Sadegh,Bultermann,Staff
278633,Hironoby,Decleir,Senior Staff
278635,Kiyotoshi,Birge,Technique Leader
278636,Stella,Dehkordi,Assistant Engineer
278639,Marsja,Hammerschmidt,Engineer
278640,Guttorm,Pokrovskii,Senior Staff
278644,Muzhong,Azevdeo,Engineer
278650,Dipankar,Kornatzky,Senior Engineer
278658,Georgy,Ellozy,Senior Staff
278679,Shirish,Birnbaum,Staff
278680,Suzette,Fontan,Senior Staff
278689,Itzchak,Terkki,Senior Engineer
278696,Mara,Melichar,Staff
278700,Filipe,Hanratty,Engineer
278703,Irena,Kitai,Staff
278704,Gill,Mondadori,Senior Staff
278715,Amstein,Schaft,Engineer
278721,Tonia,Flexer,Senior Engineer
278723,Theirry,Comyn,Technique Leader
278724,Jolita,Thummel,Technique Leader
278725,Sajjad,Molenaar,Senior Engineer
278727,Shakhar,Beutelspacher,Technique Leader
278728,Aria,Segond,Senior Engineer
278733,Moty,Bamford,Senior Staff
278736,Shahar,Glinert,Senior Staff
278740,Adib,Kawashimo,Senior Engineer
278743,Poornachandra,Reutenauer,Engineer
278747,Kankanahalli,Bernardeschi,Senior Engineer
278750,Shir,Trachtenberg,Staff
278754,Subhrajyoti,Shokrollahi,Senior Staff
278758,Radhika,Litecky,Staff
278760,Guiseppe,Bierman,Assistant Engineer
278763,Kiyokazu,Iisaka,Engineer
278764,Koichi,Lueh,Senior Staff
278768,Koichi,Oxman,Senior Engineer
278771,Mikhail,Henders,Senior Staff
278772,Giordano,Tramer,Engineer
278775,Masami,Lamparter,Staff
278788,Unal,Lorys,Senior Engineer
278790,Saddek,Curless,Senior Engineer
278792,Rafail,Raney,Technique Leader
278796,Zito,Fiebach,Engineer
278800,Mohammed,Clemencon,Senior Engineer
278803,Hatim,Gajiwala,Senior Engineer
278806,Kwee,Erdmenger,Senior Engineer
278809,Kirk,Grospietsch,Senior Staff
278811,Nikolaus,Brizzi,Senior Engineer
278823,Deborah,Besancenot,Senior Staff
278825,Jiakeng,Delgrossi,Senior Engineer
278828,Stabislas,Rosin,Senior Engineer
278837,Gio,Engelmann,Senior Engineer
278850,Brendon,Iacovou,Senior Staff
278855,Weidon,Cannane,Senior Staff
278860,Fay,Emiris,Engineer
278872,Gennady,Imataki,Senior Staff
278873,Qunsheng,Vecchio,Technique Leader
278882,Garnet,Vrecion,Staff
278884,Tiina,Koshiba,Senior Staff
278885,Akeno,Birch,Senior Staff
278886,Divier,Escriba,Senior Staff
278889,Shao,Bashian,Senior Engineer
278894,Chinhyun,Sethi,Senior Staff
278895,Salvador,Shackel,Senior Engineer
278897,Gererd,Gecsei,Senior Engineer
278900,Xiaoshan,Grospietsch,Senior Engineer
278908,Tuval,Stavenow,Staff
278910,Surveyors,Bahk,Senior Staff
278912,Khatoun,Rubsam,Staff
278914,Barton,Tanemo,Senior Engineer
278915,Guiseppe,Pelc,Engineer
278918,Sadun,DiGiano,Technique Leader
278922,Susuma,Riexinger,Senior Engineer
278930,Nimmagadda,Dalphin,Senior Staff
278931,Kagan,Akaboshi,Senior Staff
278934,Mohua,Falck,Senior Staff
278938,Laurentiu,Cesareni,Senior Engineer
278943,Masaki,Shimshoni,Senior Staff
278944,Atreye,Hashii,Senior Engineer
278949,Frazer,Rosenbaum,Senior Staff
278951,Kristof,Montresor,Engineer
278954,Gritta,Gerlach,Senior Engineer
278955,Sachin,Lambe,Senior Engineer
278956,Ronnie,Hashii,Senior Staff
278957,Fumitake,Penttonen,Senior Engineer
278958,Wayne,Peck,Senior Staff
278966,Mario,Kading,Staff
278968,Niclas,Billingsley,Staff
278970,Jordanka,Pfau,Senior Staff
278972,Adil,Luit,Senior Staff
278973,Pascal,Curless,Senior Staff
278977,Vatsa,Unno,Technique Leader
278980,Lunjin,Bernatsky,Senior Engineer
278981,Moon,Schmezko,Senior Staff
278992,Gunilla,Clouatre,Engineer
278993,Monique,Peha,Senior Engineer
278995,Shigehiro,Dalton,Staff
278996,Shigeu,Kaltofen,Senior Engineer
278998,Shaw,Choobineh,Technique Leader
279003,Chinhyun,Hofting,Senior Engineer
279005,Jiakeng,Harbusch,Senior Staff
279006,Piyawadee,Griswold,Technique Leader
279007,Jiakeng,Braunschweig,Staff
279009,Taiji,Brookman,Senior Staff
279014,Kazuhisa,Shackell,Engineer
279018,Constantino,Mellouli,Senior Engineer
279021,Erez,Marakhovsky,Senior Engineer
279022,Jackson,Luby,Technique Leader
279024,Bezalel,Gustavson,Engineer
279029,Christ,Adachi,Senior Engineer
279030,Nahid,Spieker,Engineer
279032,Huican,Kalloufi,Engineer
279033,Brewster,Solovay,Staff
279037,Ramachenga,Mateescu,Senior Staff
279039,Pradeep,Syrzycki,Senior Staff
279042,Susanna,Eldridge,Senior Staff
279043,Weiye,Molberg,Engineer
279049,Kamakshi,Roisin,Senior Staff
279051,Bernardo,Tanemo,Engineer
279055,Kenton,Hasham,Staff
279057,Florina,Sanella,Senior Staff
279058,Paraskevi,Verhoeff,Senior Staff
279059,Mang,Azadmanesh,Engineer
279064,Stella,Flanders,Senior Engineer
279070,Marie,Diderrich,Senior Staff
279077,Shounak,Dahlbom,Engineer
279079,Adly,Koblitz,Senior Staff
279081,Iara,Ferretti,Staff
279090,Valter,Schrooten,Staff
279093,Turgut,Farrag,Senior Staff
279094,Leif,Azulay,Assistant Engineer
279100,Lene,Porotnikoff,Senior Staff
279102,Khue,Nitsche,Staff
279105,Shuichi,Litecky,Senior Engineer
279107,Alejandro,Baez,Technique Leader
279110,Conal,Boissier,Senior Engineer
279111,Aiichiro,Herath,Senior Engineer
279112,Takahiro,Melichar,Senior Engineer
279116,Shaz,Emiris,Senior Staff
279118,Remko,Ramamoorthy,Staff
279120,Teunis,Ruemmler,Technique Leader
279123,Kwee,Negoita,Senior Staff
279124,Larisa,Peyn,Engineer
279127,Gregory,Lorch,Senior Staff
279128,Fan,Kusakabe,Engineer
279134,Manu,Lorch,Senior Staff
279136,Yongqiao,Tasistro,Staff
279139,Tetsushi,Eastman,Senior Staff
279143,Marl,Krohm,Senior Engineer
279147,Dinkar,Puppe,Staff
279156,Maris,Birke,Senior Staff
279160,Subhankar,Uludag,Senior Staff
279162,Reinhard,Kavraki,Engineer
279168,Shugo,Morton,Engineer
279169,Billur,Sidhu,Technique Leader
279170,Subhankar,Conry,Engineer
279172,Zongyan,Lichtman,Senior Engineer
279180,Malu,Perfilyeva,Staff
279182,Weijing,Benveniste,Senior Staff
279186,Valery,Frijda,Senior Engineer
279187,Karsten,Millington,Senior Staff
279198,Persi,Junet,Staff
279201,Udo,Stiles,Senior Engineer
279202,Basil,Kadhim,Staff
279203,Niranjan,Pappas,Assistant Engineer
279205,Suvo,Muhlberg,Engineer
279206,Venkatesan,Marrevee,Senior Staff
279207,Zorica,Birch,Senior Engineer
279214,Honesty,Velardi,Engineer
279216,Debaprosad,Kamber,Senior Engineer
279222,Rosalyn,Uludag,Senior Staff
279226,Isaac,Gopalakrishnan,Senior Staff
279228,Yannis,Verspoor,Senior Staff
279229,Oldrich,Karnin,Staff
279231,Gina,Steinauer,Engineer
279234,Gonzalo,Diderrich,Senior Staff
279236,Xiaoshan,Tsukuda,Engineer
279237,Babette,Morrey,Engineer
279241,Shigeaki,Geffroy,Engineer
279249,Alagu,Litecky,Staff
279268,Takahiro,Reistad,Senior Engineer
279281,Constantijn,Zirintsis,Senior Engineer
279285,Genevieve,Peltason,Staff
279286,Kenroku,Benzaken,Senior Staff
279287,Uli,Ranum,Senior Staff
279288,Patricio,Masand,Staff
279290,Kazuhisa,Monarch,Senior Engineer
279299,Xumin,Rande,Engineer
279300,Tomokazu,Bondorf,Senior Engineer
279302,Wojceich,Gelosh,Senior Staff
279305,Filipp,Hemaspaandra,Staff
279307,Domenick,Matteis,Senior Engineer
279308,Ziva,Kopetz,Senior Engineer
279309,Lillian,Keohane,Technique Leader
279315,Chriss,Lorys,Engineer
279316,Foong,Chinin,Engineer
279319,Sachin,Coors,Senior Engineer
279321,Sukumar,Flasterstein,Technique Leader
279329,Adin,Erdi,Senior Engineer
279332,Niteen,Yeung,Engineer
279336,Moss,Bonifati,Technique Leader
279337,Nitsan,Kruskal,Staff
279338,Sreekrishna,Hiltgen,Senior Staff
279342,Babette,Orlowska,Senior Engineer
279343,Mayuko,Munawer,Senior Engineer
279348,Masasuke,Yetim,Senior Staff
279349,Cullen,Shanbhogue,Senior Engineer
279351,Shaunak,Sgarro,Senior Staff
279352,Sanjit,Facello,Staff
279358,Bojan,Iacovou,Senior Staff
279365,Weiyi,Provine,Senior Staff
279370,Valeska,Nitta,Engineer
279378,Pradeep,Lenart,Technique Leader
279379,Eric,Ducloy,Senior Staff
279386,Parto,Verspoor,Senior Staff
279397,Elvis,Karcich,Senior Staff
279398,Kolar,Spelt,Staff
279404,Gladys,Litvinov,Senior Staff
279408,Gudjon,Stenning,Staff
279412,Kensyu,Erde,Senior Engineer
279413,Hidde,Morrey,Senior Engineer
279414,Iara,Lores,Senior Engineer
279415,Radhakrishnan,Bridgland,Senior Staff
279417,Zorica,Bamford,Senior Staff
279419,Xiong,Rebaine,Engineer
279420,Filipe,Rijckaert,Engineer
279422,Mizuhito,Perfilyeva,Engineer
279432,Huican,Lampe,Senior Engineer
279433,Tetsurou,Billawala,Senior Staff
279434,Baocai,Suermann,Staff
279435,Mayumi,Wilharm,Engineer
279436,Fun,Setiz,Senior Engineer
279437,Hironobu,Cummings,Engineer
279440,Shin,Hebden,Staff
279444,Karoline,Pettey,Technique Leader
279446,Basant,Jansch,Senior Staff
279448,Keung,Halloran,Senior Engineer
279449,Ulises,Lalonde,Senior Engineer
279451,Pasqua,Qiwen,Senior Staff
279454,Marco,Erbe,Senior Staff
279455,Randy,Encarnacion,Senior Engineer
279456,Fumitake,Georgatos,Engineer
279458,Brendon,Wegerle,Technique Leader
279468,Weiwu,Kornyak,Senior Staff
279475,Mats,Nanard,Engineer
279477,Moon,Kalsbeek,Senior Staff
279478,Steve,Zyda,Senior Staff
279480,Yucel,Kilgour,Senior Engineer
279482,Adamantios,Bugaenko,Senior Engineer
279484,Yunming,Famili,Senior Staff
279487,Dietrich,Fasbender,Senior Engineer
279488,Aleksandar,Vandervoorde,Senior Engineer
279492,Navin,Harllee,Staff
279495,Marie,Danecki,Engineer
279503,Remco,Lieberherr,Senior Staff
279504,Olivera,Thibadeau,Senior Engineer
279506,Shih,Selvestrel,Senior Staff
279507,Masato,Desikan,Senior Staff
279510,Makato,Munck,Senior Staff
279511,Tsuneo,Rahier,Senior Engineer
279513,Subhash,Ritcey,Senior Staff
279514,Fumiko,Heyers,Senior Engineer
279516,Shigehito,Thiran,Senior Engineer
279518,Werner,Ellozy,Senior Staff
279519,Trygve,Neimat,Senior Engineer
279526,Dharmaraja,Feldmann,Senior Staff
279527,Itzchak,Zuberek,Engineer
279528,Rosita,Szilard,Technique Leader
279529,Constantine,Farrel,Senior Staff
279534,Syozo,Frijda,Engineer
279535,Domenico,Sullins,Senior Engineer
279541,Tsutomu,Felder,Senior Staff
279544,Bedir,Atchley,Senior Engineer
279553,Elzbieta,Brlek,Senior Staff
279555,Pramod,Erdi,Engineer
279567,Mario,Percebois,Engineer
279580,Siddarth,Werthner,Senior Staff
279583,Gianluca,Masada,Staff
279584,Dante,Coney,Staff
279589,Kensyu,Roccetti,Technique Leader
279590,Slavian,Fargier,Engineer
279591,Jianwen,Ariola,Senior Staff
279594,Alexius,Ponthieu,Senior Staff
279599,Mitsuyuki,Ouhyoung,Senior Engineer
279608,Alenka,Shackel,Senior Staff
279611,Pranav,Perry,Senior Staff
279615,Ramachenga,Kroha,Engineer
279618,Eben,Cannata,Senior Engineer
279619,Youngkon,Thiran,Senior Engineer
279620,Suzette,Erbe,Engineer
279626,Baocai,Undy,Engineer
279627,Alassane,Gilg,Engineer
279630,Vasilis,Redmiles,Senior Staff
279642,Feipei,Besancenot,Engineer
279643,Kiam,Massonet,Senior Staff
279649,Rajmohan,Dolinsky,Senior Staff
279650,Hugo,Kalafatis,Senior Staff
279653,Kensei,Berztiss,Staff
279657,Mayuko,Kavraki,Senior Engineer
279658,Younwoo,Danlos,Senior Engineer
279661,Xiadong,Bach,Senior Staff
279673,Xiaopeng,Leppanen,Senior Staff
279674,Basim,Servieres,Staff
279675,Conrado,Weiland,Senior Staff
279682,Fun,Suomi,Senior Engineer
279686,Henk,Sidhu,Senior Engineer
279687,Howell,Maquelin,Senior Engineer
279688,Tsutomu,Lieblein,Engineer
279689,Martins,McDermid,Technique Leader
279690,Khoa,Birge,Senior Staff
279691,Peternela,Lindenbaum,Senior Staff
279692,Tsuneo,Mahnke,Senior Staff
279694,Atreye,Birch,Senior Staff
279695,Xiaoqiu,Berstel,Senior Engineer
279703,Kirk,Makrucki,Senior Engineer
279704,Boutros,Kirkerud,Senior Engineer
279707,Makato,Broder,Senior Engineer
279712,Eberhardt,Nitto,Technique Leader
279715,Xiping,Szmurlo,Senior Staff
279716,Sham,Validov,Senior Staff
279718,Sanjiv,Srimani,Senior Staff
279719,Herbert,Stille,Staff
279721,Sedat,Silva,Engineer
279726,Zhenhua,Farris,Senior Staff
279729,Gully,Masada,Senior Engineer
279731,Bernardo,Pezzoli,Assistant Engineer
279732,Sedat,Imataki,Senior Staff
279735,Ravishankar,Atrawala,Senior Staff
279740,Sachio,Molenaar,Senior Engineer
279742,Navid,Woycyznski,Senior Engineer
279744,Hein,Werthner,Engineer
279745,Hongzue,Brattka,Senior Engineer
279746,Yolla,Baca,Staff
279751,Kannan,Lunn,Senior Staff
279753,Gio,Georg,Senior Engineer
279756,Spyrose,Babb,Technique Leader
279758,Honesty,Chiola,Senior Engineer
279759,Kitty,Manderick,Senior Engineer
279760,Poorav,Dalphin,Technique Leader
279762,Rildo,Bael,Senior Staff
279763,Marke,Lipner,Senior Engineer
279765,Rosine,Ranta,Senior Staff
279770,Chenyi,Brickell,Staff
279772,Masali,Strooper,Senior Engineer
279776,Mohammed,Moehrke,Senior Staff
279777,Dzung,Yetim,Senior Staff
279780,Werner,Weedon,Staff
279784,Ronnie,Quittner,Engineer
279785,Hatsukazu,Desikan,Engineer
279788,Tsvetan,Acton,Senior Engineer
279794,Felicidad,Polajnar,Senior Staff
279795,Ottavia,Krzyzanowski,Senior Engineer
279801,Xiaoqiu,Linares,Senior Engineer
279804,Sugwoo,Camurati,Senior Staff
279808,Tooru,Dolinsky,Senior Engineer
279811,Udo,Ohori,Senior Engineer
279817,Tonia,Masamoto,Staff
279829,Iara,Stille,Staff
279831,Sajjan,Conte,Engineer
279832,Kristen,Vural,Senior Engineer
279833,Moon,Basagni,Senior Engineer
279834,Susanna,Eugenio,Senior Staff
279838,Masali,Koshino,Senior Staff
279839,Nirmal,Swan,Assistant Engineer
279843,Gudjon,Solares,Assistant Engineer
279845,Ult,Dymetman,Staff
279851,Weicheng,Hellwagner,Senior Staff
279856,Lobel,Camurati,Engineer
279857,Ebbe,Monarch,Senior Engineer
279865,Genki,Serra,Senior Staff
279866,Sibyl,Kropatsch,Senior Staff
279868,Hidekazu,Schiper,Senior Engineer
279874,Leszek,Wrigley,Engineer
279875,KayLiang,Kornyak,Senior Staff
279879,Gladys,Tagansky,Staff
279880,Surveyors,Akiyama,Senior Staff
279887,Shietung,Cunliffe,Senior Staff
279891,Eben,Gihr,Senior Staff
279892,Nahum,Ertl,Staff
279894,Sudharsan,Masand,Senior Staff
279901,Premsyl,Stanfel,Technique Leader
279902,Noritoshi,Ishibashi,Staff
279903,Dmitry,Pardalos,Technique Leader
279906,Zhensheng,Pellegrinelli,Senior Engineer
279910,Yongmin,Snyers,Technique Leader
279915,Angus,Rijsenbrij,Senior Engineer
279917,Jaroslava,Selenyi,Senior Staff
279920,Stamatina,Papsdorf,Senior Engineer
279921,Anneke,Bardell,Senior Staff
279926,Shaowen,Anido,Senior Engineer
279927,Katsuo,Lipner,Senior Engineer
279935,Caolyn,Ashish,Staff
279937,Eberhardt,Cichocki,Senior Engineer
279938,JoAnne,Makinen,Engineer
279940,Masamitsu,Candan,Staff
279956,Aron,Bennet,Staff
279958,Brigham,Preusig,Senior Engineer
279966,Gopalakrishnan,Valiente,Staff
279969,Gila,Winter,Engineer
279972,Jianhua,Gecsei,Senior Staff
279976,Youjian,Slutz,Senior Staff
279979,Masaru,Stenning,Senior Staff
279984,Kokou,Nergos,Senior Engineer
279989,Fumiyo,Waschkowski,Technique Leader
279994,Vitaly,Botman,Senior Staff
279996,Zejun,Lampe,Senior Engineer
279997,Heeju,Burnard,Staff
279999,Hyuncheol,Hiyoshi,Engineer
280001,Geraldo,Lammel,Engineer
280008,Zhiwei,Schurmann,Senior Staff
280009,Yunming,Baezner,Senior Engineer
280010,Arnould,Awdeh,Senior Staff
280013,Suebskul,Ballarin,Technique Leader
280014,Marco,Hiroyama,Senior Staff
280018,Shridhar,Menyhert,Staff
280025,Kazunori,Bernardeschi,Senior Staff
280027,Sashi,Gyimothy,Senior Staff
280028,Freyja,Fetvedt,Senior Staff
280031,Valter,Gyorkos,Senior Staff
280035,Serif,Ranst,Staff
280038,Gunilla,Luks,Senior Staff
280043,Mandell,Kuhnemann,Engineer
280047,Jessie,Sigstam,Senior Engineer
280050,Fay,Gewali,Engineer
280055,Shounak,Waeselynck,Engineer
280062,Sashi,Condotta,Senior Staff
280066,Kazuyasu,Sanella,Senior Staff
280074,Teruyuki,Bardell,Engineer
280076,Nagui,Angel,Staff
280082,Gao,Spell,Engineer
280088,Iara,Llado,Senior Staff
280089,Dante,Asmuth,Engineer
280091,Menkae,Syrzycki,Technique Leader
280094,Yakkov,Conde,Staff
280098,Taizo,Ullian,Staff
280103,Nirmal,Ecklund,Engineer
280105,Atreyi,Hebden,Senior Staff
280106,Duke,Koyama,Senior Engineer
280108,Kasidit,Fargier,Senior Engineer
280116,Xiping,Andreotta,Senior Engineer
280117,Janalee,Stanger,Senior Engineer
280118,Constantino,Khasidashvili,Senior Engineer
280122,Rutger,Crooks,Senior Staff
280124,Mads,Rosenbaum,Senior Staff
280126,Arie,Danecki,Senior Engineer
280127,Arnd,Hammerschmidt,Engineer
280130,Qingxiang,Turnbull,Senior Staff
280133,Toshimitsu,Huttel,Senior Engineer
280134,Yuichiro,Pehl,Engineer
280137,Cullen,Ruther,Technique Leader
280145,Kien,Gien,Staff
280149,Sushant,Demeyer,Staff
280151,Kazuhira,Auyong,Senior Staff
280154,Munenori,Gaughan,Senior Staff
280157,Xinglin,Crooks,Senior Staff
280158,Felicidad,Vendrig,Senior Staff
280161,Zeljko,Suermann,Engineer
280165,Berni,Srimani,Senior Engineer
280169,Aimee,Sherertz,Senior Engineer
280171,Rasikan,Condotta,Senior Staff
280175,Shahab,Chaudhury,Technique Leader
280176,Kien,Covnot,Engineer
280177,Youpyo,Keohane,Senior Engineer
280179,Fuqing,Flexer,Senior Staff
280187,Dipankar,Ducloy,Senior Engineer
280189,Sashi,Sooriamurthi,Senior Staff
280190,Shahab,Leijenhorst,Engineer
280192,Huai,Hoppenstand,Engineer
280193,DeForest,Engelmann,Staff
280197,Panayotis,Fordan,Technique Leader
280199,Aruna,Pelz,Technique Leader
280206,Dhritiman,Panienski,Senior Staff
280209,Licheng,Maraist,Senior Engineer
280210,Demos,Plavsic,Senior Staff
280212,Chanjung,Heemskerk,Technique Leader
280214,Shuky,Jiang,Senior Engineer
280215,Anneke,Poulakidas,Senior Engineer
280216,Lene,McDermid,Senior Staff
280219,Hatem,Bennis,Staff
280220,Hailing,Pollock,Senior Staff
280222,Qingxiang,Rosis,Senior Staff
280229,Tooru,Fiutem,Senior Engineer
280230,Fox,Ouhyoung,Senior Staff
280231,Anestis,Kleiser,Staff
280232,Jacqueline,Peck,Senior Engineer
280234,Sajjad,Azumi,Engineer
280236,Sadegh,Vingron,Senior Staff
280238,Aria,Rodier,Senior Engineer
280244,Indrajit,Wilfing,Senior Staff
280246,Felicidad,Papadias,Senior Engineer
280247,Lorien,Desikan,Senior Engineer
280248,Poornachandra,Giarratana,Senior Engineer
280249,Sanjit,Marsiglia,Engineer
280253,Perry,Alpin,Senior Engineer
280254,Freyja,Krupka,Senior Engineer
280255,Richara,Roccetti,Senior Staff
280257,Sudhanshu,Straney,Senior Engineer
280258,Guangming,Kalsbeek,Engineer
280260,Rasiah,Luon,Staff
280263,Kitty,Fandrianto,Senior Engineer
280264,Diederik,Wilharm,Senior Engineer
280265,Xiaoqiu,Stanger,Senior Engineer
280271,Yucel,Papastamatiou,Senior Staff
280277,Magdalena,Perry,Senior Staff
280283,Youngkon,Kakkad,Engineer
280290,Francoise,Schnabel,Engineer
280294,Bilhanan,Sluis,Assistant Engineer
280305,Aran,Vandervoorde,Technique Leader
280309,Chuanyi,Bolsens,Senior Staff
280312,Aran,Binkley,Senior Engineer
280315,Ravishankar,Angelopoulos,Senior Staff
280318,Nevin,Dredge,Senior Staff
280320,Marie,Rajala,Engineer
280323,Odysseas,Malabarba,Technique Leader
280325,Masato,Carrera,Senior Engineer
280326,Tooru,Karlin,Staff
280328,Geraldo,McAlpine,Senior Staff
280330,Saniya,Gladwell,Senior Engineer
280333,Zongyan,Kisuki,Senior Staff
280334,Chrisa,Kadhim,Senior Engineer
280347,Stella,Nyrup,Senior Engineer
280350,Shahab,Hagimont,Staff
280353,Cheong,Sooriamurthi,Senior Engineer
280355,Xiaoqiu,Stroustrup,Senior Staff
280356,Moriyoshi,Masada,Engineer
280359,Urs,Stamatiou,Engineer
280361,Shooichi,Hiltgen,Senior Engineer
280362,Ramya,Turnbull,Senior Staff
280364,Baziley,Delgrossi,Engineer
280368,Danae,Sullins,Senior Engineer
280370,Mayuko,Vesel,Senior Engineer
280371,Syozo,Pillow,Senior Engineer
280375,Gonzalo,Standera,Senior Engineer
280376,Mohammad,DeMori,Senior Staff
280387,Shuzo,Stasinski,Senior Staff
280389,Tetsushi,Hasham,Staff
280391,Niclas,Spell,Senior Staff
280392,Mrinalini,Lukaszewicz,Staff
280396,Shih,Solares,Senior Staff
280397,Saddek,Thambidurai,Assistant Engineer
280400,Hailing,Marsiglia,Engineer
280402,Ramya,Snyers,Senior Staff
280404,Shuji,Matheson,Engineer
280410,Kankanahalli,Kemmerer,Senior Engineer
280417,Jaideep,Serot,Staff
280426,Mokhtar,Impagliazzo,Assistant Engineer
280430,Sudharsan,Syrotiuk,Senior Engineer
280441,Fatemeh,Guting,Engineer
280442,Kinh,Danecki,Staff
280443,Janalee,Sanella,Senior Engineer
280447,Fumiko,Facello,Technique Leader
280448,Theron,Aamodt,Senior Staff
280452,Navin,Chenoweth,Assistant Engineer
280454,Udi,Sudkamp,Staff
280456,Uinam,Vieth,Senior Engineer
280457,Amstein,Keirsey,Senior Engineer
280465,Sanjeeva,Halevi,Senior Staff
280472,Aram,Beetstra,Assistant Engineer
280475,Utpal,Valtorta,Senior Engineer
280476,Harngdar,Mandelberg,Senior Staff
280477,Utz,Sidou,Senior Staff
280481,Shigehiro,Kirkerud,Staff
280483,Naraig,Jeong,Senior Staff
280484,Holgard,Georgatos,Senior Staff
280489,Pascal,Anandan,Senior Engineer
280492,Chuanyi,Rosay,Senior Engineer
280496,Xianlong,Potthoff,Senior Staff
280497,Manton,Ratzlaff,Senior Staff
280502,Wilmer,Foote,Senior Staff
280505,Somnath,Marakhovsky,Senior Staff
280507,Lene,Piancastelli,Senior Engineer
280508,Srinidhi,Demos,Senior Engineer
280511,Sajjan,Sidje,Staff
280512,Sumant,Trelles,Senior Staff
280513,Lucien,Sadowsky,Senior Staff
280514,Danil,Perng,Senior Engineer
280517,Aris,Henders,Senior Engineer
280522,Shigeichiro,Bazelow,Senior Staff
280523,Zissis,Miculan,Engineer
280532,Gilbert,Jayawardene,Senior Engineer
280534,Oscal,Nilsson,Senior Staff
280535,Shay,Conti,Senior Engineer
280536,Moss,Perna,Senior Staff
280539,Maha,Szilard,Engineer
280540,Yonghong,Denos,Staff
280541,Holgard,Rotem,Senior Staff
280559,Moss,Hemaspaandra,Senior Staff
280573,Kirk,Compeau,Engineer
280574,Shih,Orlowska,Senior Staff
280580,Marl,Terkki,Staff
280581,Fumitaka,Sichman,Senior Staff
280588,Bogdan,Collette,Engineer
280595,Frazer,Kitsuregawa,Senior Engineer
280597,Tzvetan,Schieder,Engineer
280598,Takanari,Lovengreen,Senior Staff
280603,Kien,Sinitsyn,Senior Staff
280605,Denny,Norsworthy,Assistant Engineer
280609,Elrique,Khasidashvili,Senior Engineer
280612,Yifei,Gien,Senior Staff
280613,Genta,Baba,Senior Staff
280615,Shuky,Takanami,Senior Engineer
280616,Sreekrishna,Pepe,Senior Staff
280622,Wayne,Back,Senior Engineer
280632,Marlo,Zweizig,Engineer
280635,Dietrich,Collavizza,Senior Engineer
280643,Dmitry,Peroz,Senior Staff
280644,Cedric,Heping,Senior Staff
280647,Becky,Luit,Senior Engineer
280650,Hironoby,Alameldin,Senior Staff
280651,Yakichi,Seghrouchni,Senior Engineer
280653,Gen,Benaini,Technique Leader
280655,Randi,Heinisuo,Senior Staff
280658,Pranas,Dymetman,Senior Engineer
280659,Xudong,Valiente,Senior Staff
280660,Sashi,Trogemann,Senior Engineer
280669,Charmane,Snedden,Engineer
280670,Premsyl,Hitomi,Senior Staff
280672,Leon,Lortz,Senior Staff
280673,Ortrun,Lorho,Senior Engineer
280675,Chriss,Albarhamtoshy,Senior Staff
280681,Nahum,Braccini,Senior Engineer
280683,Bogdan,Klyachko,Staff
280686,Jingling,Choobineh,Senior Engineer
280687,Sakthirel,Lodder,Technique Leader
280699,Elvis,Krychniak,Senior Engineer
280706,Emdad,Ranze,Staff
280707,Edwin,Unno,Senior Staff
280709,Hirochika,Caine,Staff
280711,Tua,Qiwen,Senior Staff
280713,Aiman,Penz,Senior Staff
280717,Aiman,Range,Senior Staff
280721,Arumugam,Fiutem,Engineer
280723,Arfst,Kolinko,Senior Engineer
280729,Shuho,Pearson,Senior Engineer
280730,Adhemar,Bisiani,Senior Staff
280738,Mari,Lieblein,Staff
280744,Aran,Pulkowski,Senior Engineer
280746,Taizo,Molenkamp,Senior Staff
280748,Mohan,Gniady,Senior Engineer
280756,Nahum,Nitto,Senior Engineer
280758,Gladys,Maquelin,Senior Engineer
280759,Vitali,Brodal,Senior Staff
280760,Rafail,Klassen,Senior Engineer
280763,Richard,Alameldin,Senior Engineer
280764,Fumiyo,Minakawa,Senior Engineer
280773,Zhanqiu,Lyonns,Staff
280776,Torsten,Merks,Engineer
280783,Renny,Mellouli,Senior Staff
280784,Giao,Bauknecht,Senior Staff
280785,Honesty,Laurillard,Senior Staff
280787,Sorina,Tanemo,Staff
280788,Khoa,Kalsbeek,Technique Leader
280790,Ekawit,Baumann,Senior Engineer
280791,Fuqing,Salverda,Engineer
280793,Guttorm,Jakobus,Senior Engineer
280795,Francoise,Taneja,Assistant Engineer
280796,Shigenori,Lundstrom,Senior Engineer
280798,Angus,Jording,Staff
280799,Bartek,Feldmann,Senior Engineer
280803,Zine,Dayana,Technique Leader
280813,Feixiong,Conde,Engineer
280826,Henk,Biron,Technique Leader
280827,Kwangjo,Krybus,Senior Staff
280831,Kazuhiko,Jeong,Senior Staff
280843,Arfst,Garrabrants,Staff
280844,Jeane,Rahimi,Staff
280848,Cordelia,Constantine,Staff
280849,Mats,Dusink,Senior Staff
280851,Freyja,Schwartzbauer,Senior Staff
280860,Gudjon,Syang,Senior Staff
280861,Masamitsu,Biros,Senior Engineer
280863,Chanjung,Junet,Senior Engineer
280865,Shuky,Szilard,Senior Engineer
280867,Guadalupe,Rande,Engineer
280871,Khue,Cronin,Senior Staff
280876,Saniya,Maginnis,Senior Engineer
280882,Nobuyoshi,Krider,Engineer
280883,Shao,Compeau,Technique Leader
280885,Lena,Ressouche,Assistant Engineer
280886,Chinya,Penn,Staff
280890,Jiang,Mukaidono,Senior Engineer
280892,Maik,Rusmann,Staff
280893,Kellie,Peot,Senior Staff
280894,Rosita,Tzvieli,Senior Staff
280900,Odinaldo,Ramsay,Engineer
280901,Sadegh,Figueira,Senior Engineer
280908,Yunming,Segond,Senior Engineer
280910,Arve,Dehkordi,Staff
280916,Oscar,Bernick,Senior Engineer
280917,Doowon,Melter,Senior Engineer
280918,Aamod,Codenie,Staff
280919,Suvo,Grospietsch,Senior Staff
280923,Uno,Silva,Senior Staff
280924,Sigeru,Merey,Senior Staff
280925,Gill,Orlowski,Senior Staff
280927,Zhenhua,Muniz,Senior Engineer
280929,Khue,Peot,Senior Staff
280933,Jianhao,Dalphin,Senior Staff
280934,Gritta,Gils,Senior Engineer
280935,Alassane,Segond,Senior Engineer
280937,Selwyn,Valtorta,Senior Engineer
280941,Taisook,Furudate,Senior Engineer
280943,Atilio,Oxman,Staff
280949,Make,Setiz,Senior Engineer
280954,Raimond,Cappelletti,Senior Staff
280955,Mona,Anido,Senior Staff
280960,Serif,Brodal,Senior Engineer
280961,Mingsen,Pesch,Senior Engineer
280968,Jovan,Terkki,Senior Engineer
280974,Basil,Krider,Senior Engineer
280975,Shakhar,Ramamoorthy,Senior Engineer
280976,Greger,Awdeh,Senior Staff
280977,Frazer,Shokrollahi,Assistant Engineer
280978,Jacqueline,Thorensen,Staff
280979,Remmert,Orsini,Staff
280981,Sachem,Engberts,Senior Engineer
280991,Masami,Camurati,Engineer
280995,Fun,Randi,Engineer
280996,Valdiodio,Vrecion,Senior Engineer
280998,Cristinel,Back,Senior Staff
281000,IEEE,Alameldin,Engineer
281004,Gina,Irland,Senior Engineer
281009,Yongmao,Esteva,Technique Leader
281015,Pranjal,Vilarrasa,Staff
281019,Kazuhisa,Pepe,Senior Staff
281024,Theron,Poupard,Staff
281026,Rimon,Kroha,Assistant Engineer
281032,Vidar,Liedekerke,Senior Engineer
281033,Katsuyuki,Itzigehl,Senior Engineer
281034,Douadi,Lorch,Senior Engineer
281037,Alair,Baja,Engineer
281041,Shuichi,Vanwelkenhuysen,Senior Staff
281042,Leaf,Makinen,Senior Engineer
281045,Tomoyuki,Brattka,Engineer
281047,Yunming,Pellegrinelli,Senior Engineer
281049,Shay,Harnett,Senior Staff
281051,Boaz,Serna,Senior Staff
281055,Mantis,Peac,Engineer
281058,Miomir,Bressoud,Assistant Engineer
281061,Ravishankar,Pietrzykowski,Engineer
281069,Stevo,Yetto,Senior Staff
281070,Chenye,Shanbhogue,Senior Staff
281071,Utpal,Bednarek,Senior Staff
281074,Kendra,Xiaoshan,Senior Engineer
281079,Kamakshi,Schwartzburd,Engineer
281083,Conrado,Emden,Senior Staff
281084,Sven,Bugaenko,Senior Engineer
281085,Sarita,Panienski,Senior Engineer
281090,Aemilian,Cronau,Senior Engineer
281093,Anyuan,Legleitner,Senior Engineer
281094,Roddy,Denti,Senior Staff
281095,Pranjal,Rosin,Senior Engineer
281100,Kazuhisa,Marchegay,Senior Staff
281101,Wilmer,Bodoff,Senior Engineer
281103,Bodh,Hebden,Assistant Engineer
281111,Gian,Sanella,Engineer
281113,Sumali,Giaccio,Engineer
281116,Kazuhira,Syrotiuk,Senior Engineer
281118,Munir,Leaver,Senior Staff
281124,Paris,Uehara,Staff
281128,Trygve,Samarati,Staff
281131,Munenori,Luff,Engineer
281132,Qunsheng,Barriga,Engineer
281137,Vugranam,Luca,Senior Staff
281138,Sverrir,Dulin,Senior Engineer
281146,Ingemar,Gist,Engineer
281147,Karlis,Terlouw,Senior Staff
281150,Masanao,Lichtner,Senior Staff
281159,Sakthirel,Bernardinello,Engineer
281160,Herb,Oxman,Engineer
281163,Mohammad,Giarratana,Senior Engineer
281169,Zengping,Berendt,Senior Engineer
281170,Abdulah,Dulli,Technique Leader
281177,Odinaldo,Cangellaris,Senior Staff
281184,Hilari,Tagansky,Senior Engineer
281188,Sedat,Heyers,Senior Staff
281190,Seongbin,Birke,Senior Staff
281192,Larisa,Ciolek,Senior Staff
281194,Shaunak,Krychniak,Technique Leader
281195,Zengping,Undy,Senior Engineer
281204,Quingbo,Azumi,Senior Engineer
281209,Chuanyi,Goldhammer,Senior Engineer
281213,Kellyn,Staylopatis,Senior Engineer
281215,Edwin,Bednarek,Senior Staff
281217,Goh,Mayerwieser,Senior Staff
281223,Sudharsan,Goldhammer,Staff
281225,Lubomir,Waymire,Senior Staff
281228,Candido,Decleir,Staff
281232,Taisook,Awdeh,Staff
281234,Harngdar,Falby,Technique Leader
281236,Moheb,Lambe,Senior Staff
281244,Marke,Vural,Technique Leader
281246,Kazunori,Maquelin,Engineer
281249,Sudharsan,Hasham,Senior Staff
281254,Chuanti,Beilner,Senior Engineer
281258,Chinho,Thebaut,Technique Leader
281259,Marek,Feinberg,Senior Staff
281261,Shuichi,Molberg,Senior Staff
281268,Yinlin,Assaf,Senior Staff
281269,Shichao,Snyers,Engineer
281277,Moheb,Pramanik,Senior Staff
281278,Aamod,Muhling,Senior Staff
281282,Mohd,Fadgyas,Senior Staff
281287,Peer,Rosay,Engineer
281288,Nikolaos,Menyhert,Senior Staff
281291,Duri,Chaudhury,Senior Staff
281292,Dannz,Falco,Engineer
281293,Chikara,Bednarek,Senior Staff
281299,Jianhui,Herber,Senior Engineer
281302,Uma,Rijckaert,Senior Staff
281303,Nadjib,Wolniewicz,Senior Staff
281304,Mizuhito,Basart,Engineer
281310,Arfst,Badr,Senior Staff
281311,Gal,Nitta,Staff
281318,Mamdouh,Hiroyama,Senior Engineer
281326,Guoxiang,Bahk,Senior Engineer
281327,Marie,Poulakidas,Senior Engineer
281343,Jiann,Randt,Staff
281345,Giordano,Beetstra,Senior Staff
281347,Lakshmi,Luby,Senior Engineer
281350,Kyoichi,Schoegge,Senior Staff
281352,Lansing,Plumb,Senior Engineer
281355,Sachin,Matzel,Staff
281357,Lubomir,Kobara,Engineer
281358,Kamran,Poupard,Technique Leader
281362,Kirk,Perl,Senior Engineer
281364,Masami,Majewski,Engineer
281366,Anyuan,Luiz,Staff
281367,Abdelaziz,Toyoshima,Engineer
281369,Teruyuki,Dalton,Senior Engineer
281371,Masoud,Peng,Senior Engineer
281378,Denny,Denos,Senior Engineer
281380,Karlis,Grandbois,Technique Leader
281381,Shahar,Kushner,Staff
281385,Georgi,Oxenboll,Senior Staff
281387,Rosella,Schlumberger,Staff
281393,Phule,Sanella,Senior Staff
281398,Randy,Poujol,Senior Engineer
281399,Shigeaki,Heemskerk,Engineer
281400,Kristen,Lores,Senior Engineer
281408,Maik,Randi,Staff
281413,Kersti,Monarch,Senior Staff
281414,Giri,Kusakari,Senior Staff
281415,Sachio,Lagarias,Staff
281416,Sadun,Kuzuoka,Senior Staff
281423,Sajjad,Schwabacher,Senior Engineer
281426,Sivanarayana,Coors,Senior Engineer
281434,Hideyuki,Zaumen,Senior Engineer
281437,Jiafu,Ladret,Engineer
281438,IEEE,Baik,Engineer
281439,Tzu,Radivojevic,Senior Engineer
281449,Marjo,Asrin,Staff
281453,Insup,Gopalakrishnan,Staff
281455,Abdelkader,Demir,Senior Engineer
281458,Niranjan,Biron,Senior Staff
281460,Dietrich,Emmart,Senior Engineer
281462,Katsuo,Shiratori,Staff
281465,Xiaoqiang,Grandbois,Senior Engineer
281467,Gennady,Brandsma,Senior Staff
281470,Sariel,Setlzner,Senior Engineer
281474,Hatsukazu,Itzfeldt,Senior Staff
281476,Geoff,Koblitz,Senior Staff
281477,Remmert,Domenig,Senior Staff
281478,Jixiang,Lorys,Technique Leader
281482,Tzvetan,Gulik,Staff
281483,Cathie,Wossner,Senior Engineer
281484,Mooi,Pardalos,Senior Engineer
281488,Xiadong,Bruckman,Senior Engineer
281496,Bokyung,Gadepally,Senior Engineer
281504,Denis,Gips,Staff
281505,Babette,Baer,Senior Staff
281510,Douadi,Demian,Senior Staff
281512,Lokesh,Maquelin,Staff
281518,Ghassan,Heering,Senior Staff
281519,Mingzeng,Bruckman,Senior Engineer
281520,Jeanna,Wrigley,Senior Staff
281521,Along,Conia,Technique Leader
281528,Tadanori,Walstra,Assistant Engineer
281529,Arumugam,Dichev,Engineer
281534,Atreyi,Schlegelmilch,Senior Staff
281540,Karoline,Gelosh,Senior Staff
281542,Piyush,Bazzichi,Engineer
281547,Vidar,Baez,Senior Staff
281548,Yishay,Lichtner,Senior Staff
281552,Xiaoqiu,Thiria,Engineer
281554,Zijian,Naumovich,Senior Engineer
281556,Kayoko,Waschkowski,Engineer
281559,Tze,Suermann,Senior Staff
281560,Arch,Uehara,Senior Staff
281562,Heather,Krogh,Senior Engineer
281565,Slavian,Harnett,Senior Engineer
281571,Leah,Merli,Senior Engineer
281574,Rasikan,Benantar,Senior Engineer
281586,Akeel,Jiang,Engineer
281590,Tooru,Heydon,Senior Staff
281591,Rosalie,Bail,Technique Leader
281595,Fayez,Randi,Senior Staff
281596,Jixiang,Feinberg,Staff
281599,Jianhui,Badr,Senior Engineer
281601,Kitty,Swist,Senior Staff
281602,Eirik,Vasanthakumar,Senior Staff
281603,Shim,Danlos,Senior Engineer
281606,Lakshmi,Farris,Senior Staff
281608,Ronghao,Hanabata,Senior Engineer
281612,Carrsten,Setia,Engineer
281617,Byong,Argence,Senior Staff
281618,Itzchak,Cangellaris,Senior Engineer
281621,Beshir,Dulli,Senior Staff
281627,Sahrah,Pettey,Assistant Engineer
281628,Vasilii,Peck,Senior Engineer
281633,Shaz,Vidal,Senior Engineer
281639,Kasidit,Reeken,Technique Leader
281641,Shigeu,Poupard,Staff
281642,Itzchak,Lakshmanan,Staff
281643,Bingning,Schrooten,Senior Staff
281647,Shan,Kaminger,Senior Engineer
281655,Maja,Keohane,Senior Staff
281661,Noritoshi,Chenoweth,Staff
281663,Kristin,Hofstetter,Senior Staff
281666,Mrinalini,Anguita,Engineer
281667,Baocai,Bahk,Senior Staff
281669,Kamakshi,Soicher,Senior Staff
281670,Niteen,Welham,Staff
281674,Xiping,Ebeling,Senior Staff
281676,Gianluca,Spieker,Engineer
281677,Harjit,Tiemann,Senior Staff
281679,Krisda,Arlazarov,Senior Engineer
281680,Spyrose,Kinley,Senior Engineer
281681,Shigehiro,Erdmenger,Staff
281682,Naraig,Gente,Assistant Engineer
281687,Halsur,Heystek,Technique Leader
281694,Fei,Rusterholz,Staff
281697,Nirmal,Rusterholz,Senior Staff
281699,Filipe,Penz,Senior Staff
281700,Tse,Swick,Senior Engineer
281701,Shooichi,Cooke,Senior Engineer
281702,Georg,Wrigley,Senior Staff
281706,Sangeeta,Vecchio,Senior Engineer
281708,Amabile,Whitcomb,Staff
281710,Ibibia,Thiran,Staff
281714,Arve,Stellhorn,Engineer
281716,Arumugam,Collavizza,Technique Leader
281725,Irena,Shanbhogue,Senior Staff
281730,Jordanka,Axelband,Senior Staff
281742,Remzi,Fiutem,Senior Staff
281743,Mitchel,Beeson,Senior Engineer
281746,Navid,Straney,Senior Engineer
281747,Collette,Halevi,Staff
281750,Mohamadou,Laventhal,Senior Staff
281753,Gio,Loncour,Senior Staff
281755,Masaki,Dehkordi,Staff
281760,Fumiyo,Cronau,Senior Staff
281762,Nathalie,Tiemann,Engineer
281763,Udo,Wrigley,Senior Staff
281768,Eckart,Beausoleil,Senior Staff
281773,Fatemeh,Lunt,Senior Engineer
281775,Amalendu,Jonsson,Senior Engineer
281776,Radoslaw,Nilsson,Senior Staff
281777,Petter,Furedi,Engineer
281779,Anwar,Rosca,Senior Engineer
281781,Alois,Journel,Senior Engineer
281794,Shaz,Flasterstein,Staff
281796,Basil,Savasere,Senior Staff
281798,Atreye,Siochi,Staff
281802,Frazer,Swiler,Senior Engineer
281803,Zongyan,Raoux,Senior Engineer
281809,Khoa,Munawer,Technique Leader
281812,Akemi,Benzmuller,Engineer
281813,Haldun,Marchegay,Technique Leader
281815,Filipp,Ratnakar,Engineer
281817,Turgut,Chiodo,Senior Engineer
281823,Georgi,Bael,Engineer
281825,Mamdouh,Langford,Senior Engineer
281827,Visit,Lienhardt,Senior Staff
281830,Zhiwei,Goldhammer,Senior Staff
281833,Taegyun,Kalsbeek,Staff
281838,Leon,Falco,Staff
281839,Domenico,Itschner,Senior Staff
281849,Zdislav,Oehlmann,Staff
281855,Gor,Lemarechal,Technique Leader
281864,Howell,Dymetman,Senior Engineer
281870,Yoshinari,Giaccio,Staff
281872,Tuval,Siprelle,Senior Engineer
281874,Raimond,Peck,Senior Engineer
281877,Mana,Murthy,Senior Engineer
281887,Aral,Chleq,Senior Staff
281888,Takahiro,Brodal,Engineer
281890,Kwangjo,Coorg,Senior Staff
281895,Gill,Capobianchi,Senior Engineer
281897,Kazunori,Botman,Senior Staff
281899,Owen,Michaels,Senior Staff
281906,Phuoc,Orlowska,Senior Engineer
281912,Aiichiro,Gewali,Senior Engineer
281917,Srinidhi,Gulla,Senior Engineer
281920,Zeljko,Georg,Staff
281926,Ferdinand,Stassinopoulos,Senior Staff
281928,Lidong,Gewali,Senior Staff
281931,Nahid,Picht,Senior Staff
281932,Makato,Rouquie,Senior Staff
281935,Kasturi,Munke,Engineer
281938,Sachem,Wiegley,Senior Engineer
281939,Demos,Biran,Senior Engineer
281941,Weiwu,Schaar,Assistant Engineer
281942,Samphel,Byoun,Senior Engineer
281944,Malu,Diderrich,Staff
281952,Edwin,Cappello,Engineer
281956,Jessie,Bardell,Senior Staff
281959,Caolyn,Quittner,Senior Staff
281960,Filipp,Rassart,Technique Leader
281966,Kwan,Kohling,Engineer
281967,Emran,Farrag,Senior Engineer
281968,Byong,Mayerwieser,Engineer
281969,Guangming,Rabehasaina,Assistant Engineer
281971,Horward,Desikan,Senior Staff
281975,Marl,Bondorf,Senior Engineer
281976,Shaowei,Stamatiou,Technique Leader
281977,Lakshmi,Butterworth,Assistant Engineer
281981,Youssef,Ishibashi,Senior Staff
281982,Zhigen,Kropf,Senior Staff
281983,Kiyotoshi,Klyachko,Staff
281991,Doohun,Krybus,Staff
281994,Houman,Onuegbe,Senior Staff
281996,King,Puppo,Senior Staff
281998,Teruyuki,Rahier,Engineer
282001,Mads,Benaini,Senior Engineer
282002,Franziska,Eickenmeyer,Senior Staff
282003,Percy,Puppo,Staff
282005,Volkmar,Tsukune,Senior Staff
282006,Yishay,Capobianchi,Senior Staff
282010,Ingmar,Dalphin,Senior Staff
282013,Ottavia,Hiyoshi,Engineer
282018,Xuejia,Luef,Senior Engineer
282023,Piyush,Trogemann,Senior Staff
282027,Masanao,Imataki,Engineer
282029,Nidapan,Peir,Senior Engineer
282036,Oguz,Ranum,Senior Staff
282038,Karlis,Srimani,Staff
282042,Masaki,Benzaken,Senior Engineer
282043,Toshiko,Ruther,Senior Engineer
282044,Shai,Kilgore,Senior Staff
282045,Ewing,Rahimi,Senior Staff
282055,Abdelaziz,Weisert,Senior Engineer
282056,Sukumar,Litecky,Senior Engineer
282059,Mohd,Cronau,Technique Leader
282063,Hongzhu,Selenyi,Senior Engineer
282065,Terresa,Sidje,Staff
282067,Holgard,Picci,Senior Staff
282070,Emdad,Baja,Technique Leader
282072,Malu,Limongiello,Engineer
282073,Kirk,Peot,Engineer
282075,Mack,Fortenbacher,Senior Staff
282077,Hisao,Capobianchi,Staff
282078,Kristian,Mondadori,Senior Staff
282079,Bogdan,Nitsche,Senior Staff
282080,Danny,Matteis,Senior Staff
282084,Gil,Chinen,Senior Staff
282092,Masasuke,Pehl,Senior Engineer
282093,Mizuhito,Reistad,Senior Engineer
282095,Sverrir,Boreale,Engineer
282096,Zvonko,Zobel,Senior Staff
282098,Gen,Zallocco,Senior Engineer
282100,Zito,Billingsley,Engineer
282108,Haldun,Isaac,Engineer
282112,Elgin,Peot,Senior Engineer
282117,Munenori,Chorvat,Staff
282118,Heon,Picel,Senior Engineer
282119,Foong,Aingworth,Senior Engineer
282120,Richara,Legleitner,Senior Staff
282121,Barton,Alpin,Senior Staff
282123,Amalendu,Vecchio,Senior Engineer
282126,Sungwon,Ginesta,Senior Engineer
282128,Shrikanth,Schoegge,Senior Engineer
282129,Fumiya,Varman,Senior Staff
282131,Oguz,Wendorf,Senior Staff
282133,Marek,Brickell,Staff
282142,Taegyun,Mitzlaff,Engineer
282149,Jahangir,Nittel,Senior Engineer
282153,Hairong,Gente,Senior Engineer
282155,Baoqiu,Bashian,Senior Staff
282166,Sumali,Brookner,Senior Staff
282170,Roded,Polajnar,Senior Engineer
282173,Stevo,Cherinka,Staff
282175,Hidefumi,Thiran,Senior Engineer
282180,Feiyu,Olivero,Senior Engineer
282187,Tomoyuki,Unno,Senior Engineer
282189,Toshiko,Braccini,Staff
282193,Zvonko,Minakawa,Engineer
282197,Sreekrishna,Massonet,Engineer
282200,Apostol,Maquelin,Engineer
282204,Ulises,Schneeberger,Senior Staff
282209,Adam,Teitelbaum,Engineer
282217,Ortrud,Yamaashi,Senior Engineer
282218,Alper,Yetto,Staff
282221,Soenke,Kriebel,Senior Engineer
282223,Shigehito,Yeung,Technique Leader
282224,Moss,Litvinov,Staff
282227,Chenyi,Jiafu,Technique Leader
282228,Subhrajyoti,Lorin,Senior Engineer
282230,Zejun,Poehlman,Senior Engineer
282232,Perry,Thiran,Engineer
282236,Isaac,Talmon,Engineer
282238,Abdelkader,Baumann,Senior Engineer
282239,Toshiki,Baaz,Senior Engineer
282250,Giordano,Lorcy,Engineer
282251,Anoosh,Valtorta,Senior Staff
282252,Yurij,Andreotta,Engineer
282260,Angus,Papastamatiou,Engineer
282261,Huai,Jumpertz,Senior Staff
282262,Danae,Oskamp,Engineer
282268,Xiong,Schiper,Engineer
282270,Val,Giarratana,Senior Engineer
282273,Sachem,Matzen,Senior Engineer
282281,Billur,Cullers,Senior Engineer
282286,Leen,Guting,Senior Staff
282287,Weijing,Matzel,Senior Engineer
282289,Krassimir,Bressoud,Engineer
282290,Otmar,Ozeki,Senior Staff
282292,Taisook,Schapire,Engineer
282295,Barton,Wegerle,Senior Engineer
282298,Kwok,Lubachevsky,Staff
282300,Billur,Ladret,Senior Staff
282303,Ung,Mateescu,Staff
282309,Tzu,Mitina,Senior Engineer
282314,Bilhanan,Karcich,Senior Engineer
282317,Taegyun,Llado,Engineer
282321,Tomokazu,Erez,Senior Staff
282323,Denis,Barbanera,Engineer
282325,Pranay,Giaccio,Engineer
282329,Kazuhito,Lamba,Senior Engineer
282338,Makato,Jeong,Technique Leader
282347,Shuky,Radivojevic,Senior Staff
282348,Saddek,Oxenboll,Technique Leader
282362,Siddarth,Lyonns,Engineer
282365,Szabolcs,Birke,Senior Engineer
282367,Atreyi,Dalton,Senior Staff
282372,Navin,Lipner,Staff
282385,Kristina,Cappelletti,Staff
282388,Teunis,Peral,Assistant Engineer
282389,Garnet,Zockler,Senior Engineer
282390,Shem,Karunanithi,Staff
282392,Wonhee,Hooghiemstra,Senior Engineer
282394,Masato,Adachi,Technique Leader
282395,Nadjib,McFarlin,Senior Engineer
282402,Shir,Mukaidono,Senior Staff
282406,Kasturi,Pellegrinelli,Engineer
282408,Shaowen,Beilner,Senior Staff
282409,Shaowen,Schreiter,Engineer
282410,Arvin,Marzano,Senior Staff
282411,Arunachalam,Luff,Senior Staff
282417,Ute,Quaggetto,Staff
282426,Phule,Siegrist,Senior Engineer
282428,Khaled,Bergere,Engineer
282430,Shay,DasSarma,Senior Staff
282431,Gio,Krzyzanowski,Staff
282432,Utz,Turnbull,Senior Staff
282436,Mohammad,Kilgore,Senior Engineer
282438,Shen,Ossenbruggen,Staff
282442,Jouko,Schapire,Engineer
282446,Freyja,Kinley,Engineer
282447,Eishiro,Begiun,Senior Staff
282457,Youjian,Lally,Engineer
282459,Rasiah,McFarlin,Senior Engineer
282468,Sadok,Vingron,Engineer
282470,Chrisa,Pagter,Senior Engineer
282472,Alair,Orlowski,Senior Engineer
282473,Vidar,Eppinger,Senior Staff
282474,Gully,Kolinko,Engineer
282485,Aamer,Strandh,Senior Engineer
282488,Jianhao,Keirsey,Senior Engineer
282492,Mabo,Rohrbach,Senior Engineer
282496,Yakichi,Axelband,Senior Staff
282501,Kristinn,Rande,Senior Staff
282503,Morrie,Schnabel,Engineer
282504,Harngdar,Pavlopoulou,Senior Staff
282506,Adas,Vesel,Senior Staff
282508,Juyoung,Merel,Senior Engineer
282516,Saeko,Sudbeck,Senior Staff
282519,Boguslaw,Sundgren,Senior Engineer
282522,Volkmar,Bala,Staff
282531,Marko,Laventhal,Senior Staff
282534,Sasan,Biros,Staff
282535,Demin,Delgrange,Senior Engineer
282540,Randi,Marakhovsky,Senior Staff
282546,Sakthirel,Chappelet,Staff
282548,Vidya,Alameldin,Senior Engineer
282552,Yakkov,Koshino,Senior Staff
282555,Conor,Wilharm,Staff
282562,Toshiko,Pellegrinelli,Senior Engineer
282563,Marlo,Openshaw,Senior Staff
282565,Mang,Katalagarianos,Senior Staff
282568,Gian,Zschoche,Senior Engineer
282569,Yechezkel,Kalloufi,Senior Staff
282572,Martien,Zolotykh,Senior Engineer
282578,Fun,Servi,Senior Staff
282583,Khalil,Stafford,Senior Engineer
282586,Kiyotoshi,Iacovou,Senior Staff
282587,Jiann,Molenkamp,Senior Engineer
282598,Adly,Gonthier,Senior Engineer
282601,Shay,Matzat,Senior Staff
282608,Kankanahalli,Garrabrants,Senior Engineer
282611,Ohad,Feinberg,Assistant Engineer
282617,Gregory,Asser,Staff
282627,Toshimi,Range,Senior Engineer
282630,Adin,Gimbel,Senior Engineer
282633,Boriana,Poulakidas,Senior Engineer
282635,Mariusz,Hofstetter,Engineer
282636,Juyoung,Kitai,Staff
282637,Pascal,Itzfeldt,Senior Engineer
282638,Sangeeta,DeMori,Senior Staff
282641,Dante,Pellegrinelli,Senior Staff
282644,Alois,Deverell,Senior Staff
282645,Badri,Kadhim,Engineer
282656,Yechiam,Ertl,Engineer
282665,Susanta,Leonhardt,Senior Engineer
282668,Kazuhira,Erol,Senior Staff
282670,Becky,Nollmann,Senior Engineer
282675,Itzchak,Kusakabe,Senior Engineer
282680,Chriss,Tischendorf,Staff
282683,Danny,Biran,Senior Staff
282687,KayLiang,Babu,Senior Staff
282690,Gita,Guting,Senior Staff
282700,Dietrich,Zhiwei,Senior Staff
282701,Somnath,Cusworth,Senior Engineer
282705,Piyush,Pulkowski,Senior Engineer
282706,Kagan,Chleq,Staff
282707,Mrinalini,Thombley,Senior Engineer
282711,Shahab,Ponthieu,Senior Staff
282713,Sedat,Hertweck,Senior Engineer
282723,Gretta,Peres,Engineer
282743,Becky,Paludetto,Senior Staff
282746,Lunjin,Nitto,Staff
282747,Supot,Quaggetto,Staff
282748,Mostafa,Alblas,Senior Staff
282752,Marin,Erdi,Senior Staff
282753,Tonia,Ghandeharizadeh,Senior Staff
282764,Marjo,Tokunaga,Senior Staff
282765,Michaela,Lienhardt,Senior Staff
282776,Kenroku,Angelopoulos,Senior Staff
282780,Shooichi,Herbst,Senior Staff
282782,Lokesh,Limongiello,Senior Engineer
282783,Bojan,Terkki,Senior Engineer
282786,Gererd,Peyn,Senior Staff
282789,Sudhanshu,Kragelund,Senior Engineer
282790,Hisao,Yeung,Senior Engineer
282792,Iara,Luff,Senior Staff
282794,Sigeru,Syang,Senior Engineer
282801,Tua,Plump,Senior Engineer
282802,Palash,Zhiwei,Senior Engineer
282810,Zeljko,Merks,Senior Staff
282812,Eric,Demri,Senior Staff
282817,Kazuhito,Kilgore,Senior Staff
282820,Leucio,Pietracaprina,Senior Engineer
282824,Cordelia,Luon,Senior Engineer
282826,Takahiro,Katiyar,Senior Engineer
282834,Bodo,Reeken,Senior Staff
282837,Suvo,Masand,Senior Staff
282838,Toong,Adachi,Senior Staff
282841,Alejandra,Schwabacher,Senior Staff
282842,Berry,Gimarc,Senior Engineer
282846,Persi,Botman,Engineer
282847,Mart,Murrill,Staff
282853,Mary,Perna,Staff
282859,Parviz,Kampfer,Assistant Engineer
282860,Tesuya,Lunt,Engineer
282861,Masami,Paludetto,Senior Staff
282874,Remco,Ermel,Senior Staff
282876,Aloke,Standera,Staff
282877,Foong,Eppinger,Senior Staff
282879,Akeel,Ozeri,Senior Engineer
282887,Armond,Ruemmler,Staff
282888,Anyuan,DasSarma,Staff
282890,Deniz,Yurek,Staff
282893,Shugo,Azevdeo,Senior Staff
282895,Jenwei,Rabejac,Senior Staff
282896,Jiakeng,Foote,Engineer
282898,Khosrow,Straney,Staff
282899,Poorav,Veldwijk,Senior Engineer
282905,Dayanand,Escriba,Senior Staff
282909,Demin,Schapire,Senior Engineer
282913,Yurij,Gyimothy,Senior Engineer
282915,Apostol,Iacovou,Engineer
282916,Barton,Maraist,Senior Staff
282917,Leszek,Seghrouchni,Senior Engineer
282921,Theirry,Bade,Staff
282923,Constantine,Zschoche,Senior Engineer
282928,Aleksandar,Beilner,Senior Staff
282930,Giap,Linares,Senior Engineer
282931,Visit,Ghandeharizadeh,Senior Engineer
282936,Brendon,Sigstam,Senior Engineer
282940,Manohar,Geffroy,Engineer
282943,Ziyad,Feldmann,Senior Staff
282949,Kamakshi,Vasanthakumar,Engineer
282952,Demin,Swist,Staff
282959,Uriel,Bojadziev,Engineer
282962,Bernice,Peral,Senior Engineer
282968,Baoqiu,Picci,Staff
282970,Souichi,Lorys,Engineer
282973,Sastry,Reistad,Senior Staff
282979,Shen,Steinauer,Engineer
282998,Arno,Bahi,Senior Staff
283001,Satoru,Luce,Senior Engineer
283003,Kotesh,Pollock,Senior Staff
283008,Somnath,Lorin,Technique Leader
283009,Mitchel,Erde,Senior Staff
283013,Sven,Masaki,Senior Engineer
283016,Ute,Ratnaker,Engineer
283017,Wuxu,Beeson,Senior Staff
283019,Narain,Aingworth,Senior Engineer
283022,Doowon,Chenney,Senior Engineer
283026,Khaled,Hegner,Senior Engineer
283027,Radoslaw,Parfitt,Senior Engineer
283028,Herbert,Streit,Engineer
283037,Arun,Simmel,Senior Staff
283039,Mohit,Georgakopoulos,Senior Engineer
283043,Aria,Ozeki,Staff
283048,Akeno,Ruemmler,Engineer
283049,Isamu,Stroustrup,Staff
283050,Juichirou,Kusalik,Senior Staff
283052,Fumitake,Tempesti,Senior Engineer
283054,Taegyun,Thebaut,Senior Staff
283059,Kshitij,Bade,Senior Engineer
283062,Fun,Naumovich,Senior Engineer
283066,Palash,Huhdanpaa,Senior Staff
283070,Mark,Radivojevic,Senior Staff
283071,Limsoon,Yeung,Senior Engineer
283072,Sverrir,Hertweck,Senior Engineer
283074,Urs,Templeman,Senior Engineer
283076,Tadahiko,Swab,Senior Staff
283077,Fumino,Munro,Senior Staff
283079,Lubomir,Kitai,Senior Staff
283082,Shahab,Vendrig,Engineer
283088,Hiroyasu,Schwartzburd,Engineer
283090,Zhongwei,Verhoeff,Engineer
283093,Martine,Imataki,Senior Engineer
283094,Ishfaq,Shanbhogue,Senior Staff
283096,Khosrow,Azulay,Senior Staff
283102,Shooichi,Slobodova,Staff
283106,Ortrud,Munos,Senior Staff
283107,Leon,Snyers,Engineer
283110,Akeel,Leuchs,Senior Engineer
283113,Jongsuk,Heuser,Senior Staff
283114,Vishv,Pettit,Staff
283115,Moty,Birta,Senior Engineer
283116,Wilmer,Hiraishi,Staff
283118,Kagan,Lodder,Engineer
283119,Guoxiang,Benzaken,Staff
283123,Youssef,Highland,Technique Leader
283125,Rimli,Gire,Technique Leader
283126,Leaf,Molenaar,Senior Staff
283127,Renny,Verspoor,Senior Staff
283128,Yurii,Schapire,Senior Engineer
283136,Minghong,Suessmith,Senior Staff
283142,Lunjin,Lindqvist,Senior Staff
283145,Piyawadee,Spelt,Senior Engineer
283147,Eberhardt,Luon,Engineer
283149,Fatemeh,Grabner,Staff
283150,Tadahiro,Shumilov,Senior Engineer
283152,Hilary,Kilgour,Senior Engineer
283153,Kwangjo,Klyachko,Senior Staff
283156,Jacopo,Trogemann,Staff
283160,Marsha,Furedi,Senior Staff
283162,Susanne,Swen,Senior Staff
283169,Kwok,Markovitch,Engineer
283172,Djenana,Pollock,Engineer
283178,Bingning,Duclos,Assistant Engineer
283179,Ziya,Suppi,Senior Staff
283185,Fabrizio,Schapire,Senior Engineer
283187,Dmitry,Chaudhuri,Senior Staff
283197,Sajjan,Mawatari,Technique Leader
283198,Serenella,Ranon,Senior Engineer
283199,Mitchel,Gadepally,Staff
283205,Arnd,Montresor,Engineer
283206,Giap,Mapelli,Staff
283209,Abdelghani,Seiwald,Senior Staff
283214,Luise,Badache,Senior Staff
283215,Mabo,Chelton,Senior Engineer
283216,Nakhoon,Grospietsch,Senior Engineer
283217,Manton,Lamparter,Staff
283224,Sanjiv,Berztiss,Senior Engineer
283225,Ult,Duclos,Staff
283226,Takahiro,Rabehasaina,Staff
283227,Nagui,Sullins,Senior Staff
283230,Radhia,Krupka,Senior Staff
283237,Yinlin,Erdmenger,Senior Engineer
283243,Christoph,Kolinko,Senior Engineer
283245,Huei,Beidas,Senior Staff
283247,Mong,Zolotykh,Senior Engineer
283249,Marsha,Berstel,Engineer
283253,Kannan,Furudate,Staff
283254,Olivera,Fritzsche,Assistant Engineer
283255,Nirmal,Gunderson,Staff
283256,Greger,Fontan,Staff
283257,Sampalli,Ozeki,Technique Leader
283262,Chrisa,Cullers,Senior Staff
283266,Uzi,Falster,Senior Staff
283270,Val,Bade,Senior Engineer
283273,Rimli,Whitcomb,Engineer
283277,Hatem,Horswill,Senior Engineer
283278,Arco,Manderick,Engineer
283282,Eric,Sinicrope,Senior Staff
283286,Clyde,Shackel,Technique Leader
283289,Yechezkel,Akaboshi,Senior Staff
283292,Shaowei,Krogh,Senior Engineer
283295,Kwangsub,Honglei,Engineer
283298,Tesuya,Pietrzykowski,Staff
283303,Domenick,Baez,Senior Staff
283306,Kendra,Giaccio,Assistant Engineer
283311,Lucien,Kaelbling,Senior Staff
283314,Aemilian,Demir,Engineer
283315,Make,Chimia,Senior Engineer
283320,Eben,Cyre,Senior Staff
283323,Masami,Wiegley,Senior Engineer
283327,Gilbert,Selvestrel,Senior Engineer
283330,Maha,Kriebel,Senior Staff
283331,Sreenivas,Moffat,Assistant Engineer
283337,TRUE,Bernatsky,Senior Engineer
283341,Geoffry,Bahk,Senior Engineer
283345,Bodh,Frezza,Senior Engineer
283349,Elgin,Zolotykh,Senior Engineer
283354,Lansing,Pellegrinelli,Senior Engineer
283356,Ingemar,Zirintsis,Senior Engineer
283362,Mrinalini,Smailagic,Senior Staff
283374,Mohammed,Zaumen,Senior Staff
283375,Jovan,Pauthner,Staff
283381,Munir,Cannata,Senior Engineer
283382,Guozhong,Kleiser,Senior Engineer
283386,Dines,Calkin,Senior Staff
283387,Danae,Bahi,Senior Staff
283389,Kristine,Ertl,Staff
283391,Tsutomu,Seghrouchni,Assistant Engineer
283392,Chiranjit,Cheshire,Staff
283393,Gladys,Fraisse,Senior Engineer
283394,Rutger,Lunn,Senior Engineer
283396,Kankanahalli,Zucker,Senior Engineer
283399,Fumiyo,Argence,Engineer
283400,Shim,Polupanov,Senior Staff
283406,Zongyan,Leaver,Senior Engineer
283409,Khalid,Pramanik,Staff
283415,Serap,Melski,Senior Engineer
283417,Hairong,Demizu,Engineer
283418,Aemilian,Ferretti,Senior Engineer
283421,Basim,Picht,Senior Engineer
283423,Alper,Merel,Senior Engineer
283424,Huei,Businaro,Senior Staff
283425,Heon,Socorro,Staff
283427,Iara,Heydon,Senior Engineer
283428,Ramachenga,Peot,Senior Staff
283429,Odoardo,Narlikar,Engineer
283435,Takahiro,Schmezko,Senior Staff
283438,Heekeun,Nastansky,Senior Engineer
283442,Mohit,Cincotta,Senior Staff
283443,Frederique,Wilfing,Senior Staff
283450,IEEE,Olano,Senior Engineer
283454,Debatosh,Massonet,Senior Staff
283470,Eric,Norsworthy,Senior Engineer
283471,Irena,Kuzuoka,Senior Engineer
283475,Feiyu,Mitina,Senior Engineer
283486,Mokhtar,Kampfer,Senior Engineer
283495,JoAnne,Trogemann,Staff
283496,Kenroku,Flasterstein,Senior Staff
283497,Nakhoon,Ibel,Staff
283504,Koldo,Jeong,Senior Staff
283509,Kensyu,DeMori,Staff
283511,Mingsen,Genin,Staff
283513,Elzbieta,Anguita,Senior Staff
283515,Sverrir,Naudin,Senior Staff
283518,Uinam,Gide,Technique Leader
283524,Koldo,Goldhammer,Senior Engineer
283527,Atreyi,Radivojevic,Senior Engineer
283529,Lucien,Ertl,Senior Staff
283536,Yongqiao,Marwedel,Engineer
283538,Lakshmi,Luders,Technique Leader
283542,Chandrasekaran,Benveniste,Senior Engineer
283543,Suebskul,Nastansky,Staff
283544,Jeanne,Rehfuss,Senior Staff
283546,Subhankar,Showalter,Senior Staff
283547,Shigeo,Hammerschmidt,Engineer
283549,Nagui,Eldridge,Staff
283551,Gererd,Poehlman,Senior Engineer
283553,Tristan,Bodoff,Staff
283554,Jouni,Chachaty,Senior Engineer
283555,Luerbio,Foote,Senior Staff
283556,Nathalie,Garnick,Staff
283557,Hironobu,Teitelbaum,Staff
283559,Odoardo,Solovay,Senior Staff
283565,Chinya,Junet,Senior Staff
283568,Abdulla,Zallocco,Senior Staff
283569,Ulf,Bernick,Engineer
283573,Martine,Flanders,Senior Staff
283576,Adel,Vadhan,Senior Engineer
283578,Taizo,Uludag,Staff
283582,Pragnesh,Decleir,Engineer
283583,Sadun,Rettelbach,Senior Engineer
283589,Ravishankar,Lamparter,Staff
283599,Radoslaw,Remmers,Staff
283601,Uno,Cunliffe,Senior Engineer
283602,Jixiang,Rodham,Engineer
283603,Jasminko,Kavvadias,Senior Staff
283609,Guadalupe,Szilard,Staff
283612,Valeska,Auyong,Engineer
283616,Yurii,Schreiter,Senior Engineer
283621,Ranan,Pehl,Senior Staff
283625,Lihong,Zlotek,Staff
283626,Sham,Juneja,Staff
283641,Anwar,Siprelle,Senior Staff
283642,Mayuri,Hasenauer,Senior Engineer
283646,Aimee,Schnabel,Senior Staff
283649,Maren,Frolund,Senior Engineer
283653,Neelam,Camurati,Senior Staff
283655,Souichi,Akazan,Senior Staff
283657,Willard,Barbanera,Senior Staff
283658,Ung,Aloia,Senior Staff
283661,Bodh,Fiebach,Engineer
283662,Srinidhi,Spell,Senior Engineer
283665,Kristina,Ghazalie,Senior Engineer
283673,Tadanori,Litecky,Senior Engineer
283678,Aram,Byoun,Senior Engineer
283687,Palash,Schurmann,Engineer
283688,Bojan,Busillo,Engineer
283689,Angus,Nyanchama,Senior Engineer
283691,Licheng,Reinhart,Senior Engineer
283698,Frazer,Delgrossi,Senior Staff
283699,Xiaopeng,Welham,Senior Staff
283700,Youngkon,Calkin,Engineer
283709,Bartek,Bashian,Senior Engineer
283711,Hauke,Auria,Senior Engineer
283716,Greger,Hoogerwoord,Senior Engineer
283718,Joydip,Oehlmann,Staff
283721,Yuguang,Driscoll,Senior Engineer
283722,Stabislas,Schiper,Engineer
283724,Phuoc,Suri,Senior Engineer
283726,Arun,Hiroyama,Engineer
283740,Stella,Selenyi,Senior Staff
283757,Tonia,Bennet,Senior Engineer
283762,Mitchel,Yetto,Senior Staff
283764,Arif,Oxman,Senior Staff
283766,Shuky,Iwayama,Engineer
283768,Mayuri,Boreale,Senior Staff
283770,Takahira,Bale,Senior Engineer
283777,Nectarios,Sridhar,Engineer
283783,Lubomir,Iivonen,Senior Engineer
283789,Navid,Piveteau,Senior Staff
283797,Utz,Ellozy,Staff
283804,Aran,Koprowski,Senior Engineer
283805,Yechezkel,Kroha,Senior Engineer
283810,Conor,Maliniak,Technique Leader
283813,Arnould,Kornyak,Senior Staff
283819,Martijn,Janetzko,Staff
283820,Tonia,Talmor,Senior Engineer
283821,Jianwen,Schicker,Assistant Engineer
283822,Nadjib,Stentiford,Technique Leader
283825,Moto,Srimani,Senior Engineer
283826,Yahiko,Kaelbling,Senior Engineer
283827,Waiman,Ciolek,Staff
283828,Dannz,Portugali,Staff
283829,Along,Niizuma,Senior Staff
283830,Martina,Marwedel,Senior Staff
283833,Nikolaos,Etalle,Senior Engineer
283840,Shuzo,Menyhert,Assistant Engineer
283841,Yuqun,Erman,Staff
283844,Charlene,Cincotta,Senior Staff
283846,Hatem,Cesareni,Assistant Engineer
283847,Fai,Barriga,Senior Staff
283848,Zeydy,Baaz,Senior Engineer
283852,Arfst,Waterhouse,Senior Staff
283854,Richara,Aloisi,Senior Staff
283855,Yuchang,Klassen,Senior Engineer
283858,Lorien,Egerstedt,Senior Staff
283862,Martijn,Wroclawski,Staff
283871,Geraldo,Porotnikoff,Senior Staff
283872,Aleksander,Vieri,Senior Engineer
283876,Persi,Rouquie,Staff
283886,Thanasis,Jeansoulin,Senior Staff
283894,Chinhyun,Seuren,Senior Engineer
283895,Baocai,Veeraraghavan,Engineer
283899,Tsutomu,Salvesen,Senior Engineer
283900,Shaunak,Gist,Engineer
283901,Aloke,Vingron,Engineer
283906,Alejandra,Vandervoorde,Senior Engineer
283915,Geoffry,DeMori,Engineer
283917,Conor,Morrey,Engineer
283920,Tomoyuki,Demian,Staff
283925,Adit,Selvestrel,Senior Staff
283927,Taiji,Kolinko,Staff
283933,Lihong,Hofmeyr,Senior Staff
283934,Boutros,Emden,Engineer
283939,Falguni,Perin,Engineer
283942,Ibibia,Kieras,Senior Staff
283948,Mats,Vanwelkenhuysen,Senior Staff
283949,Ioana,Kroft,Senior Staff
283950,Danco,Esposito,Senior Engineer
283951,Ramachenga,Marrevee,Senior Engineer
283952,Maya,Hoogerwoord,Senior Engineer
283953,Szabolcs,Raczkowsky,Senior Staff
283955,Krister,Hiltgen,Engineer
283957,Marie,Fujisaki,Senior Staff
283959,Heather,Comyn,Senior Engineer
283960,Khaled,Alblas,Engineer
283962,Lucian,Snedden,Engineer
283965,Alain,Lung,Staff
283967,Mang,Gecsei,Staff
283970,Tamiya,Asmuth,Senior Engineer
283972,Kwangho,Kenevan,Senior Engineer
283974,Shai,Begiun,Staff
283977,Erzsebet,Cappello,Staff
283980,Shahab,Herbst,Senior Engineer
283988,Dhritiman,Swen,Staff
283989,Lorien,Nollmann,Engineer
283991,Leon,Conia,Senior Staff
283992,Erez,Jayawardene,Staff
283994,Shrikanth,Kilgore,Senior Staff
283999,Herb,Argence,Senior Engineer
284001,Divine,Kusalik,Senior Engineer
284007,Seshu,Compeau,Staff
284010,Maia,Danley,Senior Engineer
284016,Oscal,Karcich,Engineer
284017,TRUE,Godskesen,Senior Staff
284028,Gererd,Engberts,Senior Staff
284030,Geraldo,Alvarado,Senior Staff
284032,Rayond,Ranum,Senior Engineer
284033,Shugo,Berstel,Senior Staff
284034,Martins,Erde,Engineer
284038,Masanao,Shiratori,Staff
284043,Xudong,Leslie,Assistant Engineer
284048,Moheb,Litecky,Senior Staff
284049,Nakhoon,Orlowska,Engineer
284050,Haldon,Maginnis,Senior Staff
284056,Tze,Ambroszkiewicz,Senior Engineer
284063,Persi,Dratva,Senior Staff
284064,Takahiro,Gill,Senior Staff
284067,Radhika,Gruenwald,Senior Engineer
284073,Kazunori,Marakhovsky,Senior Engineer
284077,Sahrah,Wilharm,Senior Staff
284079,Roddy,Himler,Senior Staff
284080,Hitomi,McClurg,Engineer
284081,Deniz,Kampfer,Staff
284083,Kannan,Ritcey,Senior Staff
284084,Nakhoon,Hockney,Technique Leader
284085,Oscal,Fandrianto,Senior Engineer
284087,Anoosh,Sullins,Senior Engineer
284088,Katsuyuki,DasSarma,Engineer
284091,Jianhua,Kranzdorf,Senior Staff
284095,Tran,Siochi,Senior Staff
284099,Masali,Gluchowski,Senior Engineer
284100,Ortrud,Erni,Senior Engineer
284102,Conrado,Basart,Engineer
284106,Tamiya,Brickell,Senior Engineer
284108,Jinxi,Kalloufi,Senior Engineer
284109,Irena,Seuren,Senior Staff
284111,Anyuan,Veldwijk,Staff
284118,Toshimo,Lorho,Senior Engineer
284119,Baoqiu,Rathonyi,Engineer
284139,Zissis,Coombs,Senior Engineer
284140,Sungwon,Anguita,Staff
284143,Tran,Kobara,Senior Engineer
284145,Herb,Cronan,Senior Staff
284146,Jouni,Peot,Senior Engineer
284150,Along,Bail,Senior Staff
284152,Katsuyuki,Acton,Senior Engineer
284155,Xiping,Puppe,Senior Engineer
284156,Nechama,Ananiadou,Senior Engineer
284158,Sumant,Legleitner,Senior Staff
284159,Keung,Talmor,Senior Engineer
284161,Kazuhide,Hiroyama,Staff
284163,JoAnna,Cromarty,Senior Engineer
284165,Bezalel,Ratzlaff,Senior Engineer
284167,Abdelghani,Merle,Senior Staff
284170,Panayotis,Morris,Technique Leader
284171,Pohua,Sudkamp,Senior Staff
284173,Sarita,Cools,Senior Engineer
284178,Zejun,Lung,Senior Engineer
284184,Sahrah,Pero,Senior Staff
284185,Jouni,Billingsley,Technique Leader
284188,Bilhanan,Gajiwala,Engineer
284195,Mona,Bouloucos,Senior Staff
284196,Parto,Krichel,Senior Engineer
284197,Dinah,Dalphin,Senior Engineer
284198,Fei,Miake,Senior Staff
284201,Shmuel,Gils,Senior Engineer
284203,Subhankar,Weisert,Senior Staff
284204,Uli,Lienhardt,Senior Staff
284205,Valter,Falco,Engineer
284210,Dante,Weisert,Senior Engineer
284211,Kiyokazu,Baek,Senior Staff
284212,Candida,Pollacia,Senior Engineer
284217,Eirik,Salvesen,Engineer
284221,Mostafa,Veldwijk,Senior Engineer
284223,Lena,Valiente,Senior Staff
284225,Val,Pulkowski,Staff
284228,Fuqing,Pelc,Staff
284234,Yongmin,Rullman,Senior Staff
284235,Barna,Stentiford,Senior Engineer
284243,Pohua,Chorvat,Technique Leader
284246,Zijian,Poujol,Staff
284247,Slavian,Cummings,Staff
284248,Uta,Thimonier,Senior Staff
284250,Munehiko,Baby,Senior Staff
284253,Shrikanth,Papsdorf,Senior Engineer
284263,Phuoc,Juneja,Staff
284264,Kayoko,Jarecki,Senior Engineer
284265,Christoph,Lubachevsky,Senior Staff
284271,Kwan,Danecki,Senior Engineer
284272,Kwee,Jayawardene,Staff
284277,Kristen,Broomell,Senior Engineer
284278,Katsuyuki,Leppanen,Senior Staff
284297,Niteen,Emmerich,Senior Engineer
284304,Nirmal,Malabarba,Engineer
284305,Mohammad,Pezzoli,Staff
284306,Katsuyuki,Birrer,Senior Engineer
284319,Zissis,Suppi,Assistant Engineer
284321,Sasan,Pintelas,Staff
284324,Sajjad,Weedon,Senior Staff
284327,Kwangyoen,Emmerich,Engineer
284330,Bangqing,Pehl,Engineer
284334,Alper,Stifter,Technique Leader
284336,Yechiam,Gornas,Senior Engineer
284338,Arra,Montresor,Engineer
284341,Krister,Matzov,Senior Staff
284342,Mahmut,Dulin,Engineer
284343,Jeanne,Velardi,Senior Engineer
284354,Xiaopeng,Pileggi,Engineer
284359,Shaowen,Warwick,Senior Staff
284360,Kwun,Sommen,Technique Leader
284370,Goncalo,Douceur,Staff
284385,Xiaocheng,Marletta,Staff
284386,Kinh,Slobodova,Senior Staff
284391,Berto,Bennet,Technique Leader
284393,Ronghao,Passafiume,Senior Engineer
284394,Collette,Fontet,Senior Engineer
284397,Yuqun,Cunliffe,Engineer
284401,Xiaoqiang,Georgatos,Senior Staff
284405,Claudi,Yemenis,Staff
284411,TRUE,Lorin,Senior Engineer
284416,Uinam,Clouatre,Engineer
284421,Shakhar,Pokrovskii,Engineer
284423,Sudharsan,Szmurlo,Senior Staff
284429,Berna,Uludag,Senior Engineer
284430,Sugwoo,Gihr,Engineer
284432,Luigi,Ishibashi,Technique Leader
284434,Kazunori,Bellmore,Senior Engineer
284439,Bodh,Savasere,Staff
284440,Hugo,Buescher,Senior Engineer
284441,Guenter,England,Engineer
284442,Lokesh,Stellhorn,Senior Staff
284444,Joydip,Pietracaprina,Senior Engineer
284445,Mani,Eldridge,Staff
284449,Berna,McFarlin,Senior Staff
284453,Koichi,Tasistro,Staff
284454,Ravishankar,Leppanen,Senior Engineer
284457,Eric,Luders,Senior Staff
284459,Souichi,Waeselynck,Senior Engineer
284463,Sajjan,Lorho,Senior Staff
284465,Aria,Rosiles,Engineer
284471,Seshu,Conti,Senior Staff
284474,Mona,Petersohn,Senior Staff
284475,Sukumar,Garnier,Senior Engineer
284484,Zhenhua,Stamatiou,Senior Engineer
284485,Rosalyn,Comellas,Engineer
284491,Luerbio,Schade,Senior Engineer
284492,Armond,Birsak,Senior Staff
284502,Honglan,Siprelle,Engineer
284507,Mansur,Litzler,Technique Leader
284511,Doohun,Fraisse,Engineer
284515,Shuzo,Salverda,Senior Staff
284516,Anyuan,Borstler,Senior Engineer
284517,Mihalis,Jonsson,Senior Engineer
284523,Dines,Rosenbaum,Engineer
284527,Srinidhi,Szilard,Senior Staff
284529,Berry,Danlos,Senior Engineer
284530,Almudena,Borstler,Senior Engineer
284532,KayLiang,Dratva,Engineer
284534,Kazuhiro,VanScheik,Senior Engineer
284535,Tianruo,Zielinski,Senior Engineer
284537,Richara,Perry,Senior Staff
284538,Joydip,Leaver,Engineer
284543,Kazuhito,Danlos,Engineer
284546,Sadok,Ouhyoung,Senior Engineer
284548,Erzsebet,Boudaillier,Engineer
284550,Kolar,Gimbel,Senior Engineer
284552,Manton,Lortz,Engineer
284557,Inderjeet,Lichtner,Staff
284559,Danny,Sooriamurthi,Senior Engineer
284560,Adin,Valiente,Staff
284572,Piyush,Luan,Senior Staff
284573,Fei,Siksek,Senior Engineer
284579,Paddy,Kambil,Senior Staff
284580,Sreenivas,Quittner,Senior Engineer
284582,Cullen,Gils,Senior Staff
284584,Suvo,Wegerle,Senior Engineer
284587,Basil,Siegrist,Senior Engineer
284588,Erzsebet,Braunschweig,Senior Staff
284589,Ult,Kaiserswerth,Senior Staff
284592,Angus,Montresor,Staff
284593,Torsten,Merks,Senior Staff
284594,Sahrah,Rouquie,Senior Staff
284597,Marie,Ananiadou,Engineer
284599,Sven,Bahk,Senior Engineer
284602,Bojan,Champarnaud,Senior Staff
284603,Zijian,Besselaar,Senior Staff
284611,Hyuncheol,Salinas,Technique Leader
284616,Claude,Tchuente,Staff
284617,Zhanqiu,Pell,Senior Engineer
284621,Gino,Goldhammer,Staff
284622,Deborah,Worfolk,Senior Staff
284624,Evgueni,Vuskovic,Staff
284627,Werner,Itzfeldt,Staff
284631,Alois,Kieras,Senior Staff
284632,Guozhong,Borstler,Senior Engineer
284635,Hongzhu,Rodite,Senior Engineer
284637,Odoardo,Avouris,Senior Staff
284639,Marlo,Piveteau,Staff
284642,Karlis,Vandervoorde,Senior Staff
284651,Xiaoshan,Riefers,Engineer
284652,Pranas,Compeau,Senior Engineer
284654,Becky,Decleir,Technique Leader
284655,Mohd,Nanard,Senior Staff
284657,Ipke,Chaudhury,Senior Staff
284662,Mrinalini,Schahn,Senior Staff
284663,Ronnie,Cheshire,Senior Engineer
284667,Jacqueline,Menhardt,Senior Staff
284669,Genevieve,Tagansky,Engineer
284670,Steen,Rissanen,Senior Engineer
284672,Shawna,Laurillard,Staff
284673,Maia,Ghandeharizadeh,Senior Engineer
284674,Krassimir,Monarch,Senior Staff
284677,Richara,Eastman,Staff
284682,Gad,Rabejac,Senior Staff
284692,Jagoda,Cannata,Senior Staff
284696,Rasikan,Basart,Staff
284698,Mostafa,Nyanchama,Engineer
284699,Tommaso,Biros,Engineer
284705,Gila,Anandan,Senior Engineer
284710,Randy,Gniady,Senior Staff
284712,Ayakannu,Rindone,Senior Staff
284714,Sadok,Mitchem,Engineer
284720,Heping,Falster,Senior Staff
284726,Yongmao,Christ,Staff
284728,Aris,Legleitner,Senior Staff
284730,Harngdar,Constantine,Staff
284733,Kirk,Whitcomb,Engineer
284738,Shay,Lichtman,Senior Engineer
284745,Arno,Jeong,Senior Staff
284746,Torsten,Dusink,Senior Staff
284748,Jayson,Ozeki,Senior Staff
284749,Kwangho,Schaad,Engineer
284752,Aemilian,Schaad,Senior Staff
284758,Odoardo,Krichel,Senior Staff
284762,Chinho,Akiyama,Senior Engineer
284763,Danco,Katzenelson,Senior Staff
284774,Genta,Vural,Staff
284780,Mingdong,Journel,Senior Engineer
284782,Wojceich,Baaz,Staff
284783,Shahab,Assaf,Senior Engineer
284785,Seshu,Vilarrasa,Staff
284786,Wojceich,Piveteau,Senior Staff
284789,Hugo,Pulkowski,Senior Engineer
284797,Fumitaka,Fritzsche,Senior Engineer
284799,Goa,Danlos,Engineer
284802,Dinkar,Heystek,Senior Staff
284803,Suebskul,Chinal,Senior Staff
284805,Kyoichi,Yavatkar,Senior Engineer
284809,Tru,Danner,Senior Engineer
284812,Arco,Erie,Senior Engineer
284813,Geraldo,Ramamoorthy,Senior Staff
284818,Aron,Lortz,Senior Engineer
284821,Charlene,Gadepally,Senior Staff
284822,Aiichiro,Dayang,Technique Leader
284824,Nahum,Ligten,Staff
284828,Danil,Iacovou,Senior Staff
284829,Tetsurou,Garnick,Senior Engineer
284830,Stafford,Luff,Senior Staff
284832,Sashi,Cullers,Engineer
284834,Doowon,Rohrbach,Senior Staff
284839,Fatemeh,Giaccio,Senior Engineer
284847,Shugo,Seghrouchni,Senior Engineer
284851,Valter,Genther,Senior Engineer
284859,Alassane,Krogh,Senior Engineer
284865,Dipankar,Siprelle,Senior Engineer
284873,Adly,Perri,Technique Leader
284874,Vidar,Langford,Senior Engineer
284876,Kwun,Lorys,Engineer
284877,Satosi,Chorvat,Senior Staff
284880,Bartek,Maksimenko,Senior Engineer
284883,Pohua,Marrevee,Senior Engineer
284886,Masadi,Buescher,Engineer
284893,Val,Eiron,Senior Engineer
284896,Tsuneo,Mateescu,Senior Engineer
284905,Bingning,Koshino,Senior Engineer
284906,Alagu,Jervis,Senior Staff
284907,Boalin,Erez,Senior Staff
284910,Uwe,Streng,Senior Staff
284912,Nigel,Seghrouchni,Senior Staff
284916,Mohit,Danley,Staff
284921,Hercules,Narahara,Senior Staff
284923,Karoline,Servieres,Staff
284924,Nevin,Weisert,Senior Staff
284927,Rafols,Ullian,Senior Staff
284928,Eldridge,Bressoud,Senior Engineer
284931,Kenroku,Calkin,Senior Staff
284935,Shaw,Sadowski,Technique Leader
284937,Rimli,Atrawala,Engineer
284940,Sachio,Douceur,Senior Staff
284945,Berto,Tchuente,Senior Staff
284946,Munenori,Halloran,Senior Engineer
284947,Martial,Vidal,Senior Staff
284961,Branimir,Hardjono,Senior Engineer
284965,Kristof,Camurati,Senior Engineer
284966,Chriss,Ritzmann,Engineer
284973,Krassimir,Ramsak,Staff
284978,Toong,Conta,Senior Staff
284981,Anwar,Takkinen,Senior Engineer
284984,Masali,Fioravanti,Senior Staff
284987,Xianlong,Motley,Senior Staff
284990,Froduald,Theuretzbacher,Senior Staff
284991,Morris,Reeken,Senior Staff
284992,Toshiki,Schaft,Senior Engineer
284994,Gal,Georgakopoulos,Senior Staff
284995,Dulce,Varley,Senior Staff
284999,Vidar,Hebden,Senior Staff
285001,Mori,Coney,Senior Staff
285002,Turgut,Ranai,Senior Engineer
285003,Phillip,Bonifati,Senior Engineer
285005,Christoph,Litecky,Senior Engineer
285008,Bodh,Magliocco,Senior Engineer
285012,Subhash,Hoppenstand,Engineer
285015,Gudjon,Tetzlaff,Senior Engineer
285016,Sarita,Rosca,Technique Leader
285017,Hideyuki,Tibblin,Senior Engineer
285022,Somnath,Speer,Staff
285025,Otmar,Kuszyk,Senior Staff
285032,Kristina,Gulik,Senior Engineer
285037,Mountaz,Baby,Staff
285038,Eran,Hashii,Senior Engineer
285039,Junichi,Kitsuregawa,Senior Engineer
285044,Kokou,Norsworthy,Senior Engineer
285047,Sashi,Bail,Staff
285056,Sanjoy,Demos,Senior Engineer
285057,Georgi,Edelhoff,Senior Engineer
285058,Shalesh,Siksek,Engineer
285061,Babette,Baja,Senior Staff
285064,Shigeaki,Hebert,Senior Engineer
285065,Adas,Hitomi,Senior Engineer
285068,Genta,Felcyn,Engineer
285070,Juyoung,Schaap,Staff
285073,Val,Matzen,Senior Engineer
285076,Gladys,Melichar,Technique Leader
285077,Berna,Hofman,Senior Engineer
285081,Yuguang,Frijda,Senior Engineer
285082,Aral,Rodite,Senior Engineer
285085,Jouni,Rosch,Senior Engineer
285087,Masako,Badache,Senior Staff
285091,Hatim,Candan,Engineer
285096,Valter,Gist,Senior Engineer
285097,Serap,Shiratori,Senior Staff
285106,Cedric,Siepmann,Senior Engineer
285109,Genki,Munos,Staff
285115,Willard,Schlenzig,Senior Engineer
285127,Marla,Lindenbaum,Senior Staff
285129,Zhonghua,Nitto,Staff
285133,Clyde,Gecsel,Engineer
285134,Randi,Decaestecker,Senior Staff
285137,Bluma,Ohori,Senior Engineer
285138,Bodo,Griswold,Senior Engineer
285144,Adel,Rettelbach,Senior Engineer
285146,Sachio,Birke,Senior Staff
285148,Ekawit,Keohane,Senior Staff
285150,Zejun,Chinal,Senior Staff
285158,Manton,Feldhoffer,Senior Staff
285161,Lihong,Sommer,Senior Engineer
285162,Suzette,Riefers,Engineer
285165,Peer,Rajcani,Senior Engineer
285172,Ute,Schwartzburd,Senior Engineer
285178,Valdiodio,Stanfel,Senior Engineer
285180,Abdulah,Baby,Senior Engineer
285181,TRUE,Ullian,Senior Engineer
285184,Ingmar,Lamba,Staff
285189,Yongqiao,Roccetti,Senior Engineer
285193,Ayakannu,Luga,Senior Staff
285198,Shaleah,Nastansky,Engineer
285203,Domenick,Hasenauer,Senior Staff
285204,Juichirou,Szmurlo,Engineer
285207,Charmane,Seuren,Senior Engineer
285214,Brigham,Biron,Senior Engineer
285215,Feipei,Ishibashi,Senior Staff
285216,Maria,Motley,Technique Leader
285220,Boguslaw,Waymire,Senior Staff
285223,Alois,Pusterhofer,Senior Engineer
285226,Adib,Schonegge,Senior Engineer
285228,Menkae,Whittlesey,Senior Engineer
285232,Chaitali,Griswold,Engineer
285236,Nigel,Erni,Staff
285237,Barun,Sgarro,Technique Leader
285239,Akhilish,Leivant,Senior Staff
285241,Yifei,Spieker,Senior Engineer
285243,Lakshmi,Vieth,Senior Staff
285244,Suvo,Kaelbling,Senior Staff
285245,Brendon,Giaccio,Engineer
285250,Radhia,Lorho,Senior Engineer
285251,Yinghua,Streit,Staff
285256,Ayonca,Brendel,Senior Engineer
285257,Youssef,Nyanchama,Staff
285262,Xiaocheng,Schaaf,Senior Staff
285267,Qunsheng,Vingron,Senior Staff
285268,Berto,Valtorta,Senior Engineer
285271,Marjo,Esteva,Senior Engineer
285272,Herbert,Aseltine,Senior Staff
285280,Kotesh,Boreale,Engineer
285288,Shounak,Christ,Engineer
285289,Takanari,Bahl,Senior Staff
285291,Rafael,McAlpine,Senior Staff
285293,Radhika,Schusler,Assistant Engineer
285294,Sorina,Kitai,Senior Engineer
285296,Nathalie,Heiserman,Engineer
285297,Huai,Czap,Senior Engineer
285298,Tomoyuki,Biron,Staff
285299,Chaoyi,Bierman,Engineer
285300,Morris,Fiebach,Engineer
285301,Shuky,Hainaut,Staff
285302,Duangkaew,Guerreiro,Senior Staff
285303,Premsyl,Kroft,Senior Engineer
285304,Bezalel,Pagter,Senior Staff
285308,Domenico,Miake,Senior Staff
285310,Shaibal,Camurati,Staff
285311,Herbert,Sullins,Assistant Engineer
285313,Indrajit,Cardazo,Senior Staff
285319,Hisao,Katiyar,Staff
285322,Foong,Gajiwala,Assistant Engineer
285326,Adit,Chenney,Staff
285331,Kagan,Winter,Senior Engineer
285332,Abdelaziz,Chaudhury,Senior Staff
285333,Manibrata,Dichev,Senior Engineer
285342,Nevio,Velasco,Engineer
285345,Gennady,Peak,Engineer
285348,Jianhui,Bardell,Senior Engineer
285350,Behnaam,Ramaiah,Senior Staff
285351,Aiichiro,Leppanen,Senior Engineer
285353,Mark,Radivojevic,Senior Staff
285367,Jaewoo,Maginnis,Staff
285369,Beshir,Iisaka,Assistant Engineer
285371,Hitomi,Frolund,Staff
285378,Ymte,Jarecki,Senior Staff
285381,Jinya,Callaway,Staff
285390,Adamantios,Barriga,Engineer
285393,Carrsten,Kaelbling,Senior Staff
285400,Aluzio,Pollock,Senior Engineer
285403,Arvin,Narahara,Staff
285406,Kaijung,Hanabata,Senior Staff
285407,Dipayan,Socorro,Senior Staff
285411,Shan,Rusterholz,Senior Staff
285412,Lucian,Farris,Assistant Engineer
285415,Chikako,Setlzner,Staff
285416,Pranav,Nivat,Staff
285417,Taizo,Talmor,Staff
285421,Kamran,Aamodt,Senior Engineer
285426,Richard,Basart,Senior Engineer
285429,Amabile,Kavvadias,Senior Engineer
285432,Paris,Karcich,Engineer
285437,Toshiko,Jumpertz,Senior Staff
285440,Jeane,Lakshmanan,Staff
285442,Christoph,Benaini,Senior Staff
285444,Kiyomitsu,Kornatzky,Senior Engineer
285447,JoAnne,Bottner,Technique Leader
285455,Jenwei,Luit,Engineer
285463,Gretta,Ginesta,Engineer
285465,Kiyotoshi,Takanami,Senior Engineer
285470,Gill,Turnbull,Senior Staff
285472,Wonhee,Grandbois,Senior Engineer
285483,Sreenivas,Mansanne,Staff
285491,Oguz,Conia,Senior Staff
285494,Goncalo,Reeker,Senior Engineer
285495,Shahaf,Fontan,Senior Staff
285510,Kiyotoshi,Peck,Senior Staff
285511,Zhiwei,Auyong,Staff
285513,Adin,Kamber,Technique Leader
285514,Bikash,Azevdeo,Senior Staff
285515,Heeju,Highland,Senior Staff
285523,Woody,Picco,Senior Engineer
285524,Anoosh,Gimbel,Senior Staff
285525,Shigehito,Sifakis,Engineer
285526,Babette,Werthner,Senior Staff
285528,Eric,Ressouche,Senior Engineer
285531,Xiong,Herber,Staff
285534,Tran,Kulisch,Senior Staff
285536,Ronghao,Basawa,Staff
285538,Rafael,Raoux,Staff
285544,Shmuel,Emmerich,Engineer
285545,Fumiyo,Uhrig,Staff
285548,Zhensheng,Ranum,Staff
285550,Jamaludin,Moehrke,Senior Staff
285551,Zita,Erie,Senior Staff
285554,Ziyad,Brandsma,Senior Staff
285559,Sanjai,Boguraev,Staff
285560,Shigehito,Barinka,Senior Engineer
285562,Hyuckchul,Katzenelson,Senior Engineer
285564,Niteen,Schwartzbauer,Senior Staff
285565,Shigeaki,Schonegge,Senior Engineer
285566,Mart,Tzvieli,Senior Engineer
285572,Huiqun,Monarch,Senior Engineer
285578,Kolar,Glinert,Senior Engineer
285590,Kannan,Conia,Staff
285591,Tremaine,Kropatsch,Senior Staff
285592,Kensyu,Beeson,Senior Staff
285594,Golgen,Irland,Senior Staff
285596,Adin,Zaumen,Senior Engineer
285601,Guiseppe,Christianini,Senior Staff
285602,Mari,Menhardt,Senior Staff
285609,Tetsushi,Uludag,Senior Staff
285610,Radhakrishnan,McClure,Senior Staff
285614,Aram,Gubsky,Engineer
285618,Chuanti,DiGiano,Technique Leader
285622,Venkatesan,Speek,Senior Staff
285623,Kenroku,Haraldson,Senior Staff
285627,Dzung,Foong,Senior Staff
285630,Mariusz,Vernadat,Senior Staff
285637,Surveyors,Crelier,Senior Staff
285639,Xinyu,Harbusch,Senior Engineer
285640,Krassimir,Bernick,Senior Staff
285641,Naraig,Reghbati,Senior Staff
285643,Dulce,Rusterholz,Assistant Engineer
285644,Duri,Schnelling,Engineer
285649,Gian,Ranai,Engineer
285650,Gal,Itzigehl,Senior Engineer
285652,Tomokazu,Gewali,Senior Engineer
285654,Ashish,Haldar,Senior Engineer
285656,Zhenbing,Birsak,Staff
285658,Garnik,Merkl,Engineer
285659,Mabhin,Lorys,Senior Staff
285660,Toshimori,Alameldin,Staff
285661,Spyrose,Beilner,Senior Staff
285663,Chriss,Giveon,Senior Staff
285664,Satyanarayana,Nannarelli,Senior Engineer
285670,Arvin,Segond,Assistant Engineer
285673,Arnould,Chaudhury,Technique Leader
285675,Deborah,Orsini,Senior Staff
285677,Tsutomu,Luke,Senior Engineer
285680,Younwoo,Lieberherr,Senior Engineer
285687,Neelam,Tasistro,Assistant Engineer
285688,Xinan,Itzfeldt,Senior Staff
285696,IEEE,Thiran,Technique Leader
285702,Kasturi,Luft,Senior Engineer
285703,Rosalyn,Ramras,Senior Staff
285710,Yucai,Wendorf,Engineer
285717,Randy,Hiroyama,Senior Staff
285718,Moheb,Ponthieu,Technique Leader
285722,Shrikanth,Dratva,Senior Engineer
285728,Charlene,Papastamatiou,Senior Staff
285735,Edwin,Stenning,Technique Leader
285738,Paddy,Erni,Senior Staff
285741,Kitty,Raney,Senior Staff
285743,Gretta,DasSarma,Engineer
285747,Berry,Zuberek,Senior Engineer
285749,Terresa,Jeong,Senior Engineer
285758,Maha,Ritzmann,Senior Engineer
285760,Vatsa,Perko,Senior Staff
285761,Jeane,Falster,Assistant Engineer
285765,Sivanarayana,Showalter,Senior Staff
285766,Hsiangchu,Auyong,Senior Engineer
285770,Percy,Cochrane,Staff
285775,Kasidit,Trachtenberg,Engineer
285779,Lech,Pelz,Senior Staff
285780,KayLiang,Ramaiah,Senior Staff
285781,Hein,Picaronny,Senior Staff
285782,Jaideep,Bultermann,Engineer
285783,Adly,Riesenhuber,Engineer
285786,Toshiko,Emden,Senior Engineer
285789,Uli,Welham,Senior Staff
285800,Barry,Gargeya,Senior Engineer
285803,Almudena,Hertweck,Senior Staff
285819,Arno,Petersohn,Staff
285820,Khaled,Foote,Senior Engineer
285822,Randi,Whitcomb,Engineer
285827,Kazunori,Waeselynck,Engineer
285829,Jeanne,Henders,Senior Staff
285830,Feixiong,Marrevee,Engineer
285837,Barna,Cronin,Engineer
285839,Gal,Montemayor,Engineer
285840,Sakthirel,Pouyioutas,Senior Engineer
285843,Yuriy,Lukaszewicz,Engineer
285846,Jolita,Pollacia,Engineer
285850,Stabislas,Ranft,Senior Engineer
285851,Mokhtar,Kinley,Senior Engineer
285856,Conor,Griswold,Senior Staff
285863,Leaf,Busillo,Staff
285865,Tayeb,Lunn,Senior Staff
285867,Barna,Pashtan,Senior Engineer
285870,Heather,Brattka,Senior Engineer
285874,Reuven,Clouatre,Senior Engineer
285886,Conor,Tagansky,Engineer
285890,Xuedong,Puppe,Senior Staff
285900,Abdulah,Heystek,Senior Staff
285909,Ipke,Streng,Engineer
285914,Eirik,Guerreiro,Senior Staff
285924,Angel,Herber,Senior Engineer
285925,Heekeun,Miake,Senior Staff
285928,Martien,Kornyak,Staff
285929,Oscal,Honglei,Senior Engineer
285930,Duri,Anguita,Technique Leader
285932,Ibibia,Leppanen,Staff
285934,Zhilian,Antonakopoulos,Staff
285938,Serenella,Hiraishi,Senior Staff
285949,Zita,Yemenis,Engineer
285954,Uno,Porenta,Senior Engineer
285957,Kazuhito,Simmen,Senior Engineer
285958,Angus,Anandan,Senior Engineer
285961,Tristan,Aloisi,Staff
285962,Francoise,Sichman,Senior Staff
285968,Herbert,Koblitz,Senior Staff
285980,Honesty,Ghazalie,Senior Engineer
285982,Rimli,Ranka,Technique Leader
285986,Maia,Erez,Senior Staff
285987,Rildo,Hanabata,Senior Engineer
285988,Perla,Back,Staff
285991,Jamaludin,Ferriere,Engineer
285992,Shawna,Baaleh,Engineer
286000,Tonny,Eugenio,Staff
286001,Shahab,Heuter,Engineer
286002,Amalendu,Brobst,Staff
286004,Sachem,Schiper,Engineer
286007,Sanjeeva,Chartres,Staff
286008,Shigeu,Ozery,Senior Staff
286013,Xiaoqiang,Leppanen,Staff
286016,Shigehito,Peha,Senior Staff
286017,Udo,Benantar,Staff
286019,Fumiyo,Zeleznik,Engineer
286020,Yifei,Cmelik,Staff
286021,Baoqiu,Thorelli,Engineer
286023,Takahito,Tasistro,Senior Engineer
286030,Masadi,Roohalamini,Senior Engineer
286032,Abdulla,Hempstead,Senior Staff
286035,Hercules,Colorni,Staff
286036,Alejandro,Piveteau,Senior Engineer
286040,Shimshon,Swen,Staff
286044,Shawna,Lemarechal,Technique Leader
286049,KayLiang,Kading,Senior Engineer
286056,Bedrich,Claffy,Staff
286057,Bezalel,Stellhorn,Senior Engineer
286062,Charmane,Bail,Senior Staff
286072,Christophe,Luit,Senior Staff
286076,Mary,Callaway,Senior Staff
286078,Arnould,Demizu,Technique Leader
286084,Adil,Swist,Senior Staff
286085,Hyuncheol,Muniz,Engineer
286087,Elvis,Choobineh,Senior Engineer
286089,Gaurav,Schmezko,Senior Staff
286090,Shaw,Sewelson,Senior Staff
286096,Kazuyasu,Facello,Senior Engineer
286097,Matk,Kusalik,Senior Staff
286099,Badri,Merle,Senior Engineer
286100,Mang,Melichar,Senior Engineer
286104,Isamu,Vuskovic,Engineer
286105,Jordanka,Kalsbeek,Staff
286110,Khedija,Bazelow,Engineer
286117,Horward,Suri,Senior Engineer
286120,Etsuo,Farris,Senior Engineer
286124,Takanari,Spell,Senior Engineer
286128,Eckart,Mitsuhashi,Senior Staff
286131,Guther,Tibblin,Senior Engineer
286139,IEEE,Luef,Staff
286143,Atreye,Botman,Senior Staff
286144,Rutger,Birke,Technique Leader
286146,Anneke,Erni,Senior Staff
286152,Berto,Rindone,Senior Staff
286157,Claude,Rosenbaum,Senior Engineer
286158,Tesuya,Kuszyk,Technique Leader
286159,Marek,Kermarrec,Senior Engineer
286165,Ghassan,Maierhofer,Senior Staff
286169,Fuqing,Chleq,Senior Engineer
286170,Arvind,Narwekar,Engineer
286171,Zhensheng,Hettesheimer,Senior Staff
286176,Bojan,Toyoshima,Engineer
286177,Lihong,Kumaresan,Senior Staff
286181,Toshimitsu,Baig,Senior Engineer
286195,Karlis,Hofting,Senior Staff
286196,Trygve,Gewali,Senior Staff
286198,Zengping,Hiyoshi,Engineer
286205,Sandeepan,Rajala,Technique Leader
286206,King,Ulupinar,Engineer
286210,Venkatesan,Marrevee,Senior Staff
286212,Khoa,Krychniak,Staff
286218,Yoshimitsu,Decleir,Senior Engineer
286219,Gita,Rehfuss,Senior Staff
286220,Seongbae,Navazio,Technique Leader
286221,Shahaf,Figueira,Senior Staff
286226,Sakthirel,Barriga,Staff
286227,Raimond,Nollmann,Senior Staff
286231,Selwyn,Daescu,Staff
286233,Kellyn,Standera,Staff
286242,Iara,Hainaut,Engineer
286247,Vasilis,Sambasivam,Staff
286249,Jeong,Blokdijk,Senior Staff
286252,Hsiangchu,Velardi,Senior Staff
286258,Chriss,Thiran,Staff
286259,Domenico,Beeson,Senior Staff
286260,Suvo,Plotkin,Senior Engineer
286262,Surveyors,Hiroyama,Senior Engineer
286263,Lakshmi,Herath,Senior Engineer
286269,Hein,Muntz,Senior Engineer
286271,Arch,Waterhouse,Senior Engineer
286279,Pradeep,Brizzi,Senior Engineer
286280,Bowen,Mandell,Senior Engineer
286288,Fayez,Huhdanpaa,Senior Engineer
286292,Make,Eterovic,Senior Engineer
286297,Martine,Beerel,Senior Engineer
286298,Temple,Skrikant,Technique Leader
286299,Mari,Gubsky,Senior Staff
286300,Aris,Baranowski,Engineer
286315,Takanari,Fandrianto,Assistant Engineer
286317,Younwoo,Waymire,Staff
286319,Baziley,Quaggetto,Assistant Engineer
286334,Alenka,Sridhar,Senior Engineer
286335,Shen,Brookner,Staff
286340,Selwyn,Hofman,Engineer
286341,Baocai,Lipner,Senior Staff
286345,Make,Thorelli,Staff
286347,Maya,Reistad,Senior Engineer
286353,Janche,Skafidas,Senior Staff
286355,Rasikan,Flowers,Engineer
286361,Shahaf,Camarinopoulos,Technique Leader
286362,Ramalingam,Chaudhury,Senior Engineer
286363,Brigham,Tsukuda,Senior Engineer
286374,Subbu,Buchter,Senior Engineer
286378,Ramalingam,Cronan,Technique Leader
286383,Teruyuki,Varker,Senior Engineer
286387,Akemi,Gerteisen,Senior Engineer
286400,Khue,Markovitch,Technique Leader
286402,Giordano,Uehara,Staff
286408,Vatsa,Baalen,Engineer
286412,Adas,Bresenham,Senior Engineer
286413,DAIDA,Manderick,Senior Engineer
286415,Kien,Horswill,Senior Engineer
286418,Tomokazu,Daescu,Senior Staff
286420,Shin,Eiter,Technique Leader
286423,Dietrich,Flanders,Staff
286429,Gina,Acton,Senior Staff
286431,Make,Schauser,Senior Staff
286433,Masasuke,Nitsche,Senior Engineer
286435,Zvonko,Cronan,Senior Staff
286439,Weicheng,Pfau,Senior Engineer
286440,Aleksandar,Huttel,Senior Engineer
286444,Marin,Srimani,Senior Staff
286447,Alper,Schaft,Senior Engineer
286449,Randi,Khalid,Senior Engineer
286450,Basem,Fadgyas,Staff
286455,Jamaludin,Milicia,Senior Engineer
286466,Alejandro,Giveon,Engineer
286467,Ult,Molberg,Senior Staff
286472,Elzbieta,Cangellaris,Engineer
286473,Saniya,Azadmanesh,Senior Engineer
286477,Kazuhiro,Speel,Senior Staff
286478,Denis,Karnin,Senior Engineer
286480,Dzung,Aloia,Senior Staff
286483,Augustine,Luby,Senior Engineer
286484,Yonghoan,Setlzner,Senior Staff
286485,Heeju,Wiegley,Senior Staff
286489,Fumiko,Arlazarov,Senior Engineer
286490,Gill,Ranai,Engineer
286493,Uma,Ciolek,Technique Leader
286495,Arfst,Vesel,Senior Staff
286499,Xuejun,Lundstrom,Senior Staff
286502,Margo,Barbanera,Senior Staff
286503,Sigeru,Kaelbling,Senior Staff
286509,Manibrata,Wroclawski,Engineer
286510,Boguslaw,Peck,Technique Leader
286515,Debaprosad,Soicher,Senior Engineer
286518,Isamu,Varker,Staff
286519,Zhiwei,Gopalakrishnan,Technique Leader
286522,Bouchung,Barriga,Engineer
286523,Richara,Cappello,Senior Staff
286526,Ulises,Dengi,Senior Engineer
286529,Mooi,Roisin,Engineer
286532,Paris,Codenie,Senior Staff
286534,Yonghoan,Eastman,Assistant Engineer
286542,Yechiam,Kadhim,Senior Staff
286545,Yuuichi,Heiserman,Engineer
286550,Ghassan,Furudate,Engineer
286552,Stevo,Bressoud,Senior Staff
286555,Muneo,Sichman,Senior Staff
286558,Waiman,Gubsky,Senior Staff
286559,Moti,McClurg,Engineer
286562,Reuven,Azevdeo,Senior Staff
286583,Khue,Klassen,Senior Engineer
286588,Angel,Brodie,Senior Staff
286589,Gill,Coombs,Staff
286590,Aral,Androutsos,Senior Engineer
286591,Lidong,Cronin,Technique Leader
286594,Saddek,Ramalingam,Staff
286598,Yuuichi,Rissland,Senior Engineer
286603,Huei,Peyn,Staff
286607,Gianluca,Reeker,Technique Leader
286608,Giri,Acton,Senior Engineer
286610,Shuky,Schauser,Senior Engineer
286614,Mabhin,Birch,Technique Leader
286615,Lokesh,Eterovic,Senior Staff
286628,Kauko,Suppi,Staff
286632,Bingning,Ghemri,Staff
286634,Halsur,Underwood,Senior Staff
286635,Ger,Serna,Senior Staff
286636,Cordelia,Leivant,Technique Leader
286638,Srinidhi,Malinowski,Senior Staff
286639,Garnet,Pagter,Senior Staff
286640,Jiakeng,Soloway,Senior Staff
286646,Martien,Peres,Senior Engineer
286648,Moni,Reghbati,Senior Engineer
286658,Pranas,Osgood,Engineer
286665,Aleksandar,Baumann,Engineer
286673,Arunas,Ertl,Senior Staff
286678,Tadanori,Oxenboll,Staff
286680,Yuichiro,Zambonelli,Assistant Engineer
286681,Oksana,Bernatsky,Engineer
286683,Katsuyuki,Decaestecker,Senior Staff
286691,Moheb,Danecki,Senior Staff
286695,Reinhard,Varker,Senior Staff
286696,Sachio,DuCasse,Senior Staff
286697,Ult,Melter,Senior Staff
286699,Jiang,Schaad,Senior Engineer
286700,Ishfaq,Hegner,Senior Engineer
286701,Eran,Gihr,Engineer
286702,Chiranjit,Gischer,Senior Staff
286705,Uriel,Shinomoto,Senior Engineer
286706,Hideo,Shiratori,Senior Staff
286710,Suebskul,Jording,Staff
286714,Chinho,Shumilov,Senior Engineer
286715,Moti,Linares,Senior Staff
286723,Subbu,Lamparter,Engineer
286726,Yakichi,Dulay,Staff
286729,Kellyn,Besancenot,Senior Staff
286730,Zissis,Esposito,Staff
286733,Shem,Crouzet,Senior Staff
286738,Licheng,Conti,Engineer
286740,Jolita,Perez,Senior Engineer
286745,Baziley,Rajcani,Senior Staff
286746,Georg,Erdi,Senior Engineer
286747,Elvis,Cardazo,Engineer
286749,Heng,Benaini,Technique Leader
286755,Limsoon,Kusalik,Engineer
286758,Mayumi,Binkley,Senior Staff
286760,Sadun,Escriba,Senior Engineer
286767,Cullen,Kamble,Senior Staff
286771,Make,Alblas,Senior Engineer
286773,Shir,Docker,Staff
286777,Garnet,Demos,Senior Staff
286781,Vesna,Roccetti,Staff
286784,Shem,Hebden,Technique Leader
286788,Eldridge,Farrow,Staff
286790,Snehasis,Diderrich,Engineer
286792,Janalee,Birnbaum,Assistant Engineer
286795,Tayeb,Luca,Senior Staff
286797,Claude,Herber,Staff
286799,Rosalyn,Kopetz,Senior Staff
286807,Sasan,Koshino,Senior Staff
286809,Falguni,Maksimenko,Engineer
286811,Radhia,Porenta,Senior Staff
286814,Moto,Malinowski,Senior Engineer
286815,Shay,Miyakawa,Senior Staff
286819,Hsiangchu,Danley,Senior Staff
286824,Roselyn,Joslin,Senior Staff
286825,Oscal,Birdsall,Senior Engineer
286827,Yunming,Merey,Senior Staff
286828,Shrikanth,Bernardeschi,Senior Engineer
286829,Kazuhisa,Vecchio,Senior Staff
286832,Dharmaraja,Sadowsky,Senior Staff
286836,Yagil,Roisin,Engineer
286838,Mihalis,Ligten,Staff
286840,Chaosheng,Marchegay,Senior Staff
286841,Hidekazu,Zobel,Senior Staff
286845,Paris,Schapiro,Staff
286847,Lech,Pluym,Senior Engineer
286851,Tadahiko,Decaestecker,Technique Leader
286852,Anwar,Oppitz,Staff
286859,Boalin,Frezza,Senior Staff
286869,Abdelghani,Baik,Staff
286873,Dinah,Lubachevsky,Technique Leader
286875,Freyja,Wielonsky,Staff
286878,Sakthirel,Otillio,Staff
286880,Tetsurou,Waterhouse,Engineer
286881,Malu,Ritzmann,Engineer
286884,Tetsushi,Perz,Engineer
286885,Elvis,Pettis,Senior Engineer
286886,Kousuke,Setiz,Senior Staff
286889,Dipankar,Rousseau,Engineer
286890,Shir,Leijenhorst,Assistant Engineer
286893,Parke,Yurek,Senior Staff
286894,Shaowen,Tomescu,Engineer
286896,Mariusz,Spinelli,Senior Staff
286898,Susumu,Grabner,Senior Engineer
286901,Yuichiro,Rabehasaina,Staff
286902,Abdelghani,Cannata,Engineer
286904,Adly,DasSarma,Engineer
286908,Hideo,Ritcey,Senior Engineer
286914,Nalini,Bierbaum,Senior Staff
286915,Harngdar,Lanzelotte,Staff
286917,Shigehito,Ambroszkiewicz,Staff
286919,Doowon,Zlotek,Senior Staff
286921,Abdelghani,Turnbull,Senior Engineer
286922,Sreenivas,Luff,Senior Staff
286924,Bouchung,Slobodova,Staff
286934,Hyuncheol,Khalid,Senior Engineer
286939,Arvin,Litzler,Engineer
286943,Yongmin,Murtagh,Engineer
286951,Miquel,Badache,Senior Staff
286953,Josyula,Genther,Engineer
286954,Chikako,Michaels,Senior Engineer
286959,Kinh,Buchter,Engineer
286969,Hitofumi,Henseler,Senior Staff
286973,Kensyu,Eugenio,Engineer
286976,Heon,Rothenberg,Senior Engineer
286978,Xiaobin,McAffer,Senior Engineer
286981,Udaiprakash,Kavanagh,Senior Staff
286982,Aksel,Ranze,Senior Staff
286983,Isaac,Weedon,Senior Engineer
286991,Perla,Aloisi,Senior Staff
286992,Dante,Skafidas,Engineer
286997,Koichi,Liesche,Engineer
286999,Zito,Woycyznski,Senior Engineer
287001,Lillian,Sethi,Engineer
287008,Rosita,Brandsma,Senior Engineer
287011,Shuho,Narahari,Staff
287013,Heng,Asmuth,Staff
287014,Michaela,Vandervoorde,Senior Staff
287015,Katsuo,Unno,Senior Engineer
287020,Manu,Lalonde,Senior Staff
287021,Dharmaraja,Schwaller,Engineer
287022,Wilmer,Merks,Senior Staff
287033,Pradeep,Pettey,Senior Staff
287036,Gopalakrishnan,Haddadi,Engineer
287037,Arnd,Rikino,Senior Engineer
287041,Pramod,Marletta,Senior Engineer
287042,Constantino,Schwartzbauer,Senior Engineer
287047,Arch,Spelt,Senior Staff
287048,Feipei,Pluym,Staff
287058,Billie,Koblitz,Engineer
287063,Georgy,Lovengreen,Senior Engineer
287064,Kish,Ratnaker,Engineer
287066,Shaowen,Nitsch,Senior Engineer
287068,Sanjeeva,Gronowski,Engineer
287069,Shooichi,Rossi,Senior Engineer
287070,Francesca,Janocha,Senior Staff
287076,Almudena,Harnett,Senior Staff
287078,Fayez,Terlouw,Senior Engineer
287081,Basem,Prampolini,Senior Engineer
287088,Premsyl,Iacovou,Engineer
287093,Dietrich,Leslie,Engineer
287097,Sigeru,Kisuki,Senior Staff
287101,Florian,Krider,Engineer
287102,Mang,Portugali,Engineer
287104,Shan,Shackel,Staff
287107,Gao,Benzmuller,Senior Engineer
287113,Joydip,Maliniak,Senior Staff
287119,Zijian,Itschner,Staff
287120,Chandrasekaran,Pehl,Senior Staff
287123,Marko,Benaini,Staff
287131,Vasiliy,Ghazalie,Senior Staff
287139,Juichirou,Rande,Engineer
287142,Cedric,McConalogue,Senior Engineer
287152,Raimond,Comte,Senior Staff
287154,Guenter,Fetvedt,Engineer
287157,Joydip,Janetzko,Assistant Engineer
287158,Falguni,Nilsson,Staff
287161,Gilbert,Parveen,Senior Staff
287163,Vugranam,Verhaegen,Senior Engineer
287166,Tesuya,Ladret,Senior Staff
287167,Qunsheng,Toyoshima,Senior Engineer
287169,Gill,Rehfuss,Senior Engineer
287171,Shaibal,Range,Engineer
287174,Weijing,Velardi,Engineer
287181,Mariusz,Schade,Senior Staff
287184,Valdiodio,Cummings,Senior Staff
287190,Lobel,Malabarba,Senior Engineer
287196,Djelloul,Zhiwei,Senior Staff
287198,Tooru,Qiwen,Senior Staff
287199,Zeljko,Schapire,Senior Engineer
287204,Jamaludin,Streng,Staff
287212,Udo,Brizzi,Engineer
287213,Geraldo,Mellouli,Senior Staff
287216,Fay,Ramsay,Senior Engineer
287218,Maris,Swen,Staff
287221,Saeed,Sinitsyn,Senior Engineer
287222,Venkatesan,Codenie,Assistant Engineer
287231,Yifei,Shiratori,Senior Staff
287232,Irene,Menyhert,Senior Engineer
287233,Heping,Murthy,Engineer
287234,Ranan,Lorcy,Senior Engineer
287237,Gully,Armand,Senior Engineer
287238,Yoshimitsu,Nooteboom,Senior Engineer
287241,Marek,Thiria,Senior Engineer
287242,Mong,Gewali,Senior Staff
287243,Suvo,Lorys,Senior Staff
287245,Junsik,Angot,Senior Staff
287246,Adamantios,Ravishankar,Senior Engineer
287247,Temple,Michaeli,Senior Engineer
287249,Richara,Gopalakrishnan,Senior Staff
287250,Wayne,Aumann,Senior Engineer
287252,Aimee,Fadgyas,Senior Engineer
287262,Sushant,Whitcomb,Staff
287266,Lunjin,Farrar,Senior Engineer
287267,Lunjin,Cummings,Senior Engineer
287268,Taegyun,Kadhim,Engineer
287271,Koldo,Larfeldt,Senior Engineer
287278,Gennadi,Christ,Senior Staff
287284,Luisa,Camarinopoulos,Senior Engineer
287287,Fen,Carrera,Senior Engineer
287292,Faiza,Rosch,Senior Staff
287293,Gao,Rosch,Senior Staff
287294,Aria,Vecchi,Senior Staff
287302,Shawna,Tchuente,Senior Staff
287306,Quingbo,Oppitz,Senior Engineer
287313,Guttorm,Ramras,Senior Engineer
287315,Bernardo,Flowers,Senior Staff
287318,Nikolaos,Kossowski,Engineer
287328,Ennio,Keustermans,Senior Engineer
287329,Sibyl,Lipner,Engineer
287331,Jolita,Casperson,Engineer
287336,Ortrud,Morrow,Technique Leader
287347,Noritoshi,Melton,Senior Staff
287350,Odinaldo,Schlegelmilch,Assistant Engineer
287355,Shir,Picht,Senior Staff
287356,Uinam,Delgrossi,Senior Engineer
287358,Shridhar,Stanfel,Senior Engineer
287362,Pradeep,Negoita,Engineer
287364,Qingxiang,Conta,Staff
287370,Kwan,Kandlur,Senior Engineer
287372,Boalin,Fendler,Engineer
287373,Mabry,Beznosov,Engineer
287374,Moon,Muntz,Engineer
287377,Guther,Bodoff,Engineer
287384,Sakthirel,Cummings,Senior Engineer
287385,Christoper,Porenta,Senior Engineer
287386,Diederik,Navazio,Engineer
287388,Zongyan,Mahnke,Staff
287390,Indrajit,Stanger,Senior Staff
287391,Josyula,Huxford,Senior Staff
287393,Aria,Dayang,Engineer
287397,Martien,Pokrovskii,Senior Staff
287402,Takanari,Seiwald,Senior Staff
287406,Arra,Slutz,Senior Staff
287408,Gladys,Chaudhuri,Senior Staff
287412,Tesuro,Przulj,Technique Leader
287413,Xuedong,Kaminger,Senior Staff
287417,Xiahua,Monkewich,Assistant Engineer
287420,Rasikan,Pena,Senior Staff
287423,DAIDA,Pashtan,Senior Engineer
287425,Foong,Bolotov,Senior Engineer
287437,Kristinn,Salinas,Senior Engineer
287439,Teunis,Radhakrishnan,Staff
287442,Huei,Lanzelotte,Assistant Engineer
287445,Nevio,Sherertz,Senior Engineer
287446,Abdelaziz,Krichel,Engineer
287453,Pragnesh,Gerteisen,Engineer
287455,Mang,Reeken,Engineer
287458,Leandro,Kemmerer,Engineer
287462,Piyawadee,Gomatam,Senior Engineer
287467,JiYoung,Ducloy,Senior Engineer
287470,Jayson,McFarlin,Staff
287474,Gopalakrishnan,Hartvigsen,Senior Engineer
287480,Francoise,Beausoleil,Staff
287501,Danai,Thebaut,Senior Staff
287505,Neelam,Orlowska,Senior Engineer
287507,Muneo,Plump,Senior Engineer
287512,Guadalupe,Bashian,Senior Engineer
287514,Nagui,Kamber,Staff
287516,Ashish,Ramalingam,Engineer
287517,Pranay,Hofman,Senior Engineer
287518,Chinhyun,McConalogue,Senior Staff
287519,Shunichi,Marciano,Senior Staff
287527,Girolamo,Junot,Senior Engineer
287529,Pranav,Negoita,Senior Engineer
287535,Haldon,Marshall,Senior Staff
287539,Shushma,McAlpine,Technique Leader
287552,Idoia,Hockney,Senior Staff
287556,Sachar,Furedi,Senior Staff
287557,Marsha,Reghbati,Engineer
287563,Masasuke,Gihr,Technique Leader
287564,Anwar,Zaumen,Senior Engineer
287568,Tzu,Bael,Engineer
287572,Kellyn,Schapire,Senior Staff
287577,Halsur,Ellozy,Senior Engineer
287580,Francesca,Walstra,Engineer
287584,Fox,Kushnir,Technique Leader
287585,Kwangyoen,Heinisuo,Senior Engineer
287586,Oksana,Zirintsis,Senior Engineer
287588,Nigel,Usery,Engineer
287589,Masaru,Hitomi,Senior Staff
287593,Cullen,Litecky,Senior Engineer
287595,Jeane,Reinhart,Engineer
287597,Shigeaki,Pellegrinelli,Engineer
287598,Bader,Jiang,Senior Staff
287599,Filipp,Kaelbling,Senior Engineer
287600,Rajmohan,Vieth,Senior Staff
287602,Ipke,Yemenis,Senior Engineer
287604,Mong,Spieker,Senior Staff
287605,Masanao,Hebden,Senior Engineer
287608,Eberhardt,Picco,Assistant Engineer
287613,Navid,Magalhaes,Senior Staff
287620,Tuval,Rosis,Engineer
287624,Francesca,Ambroszkiewicz,Senior Staff
287629,Yuichiro,Gien,Technique Leader
287630,Roddy,Slutz,Technique Leader
287635,Jagoda,Kamber,Engineer
287637,Chanjung,Soloway,Senior Engineer
287640,Aria,Panienski,Senior Staff
287641,Yuriy,Riexinger,Senior Engineer
287642,Zhiguo,Slutz,Engineer
287646,Otilia,Etalle,Senior Engineer
287655,Emdad,Anido,Staff
287658,Zhenbing,Weiland,Senior Engineer
287662,Mechthild,Badache,Senior Staff
287664,Guther,Clemencon,Staff
287665,Shalesh,Snyers,Technique Leader
287666,Jaber,Aloia,Senior Staff
287668,Indrajit,Tetzlaff,Engineer
287670,Shuky,Klassen,Senior Staff
287671,Munir,Maraist,Engineer
287675,Mark,Baak,Senior Engineer
287676,Tomokazu,Panangaden,Staff
287679,Krister,Hebert,Senior Engineer
287680,Youssef,Rande,Senior Staff
287682,Slavian,Henders,Senior Engineer
287687,Francoise,Genin,Senior Engineer
287688,JiYoung,Thambidurai,Senior Staff
287689,Zhilian,Vanwelkenhuysen,Engineer
287693,Weidon,Muhlberg,Senior Engineer
287695,Sushant,Lodder,Assistant Engineer
287696,Jouko,Eiter,Staff
287699,Duri,Raoux,Senior Engineer
287706,Xiaocheng,Siegrist,Senior Staff
287711,Amabile,Jansch,Staff
287714,Sachem,Lammel,Technique Leader
287716,Babette,Molberg,Senior Staff
287717,Inderjeet,Mullainathan,Engineer
287721,Nirmal,Emden,Senior Staff
287723,Subhada,Fontet,Senior Staff
287726,Perry,Azadmanesh,Engineer
287734,Chenxi,Conia,Engineer
287737,Ferdinand,Stenning,Senior Engineer
287744,Woody,Hemaspaandra,Senior Engineer
287745,Keiichiro,Bonifati,Staff
287749,Xinyu,Boudaillier,Senior Staff
287750,Subir,Rossi,Technique Leader
287751,Elzbieta,Anily,Technique Leader
287753,Pantung,McDermid,Engineer
287754,Leen,Perri,Assistant Engineer
287757,Shooichi,Poujol,Senior Engineer
287759,Yonghoan,Cappelletti,Technique Leader
287760,Adit,Barreiro,Senior Staff
287761,Patricia,Pargaonkar,Staff
287763,Huiqun,Decaestecker,Senior Staff
287769,Tianruo,Dratva,Senior Staff
287776,Yuping,Tyugu,Senior Engineer
287778,Krisda,Suomi,Senior Staff
287782,Kerryn,Krogh,Senior Staff
287791,Gianluca,Brickell,Senior Engineer
287793,Tadahiko,Kavanagh,Senior Staff
287795,Mechthild,Randi,Senior Staff
287796,Youssef,Tsukune,Senior Engineer
287797,IEEE,Etalle,Senior Engineer
287798,Shushma,Duclos,Senior Staff
287799,Shrikanth,Greenaway,Staff
287803,Felicidad,Waymire,Engineer
287805,Yongmin,Lampe,Staff
287809,Aleksander,Benner,Senior Engineer
287812,Anwar,Brizzi,Engineer
287813,Martijn,Felder,Engineer
287815,Huiqun,Rodham,Senior Engineer
287817,Constantijn,Rotem,Senior Staff
287818,Guttorm,Griswold,Engineer
287819,Shaw,Gargeya,Senior Staff
287824,Yechezkel,Zaccaria,Technique Leader
287825,Ramalingam,Jayawardene,Staff
287829,Trygve,Baranowski,Senior Staff
287830,Wuxu,Sullins,Senior Engineer
287833,Ohad,Yurek,Staff
287837,Nobuyoshi,Businaro,Senior Engineer
287838,Sailaja,Lanteri,Senior Staff
287839,Teunis,Tyugu,Engineer
287845,Vojin,Farrar,Senior Staff
287848,Chaosheng,Stroustrup,Senior Engineer
287852,Basem,Papadias,Senior Staff
287853,Jouni,Rettelbach,Senior Staff
287863,Yefim,Huhdanpaa,Staff
287875,Barna,Pelz,Senior Staff
287876,Yinlin,Hardjono,Senior Staff
287877,Duro,Trumbly,Senior Engineer
287878,Masoud,Gihr,Senior Engineer
287880,Marco,Morrow,Senior Engineer
287881,Gunilla,Decaestecker,Staff
287886,Boaz,Khalid,Senior Staff
287887,Teunis,Sevcikova,Technique Leader
287889,Jenwei,Harbusch,Staff
287900,Steve,Busillo,Senior Staff
287901,Selwyn,Huxford,Senior Engineer
287906,Baziley,Ohori,Senior Engineer
287908,Masaki,Zirintsis,Senior Engineer
287917,Barry,Rindone,Senior Engineer
287924,Aron,Rosen,Staff
287929,Turgut,Pews,Technique Leader
287931,Sariel,Tsukuda,Senior Staff
287942,Candido,Coombs,Staff
287947,Wanqing,Anily,Senior Staff
287949,Lihong,Swist,Senior Staff
287951,Surveyors,Kakkar,Senior Engineer
287954,Genevieve,Maginnis,Senior Staff
287956,Alenka,Schwaller,Senior Staff
287966,Danel,Hainaut,Senior Engineer
287971,Xinan,Adachi,Engineer
287973,Hinrich,Rohrbach,Senior Staff
287976,Aria,Huttel,Engineer
287982,Stepehn,Akaboshi,Assistant Engineer
287985,Uzi,Horswill,Senior Staff
287986,Conrado,Fortenbacher,Senior Engineer
287987,Godehard,Munoz,Senior Engineer
287988,Mohua,Pintelas,Staff
287990,Yongdong,Tokunaga,Senior Engineer
287992,Ymte,Ressouche,Assistant Engineer
287994,Koldo,Frezza,Senior Engineer
287995,Lijia,Stentiford,Assistant Engineer
287996,Geraldo,Siprelle,Senior Engineer
288000,Oscal,Denti,Senior Staff
288004,Saeed,Templeman,Assistant Engineer
288009,Zhaofang,Pfau,Engineer
288011,Naftali,Veccia,Senior Engineer
288014,Nitsan,Ranft,Senior Engineer
288017,Huican,Lorie,Senior Engineer
288025,Krister,Rosay,Senior Engineer
288027,Michaela,Gide,Senior Engineer
288032,Gaurav,Fontet,Senior Engineer
288039,Ferdinand,Liedekerke,Staff
288043,Nadjib,Itschner,Staff
288045,Rafael,Godskesen,Senior Staff
288048,Marla,Ertl,Senior Engineer
288050,Teiji,Peek,Senior Engineer
288051,Murthy,Thibadeau,Senior Staff
288053,Hein,Stenning,Senior Staff
288055,Piyush,Tchuente,Assistant Engineer
288057,Alejandro,Ozeri,Senior Engineer
288058,Terresa,Sherertz,Senior Engineer
288064,Siddarth,Krichel,Senior Engineer
288069,Yannik,Castellani,Senior Staff
288071,Supot,Shanbhogue,Senior Staff
288072,Kwangsub,Masada,Engineer
288074,Hugo,Rosis,Senior Engineer
288075,Nectarios,Aloia,Technique Leader
288079,Ottavia,Tramer,Senior Engineer
288080,Weijing,Schmiedel,Senior Staff
288085,Garnet,Wroclawski,Senior Engineer
288087,Serap,Uludag,Engineer
288092,Bernd,Parveen,Engineer
288095,Uno,Mukaidono,Engineer
288099,Xiaoqiu,Huttel,Senior Staff
288106,Ranan,Plessier,Engineer
288108,Kwok,Demian,Staff
288109,Supot,Reeker,Engineer
288113,JoAnne,Poujol,Senior Staff
288115,Xinyu,Bahl,Senior Engineer
288117,Shunichi,Krogh,Engineer
288118,Fun,Erva,Senior Staff
288125,Weidon,Stroustrup,Senior Staff
288128,Zongyan,Rahimi,Senior Engineer
288129,Nahla,Sidhu,Senior Engineer
288131,Ingmar,Schaap,Staff
288136,Chiranjit,Thisen,Senior Engineer
288138,Iara,Tetzlaff,Senior Staff
288139,Hidde,Gornas,Senior Engineer
288144,Youngkon,Pehl,Engineer
288146,Perla,Unni,Senior Engineer
288147,Yongqiao,Muchinsky,Engineer
288151,Shuho,Collavizza,Staff
288156,Barry,Borstler,Senior Staff
288161,Kellyn,Luck,Staff
288167,Stella,Fritzsche,Staff
288168,Akeno,Juneja,Senior Staff
288170,Mats,Muchinsky,Senior Engineer
288171,Moti,Garrabrants,Senior Staff
288172,Perla,Hasham,Senior Engineer
288175,Kotesh,Sidhu,Staff
288177,Maik,Bednarek,Engineer
288183,Lorien,Kavvadias,Staff
288185,Remmert,Prochazka,Senior Staff
288190,Branimir,Snedden,Senior Staff
288195,Shooichi,Morrey,Senior Engineer
288197,Huai,Wallrath,Senior Engineer
288202,Heekeun,Yavatkar,Senior Staff
288203,Luigi,Feldhoffer,Senior Staff
288206,Jouni,Tiemann,Senior Staff
288208,Chenye,Lenart,Senior Engineer
288209,Elvia,Baez,Staff
288212,Heon,Crelier,Senior Engineer
288216,Jaideep,Nyrup,Staff
288220,Kish,Kermarrec,Senior Engineer
288223,Francesca,Nollmann,Senior Engineer
288229,Shigeo,Clouatre,Staff
288233,Marsja,Demian,Staff
288234,Zhiwei,Weiland,Senior Staff
288242,Dzung,Lieberherr,Senior Engineer
288246,Candida,Klassen,Senior Engineer
288247,Nirmal,Koblitz,Staff
288248,Sachar,Diderrich,Senior Engineer
288249,JoAnne,Markovitch,Senior Staff
288259,Filipe,Giveon,Staff
288260,Brigham,Trogemann,Staff
288261,Alassane,Baaz,Senior Staff
288265,Angus,Budinsky,Senior Engineer
288270,Kitty,Gischer,Senior Staff
288271,Supot,Pero,Senior Staff
288274,Selwyn,Alblas,Senior Staff
288276,Prodip,Naumovich,Staff
288282,Leen,Luby,Staff
288283,Gaetan,Thombley,Senior Engineer
288295,Rayond,Badr,Senior Staff
288298,Jolita,Werthner,Senior Staff
288301,Youjian,Marchesini,Senior Staff
288303,Shounak,Lanzelotte,Senior Engineer
288304,Shan,Majewski,Senior Staff
288305,Zeydy,Merlo,Senior Engineer
288306,Kazuyasu,Katzenelson,Senior Engineer
288312,Filipe,Baba,Senior Engineer
288317,Lucien,Luca,Senior Staff
288318,Tiina,Naudin,Senior Engineer
288319,Srinidhi,Kaminger,Staff
288320,Anwar,Cooke,Assistant Engineer
288322,Shahab,Bardell,Senior Engineer
288330,Thodoros,Kruskal,Engineer
288331,Edwin,Varker,Senior Staff
288332,Sibyl,Douceur,Senior Staff
288334,Arunas,Herber,Senior Engineer
288335,Anyuan,Covnot,Assistant Engineer
288336,Shahaf,Broder,Senior Engineer
288338,Marsja,Michaels,Engineer
288339,Godehard,Takanami,Staff
288340,Moheb,Rosin,Staff
288341,Aris,Koshiba,Senior Engineer
288345,Tuval,Lamparter,Senior Staff
288348,Shmuel,Taubenfeld,Staff
288354,Owen,Georgatos,Senior Staff
288361,Roselyn,Khasidashvili,Senior Staff
288362,Arlette,Bridgland,Engineer
288363,Marin,Lueh,Staff
288367,Nirmal,Pews,Staff
288369,Eran,Streng,Senior Staff
288371,Shrikanth,Baak,Staff
288373,Bogdan,Lodder,Senior Engineer
288379,Mariangiola,Gyimothy,Staff
288381,George,Schusler,Senior Engineer
288384,Magy,Maksimenko,Senior Engineer
288386,Insup,Hettesheimer,Senior Engineer
288389,Guther,Pietracaprina,Staff
288393,Bernd,Lakshmanan,Senior Staff
288403,Martina,Ossenbruggen,Senior Engineer
288404,Xuejun,Schneeberger,Senior Engineer
288406,Wayne,Nannarelli,Technique Leader
288407,Theirry,Chachaty,Staff
288415,Deborah,Luon,Technique Leader
288417,IEEE,Auria,Engineer
288419,Irene,Malinowski,Staff
288420,Isamu,Speckmann,Staff
288430,Rafael,Shrader,Staff
288431,Gaetan,Meszaros,Senior Staff
288436,Tuval,Heinisuo,Senior Staff
288439,Toshimi,Cesareni,Senior Staff
288444,Georg,Roison,Staff
288446,Leandro,Nyrup,Senior Staff
288450,Baziley,Klerer,Senior Staff
288452,Aria,Wrigley,Staff
288453,Parviz,Ranon,Engineer
288456,Mariusz,Munck,Senior Engineer
288461,Nathan,Madeira,Senior Staff
288465,Shaibal,Portugali,Staff
288468,Subhash,Maierhofer,Senior Staff
288469,Spyrose,Picco,Senior Engineer
288470,Peer,Macedo,Engineer
288472,Szabolcs,Billawala,Senior Engineer
288474,Abdulla,Heering,Engineer
288475,Cathie,Reutenauer,Senior Engineer
288482,Khoa,Gurbaxani,Staff
288484,Danil,Nitsche,Senior Engineer
288485,Nigel,Rosenbaum,Senior Engineer
288486,Gio,Selvestrel,Staff
288488,Krister,Ladret,Senior Engineer
288491,Sverrir,Moffat,Senior Engineer
288495,Rayond,Solares,Senior Engineer
288502,Thanasis,Conti,Senior Staff
288511,Bezalel,Decleir,Senior Staff
288512,Tamiya,Melter,Senior Staff
288514,Dines,Potthoff,Senior Engineer
288522,Xiaoheng,Maraist,Senior Staff
288535,Vishwani,Ruemmler,Senior Engineer
288538,Pintsang,Bernini,Senior Engineer
288540,Uli,Camarinopoulos,Senior Engineer
288552,Xianlong,Swist,Senior Staff
288557,Ingmar,Vidya,Senior Staff
288558,Kaijung,Bellone,Senior Staff
288562,Yinlin,Stamatiou,Senior Engineer
288573,Shir,Bruckman,Senior Engineer
288574,Fayez,Paludetto,Senior Staff
288575,Lunjin,Lindenbaum,Senior Engineer
288577,Shin,Granlund,Engineer
288578,Boguslaw,Birrer,Senior Staff
288579,Aram,Nollmann,Senior Staff
288580,Chinho,Demke,Senior Staff
288581,Chirstian,Granlund,Senior Staff
288585,Pragnesh,Veccia,Senior Staff
288588,Aiichiro,Toyoshima,Senior Engineer
288590,Hailing,Reeken,Senior Staff
288595,Basant,Boissier,Engineer
288598,Gregory,Range,Senior Staff
288610,Ortrud,Zuberek,Senior Engineer
288614,Duangkaew,Belinskaya,Senior Engineer
288615,Florian,Merks,Senior Engineer
288616,Baocai,Coors,Staff
288617,Tsutomu,Beeson,Senior Engineer
288625,Jagoda,Badr,Technique Leader
288626,Iara,Beznosov,Senior Engineer
288627,Phuoc,Suri,Senior Staff
288634,Chenyi,Kobara,Senior Engineer
288637,Lene,Openshaw,Senior Engineer
288639,Shooichi,Rehfuss,Senior Staff
288641,Xiahua,Thisen,Senior Staff
288643,Billie,Botman,Senior Engineer
288644,Adel,Schaaf,Senior Engineer
288647,Sugwoo,Homond,Staff
288657,Arra,Zaiane,Technique Leader
288658,Giordano,Halloran,Senior Staff
288670,Lena,Kuzuoka,Engineer
288673,Gio,Flowers,Staff
288675,Jaewoo,Swiler,Senior Engineer
288679,Kotesh,Jiang,Senior Engineer
288681,Thodoros,Showalter,Senior Engineer
288684,Gou,Papastamatiou,Senior Staff
288685,Fusako,Auyong,Engineer
288686,Christophe,Naudin,Engineer
288688,Tse,Condotta,Senior Staff
288692,Rutger,Pouyioutas,Engineer
288693,Jiafu,Schueller,Senior Staff
288695,Juyoung,Rosis,Engineer
288698,Abdelwaheb,Penz,Technique Leader
288703,Djelloul,Segond,Senior Engineer
288705,Carrsten,Farrag,Senior Engineer
288706,Yuuichi,Ritzmann,Senior Staff
288709,Prasadram,Panienski,Staff
288712,Seongbae,Kawashimo,Senior Engineer
288713,Guttorm,Marciano,Engineer
288714,Persi,Krybus,Engineer
288716,Ulises,Xiaoshan,Senior Staff
288719,Sajjan,Llado,Staff
288720,Lein,Leuchs,Senior Engineer
288721,Ohad,Panwar,Senior Engineer
288724,Frederique,Ouhyoung,Senior Engineer
288725,Feixiong,Fortenbacher,Assistant Engineer
288727,Arie,Rusterholz,Senior Engineer
288730,Junsik,Akiyama,Senior Staff
288732,Tesuro,Landherr,Senior Engineer
288737,Uma,Delaune,Senior Engineer
288740,Otilia,Feldmann,Senior Staff
288746,Leif,Morrin,Senior Engineer
288747,Tamiya,Monkewich,Senior Staff
288750,Weiye,Gist,Senior Staff
288751,Nevin,Azevdeo,Senior Engineer
288753,Guther,Bondorf,Senior Engineer
288755,Badri,Buescher,Staff
288763,Kiyotoshi,Warwick,Engineer
288768,Khosrow,Lindenbaum,Technique Leader
288772,Mingzeng,Besancenot,Staff
288776,Akeno,Baca,Senior Staff
288779,Iara,Unni,Staff
288782,Etsuo,Figueira,Engineer
288784,Inderjeet,Matzen,Senior Engineer
288789,Alejandra,Lanphier,Senior Staff
288790,Cristinel,Puppo,Senior Staff
288791,Jaques,Terkki,Senior Engineer
288796,Xiaoqiang,Quittner,Senior Staff
288801,Otmar,Birge,Senior Staff
288807,Houman,Yamaashi,Senior Staff
288812,Cristinel,Deverell,Senior Staff
288813,Licheng,Noriega,Senior Staff
288814,Arfst,Wixon,Assistant Engineer
288815,Akhilish,Benner,Engineer
288816,Pantung,Penn,Engineer
288825,Sumant,Roccetti,Senior Engineer
288832,Leah,Rabejac,Senior Staff
288840,Pohua,Christ,Senior Staff
288841,Sajjad,Merlo,Staff
288843,Basem,Domenig,Senior Staff
288845,Koichi,Kampfer,Senior Engineer
288847,Guenter,Kalafatis,Senior Staff
288850,Nechama,Szmurlo,Engineer
288855,Navid,Kruskal,Senior Staff
288857,Marco,Osgood,Staff
288859,Diederik,Attimonelli,Engineer
288861,Yakkov,Gelosh,Senior Engineer
288863,Huai,Sundgren,Senior Staff
288867,Arunas,Oaver,Staff
288871,Mori,Yetto,Senior Engineer
288877,Niclas,Demizu,Senior Staff
288880,Chuanyi,Gammage,Senior Engineer
288888,Takanari,Matzke,Engineer
288894,Adil,Valette,Technique Leader
288896,Uinam,Uludag,Senior Engineer
288897,Venkatesan,Valtorta,Senior Engineer
288899,Shawna,Quadeer,Senior Staff
288905,Kazuhito,Biran,Senior Engineer
288907,Terresa,Menhoudj,Senior Staff
288913,Shan,Chenoweth,Technique Leader
288921,Irene,Riefers,Staff
288925,Kiam,Giveon,Senior Staff
288930,Rosine,Tiemann,Technique Leader
288931,Adin,Leuchs,Staff
288942,Xiadong,Ramalingam,Senior Staff
288945,Bouchung,Claffy,Senior Engineer
288949,Munehiro,Munoz,Senior Engineer
288950,Satosi,Gente,Senior Engineer
288963,Arne,Rande,Senior Staff
288967,Mantis,Erbe,Senior Staff
288970,Chirstian,Mellouli,Staff
288971,Masami,Zhang,Staff
288973,Xinyu,Kaiser,Senior Staff
288976,Jacopo,Emiris,Engineer
288977,Cheong,Luga,Engineer
288978,Mitsuyuki,Kuzuoka,Senior Engineer
288988,Vishv,Kohling,Staff
288991,Jaana,Baca,Staff
288992,Gregory,Granlund,Senior Staff
289001,Guenter,Alblas,Engineer
289009,Gererd,Braccini,Senior Staff
289011,Qunsheng,Gils,Staff
289013,Quingbo,Panangaden,Senior Engineer
289014,Odoardo,Krogh,Senior Engineer
289019,Lucien,Plotkin,Engineer
289022,Bowen,Czap,Senior Staff
289023,Yakichi,Kropf,Senior Staff
289025,Feixiong,Fordan,Staff
289026,Dines,Denti,Senior Staff
289031,Manu,Rosen,Senior Engineer
289032,Danny,Asrin,Senior Staff
289034,Arra,Cappelletti,Senior Engineer
289036,Panayotis,Varman,Senior Engineer
289038,Gritta,Fujisaki,Staff
289042,Ayakannu,Shimshoni,Engineer
289051,Mona,Bade,Senior Staff
289054,Youjian,Hutton,Senior Engineer
289057,Eishiro,Theuretzbacher,Staff
289061,Kwee,Koshino,Staff
289064,Jiong,Schach,Senior Staff
289071,Pranjal,Rajala,Technique Leader
289072,Idoia,Ermel,Engineer
289074,Rayond,Sewelson,Senior Staff
289077,Werner,Szmurlo,Senior Staff
289079,Xiaobin,Montemayor,Senior Engineer
289083,Leni,Constantine,Senior Staff
289084,Denny,Reghbati,Senior Staff
289086,Juichirou,Barreiro,Senior Staff
289092,Mantis,Strandh,Technique Leader
289093,Tsutomu,Gide,Technique Leader
289097,Willard,Pews,Senior Engineer
289100,Selwyn,Marquardt,Technique Leader
289101,Xiaoqiu,Chaudhuri,Senior Engineer
289103,Francesca,Openshaw,Senior Engineer
289107,Holgard,Luef,Senior Staff
289110,Hideo,Sudbeck,Senior Staff
289111,Jinxi,Suri,Senior Staff
289113,Eldridge,Pileggi,Engineer
289114,Vidar,Gunderson,Senior Engineer
289117,Xinyu,Heuter,Senior Engineer
289118,Mikhail,Broomell,Staff
289124,Miquel,Schwartzbauer,Senior Staff
289125,Duke,Gajiwala,Staff
289134,Uinam,Engberts,Engineer
289135,Mitsuyuki,Valette,Senior Staff
289136,Geoff,Mateescu,Staff
289146,Leif,Honglei,Senior Staff
289150,Zengping,Sommen,Senior Engineer
289152,Toshimo,Sgarro,Staff
289153,Shigeichiro,Molenaar,Engineer
289154,Menkae,Fendler,Senior Engineer
289159,Yunming,Cyre,Staff
289160,Zine,Miara,Assistant Engineer
289161,Radhika,Zeilberger,Engineer
289162,Valdiodio,Ballarin,Engineer
289163,Jaroslava,Peternell,Senior Engineer
289170,Taizo,Aloia,Senior Engineer
289172,Valeska,Angiulli,Senior Engineer
289173,Doowon,Valtorta,Senior Staff
289174,Poornachandra,Eugenio,Senior Staff
289182,Gio,Nicolson,Senior Staff
289184,Naftaly,Matzov,Senior Staff
289188,Munenori,Muntz,Staff
289189,Xiaocheng,Gide,Senior Staff
289206,Fayez,Unno,Staff
289208,Nirmal,Hellwagner,Senior Staff
289212,Ramalingam,Wursthorn,Senior Engineer
289213,Jolita,Veldwijk,Senior Staff
289216,Jenwei,Haumacher,Engineer
289220,Mang,Ranon,Engineer
289222,Udo,Ebeling,Engineer
289224,Deniz,Maierhofer,Staff
289228,Sanjai,Zyda,Staff
289232,Miyeon,Simmen,Senior Staff
289240,Udi,Ertl,Engineer
289243,Bodh,Snedden,Engineer
289253,Zhensheng,Kalorkoti,Staff
289259,Fayez,Jarecki,Senior Staff
289268,Xuejun,Orsini,Senior Staff
289269,Byong,Androutsos,Senior Staff
289278,Nechama,Luit,Senior Engineer
289279,Ziva,Pelz,Staff
289280,Mohammad,Tomescu,Technique Leader
289281,Basant,Mondadori,Senior Engineer
289285,Mohua,Miake,Technique Leader
289286,Qunsheng,Heuser,Senior Staff
289288,Serif,Makrucki,Senior Engineer
289292,Shaunak,Terekhov,Staff
289295,Shuzo,Barriga,Senior Staff
289302,Mani,Lampe,Senior Staff
289308,Henk,Merlo,Senior Engineer
289309,Mountaz,Butner,Staff
289312,Nishit,Maksimenko,Staff
289326,Brewster,Shobatake,Senior Engineer
289328,Arch,Hertweck,Senior Engineer
289329,Zhanqiu,Sridhar,Senior Engineer
289331,Kasidit,Taneja,Engineer
289332,Youjian,Esteva,Engineer
289335,Alexius,Velardi,Engineer
289344,Charlene,Remmers,Senior Engineer
289348,Indrajit,Jervis,Senior Staff
289350,Xudong,Kabayashi,Senior Staff
289351,Pragnesh,Plump,Senior Engineer
289352,Hyuncheol,Pardalos,Assistant Engineer
289353,Nikolaos,Winter,Senior Staff
289356,Yuqun,Kobuchi,Senior Staff
289357,Anoosh,Marletta,Senior Staff
289366,Owen,Binding,Senior Engineer
289368,Yaghout,Zuberek,Senior Engineer
289371,Tomoyuki,Dahlbom,Senior Engineer
289372,Udaiprakash,Wursthorn,Staff
289375,Weiye,Reinhart,Senior Engineer
289380,Odoardo,Weiland,Senior Engineer
289386,Saeko,Aloia,Senior Engineer
289388,Mrinalini,Pusterhofer,Technique Leader
289389,Adhemar,Suomi,Senior Staff
289393,Koichi,Schonegge,Senior Engineer
289395,Amstein,Undy,Engineer
289402,Faiza,Kitai,Engineer
289404,Ibibia,Makinen,Staff
289409,Boaz,Brodie,Senior Staff
289411,Genki,Swiler,Staff
289419,Kenroku,Ozeri,Senior Staff
289420,Szabolcs,Doering,Engineer
289421,Cordelia,Decleir,Staff
289426,Lalit,Swiss,Senior Engineer
289428,Mircea,Spataro,Technique Leader
289431,Shakhar,Krupka,Engineer
289433,Demos,Maquelin,Senior Staff
289436,Hidekazu,Anguita,Senior Engineer
289438,Karlis,Takanami,Senior Engineer
289445,Bedir,Shackel,Senior Staff
289450,Duangkaew,Kandlur,Assistant Engineer
289453,Gilbert,Simmel,Technique Leader
289455,Abdelwaheb,Ferretti,Engineer
289456,Kazuhisa,Neiman,Engineer
289460,Subhash,Flasterstein,Engineer
289461,Sergi,Anandan,Engineer
289462,Takahira,Hegner,Technique Leader
289463,IEEE,Herbst,Senior Staff
289471,Shiv,Erde,Senior Staff
289477,Dung,Docker,Engineer
289481,Mabhin,Bhattacharjee,Senior Engineer
289489,Maria,Morton,Senior Engineer
289491,Bilhanan,Lunt,Senior Engineer
289494,Kasturi,Mateescu,Senior Engineer
289500,Pranav,Montresor,Senior Staff
289502,Tonny,Socorro,Senior Staff
289504,Guther,Feldmann,Engineer
289506,Krisda,Kaiser,Senior Engineer
289507,Premsyl,Krone,Engineer
289508,Mahmut,Shrader,Engineer
289509,Deborah,Tanemo,Senior Staff
289511,Elvis,Fadgyas,Staff
289512,Bokyung,Quittner,Engineer
289516,Candido,Stamatiou,Senior Staff
289526,Abdelaziz,Merel,Staff
289530,Flemming,Alencar,Engineer
289531,Vojin,Kitsuregawa,Senior Staff
289532,Frederique,Veevers,Senior Engineer
289533,Gennady,Kornyak,Staff
289536,Shuzo,Vendrig,Engineer
289539,Maren,Jervis,Staff
289542,Selwyn,Luft,Senior Staff
289543,Shmuel,Kirkerud,Senior Engineer
289546,Kensei,Hasham,Senior Engineer
289551,Yongqiao,Narahara,Senior Engineer
289554,Teruyuki,Piazza,Senior Staff
289558,Jouko,Kambil,Senior Engineer
289562,Chuanyi,Warwick,Senior Engineer
289575,Constantino,Veccia,Senior Engineer
289577,Kazuhisa,Loncour,Senior Staff
289583,King,Rijsenbrij,Technique Leader
289585,Guther,Pappas,Senior Engineer
289588,Dipankar,Parhami,Senior Engineer
289591,Kersti,Felcyn,Senior Staff
289604,Pranay,Miyakawa,Senior Engineer
289606,Paraskevi,Jumpertz,Technique Leader
289610,Dines,Asser,Senior Engineer
289613,Khalil,Narahara,Senior Engineer
289615,Deniz,Hashii,Senior Staff
289616,Mark,Fasbender,Senior Engineer
289619,Jiafu,Mundy,Senior Staff
289622,Huican,Merlo,Senior Engineer
289623,Karlis,Fiebach,Senior Engineer
289626,Kyoichi,Pardalos,Senior Staff
289634,Kazunori,Pews,Staff
289637,Tayeb,Markovitch,Staff
289646,Gad,Bazelow,Senior Engineer
289650,Teunis,Felder,Senior Staff
289653,Stella,Lampe,Staff
289654,Martial,Barvinok,Technique Leader
289655,Ronnie,Schiettecatte,Senior Engineer
289657,Dines,Kabayashi,Senior Engineer
289659,Leen,Levasseur,Engineer
289666,Remko,Yurek,Senior Engineer
289669,Larisa,Litzler,Senior Staff
289670,Xuejun,Wolniewicz,Engineer
289674,Berto,Ranta,Technique Leader
289680,Arnd,Schiettecatte,Engineer
289686,Ortrun,Rajala,Senior Staff
289688,Quingbo,Sooriamurthi,Senior Engineer
289693,Shridhar,Pelc,Staff
289698,Dines,Monkewich,Senior Staff
289701,Shichao,Giaccio,Senior Engineer
289702,Hatem,Emiris,Engineer
289704,Alair,Bouloucos,Senior Staff
289708,Kazuyasu,Brendel,Senior Engineer
289712,Karsten,Brookner,Senior Staff
289724,Moie,Leppanen,Senior Engineer
289725,Chiradeep,Chaudhuri,Staff
289727,Cheong,Seuren,Senior Engineer
289730,Gian,Perez,Senior Staff
289732,Jayson,Hammerschmidt,Senior Engineer
289733,Gennadi,Hartvigsen,Engineer
289736,Duri,Ghelli,Senior Engineer
289744,Aruna,Ramsak,Senior Staff
289745,Sergi,Dengi,Senior Engineer
289746,Maja,Braccini,Senior Engineer
289750,Guenter,Collette,Senior Staff
289753,Unal,Fetvedt,Senior Engineer
289754,Malu,Paciorek,Engineer
289756,Huei,Hegner,Engineer
289759,Gladys,Detkin,Senior Engineer
289763,Mandell,Validov,Senior Staff
289765,Kensei,Anandan,Senior Engineer
289767,Fusako,Krone,Senior Engineer
289768,Luerbio,Velasco,Engineer
289775,Pranas,Birta,Engineer
289777,Margo,Lorys,Senior Engineer
289780,Dekang,Rodier,Engineer
289782,Kazuyasu,Redmiles,Senior Engineer
289786,Alassane,Foong,Engineer
289787,Xiping,Itschner,Engineer
289793,Shmuel,Spataro,Senior Engineer
289794,Przemyslawa,Serdy,Assistant Engineer
289795,Dayanand,Flanders,Senior Staff
289796,Arto,Piazza,Staff
289804,Khalid,Yetim,Senior Engineer
289805,Tomoyuki,Koblick,Senior Engineer
289806,Shao,Ranta,Engineer
289808,Goncalo,Ballarin,Engineer
289810,Arlette,Delgrossi,Senior Engineer
289811,Collette,Quittner,Senior Engineer
289814,Frederique,Badr,Senior Staff
289817,Karoline,Strandh,Senior Engineer
289819,Alassane,Slobodova,Senior Staff
289820,Leni,Cooke,Senior Engineer
289822,Ottavia,Ermel,Senior Engineer
289827,Hailing,Thisen,Staff
289829,Hitofumi,Cooke,Senior Staff
289834,Marlo,Streit,Senior Engineer
289844,Tuval,Lindenbaum,Engineer
289847,Leen,Wissmann,Senior Staff
289850,Boutros,Stasinski,Senior Staff
289851,Georgi,Swab,Senior Staff
289855,Munehiko,Rikino,Senior Engineer
289861,Shushma,Matzen,Staff
289862,Marin,Deverell,Senior Staff
289872,Tesuya,Luga,Engineer
289878,Adam,Beznosov,Senior Engineer
289883,Anneli,Domenig,Senior Staff
289890,Moon,Highland,Engineer
289891,Tse,Erez,Senior Staff
289893,Angus,Luft,Staff
289895,Susuma,Leonhardt,Staff
289896,Elrique,Lanphier,Senior Staff
289897,Roselyn,Harbusch,Senior Engineer
289903,Radhika,Narahari,Senior Staff
289904,Tetsurou,Bahr,Staff
289905,Emdad,Ramamoorthy,Staff
289910,Surveyors,Mersereau,Senior Engineer
289912,Roselyn,Passafiume,Engineer
289925,Tommaso,Pulkowski,Engineer
289933,Danae,Walstra,Staff
289942,Nathan,Rosar,Senior Engineer
289950,Sudharsan,Koshino,Senior Staff
289951,Josyula,Jiang,Engineer
289957,Mari,Pardalos,Assistant Engineer
289961,Kitty,Ponthieu,Senior Engineer
289962,Insup,Babb,Senior Engineer
289965,Masami,Guenter,Senior Staff
289970,Hyuckchul,Carrere,Technique Leader
289977,Keung,Lamma,Engineer
289981,Luisa,Swick,Senior Staff
289982,Gil,Erol,Senior Staff
289983,Xiahua,Peek,Senior Engineer
289984,Berto,Peot,Senior Engineer
289989,Xuejia,Strehl,Senior Staff
289996,Jeanne,Velardi,Senior Staff
289998,Kazuhira,Unno,Engineer
289999,Ymte,Slobodova,Senior Engineer
290000,Danae,Kading,Senior Staff
290001,Tua,Maierhofer,Senior Staff
290002,Lillian,Katzenelson,Engineer
290003,Sergi,Genin,Engineer
290008,Elrique,Erdi,Senior Staff
290013,Basem,Asmuth,Senior Staff
290020,Jiang,Bouloucos,Assistant Engineer
290021,Akemi,Salvesen,Engineer
290022,Aris,Coullard,Staff
290024,Mario,Kropatsch,Senior Staff
290029,Vincent,Auria,Senior Engineer
290030,Jacopo,Granlund,Staff
290032,Xiadong,Harbusch,Senior Engineer
290035,Zine,Lieberherr,Senior Staff
290039,Armond,Burnard,Senior Staff
290040,Reuven,Rothenberg,Technique Leader
290045,Huiqun,Karcich,Senior Engineer
290050,Sastry,Rettelbach,Technique Leader
290053,Xuedong,Cronin,Senior Engineer
290055,Irene,Velardi,Staff
290057,Marsha,Syang,Staff
290060,Shugo,Aingworth,Senior Staff
290062,Godehard,Morrow,Senior Staff
290064,Alexius,Angelov,Senior Engineer
290067,JiYoung,Ciolek,Engineer
290069,Guenter,Yoshimura,Engineer
290070,Fumiko,Buchter,Senior Staff
290071,Tadahiko,Merli,Senior Engineer
290081,Snehasis,Pietrzykowski,Staff
290083,Giap,Veevers,Engineer
290089,Alain,Highland,Staff
290090,Kazuhisa,Jervis,Senior Staff
290105,Bernt,Matteis,Engineer
290107,Hinrich,Erva,Engineer
290108,Tomokazu,Jonsson,Engineer
290110,Moie,Ushiama,Senior Engineer
290117,Hirochika,Rosay,Senior Engineer
290118,Kwangho,Camurati,Senior Engineer
290121,Ingemar,Lieblein,Senior Staff
290122,Bingning,Wroclawski,Senior Staff
290127,Richara,Krogh,Senior Staff
290128,Lenore,Naumovich,Staff
290129,Duro,Yavatkar,Engineer
290134,Pranjal,DasSarma,Engineer
290140,Rafail,Huhdanpaa,Senior Staff
290145,Miquel,Leaver,Senior Staff
290146,Heejo,Pews,Senior Engineer
290148,Gunilla,Brendel,Senior Staff
290149,Keung,Scallan,Engineer
290155,Saddek,Weiland,Senior Engineer
290158,Irena,Dredge,Senior Engineer
290159,Leandro,Aamodt,Staff
290160,Toney,Puppo,Engineer
290161,Marl,Vigier,Senior Staff
290171,Niclas,Zykh,Engineer
290172,Shahaf,Chimia,Senior Staff
290173,Behnaam,Calkin,Engineer
290176,Jessie,Heyers,Engineer
290177,Pranas,Bahi,Senior Engineer
290181,Ramachenga,Jiafu,Senior Staff
290187,Ronghao,Speek,Senior Staff
290190,Utz,Dichev,Staff
290193,Felicidad,Shackel,Senior Engineer
290200,Xiaocheng,Ulupinar,Staff
290201,Vasilis,Miara,Senior Engineer
290203,Aris,Bolsens,Staff
290205,Marie,Duclos,Senior Engineer
290207,Arlette,Molenaar,Staff
290209,Valeri,Sridhar,Staff
290214,Xiping,Hofstetter,Engineer
290215,Gererd,Vieri,Senior Staff
290220,Wayne,Candan,Senior Staff
290226,Satosi,Montemayor,Senior Staff
290227,Ingmar,Gewali,Senior Engineer
290230,Nalini,Crouzet,Engineer
290231,Matk,Birke,Staff
290232,Nobuyoshi,Malabarba,Senior Engineer
290251,Aemilian,Hoppenstand,Senior Engineer
290258,Gilbert,Gadepally,Engineer
290261,Feipei,Kampfer,Technique Leader
290262,Bedrich,Wilharm,Senior Engineer
290266,Genki,Ecklund,Engineer
290269,Sanjit,Mapelli,Staff
290273,Rildo,Francisci,Senior Staff
290274,Nahid,Cooley,Senior Staff
290281,Anyuan,Brizzi,Engineer
290287,Teiji,DuCasse,Senior Staff
290292,Eckart,Dolinsky,Senior Engineer
290298,Ziyad,Kuszyk,Senior Engineer
290301,Gad,Cannane,Staff
290310,Dmitry,Berztiss,Engineer
290311,Serif,Godskesen,Senior Staff
290314,Geoffrey,Lemarechal,Senior Staff
290318,Lokesh,Schlenzig,Senior Staff
290329,Branimir,Luks,Senior Staff
290330,Leucio,Osgood,Engineer
290337,Jaroslava,Soicher,Senior Staff
290338,Jessie,Boudaillier,Senior Engineer
290343,Miquel,Ebeling,Engineer
290344,Karoline,Billingsley,Staff
290345,Henk,Neimat,Senior Staff
290346,Bokyung,Kaiserswerth,Staff
290348,Becky,Jakobus,Staff
290354,Sumali,Ramsay,Senior Engineer
290355,Ekawit,Zykh,Engineer
290357,Kasturi,Cunliffe,Staff
290360,Rosita,Auyong,Senior Staff
290367,Gor,Rohrbach,Senior Engineer
290368,Yechezkel,Pashtan,Senior Engineer
290369,Shahar,Lund,Staff
290374,JiYoung,Stanger,Engineer
290375,Shigeaki,Bernini,Engineer
290377,Amabile,Goldhammer,Assistant Engineer
290386,Yuguang,Munch,Senior Staff
290387,Mechthild,Roisin,Assistant Engineer
290390,Xiaoqiu,Gornas,Senior Engineer
290392,Chikako,Wilfing,Staff
290393,Aran,Gammage,Engineer
290396,Arne,Krichel,Technique Leader
290398,Rimon,Zyda,Senior Staff
290401,Satyanarayana,Fetvedt,Senior Staff
290408,Hidekazu,Ligten,Senior Staff
290410,Oscal,Merro,Staff
290416,Falguni,Bael,Senior Staff
290418,Djenana,Uludag,Technique Leader
290419,Nathan,Underwood,Staff
290423,Arco,Krohn,Senior Engineer
290424,Foong,Karcich,Senior Engineer
290428,Supot,Flowers,Senior Staff
290429,Guttorm,Dymetman,Engineer
290432,Gopalakrishnan,Veccia,Senior Staff
290433,Anwar,Figueira,Senior Staff
290434,Mohan,Ferriere,Senior Staff
290436,Chenxi,Karlin,Senior Staff
290437,Naftali,Oaver,Senior Engineer
290440,Ulf,Rossi,Engineer
290443,Ger,Schoegge,Senior Staff
290446,Eran,Brender,Assistant Engineer
290449,Lillian,Deverell,Technique Leader
290453,Radhakrishnan,Nergos,Engineer
290454,Gadiel,Malinowski,Senior Staff
290463,Candido,Fortenbacher,Senior Staff
290466,Oscar,Wixon,Senior Engineer
290468,Moto,Chinal,Senior Engineer
290473,Guther,Erie,Engineer
290474,Vasilii,Schach,Engineer
290475,Randi,Zaiane,Staff
290476,Honglan,Mansanne,Senior Engineer
290487,Hitofumi,Carrere,Senior Engineer
290491,Marsal,Vadhan,Senior Staff
290495,Hsiangchu,Kitai,Staff
290503,Karsten,Setiz,Senior Engineer
290505,Kien,Onuegbe,Senior Engineer
290510,Oksana,Barbanera,Senior Staff
290511,Satyanarayana,Swab,Senior Staff
290513,Thanasis,Demir,Engineer
290514,Kien,Zedlitz,Engineer
290517,Khatoun,Melter,Technique Leader
290522,Isamu,Karnin,Senior Engineer
290525,Masami,Ranka,Staff
290529,Bezalel,Crelier,Senior Staff
290532,Goetz,Luan,Senior Staff
290533,Arumugam,Lindenbaum,Engineer
290535,Rosalie,Pashtan,Senior Engineer
290536,Kiam,Janetzko,Senior Engineer
290537,Mabo,Erbe,Senior Staff
290539,Karlis,Frolund,Senior Engineer
290540,Gennadi,Lyonns,Staff
290543,Neelam,Trumbly,Assistant Engineer
290544,Shahab,Pena,Senior Staff
290551,Avishai,Feldhoffer,Senior Staff
290552,Mototsugu,Debuse,Senior Staff
290558,Franziska,Linares,Staff
290559,Wilmer,Pepe,Senior Engineer
290561,Genki,Melter,Senior Staff
290564,Teunis,Ghandeharizadeh,Senior Staff
290566,Gio,Sridhar,Engineer
290567,Martina,Poujol,Senior Engineer
290585,Alassane,Huhdanpaa,Technique Leader
290589,Jouni,Chleq,Senior Staff
290592,Stein,Ebeling,Engineer
290593,Vojin,Msuda,Senior Engineer
290594,Djenana,Bellone,Senior Engineer
290600,Gaurav,Docker,Staff
290602,King,Hiltgen,Senior Engineer
290603,Karlis,Picht,Senior Staff
290606,Shaz,Kossowski,Senior Engineer
290615,Niteen,Czaja,Senior Staff
290616,Szabolcs,Ponthieu,Senior Engineer
290622,Gurbir,Krohn,Engineer
290623,Bernardo,Conde,Technique Leader
290631,Yoshinari,Vieri,Senior Engineer
290636,Elvis,Tokunaga,Senior Engineer
290638,Erez,Honglei,Senior Engineer
290639,Sreenivas,Delgrande,Assistant Engineer
290640,Elgin,Danner,Engineer
290644,Rasikan,Daescu,Senior Engineer
290647,Mandell,Velardi,Senior Engineer
290654,Kerryn,Zirintsis,Engineer
290660,Cristinel,Vakili,Engineer
290667,Mingsen,Vandervoorde,Staff
290669,Arvin,Nations,Senior Engineer
290672,Randi,Bultermann,Senior Engineer
290673,Changho,Danlos,Senior Engineer
290675,Chenye,Kleiser,Senior Staff
290680,Fei,Perelgut,Senior Staff
290681,Baoqiu,Hainaut,Senior Staff
290684,Manton,Escriba,Technique Leader
290685,Spyrose,Nations,Senior Engineer
290689,Chiradeep,Marquardt,Senior Engineer
290692,Fabrizio,Gien,Engineer
290699,Raimond,Anick,Engineer
290715,Jaques,Kuszyk,Engineer
290716,Mohd,Kakkar,Senior Engineer
290717,Fei,Stenning,Senior Staff
290720,Gunilla,Randt,Senior Engineer
290726,Bartek,Hooghiemstra,Technique Leader
290728,Tse,Zizka,Senior Staff
290729,Hauke,Gniady,Senior Staff
290732,Shen,Usery,Senior Staff
290737,Abdulah,Colorni,Senior Staff
290738,Ioana,Beerel,Senior Staff
290741,Srinidhi,Baik,Technique Leader
290745,Renny,Schach,Senior Engineer
290748,Sanjai,Fortenbacher,Senior Staff
290749,Ronghao,Morrey,Senior Engineer
290756,Munehiro,Ressouche,Engineer
290759,Sadok,Laventhal,Senior Staff
290762,Emdad,Swiss,Engineer
290767,Guiseppe,Kawashimo,Senior Engineer
290768,Shigehito,Kolvik,Senior Engineer
290774,Alper,Biros,Senior Engineer
290779,Anestis,Coney,Staff
290783,Geoffry,Jullig,Senior Engineer
290786,Janche,Simmen,Senior Staff
290788,Weijing,Lundstrom,Senior Staff
290794,Fox,Pramanik,Senior Engineer
290796,Kotesh,Oxman,Senior Staff
290797,Feiyu,Boissier,Senior Staff
290798,Danny,Itzigehl,Technique Leader
290800,Shmuel,Meriste,Senior Staff
290804,Masali,Ruemmler,Staff
290805,Noritoshi,Swift,Senior Engineer
290807,Apostol,Schrooten,Senior Engineer
290810,Lokesh,Milicic,Technique Leader
290812,Masasuke,Pettey,Engineer
290814,Cristinel,Birch,Senior Staff
290816,Sachem,Cochrane,Senior Staff
290820,Volkmar,Poujol,Technique Leader
290825,Zhigen,Heystek,Senior Staff
290828,Mary,Munro,Senior Engineer
290830,Lenore,Penttonen,Engineer
290831,Kayoko,Baby,Senior Engineer
290833,Behnaam,Suessmith,Senior Engineer
290835,Susuma,Angot,Staff
290836,Manohar,Hiroyama,Senior Engineer
290840,Morris,Lovengreen,Technique Leader
290842,Tomoyuki,Peyn,Senior Staff
290843,Lene,Angelopoulos,Engineer
290850,Subhada,Stenning,Senior Engineer
290855,Dayanand,Mandelberg,Engineer
290856,Cedric,Cannard,Senior Staff
290857,Zeljko,Garigliano,Senior Staff
290863,Ravishankar,Soicher,Staff
290864,Ohad,Morrow,Technique Leader
290865,Pascal,Babb,Senior Staff
290867,Lubomir,Peac,Senior Staff
290869,Byong,Bazzichi,Senior Engineer
290870,Mario,Wroclawski,Technique Leader
290873,Mayuko,Bahl,Senior Staff
290883,Rosalyn,Melski,Senior Staff
290884,Adamantios,Senzako,Engineer
290886,Haldun,Baaz,Staff
290887,Leaf,Gulak,Senior Engineer
290888,Szabolcs,Sewelson,Senior Staff
290890,Margareta,Vitiello,Senior Staff
290891,Xiaoshan,Krupka,Senior Staff
290893,Valdiodio,Rassart,Staff
290895,Serge,Badr,Engineer
290898,Goh,Schapire,Engineer
290901,Fumitaka,Thombley,Engineer
290902,Kankanahalli,Hockney,Staff
290903,Berto,Hettesheimer,Senior Staff
290906,Khedija,Ventosa,Staff
290910,Frazer,Pepe,Senior Staff
290911,Dinah,Zolotykh,Senior Engineer
290913,Tse,Lieberherr,Staff
290922,Adly,Lamparter,Senior Staff
290923,Qingxiang,Buchter,Senior Staff
290934,Rosella,Shimshoni,Senior Engineer
290941,Mart,Katalagarianos,Senior Engineer
290944,Moty,Gurbaxani,Engineer
290946,Abdelghani,Reutenauer,Senior Staff
290947,Jixiang,Kitsuregawa,Engineer
290951,Tru,Barreiro,Senior Staff
290955,Leaf,Bakhtari,Engineer
290958,Dinkar,Ruemmler,Senior Engineer
290962,Mabo,Boyle,Senior Staff
290965,Arvind,Conta,Engineer
290967,Alejandra,McFarlan,Staff
290970,Akeno,Genther,Staff
290972,Shin,Yeung,Staff
290973,Niclas,Gladwell,Technique Leader
290977,Zejun,Gist,Senior Engineer
290980,Zejun,Bage,Senior Engineer
290981,Mona,Nooteboom,Senior Engineer
290985,Geraldo,Takanami,Senior Staff
290988,Mabry,Valtorta,Senior Engineer
290989,Mori,Lamma,Engineer
290990,Guiseppe,Bennet,Senior Engineer
290992,Kayoko,Beilner,Senior Engineer
290995,Siddarth,Bugrara,Technique Leader
290999,Tommaso,Tiemann,Senior Staff
291004,Lillian,Mitsuhashi,Senior Engineer
291005,Carrsten,Wilfing,Staff
291006,Serap,Bratsberg,Staff
291008,Takushi,Shimshoni,Senior Engineer
291010,Danae,Acton,Senior Staff
291011,Aron,Huxford,Senior Engineer
291014,Valery,Panienski,Senior Engineer
291018,Roded,Bage,Technique Leader
291029,Stepehn,Peek,Assistant Engineer
291030,Licheng,Guenter,Senior Engineer
291033,Gopalakrishnan,Osgood,Senior Engineer
291038,Toshiki,Smeets,Senior Engineer
291042,Nahla,Thombley,Senior Staff
291045,Chaosheng,Servi,Engineer
291050,Changho,Busillo,Senior Engineer
291052,Mark,Gargeya,Senior Engineer
291056,Marko,Mitina,Senior Staff
291059,Sanjai,Bultermann,Senior Engineer
291064,Claudi,Bernini,Engineer
291066,Poorav,Birge,Senior Staff
291067,Margareta,Sanella,Senior Engineer
291068,Conor,Zaccaria,Senior Staff
291070,Danil,Verhoeff,Engineer
291071,Emran,Vendrig,Senior Engineer
291074,Hitomi,Maliniak,Engineer
291078,Shooichi,Thibadeau,Staff
291080,Zhigen,Bain,Senior Staff
291081,Brendon,Yemenis,Technique Leader
291084,Mokhtar,Reinhart,Senior Engineer
291092,Yoshimitsu,VanScheik,Senior Staff
291093,Naftali,Birdsall,Technique Leader
291094,Jiafu,Denti,Engineer
291097,Yongmao,Huttel,Engineer
291098,Moss,Maksimenko,Senior Engineer
291099,Heeju,Kranzdorf,Senior Engineer
291101,Leandro,Georgakopoulos,Technique Leader
291105,Karlis,Birge,Senior Engineer
291106,Masako,Gilg,Senior Staff
291107,Takahira,Mikschl,Senior Engineer
291113,Hailing,Parfitt,Senior Engineer
291114,Zeydy,Munawer,Staff
291116,Berni,Pocchiola,Senior Staff
291119,Bernice,Huxford,Senior Staff
291121,Constantijn,Baaleh,Senior Staff
291122,Shahab,Barbanera,Engineer
291123,Hyuckchul,Remmele,Staff
291124,Yucai,Anandan,Senior Staff
291131,Khue,Soicher,Technique Leader
291146,Debatosh,Perko,Senior Engineer
291148,Ger,Kusakari,Staff
291152,Qiwen,Garnier,Engineer
291156,Aron,Rikino,Staff
291157,Carrsten,Kisuki,Staff
291164,Kasidit,Wegerle,Engineer
291168,Duangkaew,Kalorkoti,Senior Staff
291175,Susanne,Billawala,Senior Staff
291183,Mart,Limongiello,Staff
291187,Teruyuki,Benveniste,Senior Engineer
291192,Guttorm,Chvatal,Senior Staff
291196,Nectarios,Waleschkowski,Senior Engineer
291199,Bouchung,Morrin,Senior Staff
291212,Pranas,Einsfeld,Senior Engineer
291215,Susumu,Rikino,Senior Engineer
291216,Satoru,Einsfeld,Senior Engineer
291217,Zhilian,Fortenbacher,Senior Staff
291218,Geraldo,Lunt,Senior Staff
291222,Stafford,Mellouli,Engineer
291224,Lalit,Remmele,Senior Staff
291237,Ramalingam,Stamatiou,Senior Engineer
291238,Dharmaraja,Lyonns,Engineer
291243,Keiichiro,Pepe,Senior Staff
291245,Shahab,Lueh,Senior Staff
291246,Gunilla,Dymetman,Technique Leader
291250,Samphel,Kalafatis,Senior Staff
291256,Subbu,Lortz,Staff
291263,Kerhong,Munke,Staff
291264,Genevieve,Einsfeld,Senior Engineer
291267,Arif,Vadhan,Engineer
291269,Marie,Thibadeau,Staff
291270,Lorien,Riefers,Senior Staff
291277,Masaki,Mondadori,Staff
291279,Diederik,Junet,Staff
291286,Kyoichi,Speek,Senior Engineer
291289,Lidong,Choobineh,Senior Staff
291294,Yoshimitsu,Luby,Staff
291295,Yinlin,Taneja,Senior Staff
291296,Lorien,Ruemmler,Engineer
291297,Lakshmi,Loncour,Assistant Engineer
291298,Uno,Mandell,Assistant Engineer
291301,Miquel,Sidje,Technique Leader
291304,Kamakshi,Bernardinello,Engineer
291307,Thodoros,Shumilov,Senior Staff
291312,Oscar,Rosen,Senior Engineer
291318,Vitali,Kilgour,Senior Staff
291321,Leucio,Morrey,Senior Staff
291323,Ghassan,Maksimenko,Senior Staff
291324,Steen,Schwartzburd,Senior Engineer
291325,Arno,Speckmann,Senior Staff
291326,Fun,Baca,Senior Engineer
291327,Ramzi,Zongker,Staff
291329,Teruyuki,Gill,Senior Staff
291330,Mona,Ligten,Staff
291332,Jixiang,Bugrara,Senior Engineer
291333,Moie,Zumaque,Senior Staff
291334,Trygve,Ramamoorthy,Engineer
291340,Nahum,Litzler,Senior Engineer
291343,Goo,Grabner,Senior Staff
291344,Zhonghua,Bellone,Senior Engineer
291353,Alselm,Farrag,Senior Staff
291359,Sreekrishna,Swiler,Staff
291361,Radhia,Bashian,Senior Staff
291363,Heng,Baba,Senior Engineer
291364,Nectarios,Harbusch,Senior Staff
291366,Kazuhira,Reinhart,Senior Staff
291371,Hercules,Puppo,Senior Staff
291372,Elvia,Thorensen,Senior Staff
291373,Doowon,Lukaszewicz,Senior Engineer
291375,Guangming,Peek,Assistant Engineer
291376,Fai,Jahnichen,Senior Engineer
291380,Mohammed,Miara,Staff
291382,Mari,Emden,Senior Engineer
291383,Zeydy,Swick,Senior Staff
291385,Khun,Anandan,Staff
291386,Jiang,Chachaty,Technique Leader
291398,Sreenivas,Streit,Senior Staff
291400,Herbert,Kroft,Senior Engineer
291402,Oksana,Serov,Senior Staff
291404,Rafael,Poulakidas,Engineer
291413,Yoshinari,Peir,Senior Staff
291416,Kaijung,Meszaros,Senior Engineer
291421,Eirik,Carrere,Senior Staff
291422,Jovan,Mawatari,Senior Engineer
291423,Seshu,Polajnar,Engineer
291424,Edwin,dAstous,Staff
291426,Geraldo,Cooman,Senior Staff
291427,Stepehn,Yavatkar,Staff
291438,Lihong,Zwicker,Senior Engineer
291440,Shirish,Ducloy,Senior Engineer
291441,Koldo,Murtafg,Engineer
291443,Yuqun,Morrow,Engineer
291445,Barna,Reinhard,Senior Staff
291446,Jaideep,Tsukune,Senior Engineer
291448,Zhonghua,Savasere,Engineer
291451,Dietrich,Heydon,Senior Staff
291457,Kazunori,Thummel,Senior Engineer
291464,Yifei,Openshaw,Senior Engineer
291468,Zhongwei,Barreiro,Senior Staff
291469,Suvo,Azevdeo,Technique Leader
291471,Nakhoon,Ratnaker,Assistant Engineer
291480,Kish,Fabrizio,Senior Staff
291481,Dharmaraja,Cools,Technique Leader
291484,Jessie,Rajaraman,Staff
291486,Serif,Lieblein,Engineer
291490,Ronghao,Penttonen,Engineer
291491,Jenwei,Tiemann,Engineer
291495,Dipankar,Yoshizawa,Senior Staff
291498,Jeane,Pettis,Technique Leader
291500,Elrique,Horswill,Senior Engineer
291501,Fumitaka,Delgrande,Staff
291502,Wuxu,Zielinski,Senior Staff
291505,Gita,Ginneken,Senior Engineer
291506,Duro,Iacovou,Senior Engineer
291507,Zhonghua,Spinelli,Senior Staff
291509,Mayumi,Kulisch,Senior Engineer
291510,Krassimir,Papadias,Assistant Engineer
291514,Adel,Nicolson,Senior Staff
291516,Lech,Morrey,Senior Engineer
291517,Limsoon,Zeidenstein,Senior Staff
291524,Fei,Onuegbe,Senior Staff
291525,Sadok,Sethi,Senior Engineer
291532,Surveyors,Malabarba,Senior Staff
291533,Denny,Kavraki,Senior Engineer
291534,Akhilish,Paciorek,Senior Staff
291536,Chenyi,Binding,Senior Staff
291537,Kitty,Ramsey,Senior Staff
291538,Torsten,Demizu,Senior Engineer
291539,Randi,Pappas,Engineer
291543,Aruna,Taubman,Senior Engineer
291545,Zito,Magalhaes,Senior Engineer
291553,Arch,Gulla,Senior Engineer
291560,Dietrich,Schapiro,Senior Staff
291570,Zhonghua,Comellas,Senior Staff
291573,Chirstian,Dichev,Senior Engineer
291574,Selwyn,Malinowski,Senior Engineer
291579,Mang,Giarratana,Senior Engineer
291580,Nidapan,Gniady,Senior Engineer
291581,Ishfaq,Perz,Senior Staff
291587,Harngdar,Zschoche,Engineer
291589,Aluzio,Kavraki,Senior Engineer
291592,Radhia,Calkin,Staff
291593,Irena,Scallan,Senior Staff
291597,Kwangjo,Chinin,Senior Engineer
291605,Unal,Adachi,Senior Staff
291607,Boguslaw,Swift,Senior Staff
291610,Ranan,Limongiello,Senior Engineer
291616,Stepehn,Jansen,Technique Leader
291619,Gad,Ermel,Engineer
291626,Pranjal,Kumaresan,Senior Staff
291628,Pranas,Merlo,Staff
291635,Bernice,Plotkin,Senior Staff
291637,Alejandro,Tsukuda,Senior Engineer
291640,Dante,Krohn,Senior Engineer
291643,Siamak,Kusakari,Senior Engineer
291646,Eldridge,Wursthorn,Senior Staff
291649,Arnould,Kruskal,Senior Staff
291651,Ortrun,Baaleh,Engineer
291653,Rafael,Strehl,Senior Staff
291654,Masako,Stranks,Engineer
291655,Krassimir,Gulla,Technique Leader
291658,Arvind,Aamodt,Engineer
291659,Ute,Velasco,Senior Engineer
291663,Mansur,Lortz,Senior Engineer
291665,Rosella,Siepmann,Senior Engineer
291670,Elvia,Hopewell,Senior Engineer
291675,Dipayan,Stenning,Technique Leader
291676,Alain,Constantine,Engineer
291682,Frazer,Fairtlough,Senior Staff
291683,Denny,Masand,Senior Staff
291687,Soenke,Rosca,Senior Staff
291697,Arumugam,Cairo,Senior Staff
291700,Navid,Turnbull,Senior Staff
291704,Lakshmi,Keohane,Senior Engineer
291706,Mototsugu,Giveon,Staff
291711,Khaled,Conti,Engineer
291713,Yishai,Wynblatt,Senior Staff
291715,Weiyi,Strehl,Senior Engineer
291716,Juichirou,Bala,Engineer
291719,Volkmar,Schade,Senior Engineer
291720,Shaibal,Ranst,Staff
291721,Hailing,Schiettecatte,Senior Engineer
291722,Shuzo,Hardjono,Assistant Engineer
291723,Jongsuk,Casley,Senior Engineer
291732,Lihong,Schade,Staff
291733,Huei,Baby,Senior Staff
291734,Serge,Heinisuo,Senior Staff
291740,Tua,Bratten,Senior Engineer
291742,Aamod,Pietracaprina,Engineer
291748,Zsolt,Undy,Senior Staff
291749,Mara,Swiss,Staff
291750,Mack,Peltason,Senior Staff
291753,Abdelkader,Munke,Staff
291754,Yongdong,Stavenow,Engineer
291756,Randi,Braunmuhl,Senior Engineer
291757,Ishfaq,Pellegrinelli,Senior Engineer
291759,Yuping,Grospietsch,Senior Staff
291760,Miquel,Scharstein,Engineer
291762,Adel,Paludetto,Senior Engineer
291765,Jeane,Beutelspacher,Senior Staff
291767,Xiahua,DeMori,Staff
291768,Conor,Pettey,Engineer
291775,Josyula,Lung,Engineer
291777,Saniya,Setlzner,Senior Staff
291784,Hauke,Byoun,Engineer
291788,Makato,Poupard,Senior Staff
291790,Lene,Sridhar,Senior Staff
291791,Rosalyn,Bolotov,Senior Engineer
291793,Kerhong,Eickenmeyer,Technique Leader
291796,Malu,Schwaller,Senior Engineer
291797,Zhaofang,Kaelbling,Assistant Engineer
291799,Stafford,Leijenhorst,Senior Engineer
291804,Weiru,Roohalamini,Senior Engineer
291805,Hyuncheol,Munke,Senior Staff
291809,Kayoko,Birge,Senior Staff
291811,Shaibal,Slaats,Senior Engineer
291812,Yahiko,Georgakopoulos,Engineer
291813,Lakshmi,Schieder,Senior Engineer
291817,Adin,Rosca,Technique Leader
291820,Basil,Jording,Senior Staff
291823,Masami,Scharstein,Senior Engineer
291827,Prasadram,Mamelak,Engineer
291828,Susanne,Kornyak,Senior Engineer
291829,Valdiodio,Birnbaum,Senior Engineer
291831,Mong,Constantine,Technique Leader
291832,Munenori,Cappelli,Senior Staff
291840,Xiahua,Riefers,Senior Engineer
291845,Jenwei,Baby,Senior Staff
291850,Shirish,Esteva,Engineer
291852,Arvind,Baaz,Senior Staff
291855,Reinhard,Kaiserswerth,Senior Engineer
291860,Shigenori,Bakhtari,Senior Staff
291861,Ramya,Worfolk,Staff
291862,Mahendra,Guting,Technique Leader
291863,Ingmar,Peir,Engineer
291864,Mohan,Yemenis,Senior Staff
291865,Gritta,Hartvigsen,Senior Engineer
291872,Moni,Christ,Staff
291878,Pranav,Siegrist,Senior Staff
291879,Jacopo,Mundy,Engineer
291889,Jaques,Zwicker,Engineer
291890,Adly,Honiden,Engineer
291892,Babette,Nollmann,Staff
291895,Manibrata,Smailagic,Senior Staff
291896,Mart,Decleir,Senior Engineer
291897,Denis,Validov,Engineer
291898,Ferdinand,Quittner,Engineer
291901,Marko,Ibel,Technique Leader
291902,Khaled,Gerlach,Staff
291908,Marek,Soloway,Senior Staff
291912,Yakichi,Miyakawa,Senior Staff
291925,Yannis,Ginneken,Senior Staff
291935,Harjit,Thombley,Senior Engineer
291936,Mario,Albarhamtoshy,Senior Staff
291942,Arvind,Bresenham,Staff
291943,Fumiko,Quittner,Engineer
291944,Peternela,Swift,Senior Engineer
291946,Navin,Henseler,Senior Engineer
291949,Marek,Merle,Engineer
291952,Constantine,Kowalchuk,Senior Engineer
291956,Claude,Veldwijk,Staff
291958,Anneli,Bernardinello,Senior Engineer
291959,Jamaludin,Coors,Senior Staff
291961,Chriss,Picel,Senior Engineer
291963,Shay,Viele,Senior Engineer
291968,Arie,Qiwen,Staff
291971,Padma,Merel,Senior Engineer
291972,Shimshon,Ouhyoung,Technique Leader
291978,Tomokazu,Leuchs,Staff
291979,Heping,Sankaranarayanan,Staff
291985,Junichi,Wissmann,Engineer
291999,Denis,Servieres,Technique Leader
292007,Yongmin,Narahara,Staff
292011,Christoph,Klassen,Senior Engineer
292020,Khosrow,Haumacher,Senior Staff
292023,Demos,Rullman,Staff
292024,Taizo,Bennis,Senior Engineer
292025,Weidon,Osgood,Senior Engineer
292031,Bouchung,Ulupinar,Technique Leader
292032,Herb,Siprelle,Senior Staff
292033,Aris,Rajcani,Engineer
292038,Roddy,Muhling,Senior Engineer
292039,Boriana,Radivojevic,Senior Engineer
292053,Shuji,Brandsma,Senior Engineer
292055,Giordano,Randt,Senior Staff
292058,Maris,Morrow,Senior Staff
292059,Radhakrishnan,Rissanen,Senior Engineer
292062,Koldo,Weisert,Senior Engineer
292071,Martine,Kinley,Senior Engineer
292079,Shen,Whittlesey,Senior Engineer
292080,Akeel,Bondorf,Senior Engineer
292081,Sahrah,Conta,Senior Engineer
292083,Kayoko,McFarlan,Staff
292084,Danco,Luon,Engineer
292085,Yannik,Mansanne,Senior Staff
292093,Yurij,Papsdorf,Senior Staff
292094,Chaosheng,Verhaegen,Senior Engineer
292105,Mechthild,Randi,Assistant Engineer
292106,Danil,Shimshoni,Senior Staff
292108,Chikako,Lakshmanan,Engineer
292114,Kyoichi,Boreale,Senior Staff
292117,Houman,Mungall,Technique Leader
292126,Masanao,Panangaden,Engineer
292130,Mariusz,Babu,Senior Staff
292133,Vishu,Callaway,Engineer
292136,Jeanne,Narwekar,Staff
292141,Alassane,Ginneken,Senior Staff
292143,Constantine,Ladret,Senior Staff
292145,Teruyuki,Sadowsky,Staff
292148,Reinhard,Melter,Senior Engineer
292149,Xuejia,Provine,Staff
292150,Heekeun,Joslin,Senior Engineer
292151,Xiping,Simkin,Senior Engineer
292153,Guenter,Kowalchuk,Staff
292158,Oldrich,Hooghiemstra,Assistant Engineer
292163,Gal,Panangaden,Senior Engineer
292168,Zhonghua,Syrzycki,Staff
292169,Qingxiang,Bhattacharjee,Staff
292171,Maya,Diderrich,Engineer
292173,Volkmar,Preusig,Senior Staff
292175,Basim,Perry,Senior Staff
292177,Mohd,Sooriamurthi,Senior Staff
292182,Lene,Vecchi,Senior Staff
292183,Shahar,Akiyama,Senior Staff
292184,Bedir,Bernini,Senior Engineer
292187,Hailing,Rabehasaina,Senior Staff
292194,Lein,Hanratty,Senior Engineer
292198,Geoff,Gien,Senior Staff
292201,Aris,Varman,Technique Leader
292208,Perry,Harbusch,Senior Engineer
292212,Doowon,Improta,Staff
292215,Szabolcs,Talmon,Senior Engineer
292216,Shalesh,Chartres,Senior Staff
292219,Dharmaraja,Deyuan,Senior Staff
292231,Makato,Harnett,Engineer
292234,Kasturi,Negoita,Senior Engineer
292235,Miyeon,McDermid,Staff
292240,Sanjiv,Negoita,Senior Staff
292241,Marsja,Raczkowsky,Senior Staff
292244,Yinlin,Rettelbach,Senior Engineer
292253,Huiqun,Roohalamini,Engineer
292254,Hiroyasu,Lindqvist,Senior Engineer
292255,Parto,Herber,Senior Staff
292260,Somnath,Huxford,Engineer
292264,Duri,Sadowski,Staff
292281,Lakshmi,Bardell,Staff
292285,Reuven,Samarati,Staff
292289,Chaoyi,Mersereau,Engineer
292290,Qunsheng,Heyers,Senior Staff
292297,Rosli,Orlowski,Staff
292298,Leon,Motley,Senior Staff
292299,Uri,Luck,Senior Staff
292301,Maris,Barbanera,Senior Engineer
292306,Domenick,Garnick,Staff
292307,Youssef,Grabner,Staff
292310,Changho,Conia,Senior Engineer
292313,Shushma,Baaleh,Senior Staff
292314,Shay,Roohalamini,Senior Engineer
292320,Nirmal,Siprelle,Senior Engineer
292322,Adamantios,Colorni,Senior Staff
292324,Pranay,Pintelas,Senior Engineer
292330,Masanao,Bamford,Engineer
292331,Aamod,Vesna,Engineer
292336,Arnd,Garnick,Senior Engineer
292338,Fuqing,Yetim,Senior Staff
292340,Leucio,Openshaw,Senior Staff
292344,Horward,Bach,Senior Engineer
292346,Gad,Ranka,Senior Engineer
292347,Krisda,Papastamatiou,Staff
292353,Jingling,Dehkordi,Senior Engineer
292359,Theron,Orsini,Senior Staff
292367,Chrisa,Kakkar,Senior Engineer
292368,Dmitri,Lorin,Senior Staff
292371,Danil,Stanfel,Senior Engineer
292372,Gurbir,Ranft,Senior Staff
292378,Mang,Harllee,Staff
292380,Foong,Bakhtari,Engineer
292381,Mansur,Kusalik,Engineer
292382,Remmert,Zallocco,Senior Staff
292383,Gererd,Salverda,Senior Staff
292389,Utpal,Hasham,Senior Engineer
292394,Debaprosad,Rosis,Senior Engineer
292398,Moriyoshi,Sooriamurthi,Technique Leader
292400,Florian,Lamba,Technique Leader
292409,Marsja,Rouquie,Technique Leader
292412,Ayonca,Yamaashi,Senior Engineer
292413,Kristian,Belinskaya,Senior Engineer
292415,Irena,Reinhart,Engineer
292419,Werner,Antonisse,Senior Staff
292423,Fuqing,Cappelletti,Senior Engineer
292430,Teruyuki,Brizzi,Engineer
292431,Richara,Hooghiemstra,Senior Staff
292432,Fumino,Muhlberg,Senior Staff
292434,Vitaly,Lamba,Senior Engineer
292437,Yucai,Conte,Staff
292441,Nirmal,Comte,Senior Engineer
292442,Yuguang,Renear,Senior Engineer
292443,Jianhua,Cyre,Senior Staff
292448,Miquel,Melton,Engineer
292452,Mayuri,Grabner,Engineer
292456,Arve,Schrooten,Staff
292457,Josyula,Erev,Senior Engineer
292458,Akeno,Armand,Senior Staff
292464,Gennady,Choobineh,Senior Engineer
292466,Panayotis,Pashtan,Senior Staff
292467,Anoosh,Plump,Staff
292468,Berto,Kulisch,Senior Engineer
292471,Marl,Selenyi,Senior Engineer
292476,Martien,Schwartzburd,Senior Staff
292487,Yakichi,Lemarechal,Staff
292488,Candida,Bale,Engineer
292490,Mahendra,Gischer,Senior Engineer
292494,Adhemar,Kinley,Senior Engineer
292499,Takahira,Mayerwieser,Senior Staff
292506,Nahum,Tchuente,Senior Engineer
292507,Feiyu,Jakobus,Technique Leader
292514,Isaac,Doering,Staff
292517,Xumin,Fadgyas,Senior Staff
292519,Josyula,Angel,Senior Engineer
292520,Naraig,Coney,Staff
292522,Petter,Liesche,Senior Engineer
292524,Gladys,Dayang,Senior Engineer
292531,Fumitaka,Zwicker,Engineer
292532,Mokhtar,Honglei,Senior Engineer
292533,Zine,Muchinsky,Senior Staff
292539,Takahito,Rodite,Senior Staff
292546,Nectarios,Zastre,Technique Leader
292548,Vidya,Savasere,Senior Staff
292554,Steen,Heuser,Staff
292557,Wayne,Zumaque,Staff
292571,Shahaf,Varman,Staff
292574,Chanjung,Openshaw,Staff
292576,Kiam,Ulupinar,Staff
292577,Val,Porotnikoff,Engineer
292578,Berhard,Fujisawa,Senior Staff
292582,Nirmal,Bugrara,Senior Engineer
292584,Mariusz,Bridgland,Staff
292587,Chirstian,Hutton,Engineer
292589,Sanjoy,Varley,Senior Staff
292590,Arra,Borstler,Senior Engineer
292593,Chuanti,Ventosa,Engineer
292594,Marsja,Vadhan,Senior Staff
292598,Hiroyasu,Litecky,Senior Engineer
292600,Margo,Schlumberger,Senior Staff
292603,DeForest,Tomescu,Senior Staff
292604,Chriss,Tibblin,Technique Leader
292605,Hatem,Picaronny,Senior Engineer
292612,Lihong,Katalagarianos,Engineer
292618,Abdelkader,Salverda,Senior Engineer
292621,Cheong,Koshino,Technique Leader
292624,Huiqun,Jiang,Senior Staff
292626,Sandeepan,Bale,Staff
292627,Anneli,Reinhart,Senior Staff
292632,Munir,Poehlman,Engineer
292634,Surveyors,Smailagic,Senior Engineer
292637,Rosella,Orlowska,Staff
292639,Youjian,Schicker,Staff
292641,Elvis,Birke,Senior Engineer
292643,Chriss,Eiter,Senior Staff
292645,Barton,Erez,Senior Staff
292646,Xinan,Belinskaya,Senior Staff
292647,Janalee,Heinisuo,Staff
292651,Khatoun,Zastre,Senior Engineer
292655,Kayoko,Jeong,Senior Staff
292658,Hiroyasu,Massonet,Senior Engineer
292660,Poornachandra,Khalil,Senior Engineer
292661,Premsyl,Narahari,Senior Engineer
292664,Lihong,Ravishankar,Engineer
292668,Dharmaraja,Brizzi,Engineer
292671,DeForest,Granlund,Staff
292675,Munehiko,Ranze,Senior Staff
292676,Herb,Griswold,Engineer
292683,Miyeon,Guting,Senior Staff
292690,Hilary,Lalonde,Senior Engineer
292692,Teunis,Zhiwei,Senior Staff
292698,Jinpo,Rabehasaina,Senior Engineer
292701,Taizo,Cichocki,Senior Staff
292702,Rasiah,Lamba,Engineer
292704,Guiseppe,Walstra,Technique Leader
292707,Aluzio,Pollacia,Senior Engineer
292708,Jaana,Kilgore,Senior Engineer
292712,Gro,Leuchs,Senior Engineer
292715,Doowon,Vasanthakumar,Staff
292716,Hidde,Porenta,Engineer
292718,Yuuichi,Sundgren,Senior Staff
292728,Minghong,Camurati,Senior Staff
292730,Stafford,Koshino,Assistant Engineer
292732,Shigeaki,Poujol,Senior Engineer
292737,Lillian,Pellegrinelli,Engineer
292738,Vitaly,Munawer,Staff
292743,Fan,Itzfeldt,Staff
292744,Abdulla,Ibel,Senior Engineer
292750,Bartek,Aloisi,Senior Staff
292752,Jianhao,Frolund,Senior Engineer
292753,Kwangyoen,Andreotta,Senior Engineer
292756,Piyush,Pews,Senior Engineer
292757,Younwoo,Desikan,Senior Engineer
292758,Kamran,Cmelik,Senior Engineer
292765,Basant,Ginesta,Senior Staff
292768,Kannan,DiGiano,Engineer
292770,Zhilian,Alpay,Technique Leader
292771,Takushi,Miyakawa,Senior Staff
292774,Saddek,Schwartzburd,Senior Engineer
292776,Marie,Zeidenstein,Senior Staff
292777,Augustine,Schwaller,Senior Staff
292782,Franziska,Asmuth,Senior Engineer
292783,Uinam,Bierman,Senior Staff
292788,Mechthild,Terkki,Senior Engineer
292789,Zito,Karunanithi,Technique Leader
292796,Krister,Rouquie,Senior Staff
292800,Shigenori,Guerreiro,Senior Engineer
292801,Mingdong,Kakkar,Technique Leader
292803,Kotesh,Lalonde,Senior Engineer
292808,Ziyad,Lorin,Staff
292809,Dulce,Majewski,Senior Staff
292810,Visit,Nyanchama,Technique Leader
292812,Anyuan,Spell,Senior Engineer
292816,Kenton,Cummings,Senior Engineer
292818,Phillip,Cronau,Staff
292820,Anneli,Staylopatis,Staff
292821,Reinhard,Nourani,Staff
292822,Saeed,Kusakabe,Staff
292825,Tru,Facello,Engineer
292831,Subhankar,Ananiadou,Engineer
292832,Serif,Brender,Engineer
292834,Mototsugu,Mitchem,Engineer
292838,Jaewoo,Servi,Senior Staff
292840,Jianhua,Rehfuss,Senior Staff
292841,Yannis,Pargaonkar,Senior Engineer
292852,Iara,Binding,Senior Engineer
292857,Mariangiola,Bednarek,Senior Staff
292863,Nathalie,Stasinski,Senior Staff
292864,Shigeaki,Bednarek,Senior Engineer
292868,Arup,Haldar,Senior Engineer
292869,Chuanti,Imataki,Staff
292872,Mabo,Wilfing,Engineer
292873,Hirochika,Beutelspacher,Technique Leader
292880,Kasidit,Schmezko,Senior Engineer
292884,Kwangsub,Lamparter,Senior Engineer
292892,Khalil,Iisaku,Senior Engineer
292902,Shigenori,Woycyznski,Staff
292904,Gopalakrishnan,Uhrik,Senior Staff
292909,Diederik,Jording,Staff
292916,King,Bazzichi,Senior Engineer
292918,Tristan,Zirintsis,Senior Staff
292919,Mara,Fairtlough,Senior Staff
292921,Weiru,Huhdanpaa,Senior Engineer
292923,Toshiki,Wuwongse,Senior Engineer
292928,Fuqing,Gaughan,Senior Staff
292933,Chaoyi,Heping,Senior Staff
292934,Van,Ducloy,Staff
292943,Kwan,Nannarelli,Senior Engineer
292945,Anwar,Stellhorn,Senior Engineer
292947,Vasilii,Krychniak,Senior Engineer
292948,Jinpo,Plumb,Engineer
292949,George,Backhouse,Engineer
292956,Rutger,Munch,Senior Staff
292959,Moti,Narahara,Senior Staff
292962,Youjian,Schahn,Senior Staff
292964,Valdiodio,Demian,Staff
292965,Chinhyun,Pena,Senior Engineer
292966,Larisa,Lanphier,Senior Engineer
292968,Sashi,Chaudhury,Senior Engineer
292970,Xinyu,Strandh,Senior Staff
292971,Stella,Driscoll,Senior Staff
292974,Jinpo,Sgarro,Senior Staff
292975,Zita,Mitchem,Technique Leader
292978,Masali,Luiz,Senior Engineer
292982,Mikhail,Pettis,Senior Engineer
292985,Berni,Lowrie,Senior Staff
292989,Dipayan,Fraisse,Senior Engineer
292993,JiYoung,Anily,Senior Staff
292995,Junsik,Picel,Senior Engineer
292998,Rosalyn,Ramsay,Senior Staff
292999,Rance,Waymire,Senior Engineer
293000,Aleksander,Birnbaum,Senior Staff
293002,Basim,Antonisse,Senior Engineer
293003,Luigi,Gien,Senior Staff
293006,Mong,Tagansky,Senior Staff
293008,Chiradeep,Shimshoni,Senior Engineer
293009,LiMin,Segond,Engineer
293010,Nathan,Verhoeff,Technique Leader
293011,Abdulah,Viele,Senior Staff
293016,Magdalena,Kemmerer,Senior Engineer
293019,Prasadram,Denny,Engineer
293020,Honesty,Thiria,Senior Engineer
293022,Elrique,Usery,Senior Staff
293024,Zissis,Ramaiah,Senior Staff
293026,Odinaldo,Emiris,Engineer
293029,Monique,Pettey,Senior Engineer
293036,Aram,Cairo,Senior Staff
293040,Rildo,Merey,Senior Staff
293044,Gil,Jeansoulin,Senior Engineer
293048,Berhard,Simmen,Senior Staff
293049,Navin,Gustavson,Staff
293050,Sanjai,Alblas,Senior Engineer
293051,Slavian,Eiter,Senior Staff
293061,Tremaine,Hiltgen,Senior Staff
293062,Mayumi,Antonisse,Senior Engineer
293066,Junichi,Brandsma,Engineer
293070,Saddek,Isaak,Senior Staff
293076,Xiaoqiang,Bresenham,Staff
293098,Mohd,Boyle,Senior Engineer
293103,Danco,Butner,Senior Engineer
293106,Kwangjo,Cooman,Staff
293111,Jordanka,Rosch,Senior Engineer
293117,Shuichi,Cappelletti,Engineer
293120,Shaz,Plump,Technique Leader
293121,Martine,Codenie,Senior Engineer
293122,Fox,Chleq,Senior Staff
293126,Naftaly,Morris,Staff
293129,Jeane,Aseltine,Senior Staff
293137,Gunilla,Nivat,Senior Staff
293142,Shawna,Simmel,Staff
293144,Junichi,Huhdanpaa,Senior Staff
293150,Mikhail,Bellone,Senior Engineer
293158,Shaowei,Denos,Engineer
293166,Ramzi,Kranzdorf,Senior Engineer
293168,Jacqueline,Avouris,Senior Staff
293169,Pranjal,Krohm,Engineer
293171,Khedija,Bahr,Engineer
293176,Leucio,Bashian,Engineer
293177,Marlo,Fairtlough,Senior Staff
293178,Udaiprakash,Barinka,Senior Staff
293179,Juichirou,Fontan,Senior Engineer
293180,Kshitij,Narahara,Senior Engineer
293181,Shaibal,Stanfel,Senior Staff
293183,Guangming,Butterworth,Engineer
293189,Patricio,Chenney,Senior Staff
293193,Karlis,Baez,Senior Engineer
293197,Gonzalo,Kemmerer,Staff
293198,Xinan,Flowers,Senior Staff
293200,Maik,Dulay,Senior Staff
293207,Christ,Quittner,Senior Staff
293212,Shahab,Lunn,Engineer
293222,Masaru,Yurov,Staff
293223,Yuqun,Poulakidas,Senior Engineer
293225,Ibibia,Ranst,Senior Staff
293235,Heeju,Hatcliff,Senior Staff
293251,Tokuyasu,Bruckman,Engineer
293255,Eberhardt,Karlin,Technique Leader
293258,Hyuncheol,Anguita,Senior Staff
293259,Breannda,Petersohn,Senior Engineer
293265,Golgen,Czaja,Senior Staff
293268,Morrie,Cusworth,Senior Staff
293270,Vivian,Lambe,Senior Staff
293272,Jacopo,Fiutem,Senior Engineer
293277,Mircea,Chachaty,Senior Staff
293281,Denny,Whittlesey,Engineer
293287,Neelam,Isard,Senior Staff
293293,Duro,Ramamoorthy,Senior Staff
293295,Kamakshi,Makrucki,Senior Staff
293297,Shen,Adachi,Senior Staff
293300,Demos,VanScheik,Senior Engineer
293302,Ayakannu,Senzako,Engineer
293303,Isamu,Ullian,Staff
293305,Peer,McFarlan,Senior Engineer
293312,Zito,Pehl,Senior Staff
293315,Jamaludin,Syrotiuk,Engineer
293316,Gita,Zobel,Senior Engineer
293317,Tru,Fargier,Senior Staff
293318,Shooichi,Rusmann,Senior Engineer
293323,Maria,Schwartzburd,Senior Engineer
293324,Lubomir,Stassinopoulos,Engineer
293325,Candido,Ullian,Senior Engineer
293328,Takahiro,Madeira,Senior Engineer
293330,Nevio,Katiyar,Senior Engineer
293332,Guadalupe,Veccia,Engineer
293334,Sungwon,Schaaf,Senior Engineer
293341,Denis,Lienhardt,Senior Engineer
293342,Dekang,Moehrke,Senior Staff
293347,Mary,Sidje,Senior Staff
293351,Marjo,Desikan,Senior Staff
293353,Zhanqiu,Barreiro,Staff
293354,Sukumar,Perfilyeva,Senior Engineer
293355,Huan,Kolvik,Staff
293360,Kwun,Codenie,Senior Staff
293367,TRUE,Langford,Staff
293376,Wuxu,Salverda,Engineer
293379,Guther,Kalefeld,Technique Leader
293385,Foong,Ghandeharizadeh,Senior Staff
293388,Apostol,Joslin,Senior Engineer
293390,Jungsoon,Bultermann,Engineer
293391,Persi,Poulakidas,Senior Engineer
293398,Badri,Standera,Senior Engineer
293404,Basant,Sadowski,Engineer
293405,Xuejia,Kusalik,Senior Engineer
293408,Mariangiola,Krohm,Senior Engineer
293409,Waiman,Nitsch,Senior Engineer
293411,Bogdan,Brookman,Technique Leader
293412,Aluzio,Neiman,Technique Leader
293413,Zine,Neimat,Senior Staff
293415,Bilhanan,Einsfeld,Senior Staff
293417,Deborah,Braccini,Senior Staff
293421,Jiang,Schmezko,Assistant Engineer
293424,Arumugam,Ohori,Senior Engineer
293434,Sachio,Ghandeharizadeh,Senior Staff
293438,Bernice,Weiland,Engineer
293439,Kiyotoshi,Isaac,Senior Engineer
293441,Toshimitsu,Cunliffe,Senior Engineer
293446,Gad,Leppanen,Senior Engineer
293450,Vatsa,Farris,Staff
293455,Renny,Picci,Senior Engineer
293458,Chikako,Puoti,Senior Staff
293462,Soenke,Falck,Senior Engineer
293465,Fumiyo,Gulak,Staff
293466,Kazuhira,Braccini,Senior Staff
293467,Kazuyasu,Feldhoffer,Technique Leader
293468,Harjit,Azevdeo,Senior Engineer
293471,Piyush,Kitsuregawa,Engineer
293475,Palash,Azadmanesh,Engineer
293479,Shigeo,Kriebel,Senior Staff
293480,Georg,Stanfel,Assistant Engineer
293482,Tamiya,Merks,Senior Staff
293487,Nathan,Haldar,Senior Staff
293488,Kannan,Otillio,Technique Leader
293489,Lucien,Grandbois,Engineer
293490,Marlo,Soloway,Staff
293493,Frederique,Basawa,Staff
293501,Achilleas,Litecky,Senior Engineer
293503,Yuuichi,Peac,Engineer
293505,Premsyl,Eugenio,Senior Engineer
293507,Fan,Highland,Engineer
293508,Sachin,Ranta,Senior Engineer
293509,Sanjay,Hoppenstand,Senior Staff
293510,Becky,Yurek,Engineer
293515,Zdislav,Wursthorn,Senior Staff
293519,Foong,Bugrara,Senior Staff
293524,Seongbin,Trumbly,Staff
293528,Honglan,Rosti,Senior Engineer
293531,Lene,Lund,Senior Staff
293534,Pascal,Mamelak,Engineer
293535,Shimshon,Rodier,Senior Staff
293536,Amalendu,Thibadeau,Senior Engineer
293537,Quingbo,Chiodo,Senior Staff
293539,Bernd,Jayawardene,Senior Staff
293546,Kokou,Ananiadou,Engineer
293548,Hironobu,Ramsey,Senior Engineer
293550,Roddy,Wilfing,Senior Staff
293553,Alselm,Braunschweig,Senior Engineer
293557,Shahar,Sigstam,Senior Engineer
293559,Mingdong,Cools,Senior Engineer
293560,Xiahua,Luiz,Staff
293567,Masami,Kragelund,Technique Leader
293570,Matt,Furedi,Engineer
293575,Mahmut,Radhakrishnan,Senior Staff
293576,Munehiro,Kragelund,Senior Engineer
293577,Sajjan,Terkki,Senior Staff
293580,Masadi,Christ,Engineer
293583,Alejandro,Kaminger,Senior Engineer
293587,King,Vickson,Engineer
293594,Freyja,Koblitz,Engineer
293596,Edwin,Waterhouse,Engineer
293598,Yechiam,Bernick,Senior Engineer
293600,Almudena,Tiemann,Senior Engineer
293601,Shirish,Nivat,Senior Engineer
293611,Anneke,Delgrange,Senior Engineer
293614,Hidefumi,Denti,Senior Engineer
293620,Mabhin,Hegner,Staff
293627,Keiichiro,Szilard,Senior Engineer
293628,Zhanqiu,Danecki,Senior Engineer
293629,LiMin,Schaft,Senior Staff
293630,Gou,Kalefeld,Senior Engineer
293632,Arnould,Kenevan,Senior Staff
293634,Mokhtar,Heusch,Senior Engineer
293637,Shiv,Chinin,Senior Engineer
293641,Kellyn,Busillo,Senior Engineer
293645,Elgin,Emiris,Senior Staff
293647,Martina,Lindqvist,Staff
293650,Mingzeng,Neiman,Engineer
293652,Kersti,Schaar,Senior Engineer
293656,Kazuhito,Joslin,Senior Engineer
293657,Taisook,Czaja,Engineer
293658,Nadjib,Samarati,Technique Leader
293661,Oldrich,Takkinen,Senior Staff
293663,Yunming,Borstler,Senior Staff
293666,Bokyung,Birjandi,Senior Staff
293667,Kamakshi,Jansch,Senior Engineer
293669,Yakichi,Bugrara,Senior Engineer
293679,Chinhyun,Coullard,Staff
293684,Suebskul,Llado,Senior Engineer
293688,Turgut,Schreiter,Senior Staff
293689,Masako,Gunderson,Technique Leader
293693,Tokuyasu,Baumann,Senior Staff
293695,Edwin,Schreiter,Engineer
293698,Luerbio,Biran,Staff
293700,Berry,Zeidenstein,Senior Engineer
293702,Hitofumi,Birta,Senior Staff
293703,Serap,Munawer,Senior Staff
293704,Adib,Bage,Senior Staff
293707,Zissis,Shiratori,Senior Staff
293708,Becky,Kushnir,Senior Engineer
293710,Atreye,Chleq,Engineer
293714,Gudjon,Cmelik,Senior Engineer
293715,Sorina,Kroon,Senior Staff
293717,Abdulah,Tibblin,Senior Engineer
293718,Neelam,Hainaut,Senior Engineer
293727,Vishv,Radwan,Senior Staff
293738,Xiaopeng,Tsukuda,Engineer
293742,Yongdong,Collavizza,Senior Engineer
293743,Arnd,Gurbaxani,Senior Engineer
293744,Kolar,Carrere,Senior Staff
293760,Yaghout,Decleir,Senior Staff
293766,Tomoyuki,Schurmann,Senior Staff
293768,Aruna,Hoppenstand,Senior Engineer
293769,Paris,Valtorta,Staff
293772,Honglan,Hatcliff,Senior Staff
293776,Mariangiola,Waterhouse,Senior Staff
293777,Conal,Beutelspacher,Senior Engineer
293782,Shigehito,Hasenauer,Assistant Engineer
293783,Barna,Karcich,Senior Engineer
293784,Radhika,Feldhoffer,Technique Leader
293790,Premsyl,Perez,Senior Engineer
293795,Gad,Botman,Senior Engineer
293799,Yoshinari,Velasco,Engineer
293801,Fumitaka,Penz,Senior Staff
293802,Maria,Hertweck,Technique Leader
293808,Gil,Pettis,Senior Staff
293809,Jianhua,Michaeli,Engineer
293810,Ibibia,Siegrist,Engineer
293814,Barton,Bach,Staff
293816,Bedir,Iivonen,Senior Engineer
293824,Otmar,Whittlesey,Senior Staff
293832,Djenana,Einsfeld,Senior Engineer
293834,Kotesh,Thummel,Senior Staff
293835,Weiru,Danlos,Engineer
293841,Mong,Zeidenstein,Staff
293849,Brigham,Bondorf,Senior Engineer
293851,Golgen,Callaway,Assistant Engineer
293861,Suvo,Rehfuss,Senior Engineer
293863,Xudong,Moehrke,Senior Engineer
293865,Alassane,Rohrbach,Senior Engineer
293871,Salvador,Schaap,Senior Engineer
293874,Flemming,Engberts,Senior Engineer
293875,Elrique,Doering,Senior Engineer
293877,Heeju,Nitto,Senior Engineer
293883,Arif,Worfolk,Senior Engineer
293884,Zhenhua,Ebeling,Senior Engineer
293887,Chirstian,Gubsky,Senior Staff
293890,Kazuhiro,Klerer,Senior Staff
293891,Sariel,Maierhofer,Engineer
293893,Bernt,Kropf,Senior Engineer
293895,Satyanarayana,Chenney,Senior Staff
293904,Bernt,Rahier,Senior Staff
293905,Berni,Mateescu,Senior Engineer
293907,Pintsang,Doering,Senior Engineer
293909,Jackson,Schaft,Staff
293913,Maren,Schwartzbauer,Senior Engineer
293914,Jungsoon,Garrabrants,Senior Staff
293916,Goncalo,Steinauer,Senior Staff
293918,Laurentiu,Ariola,Senior Engineer
293920,Xiaoqiang,Gelosh,Senior Engineer
293922,Uta,Denti,Senior Staff
293925,Oscar,Matzat,Senior Engineer
293928,Tremaine,Yavatkar,Engineer
293929,Sungwon,Falco,Engineer
293932,Suebskul,Rosaz,Technique Leader
293934,Kerryn,Heusch,Senior Staff
293935,Gila,Conry,Technique Leader
293936,Filipe,Orsini,Assistant Engineer
293939,Parke,Lanzelotte,Staff
293942,Vitaly,Erni,Senior Engineer
293943,Shaleah,Solares,Senior Staff
293944,Doohun,Narlikar,Senior Engineer
293946,Nadjib,Merro,Senior Staff
293951,Danel,Bahr,Senior Staff
293960,Fay,Besselaar,Staff
293965,Jamaludin,Majewski,Senior Staff
293967,Selwyn,Garrabrants,Engineer
293974,Danel,Schonegge,Assistant Engineer
293979,Alselm,Uhrig,Technique Leader
293986,Alselm,Melter,Senior Engineer
293988,Yunming,Sifakis,Senior Engineer
293993,Feipei,Hammerschmidt,Engineer
293994,Zeljko,Schicker,Senior Staff
293997,Kendra,Naudin,Senior Engineer
294001,Changho,Waleschkowski,Technique Leader
294005,Berto,Hempstead,Staff
294009,Parke,Khasidashvili,Senior Staff
294011,Guiseppe,Solares,Senior Staff
294016,Satyanarayana,Eiron,Senior Staff
294018,Shietung,Pluym,Senior Engineer
294022,Xiahua,Vidal,Senior Engineer
294023,Katsuyuki,Hebert,Senior Staff
294027,Vivian,Randt,Engineer
294035,Yagil,Improta,Engineer
294045,Sashi,Shumilov,Senior Staff
294047,Arno,Ramsey,Senior Engineer
294048,Uma,Picht,Engineer
294056,Basant,Hedayat,Senior Engineer
294059,Marke,Pettit,Senior Engineer
294060,Shir,Spell,Senior Staff
294065,Kristina,Bernini,Engineer
294068,Kazunori,Cmelik,Senior Staff
294069,Fei,Stellhorn,Senior Engineer
294070,Tsuneo,Ariola,Engineer
294072,Kwun,Jayawardene,Engineer
294080,Chenxi,Iwayama,Senior Staff
294082,Kauko,Billawala,Staff
294085,Mong,Fujisawa,Senior Staff
294086,Moto,Swan,Senior Engineer
294091,Roded,Siegrist,Senior Engineer
294097,Kazunori,Cummings,Senior Staff
294099,Denis,Cullers,Senior Engineer
294105,Siamak,Suri,Senior Staff
294109,Cullen,Karnin,Senior Staff
294110,Phule,Ebeling,Senior Staff
294112,Guenter,Chachaty,Senior Engineer
294125,Lene,Anick,Senior Staff
294131,Percy,Ghemri,Engineer
294136,Oguz,Zweizig,Engineer
294138,Suzette,Birch,Technique Leader
294141,Goo,Pulkowski,Senior Staff
294142,Vojin,Kobuchi,Senior Staff
294161,Nigel,Wegerle,Senior Staff
294163,Mahendra,Luke,Staff
294164,Subhada,Hennings,Senior Staff
294170,Valeri,Improta,Senior Staff
294172,Dulce,Dengi,Senior Staff
294173,Krisda,Pokrovskii,Senior Engineer
294175,Mitchel,Garigliano,Senior Engineer
294177,Morris,Mundy,Senior Engineer
294178,Nectarios,Luga,Senior Engineer
294180,Herbert,Rodier,Staff
294181,Georg,Georgatos,Senior Staff
294184,Utz,Tomescu,Senior Engineer
294189,Sedat,Gide,Engineer
294193,Subhankar,Pettey,Senior Staff
294195,Arvind,Simkin,Senior Engineer
294212,Chandrasekaran,Kuhnemann,Senior Engineer
294215,Zhongwei,Pappas,Senior Engineer
294217,Guozhong,Barvinok,Engineer
294219,Frazer,Remmele,Technique Leader
294223,Pantung,Albarhamtoshy,Senior Staff
294232,Kasturi,Salvesen,Staff
294240,Poornachandra,Ressouche,Senior Staff
294243,Marie,Llado,Staff
294244,Emran,Heusch,Senior Staff
294247,Babette,Spelt,Senior Engineer
294249,Giordano,Schurmann,Senior Staff
294251,Jordanka,Schnabel,Senior Engineer
294252,Elrique,Bardell,Staff
294257,Moty,Marrevee,Senior Engineer
294258,Alselm,Albarhamtoshy,Senior Engineer
294266,Berry,Kolvik,Senior Engineer
294267,Shietung,Kawashimo,Senior Staff
294268,Shirish,Erdmenger,Engineer
294274,Youpyo,Magliocco,Staff
294282,Hatem,Trelles,Senior Engineer
294283,Gita,Yurov,Senior Staff
294286,Maren,Jenevein,Senior Staff
294288,Adel,Lyonns,Technique Leader
294293,Zsolt,Badr,Staff
294295,Jolita,Kilgore,Senior Staff
294297,Gila,Ballarin,Senior Engineer
294298,Vesna,Coney,Engineer
294303,Behnaam,Rosenbaum,Staff
294304,Sigeru,Peng,Senior Engineer
294306,Weijing,Sluis,Senior Staff
294309,Mostafa,Capobianchi,Staff
294319,Geoffry,Bach,Senior Staff
294326,Dmitri,Kermarrec,Senior Staff
294329,Brewster,Dichev,Staff
294332,Adit,Ranft,Senior Staff
294334,Kokou,Granlund,Senior Engineer
294338,Karsten,Openshaw,Senior Engineer
294339,Sreekrishna,Krohn,Senior Staff
294340,Radhika,Veldwijk,Assistant Engineer
294344,Charmane,Christianini,Senior Engineer
294352,Hercules,Bain,Senior Staff
294353,Mark,Vanwelkenhuysen,Senior Engineer
294361,Gritta,Danecki,Technique Leader
294362,Pranjal,Rassart,Senior Engineer
294363,Susanna,Socorro,Senior Engineer
294364,Anneke,Senzako,Staff
294367,Radhika,Szmurlo,Senior Staff
294369,Gererd,Cherinka,Senior Staff
294372,Rasikan,Setia,Staff
294375,Ebru,Vandervoorde,Staff
294382,Vugranam,Motley,Engineer
294387,Hatem,Asser,Engineer
294391,Xiping,Chelton,Staff
294398,Kazuhiko,Ruemmler,Senior Staff
294403,Valeri,Luga,Senior Engineer
294407,Girolamo,Miculan,Engineer
294411,Alper,Erni,Senior Staff
294414,Petter,Vakili,Senior Engineer
294425,Juichirou,Farrar,Engineer
294428,Woody,Koyama,Engineer
294430,Heekeun,Felcyn,Senior Engineer
294431,Chaoyi,Yeung,Senior Engineer
294432,Jenwei,Parhami,Senior Engineer
294439,Ulises,Serot,Staff
294442,Gita,Rothenberg,Senior Staff
294445,Beshir,Hofman,Staff
294448,Toshimo,Kropatsch,Senior Staff
294450,Marko,Murtafg,Senior Engineer
294453,Xuejia,Dymetman,Staff
294463,Hidekazu,Openshaw,Technique Leader
294466,Yonghoan,Piancastelli,Senior Engineer
294471,Tadahiko,Brendel,Senior Engineer
294473,Fumiko,Cappelletti,Engineer
294479,Honglan,Ellozy,Senior Engineer
294481,Berry,Brookner,Staff
294482,Shuji,Ozery,Senior Engineer
294483,Zhilian,Showalter,Senior Engineer
294485,Cordelia,Weedon,Senior Engineer
294488,Divine,Rande,Senior Engineer
294491,Heng,Maierhofer,Staff
294493,Chinya,Alencar,Engineer
294494,Demos,Ernst,Senior Engineer
294501,Claude,Roohalamini,Senior Staff
294502,Reinhard,Suppi,Senior Staff
294506,Djelloul,Ozery,Engineer
294508,Bartek,Lammel,Senior Engineer
294509,Emran,Beznosov,Senior Engineer
294511,Leaf,Fiutem,Senior Staff
294514,Kwangyoen,Scharstein,Staff
294518,Berna,Rathonyi,Senior Engineer
294528,Filipe,Zallocco,Engineer
294530,Lein,Peroz,Staff
294534,Tokuyasu,Escriba,Senior Engineer
294536,Mahmut,Jullig,Senior Staff
294546,Billur,Magliocco,Senior Engineer
294548,Rosita,Eiron,Staff
294563,Jeane,Fioravanti,Staff
294570,Mohan,Senzako,Senior Engineer
294578,Alexius,Kermarrec,Senior Engineer
294581,Neelam,Conde,Engineer
294582,Owen,Fargier,Senior Engineer
294583,Tianruo,Strandh,Senior Staff
294585,Kinh,Kitsuregawa,Engineer
294590,Haldon,Validov,Assistant Engineer
294593,Aleksandar,Conia,Technique Leader
294597,DAIDA,Tomescu,Senior Engineer
294602,Younwoo,Salvesen,Senior Staff
294606,Zhilian,Perko,Staff
294611,Sanjai,Milicia,Technique Leader
294612,Pintsang,Gruenwald,Senior Staff
294613,Palash,Carrere,Senior Staff
294614,Ashish,Molenkamp,Senior Engineer
294616,Fatemeh,Terkki,Senior Engineer
294618,Kazunori,Emmart,Staff
294622,Luisa,Waschkowski,Senior Engineer
294624,Tze,Atrawala,Senior Staff
294637,Srinidhi,Wolniewicz,Staff
294639,Guther,Geffroy,Staff
294642,Jingling,Strooper,Technique Leader
294646,Naraig,Sudkamp,Senior Engineer
294653,Vishv,Seuren,Senior Staff
294655,Ravishankar,Kakkar,Engineer
294657,Vugranam,Selenyi,Staff
294661,Marit,Marquardt,Engineer
294664,Aran,Keirsey,Senior Staff
294670,Udaiprakash,Broomell,Staff
294674,Dipankar,Nanard,Engineer
294679,Dinkar,Gelosh,Senior Staff
294681,Maria,Fujisaki,Engineer
294686,Shay,Stafford,Senior Staff
294690,Heng,Babb,Senior Engineer
294692,Marie,Lakshmanan,Staff
294693,Kwun,Binding,Engineer
294695,Marsja,Seuren,Technique Leader
294697,Sarita,Eppinger,Senior Engineer
294708,Lijia,Rabejac,Senior Staff
294710,Mohammad,Vigier,Engineer
294714,Richard,Massonet,Senior Staff
294717,Kwan,Luon,Senior Engineer
294718,Brewster,Argence,Senior Engineer
294719,Kwok,Aloisi,Senior Engineer
294725,Nevin,Goldhammer,Senior Engineer
294728,Sivanarayana,Erdmenger,Senior Engineer
294730,Akeno,Cichocki,Senior Staff
294733,Satyanarayana,Fabrizio,Senior Engineer
294738,Mohammed,Stamatiou,Assistant Engineer
294739,Oguz,Lipner,Senior Staff
294742,Neelam,Brender,Senior Staff
294744,Gennadi,Weedman,Senior Staff
294745,Yucel,Haumacher,Senior Staff
294749,Youpyo,Oehlmann,Senior Staff
294756,Pasqua,Bridgland,Technique Leader
294757,Weiru,Millington,Senior Engineer
294760,Xiadong,Dehkordi,Engineer
294764,Danny,Kandlur,Staff
294768,Premal,Binkley,Senior Engineer
294769,Samphel,Aloia,Engineer
294773,Constantino,Sanella,Senior Engineer
294774,Xinyu,Tagansky,Staff
294779,Mountaz,Valiente,Senior Staff
294781,Jeanna,Brookman,Senior Engineer
294782,Edwin,Reeker,Senior Engineer
294784,Pranjal,Wegerle,Engineer
294789,Subhada,Yoshizawa,Engineer
294790,Kish,Panangaden,Staff
294797,Hironoby,Heydon,Staff
294801,DAIDA,Luff,Senior Engineer
294803,Hidefumi,Cyre,Senior Staff
294804,Dayanand,Peris,Engineer
294805,Vishu,Flexer,Senior Staff
294808,Luigi,Perelgut,Staff
294812,Temple,Legleitner,Senior Engineer
294813,Giap,Khalid,Senior Engineer
294815,Dharmaraja,Maksimenko,Engineer
294818,Jiang,Peha,Engineer
294820,Gaetan,Lanphier,Senior Staff
294824,Pragnesh,Radivojevic,Engineer
294826,Hsiangchu,Kaiserswerth,Senior Engineer
294834,Urs,Snedden,Senior Staff
294835,Kirk,Fadgyas,Senior Staff
294836,Wonhee,Merle,Senior Engineer
294837,Jinya,Mayerwieser,Senior Staff
294845,Anneli,Gustavson,Senior Staff
294846,Trygve,Fontet,Senior Engineer
294850,Toshimo,Peot,Senior Staff
294853,Kristine,Bratten,Senior Staff
294865,Adhemar,Dalphin,Senior Staff
294869,Byong,Schiper,Senior Engineer
294870,Domenico,Nergos,Senior Engineer
294878,Harjit,Dulin,Senior Engineer
294881,Richard,Bugrara,Technique Leader
294883,Paraskevi,Fabrizio,Engineer
294884,Bowen,Baaz,Engineer
294889,Gil,Massonet,Senior Engineer
294893,Hironoby,Marwedel,Senior Staff
294895,Vasilii,Scallan,Senior Staff
294897,Anoosh,Nitta,Senior Engineer
294905,Arie,Adachi,Engineer
294921,Conal,Riefers,Senior Staff
294923,Zhigen,Salvesen,Staff
294925,Aamod,Nergos,Senior Engineer
294926,Zhiwei,Laventhal,Staff
294927,Zdislav,Chandrasekhar,Engineer
294928,Berhard,Emmart,Senior Engineer
294929,Ranga,Godskesen,Senior Staff
294930,Remmert,Baik,Senior Staff
294932,Aram,Perly,Senior Staff
294935,Fei,Levasseur,Assistant Engineer
294936,Kotesh,Brodal,Senior Staff
294937,Gennadi,Raczkowsky,Senior Staff
294939,Djelloul,Holburn,Senior Staff
294940,Adit,Baar,Senior Engineer
294941,Haldun,Zaccaria,Staff
294943,Aamod,Gimbel,Senior Staff
294944,Chriss,Pappas,Staff
294945,Toong,Fendler,Senior Staff
294946,Satoru,Swab,Staff
294947,Bernd,Back,Senior Engineer
294949,Szabolcs,Danecki,Staff
294950,Berna,Bierman,Senior Staff
294951,Nidapan,Flowers,Senior Engineer
294956,Hidde,Felder,Senior Staff
294958,Constantine,Zuberek,Staff
294962,Sushant,Avouris,Senior Engineer
294963,Genta,Kropp,Senior Engineer
294966,Mrinalini,Esposito,Senior Staff
294970,Peer,Rosay,Senior Staff
294974,Gennadi,Pettis,Senior Staff
294975,Lucian,Rosis,Senior Engineer
294978,Adas,Pagter,Senior Engineer
294979,Rafols,Godskesen,Engineer
294983,Conrado,Sooriamurthi,Technique Leader
294986,Christ,Schonegge,Senior Engineer
294995,Sumali,Iacovou,Senior Engineer
294997,Kristin,Aloisi,Senior Staff
294998,Kien,Kieras,Assistant Engineer
295003,Arif,Picci,Senior Engineer
295007,Paraskevi,Kawashima,Engineer
295010,Heeju,Jonsson,Assistant Engineer
295012,Jeane,Syang,Staff
295014,Xiping,Garigliano,Senior Staff
295016,Kerryn,Rosch,Senior Staff
295022,Heejo,Lanteri,Senior Staff
295027,Zeljko,Karner,Staff
295031,Guozhong,Thisen,Senior Engineer
295037,Kazuhiko,Rosis,Staff
295050,Lubomir,Bennet,Senior Staff
295052,Florina,Decleir,Senior Engineer
295055,Kersti,Strehl,Staff
295056,Serge,Cairo,Staff
295059,Josyula,Roisin,Technique Leader
295061,Torsten,Akaboshi,Senior Staff
295062,Naraig,Asser,Senior Staff
295063,Fumino,Dulay,Senior Engineer
295064,Sadun,Hertweck,Staff
295065,Otilia,Luon,Senior Staff
295068,Shem,Olivero,Staff
295070,Mari,Weedon,Senior Staff
295079,Tamiya,Wroclawski,Senior Staff
295082,Khatoun,Undy,Engineer
295084,Masako,Isard,Senior Staff
295085,Mana,Picht,Senior Engineer
295089,Gina,Shimshoni,Senior Staff
295090,Hidefumi,Taubman,Engineer
295095,Mohua,Mayerwieser,Senior Staff
295096,Huican,Besselaar,Senior Engineer
295101,Jianhua,Asmuth,Engineer
295105,Janalee,Solares,Technique Leader
295106,Ipke,Asrin,Engineer
295109,Mandell,Berstel,Staff
295115,Mabo,Kitsuregawa,Technique Leader
295116,Zhensheng,Zizka,Technique Leader
295118,Navin,Redmiles,Senior Staff
295125,Limsoon,Wrigley,Staff
295126,Sergi,Lalonde,Senior Engineer
295131,Demos,Sigstam,Engineer
295142,Nigel,Papsdorf,Senior Engineer
295149,Badri,Swan,Senior Engineer
295151,Harngdar,Chelton,Senior Engineer
295155,Danel,Rosch,Staff
295158,Dmitry,Kroon,Senior Staff
295161,Gill,Sury,Senior Engineer
295163,Honesty,Plumb,Senior Engineer
295169,Bingning,Ginesta,Senior Engineer
295173,Troy,Kavanagh,Technique Leader
295176,Lein,Marrakchi,Senior Engineer
295180,Mahmut,Benveniste,Senior Staff
295181,Niclas,Skogmar,Senior Staff
295185,Aluzio,Bergere,Senior Staff
295190,Shigeu,Bach,Senior Engineer
295192,Yifei,Keirsey,Senior Engineer
295195,Heeju,Khasidashvili,Staff
295196,Mong,Ratzlaff,Engineer
295206,Elgin,Pargaonkar,Senior Engineer
295208,Alassane,Mellouli,Senior Staff
295209,Vivian,Bratsberg,Staff
295217,Ashish,Bierman,Engineer
295218,Nadjib,Niizuma,Senior Engineer
295221,Tomokazu,Hofting,Senior Staff
295222,Gian,Szilard,Senior Staff
295223,Gennady,Gimarc,Engineer
295226,Oldrich,Rosiles,Engineer
295227,Navin,Marquardt,Senior Engineer
295232,Ung,Vidal,Senior Engineer
295234,Eric,Peres,Engineer
295235,Ortrun,Tsunoo,Senior Engineer
295239,Guiseppe,Collette,Senior Staff
295240,Gina,Figueira,Staff
295241,Makato,Bellone,Technique Leader
295242,Sarita,Swick,Senior Engineer
295249,Aemilian,Stentiford,Senior Staff
295263,Utz,McFarlan,Senior Staff
295271,Valter,Scharstein,Senior Engineer
295276,Atreye,Picel,Senior Engineer
295280,Jouni,Castellani,Engineer
295284,Karsten,Kavvadias,Senior Engineer
295290,Berto,Sadowski,Staff
295292,Padma,Rijsenbrij,Senior Engineer
295293,Ortrud,Busillo,Engineer
295295,Nagui,Litvinov,Senior Engineer
295297,Satyanarayana,Cincotta,Senior Engineer
295304,Moss,Perez,Senior Engineer
295305,Georg,Takkinen,Engineer
295307,Nahid,Hutter,Engineer
295317,Shrikanth,Hitomi,Technique Leader
295318,Spyrose,Hatcliff,Senior Staff
295324,Shen,Soicher,Senior Engineer
295336,Zongyan,Moffat,Technique Leader
295339,Vivian,Pouyioutas,Assistant Engineer
295340,Ebru,Marzano,Staff
295342,Serge,Erdi,Staff
295343,Dipayan,Iisaka,Senior Engineer
295344,Ingmar,Pehl,Senior Engineer
295350,Ult,Daescu,Engineer
295351,Niranjan,Barinka,Senior Staff
295354,Nikolaos,Brodie,Senior Engineer
295364,Shaowei,Parascandalo,Senior Staff
295365,Jianhui,Bridgland,Senior Engineer
295369,Amabile,Giaccio,Senior Staff
295374,Georgy,Mundy,Staff
295376,Minghong,Arlazarov,Senior Engineer
295377,Thodoros,Reinhart,Technique Leader
295378,Guozhong,Gopalakrishnan,Senior Staff
295384,Jianwen,Luce,Assistant Engineer
295385,Shakhar,Fontan,Staff
295386,Eldridge,Speek,Senior Staff
295388,Elliott,Marchesini,Staff
295394,Rimon,Fiutem,Senior Engineer
295397,Toshimitsu,Bernick,Senior Engineer
295402,Branimir,Engberts,Senior Staff
295417,Genevieve,Isaac,Senior Staff
295419,Nahum,Petersohn,Senior Engineer
295425,Boutros,Randi,Technique Leader
295426,Kerryn,Imataki,Senior Engineer
295427,Toshimori,Hainaut,Senior Staff
295428,Alselm,Bonifati,Senior Staff
295431,Mabry,Hiroyama,Senior Engineer
295432,Renee,Strehl,Senior Engineer
295438,Kwun,Polajnar,Senior Engineer
295439,Makato,Fadgyas,Senior Staff
295442,Owen,Riexinger,Engineer
295445,Phillip,Sudbeck,Staff
295447,Chanjung,Vakili,Senior Engineer
295449,Becky,Pettis,Senior Staff
295454,Chikako,Quaggetto,Senior Engineer
295460,Ebbe,Conia,Senior Engineer
295462,Susanna,Penttonen,Engineer
295463,Masami,Rodham,Staff
295464,Marc,Falck,Senior Staff
295470,Geraldo,Redmiles,Senior Staff
295475,Shaunak,Sudkamp,Senior Staff
295481,Subbu,Tanemo,Senior Staff
295482,Sampalli,Bashian,Senior Engineer
295483,Deborah,Raoux,Senior Staff
295488,Boalin,Merel,Senior Staff
295503,Tayeb,Lund,Staff
295506,Aloys,Blokdijk,Senior Staff
295515,Geoffrey,Antonakopoulos,Senior Staff
295516,Jaewon,Denna,Engineer
295517,Siddarth,Majewski,Senior Staff
295520,Kamran,Legleitner,Senior Engineer
295528,Tonny,Ventosa,Senior Engineer
295541,Kwangho,Adachi,Senior Engineer
295542,Francoise,England,Staff
295543,Navin,Nannarelli,Senior Engineer
295547,Leif,Manders,Senior Engineer
295551,Garnik,Adachi,Engineer
295555,Lidong,Haddadi,Staff
295558,Nikolaus,Ozery,Engineer
295561,Guiseppe,Wrigley,Senior Engineer
295562,Shih,Heping,Senior Engineer
295566,Ortrud,Milicic,Senior Staff
295567,Vitali,Pillow,Technique Leader
295573,Macha,Ramsay,Technique Leader
295577,Guther,Baumann,Engineer
295578,Xiaoqiu,Conte,Engineer
295582,Youngkon,Kusalik,Senior Engineer
295583,Pohua,Ratzlaff,Senior Engineer
295593,Kwangyoen,Baba,Senior Engineer
295597,Akeel,Matzov,Senior Engineer
295599,Gila,Pesch,Senior Staff
295604,Baruch,Lorch,Engineer
295606,Ferdinand,Basawa,Senior Staff
295607,Richard,Kalsbeek,Senior Engineer
295615,Mang,Khamsi,Senior Engineer
295624,Menkae,Denos,Staff
295625,Randi,Poujol,Senior Staff
295626,Gou,Krohm,Senior Engineer
295627,Richard,Borovoy,Senior Engineer
295647,Gal,Schiettecatte,Senior Engineer
295649,Kyoichi,Hiroyama,Staff
295651,Adil,Coombs,Senior Staff
295653,Fei,Encarnacion,Senior Engineer
295657,Kristina,Thibadeau,Senior Engineer
295658,Akeno,Decleir,Engineer
295660,Patricia,Zockler,Staff
295665,Fabrizio,Socorro,Senior Staff
295667,Branimir,Fasbender,Senior Engineer
295670,Kagan,Heuser,Senior Staff
295671,Val,Dalton,Technique Leader
295679,Premal,Arlazarov,Senior Engineer
295680,Quingbo,Nyrup,Engineer
295691,Sumali,Shobatake,Staff
295692,Fumitaka,Birnbaum,Senior Staff
295696,Rosita,Serra,Engineer
295698,Soenke,Keustermans,Senior Engineer
295699,Hein,Luca,Engineer
295701,Berto,Hegner,Senior Engineer
295702,Huei,Kambil,Senior Staff
295703,Jaewoo,Birch,Senior Engineer
295706,Honesty,Vigier,Senior Engineer
295714,Horward,Cappello,Senior Engineer
295718,Paris,Siprelle,Engineer
295720,Mingsen,Chelton,Staff
295724,Mariangiola,Rathonyi,Staff
295727,Navin,Ratzlaff,Senior Staff
295735,Xuejun,Simmel,Senior Engineer
295743,Gennadi,Pena,Staff
295747,Subhash,Zirintsis,Senior Engineer
295751,Jacqueline,Pavlopoulou,Senior Engineer
295754,Uriel,Decleir,Senior Staff
295766,Denny,Neiman,Senior Staff
295768,Nadjib,Kawashimo,Senior Staff
295772,Xuedong,Birsak,Senior Staff
295774,Kshitij,Apsitis,Senior Engineer
295777,Feipei,Qiwen,Senior Engineer
295780,Zhensheng,Dymetman,Senior Engineer
295782,Hauke,Czap,Senior Staff
295785,Mart,Velasco,Engineer
295786,Naftaly,Petersohn,Technique Leader
295787,Leucio,Zaumen,Senior Engineer
295795,Tomofumi,Budinsky,Senior Staff
295796,Ewing,Trachtenberg,Senior Staff
295797,Serap,Birta,Senior Engineer
295799,Fai,Waeselynck,Senior Staff
295800,Jingling,Weisert,Senior Staff
295801,Shaibal,Budinsky,Senior Staff
295802,Xiahua,Engelmann,Engineer
295811,Mokhtar,Ghandeharizadeh,Senior Staff
295813,Khue,Bodoff,Technique Leader
295815,Sungwon,Thimonier,Senior Staff
295816,Ennio,Michaels,Staff
295818,Ranga,Zolotykh,Senior Engineer
295821,Bernice,Brobst,Senior Staff
295826,Prasadram,Leaver,Engineer
295829,Sanjeeva,Akazan,Technique Leader
295832,Kokou,Hashii,Senior Engineer
295836,Haldun,Adachi,Senior Staff
295838,Bartek,Ritcey,Senior Staff
295839,Mart,Lores,Engineer
295842,Billie,Bratsberg,Senior Engineer
295851,Herb,Plumb,Staff
295852,Yunming,Ballarin,Senior Engineer
295853,Doohun,Rahimi,Senior Staff
295854,Tse,Munro,Staff
295858,Sugwoo,Steinauer,Staff
295873,Bluma,Makinen,Senior Staff
295874,Gina,Pocchiola,Senior Staff
295877,Aloke,Loncour,Senior Staff
295878,Masato,Randt,Staff
295880,Teruyuki,Azuma,Senior Engineer
295881,Jaihie,Standera,Staff
295882,Lucien,Slobodova,Engineer
295883,Doohun,Schiper,Senior Engineer
295886,Sanjiv,Boissier,Assistant Engineer
295891,Etsuo,Khamsi,Senior Staff
295894,Duro,Peral,Staff
295899,Herb,Ghalwash,Staff
295901,Avishai,Botman,Staff
295902,Lorien,Salverda,Senior Engineer
295904,Marlo,Griswold,Staff
295905,Sreekrishna,Condotta,Technique Leader
295906,Feiyu,Denny,Senior Engineer
295907,Pranjal,Verhaegen,Senior Engineer
295914,Rosita,Dulay,Senior Engineer
295919,Florina,Saoudi,Senior Staff
295921,Hatsukazu,Bolotov,Senior Engineer
295922,Tse,Motley,Staff
295927,Mototsugu,Figueira,Senior Engineer
295931,Kerhong,Rouquie,Senior Engineer
295933,Kannan,Karlin,Senior Staff
295935,Doohun,Nitsch,Senior Staff
295936,Mototsugu,Malinowski,Senior Engineer
295938,Ziva,Beilner,Senior Engineer
295940,Chinhyun,Shackell,Engineer
295942,Rosine,Minakawa,Staff
295943,Jackson,Merkl,Senior Staff
295946,Woody,Nannarelli,Staff
295947,Pranav,Isard,Engineer
295950,Godehard,Braunmuhl,Senior Staff
295958,Ronghao,Mitsuhashi,Senior Engineer
295964,Lein,Shigei,Senior Staff
295967,Vidya,Heusch,Senior Staff
295973,Fai,Hiroyama,Staff
295976,Miomir,Desikan,Senior Engineer
295983,Yongmin,Boissier,Staff
295986,Mrinalini,Beidas,Senior Engineer
295987,Zhilian,Jarecki,Engineer
295997,Kensei,Msuda,Senior Engineer
296002,Manibrata,Lores,Staff
296003,Gay,Khamsi,Technique Leader
296013,Yakichi,Perfilyeva,Senior Staff
296014,Yuriy,Bach,Assistant Engineer
296016,Ayakannu,Munoz,Senior Staff
296018,Ronnie,Schach,Senior Staff
296019,Vitali,Piazza,Senior Staff
296021,Arno,Lally,Technique Leader
296022,Rimon,Stemann,Engineer
296024,Masami,Panienski,Senior Engineer
296027,Leif,Piveteau,Senior Staff
296028,Zhigen,Lammel,Senior Engineer
296029,Randi,Hedayat,Staff
296030,Martien,Viele,Senior Engineer
296031,Jiong,Foong,Senior Engineer
296033,Youngkon,Peak,Senior Engineer
296037,Udaiprakash,Osgood,Senior Engineer
296047,Mariusz,Schlenzig,Assistant Engineer
296048,Ymte,Rodham,Engineer
296052,Charlene,Lyonns,Staff
296053,Karoline,Broomell,Senior Engineer
296058,Adel,Itschner,Senior Staff
296061,Berto,Tibblin,Staff
296063,Mandell,Claffy,Senior Engineer
296067,Sachin,Marsiglia,Senior Staff
296075,Dines,Sigstam,Senior Engineer
296078,DeForest,Birta,Senior Engineer
296081,Marie,Morrey,Senior Staff
296086,Aamer,Solares,Senior Staff
296087,Eran,Kemmerer,Technique Leader
296092,Aron,Matzel,Engineer
296095,Odysseas,Dulli,Senior Staff
296098,Hidekazu,Rosis,Senior Engineer
296102,Howell,Christ,Senior Engineer
296107,Faiza,Marakhovsky,Assistant Engineer
296108,Marsha,Karnin,Senior Staff
296113,Sashi,Lampe,Senior Staff
296116,Gererd,Bernini,Senior Staff
296117,Dante,Provine,Senior Engineer
296120,Richara,Slaats,Senior Staff
296121,Arie,Puppe,Senior Staff
296123,Nishit,Danecki,Engineer
296124,Yuriy,Swift,Senior Staff
296135,Xuejun,Brookman,Staff
296139,Kazuyasu,Steenbeek,Senior Engineer
296142,Tokuyasu,Parveen,Senior Engineer
296159,Shaunak,Passafiume,Senior Engineer
296163,Sushant,Masaki,Senior Engineer
296164,Roded,Pero,Staff
296166,Danel,Servi,Senior Engineer
296167,Weijing,Denis,Senior Staff
296171,Pradeep,Munke,Senior Staff
296180,Serap,Pargaonkar,Engineer
296181,Souichi,Zaiane,Assistant Engineer
296182,Snehasis,Anandan,Engineer
296186,Arunas,Fandrianto,Senior Engineer
296187,Tomokazu,Usery,Staff
296193,Rildo,DeMori,Engineer
296194,Lech,Fujisaki,Senior Engineer
296195,Sahrah,Luby,Senior Staff
296198,Houman,Molberg,Technique Leader
296199,Yechiam,Sudbeck,Technique Leader
296200,Huican,Ranze,Staff
296203,Douadi,Maquelin,Senior Staff
296220,Marke,Luiz,Engineer
296223,Theirry,Pettis,Senior Engineer
296227,Guozhong,Aseltine,Senior Engineer
296229,Quingbo,Koblitz,Senior Engineer
296231,Mohan,Shrader,Engineer
296235,Debaprosad,Vidal,Staff
296236,Susumu,Veevers,Senior Engineer
296240,Brewster,Ranka,Senior Engineer
296241,Mihalis,Remmele,Staff
296245,Christophe,Murtha,Staff
296252,Gaurav,Huhdanpaa,Senior Staff
296253,Kasturi,Sidje,Senior Staff
296258,TRUE,Negoita,Senior Engineer
296267,Shawna,Seghrouchni,Engineer
296269,Mads,Ritcey,Senior Engineer
296271,Heather,Underwood,Senior Staff
296275,Shem,DuCasse,Senior Staff
296279,Valeri,Kossowski,Senior Engineer
296283,Tianruo,Molberg,Senior Engineer
296284,Yuchang,Shanbhogue,Engineer
296285,Mariangiola,Reistad,Senior Engineer
296288,Muzhong,Vecchi,Senior Staff
296296,Nigel,Sury,Engineer
296301,Adly,Openshaw,Senior Engineer
296302,Muneo,Plumb,Senior Engineer
296309,Hailing,Herath,Staff
296312,Joydip,Stiles,Senior Staff
296321,Nimmagadda,Birsak,Senior Engineer
296323,Aron,Emiris,Staff
296329,Aksel,Egerstedt,Senior Staff
296330,Mari,Giaccio,Senior Staff
296336,Moty,Heuser,Senior Staff
296343,Khalid,Suomi,Engineer
296346,Arif,Osgood,Staff
296348,Ennio,Luiz,Senior Engineer
296350,Mingzeng,Krzyzanowski,Technique Leader
296353,Prodip,Lambe,Staff
296354,Lorien,Cappelletti,Engineer
296355,Nigel,Orlowski,Senior Staff
296356,Rafael,Aloisi,Staff
296359,Feixiong,Suri,Senior Engineer
296361,Yonghoan,Broomell,Senior Engineer
296366,Weijing,Bolotov,Senior Staff
296368,Annemarie,Warwick,Senior Staff
296369,Takahira,Yetim,Senior Engineer
296371,Randy,Strehl,Senior Staff
296372,Zita,Rijckaert,Staff
296373,Jungsoon,Leslie,Senior Staff
296375,Maren,Tzvieli,Senior Staff
296377,Phillip,Parveen,Senior Staff
296381,Henk,Matteis,Senior Engineer
296386,Weijing,Petereit,Senior Engineer
296387,Yuguang,Riexinger,Senior Staff
296388,Gregory,Slaats,Senior Engineer
296389,Deborah,Kornyak,Senior Staff
296390,Monique,Stifter,Senior Engineer
296393,Kyoichi,Remmele,Senior Engineer
296395,Frederique,Raoux,Engineer
296397,Yechiam,Rosiles,Senior Engineer
296398,Chenye,Krohm,Senior Staff
296401,Sverrir,Hashii,Senior Engineer
296406,Kwangjo,Gurbaxani,Senior Staff
296408,Ottavia,Erni,Senior Engineer
296410,Sanjeeva,Solares,Staff
296412,Krister,Kavanagh,Senior Staff
296415,Ravishankar,Montemayor,Senior Staff
296418,Feiyu,Benner,Assistant Engineer
296421,Shir,Marquardt,Senior Engineer
296432,Atreyi,Brendel,Staff
296436,Shigeo,Butner,Senior Staff
296438,Along,Kushnir,Senior Staff
296447,Roselyn,Boreale,Engineer
296448,Lech,Salvesen,Senior Engineer
296450,Babette,Carrere,Senior Engineer
296464,Shen,Rosin,Senior Staff
296467,Arnd,Bahi,Staff
296470,Kannan,Nitta,Senior Engineer
296471,Marlo,Scallan,Senior Engineer
296475,Terresa,Kleiser,Engineer
296478,Rafols,Hiraishi,Senior Engineer
296479,Henk,Gulik,Engineer
296480,Duro,Klassen,Senior Engineer
296481,Conal,Lunt,Engineer
296485,Weijing,Emden,Engineer
296490,Yonghong,Liedekerke,Senior Engineer
296497,Shao,Schlegelmilch,Engineer
296501,Ravishankar,Rosay,Senior Staff
296503,Kenroku,Pleszkun,Senior Staff
296505,Mokhtar,Lalonde,Senior Engineer
296510,Aron,Choobineh,Engineer
296514,Zito,Underwood,Senior Staff
296520,Divine,Bugaenko,Senior Engineer
296521,Yonghoan,Brookner,Assistant Engineer
296524,Nimmagadda,Msuda,Senior Engineer
296529,Yahiko,Vernadat,Engineer
296539,Oscal,Hettesheimer,Senior Staff
296543,Alagu,Peek,Staff
296546,Berhard,Schreiter,Staff
296547,Sumant,Kuzuoka,Engineer
296549,Pascal,Caine,Technique Leader
296552,Gill,Lampe,Senior Staff
296553,Arie,Sommer,Staff
296554,Genta,Atrawala,Senior Staff
296555,Tuval,Chiodo,Senior Staff
296557,Constantine,Roccetti,Senior Staff
296566,Masako,Muchinsky,Staff
296569,Gila,Lindenbaum,Senior Staff
296570,Haldun,Mahnke,Senior Engineer
296571,Shaleah,Ramras,Senior Staff
296579,Sahrah,Vecchi,Staff
296581,Karoline,Kakkad,Senior Engineer
296584,Margareta,Vecchi,Staff
296589,Tran,Gammage,Engineer
296592,Iara,Bale,Senior Engineer
296599,Lalit,Beilner,Senior Engineer
296600,Jiann,Muhling,Senior Staff
296603,Zissis,Worfolk,Engineer
296605,Karlis,Tischendorf,Senior Staff
296607,Persi,Luef,Senior Staff
296609,Jayson,Litvinov,Senior Staff
296615,Nagui,Leijenhorst,Senior Engineer
296616,Heon,Danner,Senior Staff
296617,Somnath,Orlowska,Senior Staff
296619,Frederique,Brickell,Senior Engineer
296622,Serenella,Dengi,Engineer
296623,Zeljko,Herbst,Senior Staff
296625,Goa,Erdi,Senior Staff
296633,Aamer,Berendt,Senior Engineer
296637,Francoise,Daescu,Senior Engineer
296638,Ayonca,Kranzdorf,Assistant Engineer
296639,Lihong,Ramalingam,Engineer
296643,Almudena,Cannard,Staff
296648,JiYoung,Papsdorf,Senior Engineer
296649,Atreyi,Lodder,Staff
296650,Margareta,Spieker,Senior Engineer
296653,Emran,McClure,Senior Engineer
296655,Danel,Kusakabe,Senior Engineer
296662,Kagan,Kavraki,Senior Engineer
296668,Jianwen,Veeraraghavan,Engineer
296671,Piyawadee,Jiafu,Engineer
296674,Nechama,Schicker,Senior Staff
296676,Zeydy,Hockney,Senior Staff
296677,Rafael,Perng,Engineer
296678,Boutros,McClurg,Staff
296684,Debatosh,Falco,Engineer
296686,Odoardo,Felder,Senior Engineer
296693,Khedija,Lunn,Senior Engineer
296695,Guenter,Mandelberg,Technique Leader
296701,Hirochika,Osgood,Senior Staff
296703,Mizuhito,Jansch,Senior Engineer
296708,Odinaldo,Siepmann,Senior Engineer
296710,Subhrajyoti,Parveen,Senior Staff
296712,Changho,Verspoor,Engineer
296713,Randy,Badr,Staff
296715,Noritoshi,Jeong,Senior Staff
296722,Petter,Constantine,Senior Engineer
296724,Sajjad,Osgood,Senior Engineer
296728,Emran,Nicolson,Senior Staff
296731,Bader,Pietrzykowski,Assistant Engineer
296733,Kwan,Hofstetter,Senior Engineer
296735,Satyanarayana,Iacovou,Senior Staff
296738,Berna,Bridgland,Senior Staff
296751,Odinaldo,Sooriamurthi,Senior Engineer
296753,Uriel,Bazelow,Senior Engineer
296757,Mandell,Rabehasaina,Senior Engineer
296761,Toshimi,Chartres,Senior Staff
296762,Faiza,Panienski,Senior Staff
296763,Aran,Brookman,Staff
296766,Tristan,Oxman,Senior Engineer
296770,Adas,Miyakawa,Engineer
296772,Keiichiro,Siepmann,Engineer
296773,Arve,Masamoto,Senior Staff
296774,Ashish,Sankaranarayanan,Senior Staff
296775,Uinam,Itschner,Staff
296777,Divier,Marrakchi,Senior Engineer
296786,Kauko,Ranai,Senior Engineer
296790,Shaleah,Oppitz,Senior Engineer
296793,Sugwoo,Shackell,Staff
296797,Pranav,Heijenga,Senior Staff
296799,Jianwen,Pollacia,Senior Staff
296800,Remmert,Haraldson,Staff
296803,Yinghua,Rosiles,Senior Staff
296805,Arvin,Schonegge,Senior Engineer
296810,Margareta,Beidas,Staff
296811,Moriyoshi,Engberts,Senior Staff
296812,Marie,Broder,Senior Engineer
296813,Sandeepan,Provine,Senior Engineer
296815,Pasqua,Kamble,Senior Staff
296816,Aris,Macedo,Engineer
296818,Masanao,Rusmann,Senior Engineer
296819,Arvin,Massonet,Senior Staff
296821,Charlene,Cooman,Senior Staff
296825,Hongzue,Iivonen,Senior Engineer
296829,Jaroslava,Rothenberg,Senior Staff
296833,Naftaly,Lubachevsky,Senior Engineer
296836,Xumin,Michaeli,Senior Staff
296845,Christfried,Melter,Engineer
296848,Jianhua,Kermarrec,Senior Staff
296856,Naraig,Weiland,Senior Staff
296857,Toshimo,Reghbati,Senior Staff
296859,Gunilla,Heiserman,Engineer
296860,Jaihie,Cooley,Staff
296861,Alenka,Simmel,Assistant Engineer
296866,Kousuke,Plavsic,Senior Engineer
296867,Howell,Rissland,Senior Engineer
296870,Sanjeeva,Bahl,Senior Engineer
296877,Sangeeta,Ventosa,Staff
296878,Ennio,Salinas,Staff
296881,Alagu,Binkley,Engineer
296882,Vugranam,Armand,Senior Engineer
296884,Nevin,Krichel,Senior Engineer
296887,Yakichi,Weedon,Senior Staff
296891,Yuqun,Kroha,Senior Engineer
296894,Qingxiang,Binding,Senior Staff
296898,Noritoshi,Maginnis,Assistant Engineer
296899,Jiakeng,Krone,Engineer
296900,Moni,Barriga,Senior Engineer
296901,Margo,Ranai,Senior Staff
296904,Martijn,Stenning,Senior Staff
296906,Fumiyo,Gips,Senior Staff
296907,Valery,Wolniewicz,Staff
296908,Youjian,Makinen,Engineer
296910,Sampalli,Conia,Senior Staff
296911,Yefim,Heinisuo,Engineer
296916,Oddvar,Legleitner,Senior Engineer
296917,Barry,Gerteisen,Senior Engineer
296918,Sashi,Itzigehl,Senior Staff
296924,Masanao,Ciolek,Senior Engineer
296926,Leah,Lyonns,Senior Staff
296931,Baruch,Angelopoulos,Senior Engineer
296933,Shan,Candan,Senior Engineer
296934,Edwin,Rissanen,Staff
296939,Hugo,Chimia,Senior Engineer
296940,Haldon,Guerreiro,Senior Engineer
296953,Sibyl,Dahlbom,Senior Engineer
296958,Leaf,Besancenot,Staff
296960,DAIDA,Ishibashi,Senior Engineer
296963,Kellie,Gopalakrishnan,Senior Engineer
296965,Munenori,Krohm,Senior Engineer
296967,Amabile,Gronowski,Senior Engineer
296971,Uma,Baalen,Senior Staff
296980,Marlo,Kulisch,Senior Engineer
296982,Atreyi,Angot,Senior Engineer
296984,Billie,Harbusch,Senior Engineer
296990,Tokuyasu,Rossi,Senior Staff
296994,Leah,Kinley,Senior Staff
296996,Elliott,Setiz,Senior Staff
297005,Kazuhiro,Ritzmann,Senior Engineer
297006,Weiru,Etalle,Senior Staff
297011,Woody,Riefers,Senior Engineer
297012,Krisda,Perin,Staff
297021,Bernardo,Kolinko,Engineer
297024,Lakshmi,Pews,Senior Staff
297026,Niranjan,Schaar,Senior Staff
297030,Dekang,Pettit,Engineer
297032,Satyanarayana,Panwar,Senior Staff
297045,Hailing,Steenbeek,Senior Engineer
297047,Erzsebet,Litzler,Engineer
297050,Kersti,Mattern,Engineer
297051,Hauke,Danner,Senior Engineer
297052,Qunsheng,Benzmuller,Senior Staff
297055,Vitaly,Lung,Engineer
297060,Lijie,Geffroy,Senior Engineer
297061,Gita,Kumaresan,Senior Engineer
297064,Jovan,Vigier,Staff
297072,Mariangiola,Staudhammer,Technique Leader
297078,Brigham,Chartres,Engineer
297080,Saniya,Cooley,Staff
297081,Heeju,Glowinski,Senior Engineer
297088,Zeljko,Arlazarov,Engineer
297096,Jaber,McClure,Engineer
297100,Bangqing,Schaap,Staff
297111,Munir,Jenevein,Senior Staff
297112,Mads,Cappelletti,Senior Staff
297117,Horward,Gist,Senior Staff
297118,Candida,Collette,Senior Engineer
297119,Ekawit,Maksimenko,Senior Staff
297120,Oscal,Usdin,Senior Engineer
297122,Jiann,Murthy,Senior Engineer
297124,Sariel,Siprelle,Senior Engineer
297125,Morrie,Rullman,Senior Staff
297131,Kokou,Bade,Senior Engineer
297135,Bezalel,Acton,Senior Engineer
297138,Wanqing,Morrin,Senior Staff
297140,Akeel,Zizka,Engineer
297141,Yonghong,Ramsak,Staff
297148,Sanjoy,Ranon,Senior Engineer
297150,Sreenivas,Puppe,Senior Engineer
297157,Ramalingam,Pell,Senior Staff
297161,Richara,Sichman,Engineer
297163,Shigeaki,Lorcy,Engineer
297165,Zissis,Sambasivam,Engineer
297166,Mayumi,Doering,Senior Engineer
297167,Dipayan,Ligten,Senior Engineer
297169,Vincent,Rousseau,Senior Staff
297178,Chenyi,Vural,Senior Engineer
297179,Heejo,Gimbel,Engineer
297180,Shrikanth,Krybus,Staff
297181,Claude,Zhiwei,Senior Engineer
297182,Zdislav,Lodder,Senior Engineer
297188,Chaoyi,Impagliazzo,Senior Engineer
297195,Yinlin,Honglei,Engineer
297196,Masali,Cangellaris,Technique Leader
297199,Franziska,Kalorkoti,Senior Engineer
297201,Adamantios,Rahier,Senior Engineer
297207,Yunming,Prochazka,Senior Staff
297209,Subhash,Schaad,Senior Staff
297210,Chanjung,Shackel,Staff
297216,Youssef,Kaltofen,Senior Staff
297218,Teruyuki,Alameldin,Senior Staff
297219,Rajmohan,Itzfeldt,Senior Staff
297220,Boaz,Takkinen,Engineer
297221,Bowen,Redmiles,Senior Engineer
297229,Yahiko,Emmart,Senior Engineer
297231,Renee,Weedman,Staff
297236,Bedir,Serra,Staff
297245,Gina,Potthoff,Senior Staff
297254,Kazuhito,Ressouche,Senior Engineer
297258,Kazuhiko,Boguraev,Senior Staff
297259,Kagan,Speer,Engineer
297265,Chenxi,Leijenhorst,Senior Engineer
297270,Masoud,Zucker,Staff
297273,Tokuyasu,Frolund,Senior Staff
297281,Hidekazu,Terekhov,Senior Staff
297294,Hidefumi,Swiss,Senior Engineer
297300,Gill,Lubachevsky,Senior Engineer
297302,Chenye,Veldwijk,Staff
297304,Sukumar,Foote,Staff
297307,Michaela,Trelles,Senior Staff
297309,Sudharsan,Miculan,Senior Staff
297313,Steen,Maquelin,Senior Engineer
297314,Tetsushi,Junet,Senior Engineer
297315,Georgi,Irland,Staff
297321,Remko,Wegerle,Assistant Engineer
297322,Hatsukazu,Schahn,Senior Engineer
297324,Spyrose,Shrader,Senior Engineer
297326,Anestis,Fasbender,Senior Staff
297328,Irene,Serov,Engineer
297331,Alenka,Lortz,Senior Staff
297332,Gita,Lorie,Engineer
297337,Marsja,Rosca,Engineer
297340,Lucian,Famili,Staff
297341,Oldrich,Matzat,Staff
297343,Xianlong,Kinley,Senior Engineer
297349,Suebskul,Ballarin,Engineer
297351,Magy,Barreiro,Senior Staff
297353,Vesna,Ramalingam,Senior Staff
297365,Danny,Alpin,Engineer
297371,Vincent,Khalil,Senior Engineer
297373,Alois,Bridgland,Senior Staff
297374,Shaw,Ginesta,Staff
297378,Valeska,Fandrianto,Senior Staff
297380,Abdulla,Verspoor,Staff
297381,Gio,Muhling,Senior Staff
297383,Keung,Chaudhuri,Engineer
297387,Valdiodio,Klassen,Senior Staff
297390,Eishiro,Takanami,Senior Engineer
297392,Vishwani,Polupanov,Engineer
297394,Masato,Magliocco,Staff
297395,Magdalena,Ginesta,Engineer
297396,Aimee,Seghrouchni,Engineer
297399,Edwin,Negoita,Staff
297400,Chaosheng,Rassart,Senior Engineer
297402,Hailing,Ghemri,Senior Staff
297405,Susanna,Eterovic,Senior Engineer
297406,Shaowei,Pleszkun,Senior Engineer
297407,Jiakeng,Babu,Senior Staff
297408,Adib,Salvesen,Technique Leader
297409,Mingsen,Cichocki,Senior Staff
297410,Danel,Setlzner,Senior Staff
297421,Marsha,Raney,Senior Staff
297423,Nirmal,Luca,Senior Engineer
297430,Kolar,Fordan,Staff
297432,Susumu,Mahnke,Senior Engineer
297435,Anyuan,Rouquie,Technique Leader
297438,Kiyotoshi,Besselaar,Senior Staff
297443,Gererd,Ghazalie,Senior Engineer
297444,Alain,Kading,Senior Engineer
297450,Mamdouh,Busillo,Senior Engineer
297451,Randy,Hofmeyr,Senior Engineer
297453,Shem,Molenaar,Senior Staff
297454,Elgin,Pintelas,Senior Staff
297455,Candido,Boudaillier,Engineer
297458,Maik,Junet,Senior Staff
297461,Tayeb,Vickson,Staff
297463,Adin,Magalhaes,Senior Engineer
297469,Zito,Weedon,Senior Engineer
297470,Candido,Cesareni,Senior Staff
297479,Bingning,Luiz,Senior Engineer
297481,Tetsurou,Stavenow,Assistant Engineer
297486,Qingxiang,Ducloy,Senior Staff
297489,Sanjai,Shokrollahi,Senior Engineer
297491,Garnet,Candan,Senior Staff
297492,Garnik,Olano,Engineer
297497,Dulce,Frijda,Senior Engineer
297499,Toshiko,Murtagh,Senior Staff
297503,Nimmagadda,Rodham,Engineer
297510,Gift,Restivo,Senior Staff
297515,Florina,Erni,Senior Engineer
297525,Lunjin,Delgrossi,Staff
297528,Beshir,Meszaros,Technique Leader
297531,Nahla,Lampe,Senior Staff
297534,Alper,Kakkar,Senior Engineer
297535,Lobel,Ghandeharizadeh,Senior Engineer
297536,Gao,Debuse,Senior Staff
297539,Adit,Manderick,Senior Engineer
297541,Subbu,Denos,Senior Engineer
297542,Vatsa,Rodite,Senior Staff
297547,Zhensheng,Iisaka,Engineer
297548,Owen,Chiodo,Senior Staff
297550,Vishwani,Parfitt,Engineer
297551,Serif,Asrin,Senior Engineer
297552,Claudi,Buchter,Senior Staff
297558,Sushant,Candan,Senior Engineer
297562,Pohua,Manders,Engineer
297563,Mechthild,Hedayat,Staff
297564,Nahid,Constantine,Senior Engineer
297566,Demin,Marquardt,Senior Engineer
297571,Itzchak,Lienhardt,Senior Staff
297579,Shen,Kavraki,Senior Staff
297580,Zhonghui,Seiwald,Senior Staff
297589,Sushant,Ramsak,Senior Staff
297592,Goncalo,Baezner,Senior Staff
297594,Atreye,Picht,Senior Staff
297595,DAIDA,Murillo,Senior Staff
297599,Michaela,Giarratana,Assistant Engineer
297611,Gaetan,Lalonde,Senior Engineer
297616,Eldridge,Stafford,Senior Staff
297619,Mostafa,Cincotta,Staff
297620,Alexius,Lubachevsky,Engineer
297621,Mohammed,Bugaenko,Senior Engineer
297624,Subhankar,Lueh,Engineer
297629,Sham,Ishibashi,Senior Staff
297635,Chandrasekaran,Gecsei,Staff
297636,Ayonca,Schneeberger,Senior Engineer
297639,Serenella,Auyong,Senior Engineer
297640,Karoline,Mahnke,Senior Engineer
297642,Matk,Krichel,Staff
297643,Valdiodio,Hopewell,Staff
297647,Vishwani,Panienski,Senior Engineer
297649,Rance,Egerstedt,Senior Engineer
297650,Katsuyuki,Nyanchama,Senior Staff
297653,Basem,Thombley,Technique Leader
297654,Limsoon,Fairtlough,Engineer
297656,Boaz,Tchuente,Senior Staff
297667,Shirish,Mondadori,Senior Engineer
297668,Temple,Itzigehl,Technique Leader
297671,Yoshimitsu,Highland,Staff
297679,Munenori,Emmerich,Senior Engineer
297680,Kien,Nilsson,Senior Staff
297685,Kotesh,Asrin,Engineer
297688,Manu,Trumbly,Staff
297689,Xiaopeng,Schade,Engineer
297690,Yuguang,Murtagh,Senior Staff
297692,Subhada,Murthy,Senior Staff
297693,Collette,Fujisaki,Senior Engineer
297694,Armond,Simmel,Senior Engineer
297697,Shahab,Gopalakrishnan,Senior Staff
297699,Remzi,Crooks,Engineer
297701,Zejun,Kemmerer,Senior Staff
297704,Kiam,Vingron,Senior Engineer
297706,Hatsukazu,Parfitt,Senior Staff
297707,Nimmagadda,Valette,Senior Staff
297717,Nahid,Karnin,Senior Staff
297722,Baziley,Breugel,Staff
297728,Toshimitsu,Woycyznski,Assistant Engineer
297729,Shawna,Luce,Staff
297730,Alassane,Zallocco,Senior Engineer
297739,Mads,Danley,Senior Staff
297740,Dhritiman,Masamoto,Senior Staff
297741,Claudi,Tetzlaff,Senior Engineer
297742,Mari,Hofstetter,Senior Engineer
297746,Moon,Ghalwash,Senior Staff
297755,Kazuhide,Barvinok,Senior Engineer
297762,Nevin,Thimonier,Senior Staff
297766,Chaitali,Birdsall,Senior Engineer
297773,Kenton,Emden,Senior Engineer
297776,Utpal,Ananiadou,Senior Staff
297778,Gaurav,Riefers,Senior Staff
297779,Percy,Rajaraman,Staff
297787,Aral,Kroha,Senior Staff
297793,Harjit,Fiutem,Staff
297795,Aksel,Baez,Senior Staff
297797,Valery,Parveen,Senior Staff
297798,Hideo,Collavizza,Senior Engineer
297802,Haldun,Garnham,Senior Engineer
297805,Danel,Maquelin,Staff
297809,Theirry,Hatcliff,Senior Staff
297810,Jinpo,Baig,Senior Staff
297816,Dekang,Hempstead,Technique Leader
297818,Etsuo,Tetzlaff,Senior Staff
297832,Gennady,Szemeredi,Technique Leader
297838,Babette,Axelband,Staff
297840,Marsja,Jullig,Senior Staff
297843,Kazunori,Breugel,Staff
297846,Waiman,Mitzlaff,Senior Engineer
297852,Fusako,Braccini,Senior Engineer
297853,Goo,Simmen,Technique Leader
297854,Gretta,Litecky,Staff
297856,Gopalakrishnan,Hainaut,Senior Staff
297860,Herb,Kakkad,Staff
297862,Constantine,Moehrke,Staff
297872,Subhada,Murtha,Senior Staff
297879,Percy,Claffy,Senior Engineer
297882,Candida,Straney,Senior Staff
297883,Huan,Roohalamini,Senior Staff
297887,Taegyun,Itzigehl,Staff
297888,Chaosheng,Bennis,Senior Engineer
297890,Berna,Kirkerud,Staff
297891,Abdelkader,Marwedel,Senior Staff
297895,Fen,Hebden,Senior Staff
297896,Carrsten,Hainaut,Senior Engineer
297900,Fuqing,Bala,Staff
297902,Mitsuyuki,Peha,Technique Leader
297904,Hatim,Pramanik,Senior Engineer
297907,Weiyi,Srimani,Senior Engineer
297908,Hinrich,Peha,Staff
297912,Kankanahalli,Kobara,Senior Engineer
297914,Mark,Brandsma,Senior Engineer
297916,Jacopo,Atchley,Staff
297923,Mari,Benzmuller,Senior Staff
297925,Nahla,Heemskerk,Senior Staff
297929,Kyoichi,Navazio,Senior Staff
297936,Seongbin,Takkinen,Senior Staff
297938,Manohar,Sanella,Staff
297940,Jolita,Conti,Technique Leader
297947,Zhongwei,Aumann,Senior Staff
297948,Kristinn,Adachi,Senior Engineer
297951,Shen,Cappelletti,Senior Engineer
297953,Nadjib,Scallan,Engineer
297956,Ewing,Sichman,Senior Staff
297960,Bernice,Janetzko,Senior Staff
297966,Matt,Stranks,Senior Staff
297967,Toshimo,Biron,Senior Engineer
297968,Bedrich,Schauser,Senior Engineer
297970,Waiman,Erdmenger,Senior Staff
297971,Tran,Peac,Senior Staff
297975,Izaskun,Barreiro,Senior Engineer
297979,Dinah,Prochazka,Senior Staff
297980,Danai,Angiulli,Senior Engineer
297981,Amabile,Marzano,Engineer
297984,Gadiel,Cangellaris,Engineer
297986,Goncalo,Miara,Assistant Engineer
297987,Abdulla,Taubenfeld,Senior Engineer
297992,Brewster,Sridhar,Senior Staff
297994,Chrisa,Serre,Senior Staff
297997,Remco,Gewali,Senior Staff
298009,Niranjan,Schauser,Senior Staff
298011,Jeanne,Kinley,Senior Engineer
298016,Patricio,Rodham,Senior Staff
298020,Yuguang,Oxman,Senior Staff
298021,Rosella,Raoux,Engineer
298022,Ronghao,Gadepally,Staff
298023,Uma,Champarnaud,Engineer
298032,Kankanahalli,Dayana,Senior Engineer
298034,Lobel,Heusch,Senior Staff
298036,Ung,Trachtenberg,Technique Leader
298047,Debatosh,Lovengreen,Senior Staff
298057,Alejandro,Hedayat,Engineer
298077,Marek,Berztiss,Senior Staff
298083,Ipke,Ruther,Staff
298086,Henk,Swist,Senior Staff
298087,Huican,Pluym,Senior Engineer
298090,Otilia,Pelc,Staff
298093,Masanao,Birke,Senior Staff
298094,Shawna,Bahr,Senior Staff
298095,Anneli,Limongiello,Senior Staff
298099,Premal,Sinitsyn,Engineer
298100,Uno,Luders,Engineer
298103,Dannz,Leaver,Technique Leader
298104,Flemming,Raney,Senior Engineer
298105,Yuuichi,Condotta,Engineer
298109,Yahiko,Halloran,Senior Staff
298113,Subhada,Cusworth,Technique Leader
298114,Doowon,Kemmerer,Engineer
298115,Guozhong,Validov,Senior Engineer
298116,Gaetan,Zhang,Senior Staff
298123,Kiyomitsu,Luce,Engineer
298126,Cedric,Markovitch,Assistant Engineer
298130,Vugranam,Aloia,Senior Staff
298137,Cathie,Bashian,Senior Staff
298138,Reinhold,Bauknecht,Staff
298141,Prodip,Baja,Technique Leader
298143,Tetsushi,Waschkowski,Senior Staff
298145,Lubomir,Fadgyas,Senior Staff
298147,Kerryn,Constantine,Senior Staff
298149,Narain,Bultermann,Senior Staff
298150,Sachio,Alblas,Senior Staff
298151,Babette,Skogmar,Senior Engineer
298154,Bingning,Murthy,Engineer
298159,Parviz,Wiegley,Assistant Engineer
298161,Mahmut,Pauthner,Senior Staff
298164,Satyanarayana,Iivonen,Senior Engineer
298166,Arnd,Peral,Senior Staff
298175,Fusako,Molenkamp,Senior Staff
298176,Yongmin,Siepmann,Senior Engineer
298177,Quingbo,Akaboshi,Senior Staff
298180,Moriyoshi,Hofman,Staff
298183,Yinghua,Hebden,Staff
298186,Dzung,Ranst,Senior Staff
298205,Chrisa,Shackell,Staff
298208,Roddy,Lipner,Senior Staff
298210,Tse,Encarnacion,Senior Engineer
298212,Sudharsan,Penn,Staff
298213,Lenore,Rajcani,Staff
298214,Qiwen,Munch,Senior Staff
298217,Khosrow,Falby,Senior Staff
298222,Lijia,Cunliffe,Senior Staff
298224,Val,Schmiedel,Staff
298232,Huai,Keohane,Senior Engineer
298233,Mohan,Senzako,Senior Staff
298234,Nalini,Pulkowski,Engineer
298236,Jackson,Frijda,Staff
298241,Mohd,Wendorf,Engineer
298246,Toshimori,Ranze,Staff
298247,Shan,Comyn,Senior Staff
298249,Shalesh,Bernardinello,Senior Engineer
298253,Sven,Shinomoto,Technique Leader
298254,Sajjad,Paludetto,Senior Staff
298261,Tommaso,Mateescu,Senior Engineer
298264,Adit,Kolvik,Staff
298265,Gad,Yetto,Senior Engineer
298269,Junsik,Slobodova,Senior Staff
298272,Kazuhito,Whitcomb,Engineer
298276,Zito,Sgarro,Senior Engineer
298277,Mary,Uludag,Staff
298287,Kwangyoen,Hopewell,Engineer
298292,Shooichi,Monarch,Senior Staff
298293,Weijing,Avouris,Senior Engineer
298304,Khalid,Bahk,Staff
298307,Sorina,Schwaller,Senior Staff
298308,Martijn,Lamparter,Senior Engineer
298311,Aleksander,Baar,Senior Engineer
298313,Hitofumi,Peris,Senior Engineer
298314,Ravishankar,Murtagh,Engineer
298315,Shahar,Bultermann,Senior Staff
298318,Navin,Pashtan,Technique Leader
298323,Venkatesan,Malabarba,Senior Staff
298325,Felicidad,Iisaku,Engineer
298327,Morris,Klassen,Engineer
298333,Huican,Basart,Senior Staff
298335,Guozhong,Ramsay,Senior Engineer
298341,Shugo,Domenig,Staff
298351,Vidar,Tempesti,Senior Engineer
298355,Moheb,Picci,Senior Staff
298358,Mingzeng,Chartres,Senior Engineer
298360,Mabry,Butterworth,Staff
298363,Youpyo,Zwicker,Technique Leader
298365,Mabhin,Ananiadou,Senior Engineer
298368,Tristan,Shinomoto,Senior Staff
298371,Heather,Fordan,Staff
298372,Gad,Laurillard,Senior Engineer
298373,Tomokazu,Matzov,Technique Leader
298376,Atreyi,Selenyi,Senior Engineer
298379,Heeju,Demeyer,Staff
298381,Paraskevi,Mitchem,Senior Engineer
298384,Fatemeh,Jiang,Senior Staff
298387,Masali,Albarhamtoshy,Senior Engineer
298389,Anneke,Grandbois,Staff
298390,Guiseppe,Angelopoulos,Senior Staff
298393,Danai,Luga,Senior Engineer
298394,Maya,Hofstetter,Senior Staff
298398,Kotesh,Murtafg,Staff
298399,Jeanna,Schiper,Assistant Engineer
298402,Herb,Ghemri,Senior Engineer
298403,Stevo,Bahi,Engineer
298407,Sungwon,Poujol,Staff
298408,Fusako,Pardalos,Senior Engineer
298423,Charmane,Schueller,Senior Engineer
298426,Shirish,Dahlbom,Senior Staff
298429,Tuval,Ouhyoung,Senior Staff
298432,Marjo,Crelier,Senior Engineer
298436,Shalesh,Cincotta,Staff
298440,Shao,Luiz,Senior Staff
298441,Huan,Waymire,Staff
298450,Chikara,Narahari,Staff
298451,Huican,Kinley,Engineer
298452,Sangeeta,Nitsch,Senior Engineer
298453,Takahiro,Encarnacion,Senior Staff
298455,Adly,Veldwijk,Senior Staff
298464,Leon,Oskamp,Senior Staff
298467,Alejandra,Ginesta,Senior Engineer
298468,Tsutomu,Jonsson,Senior Engineer
298480,Kristinn,Perez,Engineer
298482,Claude,Radivojevic,Engineer
298483,Berni,Shumilov,Senior Engineer
298486,Volkmar,Katalagarianos,Senior Engineer
298488,Danil,Alencar,Senior Engineer
298489,Subbu,Boreale,Senior Staff
298491,Huiqun,Giaccio,Senior Engineer
298494,Kristen,Gist,Senior Engineer
298500,Tremaine,Hennebert,Senior Staff
298506,Fumitaka,Hopewell,Engineer
298507,Hugh,Crabtree,Senior Engineer
298510,Giri,Azevdeo,Engineer
298512,Remko,Babu,Staff
298513,Giao,Collavizza,Engineer
298517,Bokyung,Mitzlaff,Engineer
298519,Bader,Bratsberg,Senior Staff
298521,Jianhui,Terlouw,Engineer
298526,Barry,Soicher,Engineer
298528,Gopalakrishnan,Scallan,Senior Staff
298544,Parke,Haldar,Engineer
298546,Shuichi,Werthner,Senior Engineer
298547,Toshimitsu,Underwood,Senior Engineer
298552,Paris,Rosaz,Engineer
298556,Zhenbing,Marletta,Staff
298560,Jovan,Vernadat,Senior Engineer
298568,Anwar,Schwaller,Assistant Engineer
298569,Kerhong,Zlotek,Engineer
298575,Douadi,Driscoll,Senior Staff
298582,Mayuko,Rodham,Senior Engineer
298583,Shir,Schade,Senior Engineer
298585,Cedric,Condotta,Engineer
298587,Koichi,Qiwen,Senior Staff
298588,Conal,Nicolson,Senior Engineer
298592,Jiann,Bakhtari,Engineer
298593,Pranav,Nergos,Engineer
298598,Bouchung,Vandervoorde,Staff
298599,Mohammad,Besselaar,Staff
298601,Gro,Demir,Senior Staff
298606,Anyuan,Butner,Senior Engineer
298607,Sailaja,Bultermann,Technique Leader
298609,Shirish,Garrabrants,Technique Leader
298612,JiYoung,Kropp,Staff
298613,Parviz,Katzenelson,Senior Engineer
298615,Tonny,Eiron,Senior Staff
298616,Kenton,Pettit,Senior Staff
298617,Ziyad,Prochazka,Staff
298618,Munir,Leaver,Engineer
298622,Kinh,Papadias,Senior Engineer
298628,Manu,Ariola,Senior Staff
298639,Thanasis,Gammage,Senior Engineer
298642,Conor,Jording,Senior Staff
298647,Shai,Perly,Senior Engineer
298649,Gina,Miyakawa,Senior Engineer
298653,Tru,Dulay,Senior Engineer
298655,Hilary,Serre,Senior Engineer
298656,Jamaludin,Schlenzig,Staff
298657,Goetz,Erez,Engineer
298660,Idoia,Capobianchi,Senior Engineer
298663,Angus,Picco,Senior Engineer
298665,Hongzhu,Vickson,Senior Staff
298666,Dinah,Gargeya,Senior Engineer
298668,Lorien,Bahr,Senior Engineer
298669,Shigenori,Chappelet,Senior Engineer
298671,Sukumar,Codenie,Senior Engineer
298674,Tesuro,Heiserman,Senior Engineer
298675,Xiaopeng,Tomescu,Engineer
298678,Shai,Steinauer,Senior Staff
298679,Ult,Hebden,Staff
298681,Frederique,Rosenbaum,Senior Engineer
298683,Divine,Skrikant,Engineer
298687,Xinglin,Tetzlaff,Engineer
298690,Heon,Asser,Senior Staff
298692,Chirstian,VanScheik,Staff
298693,Taiji,Basawa,Engineer
298696,Valdiodio,Guting,Senior Staff
298698,Yefim,Vitiello,Senior Engineer
298700,Teunis,Monkewich,Senior Staff
298701,Jayson,Quittner,Engineer
298704,Cedric,Bach,Senior Staff
298708,Janalee,Luders,Assistant Engineer
298714,Fatemeh,Potthoff,Senior Staff
298715,Lijie,Versino,Senior Engineer
298721,Dannz,Dengi,Senior Staff
298733,Tesuro,Macedo,Engineer
298735,Mamdouh,Gischer,Staff
298737,Aksel,Savasere,Senior Staff
298741,Gennadi,Fordan,Staff
298742,Bowen,Cromarty,Senior Staff
298747,Weijing,Gihr,Senior Engineer
298750,Maia,Hockney,Senior Staff
298754,Vatsa,Garnham,Engineer
298756,Sadok,Staylopatis,Senior Staff
298758,Harjit,Furedi,Senior Staff
298761,Owen,Schicker,Senior Staff
298765,Ronghao,Tetzlaff,Engineer
298770,Panayotis,Heping,Senior Engineer
298774,Arvind,Cappelli,Senior Staff
298779,Dmitry,Panangaden,Senior Staff
298782,Pragnesh,Kaiserswerth,Senior Engineer
298784,Bouchung,Brendel,Senior Staff
298786,Kwangsub,Lammel,Staff
298792,Toney,Szilard,Senior Engineer
298793,Marjo,Litvinov,Technique Leader
298794,Mohit,Rothe,Senior Staff
298796,Rimli,Perri,Senior Engineer
298802,Shan,Muchinsky,Senior Staff
298806,Hein,Chenney,Senior Engineer
298811,Angus,Shrader,Senior Staff
298819,Kinh,Showalter,Engineer
298831,Moti,McAlpine,Senior Engineer
298833,Shimshon,Kushner,Engineer
298835,TRUE,Scallan,Senior Engineer
298836,Masaru,Chaudhury,Senior Staff
298840,Yagil,Hegner,Senior Staff
298844,Vojin,Morrin,Senior Engineer
298845,Xiaobin,Liesche,Engineer
298846,Theirry,Matzat,Senior Engineer
298850,Yuqun,Sudkamp,Senior Engineer
298852,Chinho,Serna,Engineer
298854,Geraldo,Staelin,Engineer
298856,Radhakrishnan,Lamba,Senior Staff
298859,Shuji,Dehkordi,Senior Staff
298864,Randy,Pouyioutas,Senior Engineer
298872,Weijing,Narwekar,Senior Engineer
298884,Dines,Lanzelotte,Staff
298887,Chenyi,Vadhan,Senior Engineer
298891,Greger,Binkley,Senior Staff
298895,Danae,Lieberherr,Senior Engineer
298899,Indrajit,Godskesen,Senior Staff
298903,Maia,Ranze,Technique Leader
298907,Stabislas,Zschoche,Technique Leader
298908,Nahla,Leijenhorst,Senior Staff
298910,Toshimo,Schneeberger,Senior Engineer
298913,Katsuo,Raney,Staff
298915,Djenana,Schwartzbauer,Senior Engineer
298916,Dante,Waschkowski,Senior Engineer
298917,Quingbo,Speel,Technique Leader
298921,Aleksander,Antonakopoulos,Senior Staff
298922,Kwangyoen,Schieder,Staff
298923,Shigehiro,Randt,Engineer
298924,Noritoshi,Thombley,Technique Leader
298927,Maha,Gomatam,Senior Engineer
298930,Dinah,Mellouli,Senior Engineer
298935,Sungwon,Veccia,Senior Staff
298939,Alenka,Thorensen,Senior Staff
298941,Emran,Prampolini,Staff
298942,Sivanarayana,Gniady,Staff
298943,Golgen,Miyakawa,Senior Staff
298950,Mabry,Armand,Senior Engineer
298952,Licheng,Hammerschmidt,Senior Engineer
298954,Tua,Casley,Engineer
298955,Moti,Molenkamp,Senior Staff
298963,Moni,Kopetz,Senior Engineer
298964,Selwyn,Gronowski,Senior Engineer
298966,Renee,Honiden,Technique Leader
298967,Tsutomu,Felder,Senior Staff
298968,Muneo,Farris,Senior Engineer
298972,Shridhar,Bierman,Engineer
298975,Saddek,Covnot,Senior Staff
298976,Ramachenga,Figueira,Senior Engineer
298980,Patricio,Lundstrom,Senior Staff
298985,Bodh,Ermel,Engineer
298989,Weiye,Shinomoto,Engineer
298992,Kauko,Guenter,Senior Engineer
299004,Kokou,Monkewich,Senior Engineer
299007,Kerryn,Erbe,Engineer
299008,Xiping,Veeraraghavan,Senior Staff
299011,Temple,Ambroszkiewicz,Engineer
299012,Fun,Hofstetter,Senior Staff
299013,Kien,Polajnar,Staff
299016,Berry,Tchuente,Senior Staff
299021,Shuji,Angiulli,Engineer
299027,Mohan,Merli,Senior Engineer
299030,Shigeichiro,Malinowski,Engineer
299033,Fei,Gente,Senior Staff
299034,Chenxi,Aingworth,Senior Staff
299036,Geoffrey,Wolniewicz,Senior Staff
299046,Shuzo,Babb,Senior Engineer
299053,Martine,Willoner,Senior Staff
299059,Kauko,Auyong,Senior Engineer
299061,Margareta,Krogh,Senior Engineer
299065,Shirish,Guardalben,Senior Engineer
299069,Lijia,Jahnichen,Engineer
299077,Jolita,Suri,Engineer
299080,Marco,Stanger,Engineer
299081,Vasiliy,Fujisaki,Staff
299087,Kensyu,Zuberek,Senior Staff
299089,Otilia,Katiyar,Assistant Engineer
299091,Kinh,Angel,Senior Engineer
299095,Zhenbing,Merlo,Senior Staff
299102,Fayez,Siepmann,Senior Staff
299104,Aram,Akaboshi,Senior Staff
299108,Mayumi,Argence,Staff
299110,Sailaja,Heydon,Senior Engineer
299111,Anoosh,Highland,Senior Engineer
299114,Emran,Thisen,Senior Staff
299115,Haldun,Roccetti,Staff
299118,Ziya,Onuegbe,Assistant Engineer
299125,Pradeep,Sewelson,Senior Engineer
299128,Masanao,Billawala,Technique Leader
299129,Huiqun,Nitto,Senior Engineer
299130,Vitaly,Chenney,Senior Engineer
299131,Shuho,Sidhu,Senior Staff
299136,Weijing,Papsdorf,Senior Engineer
299139,Tamiya,Petersohn,Senior Staff
299145,Kiyomitsu,Poulakidas,Senior Staff
299151,Utz,Stafford,Senior Engineer
299155,Yonghoan,Zaumen,Senior Engineer
299161,Lech,Lalonde,Senior Engineer
299162,Rutger,Georgakopoulos,Senior Staff
299164,Paddy,Rosca,Engineer
299168,Frederique,Osgood,Senior Staff
299170,Moty,Varman,Technique Leader
299172,Debatosh,Terekhov,Senior Engineer
299173,Szabolcs,Welham,Engineer
299185,Felicidad,Hennings,Staff
299197,Arne,Gargeya,Engineer
299200,Mamdouh,Fordan,Engineer
299205,Pragnesh,Merro,Staff
299217,Zhonghui,Sinicrope,Senior Staff
299219,Fan,Gunderson,Senior Engineer
299225,Hilari,Lorho,Staff
299228,Filipp,Thisen,Senior Engineer
299230,Mohamadou,Rothenberg,Senior Engineer
299233,Yagil,Selenyi,Senior Engineer
299234,Roddy,Luga,Senior Staff
299245,Ghassan,Valiente,Senior Staff
299246,Shahaf,Linnainmaa,Technique Leader
299247,Takushi,Tchuente,Staff
299250,Gen,Stanfel,Engineer
299255,Lokesh,Mungall,Technique Leader
299256,Lucien,Maraist,Senior Engineer
299258,Seongbae,Mitina,Senior Staff
299263,Weiwu,Muchinsky,Staff
299264,Luisa,Schusler,Senior Staff
299267,Etsuo,Auyong,Technique Leader
299268,Mani,Papsdorf,Senior Engineer
299269,Nevin,Bernatsky,Senior Staff
299278,Neven,Cardazo,Senior Staff
299280,Etsuo,Usdin,Senior Engineer
299285,Conal,Baby,Engineer
299286,Shuji,Hockney,Engineer
299288,Wayne,Krupka,Senior Engineer
299290,Rosalyn,Ligten,Senior Engineer
299292,Tze,Beausoleil,Senior Staff
299294,Qingxiang,Cairo,Senior Staff
299297,Sibyl,Beerel,Senior Engineer
299300,Shahar,Nourani,Senior Staff
299304,Geoffry,Khalid,Senior Staff
299307,Mara,Stavenow,Senior Staff
299309,Byong,Butner,Engineer
299310,Arra,Kolvik,Senior Staff
299313,Shuzo,Sadowski,Senior Staff
299314,Shietung,Dayang,Staff
299317,Barun,Fasbender,Technique Leader
299318,Evgueni,Brizzi,Assistant Engineer
299319,Arup,Hartvigsen,Senior Staff
299322,Randy,Henders,Senior Staff
299325,Maha,Koyama,Engineer
299327,Alain,Griswold,Senior Engineer
299329,Maja,Brattka,Staff
299330,Raimond,Isaak,Staff
299340,Arco,Schapiro,Senior Engineer
299342,Dung,Sherertz,Assistant Engineer
299347,Chikako,Zhang,Senior Staff
299352,Nechama,Ciolek,Senior Staff
299354,Maris,Berstel,Technique Leader
299358,Karlis,Ertl,Senior Engineer
299362,Bernt,Zultner,Engineer
299365,Danel,Bernick,Senior Engineer
299367,Halsur,Kinley,Senior Engineer
299375,Zita,Jakobus,Senior Engineer
299378,Lakshmi,Gerlach,Senior Engineer
299384,Dipankar,Schiettecatte,Engineer
299388,Mara,Rossi,Senior Staff
299389,Sangeeta,Peck,Senior Engineer
299396,Lobel,Gyorkos,Senior Staff
299397,Maris,Brickell,Senior Engineer
299399,Fai,Edelhoff,Senior Engineer
299401,Gian,Bolsens,Senior Staff
299405,Werner,Acton,Staff
299406,Margareta,Llado,Senior Staff
299409,Abdulla,Comellas,Senior Engineer
299416,Sadegh,Luit,Senior Engineer
299417,Jaideep,Reghbati,Senior Staff
299419,Yoshinari,Lung,Staff
299421,Heeju,Naudin,Senior Engineer
299423,Guozhong,Schmittgen,Staff
299435,Shao,Shinomoto,Technique Leader
299438,Bedrich,Vanwelkenhuysen,Senior Staff
299445,Hausi,Litzkow,Senior Staff
299447,Parviz,Pramanik,Senior Engineer
299448,Toshiki,DasSarma,Senior Engineer
299458,Mihalis,Murtagh,Senior Engineer
299459,Jaana,Mitina,Senior Engineer
299461,Mart,Roison,Engineer
299462,Chenye,Barinka,Senior Engineer
299463,Taizo,Argence,Senior Staff
299467,Keiichiro,Schoegge,Senior Engineer
299470,Giap,Rousseau,Senior Engineer
299476,Premsyl,Pettey,Engineer
299477,Hidde,Dengi,Senior Engineer
299482,Juyoung,Mitchem,Staff
299488,Pasqua,Shihab,Senior Staff
299489,Izaskun,Bottner,Technique Leader
299490,Rosita,Conry,Staff
299493,King,Gurbaxani,Senior Engineer
299494,Zhiguo,Belinskaya,Engineer
299495,Bilhanan,Pell,Staff
299498,Leszek,Puppo,Technique Leader
299505,Lijie,Baaleh,Senior Staff
299510,Aran,Baja,Engineer
299512,Xudong,Rusmann,Senior Staff
299515,Reinhold,Hutter,Senior Staff
299516,Moheb,Selvestrel,Staff
299521,Yuqun,Khalid,Engineer
299524,Luigi,Menhoudj,Senior Engineer
299525,Yagil,Gornas,Senior Engineer
299530,Rafael,Czap,Senior Staff
299536,Fun,Baumann,Staff
299538,Gian,Peres,Senior Staff
299539,Hiroyasu,Turnbull,Senior Staff
299540,Shigehito,Holburn,Senior Staff
299541,Subbu,Compeau,Senior Engineer
299544,Mohit,Sankaranarayanan,Staff
299549,Mayuko,Giaccio,Senior Staff
299550,Katsuyuki,Farrar,Technique Leader
299552,Mark,Onuegbe,Senior Staff
299553,Eben,Denti,Engineer
299555,Mahendra,Lanzelotte,Senior Engineer
299558,Atreye,Schnelling,Engineer
299561,Teruyuki,Simmel,Staff
299565,Shunichi,Hinsberger,Senior Engineer
299567,Xiping,Miculan,Staff
299568,Mari,Hebden,Staff
299569,Siamak,Casperson,Senior Engineer
299571,Lihong,Bratsberg,Staff
299572,Amstein,Sidou,Senior Engineer
299575,Aimee,Spinelli,Senior Engineer
299582,Rayond,Granlund,Assistant Engineer
299587,Visit,Schaad,Senior Engineer
299588,Kwun,Bazzichi,Engineer
299591,Kerryn,Yamaashi,Staff
299593,Aron,Panwar,Senior Engineer
299594,Claudi,Dredge,Staff
299595,Renee,Ullian,Staff
299601,Keung,Hanabata,Staff
299607,Yuqun,Puppe,Staff
299608,Sudharsan,Schapiro,Staff
299616,Emdad,Perri,Engineer
299620,Herb,Vesna,Senior Staff
299622,Radhika,Heuter,Senior Staff
299632,Martijn,Schnelling,Staff
299634,Freyja,Frezza,Senior Staff
299635,Susanna,Paciorek,Senior Engineer
299640,Mang,McConalogue,Senior Staff
299642,Chaosheng,Bratsberg,Senior Staff
299643,Qunsheng,Horswill,Senior Staff
299644,Arun,Walstra,Engineer
299655,Mingdong,Spataro,Senior Engineer
299658,Jaber,Schiper,Senior Staff
299662,Danny,Wiegley,Senior Engineer
299664,King,Belinskaya,Senior Engineer
299667,Ranga,Walston,Senior Engineer
299676,Gadiel,Christ,Senior Staff
299684,Elzbieta,Aumann,Senior Engineer
299688,Herbert,Plumb,Technique Leader
299691,Leif,Percebois,Senior Engineer
299693,Perry,Ladret,Staff
299695,Moie,Choobineh,Senior Staff
299703,Abdelkader,Mansanne,Senior Staff
299704,Zhilian,Schmittgen,Senior Engineer
299709,Jinxi,Marrevee,Staff
299717,Sadun,Gurbaxani,Engineer
299725,Aamer,Holburn,Senior Engineer
299732,Mang,Sidhu,Senior Staff
299734,Dekang,Sommer,Senior Staff
299738,Luerbio,Wossner,Senior Staff
299739,Eben,Osgood,Engineer
299740,Sahrah,Steinauer,Senior Staff
299744,Hyuckchul,Gist,Staff
299745,Uno,Shimshoni,Staff
299748,Marie,Castellani,Technique Leader
299749,Niclas,Vitiello,Senior Staff
299752,Toong,Morris,Engineer
299753,Nikolaus,Chenoweth,Technique Leader
299755,Bernd,Stemann,Senior Engineer
299756,Isaac,Heuser,Senior Engineer
299758,Paraskevi,Nyanchama,Senior Staff
299765,Filipe,Bain,Assistant Engineer
299766,Christophe,Wursthorn,Engineer
299770,Yoshimitsu,Beetstra,Senior Engineer
299775,Khaled,Journel,Senior Staff
299780,Elgin,Sgarro,Senior Staff
299783,Qingxiang,Raney,Staff
299785,Inderjeet,Conte,Senior Staff
299786,Dietrich,Vanwelkenhuysen,Senior Staff
299789,Aamod,Nastansky,Technique Leader
299791,Kien,Fordan,Engineer
299792,Gad,Spinelli,Staff
299794,Feipei,Birta,Senior Staff
299796,Duro,Reinhart,Senior Staff
299798,Radhakrishnan,Vilarrasa,Senior Engineer
299799,Wonhee,Gunderson,Senior Staff
299804,Shrikanth,Dechter,Engineer
299813,Sachio,Kadhim,Senior Engineer
299814,Kiam,Ritzmann,Senior Staff
299818,Hyuncheol,Einsfeld,Staff
299821,Gino,Sudkamp,Senior Engineer
299827,Shalesh,Perelgut,Senior Staff
299828,Kristof,Vitiello,Engineer
299831,Greger,Swiss,Senior Engineer
299833,Ingemar,Slobodova,Senior Engineer
299836,Koichi,Kemmerer,Senior Engineer
299837,Mahendra,Harnett,Senior Engineer
299842,Fusako,Marrakchi,Engineer
299844,Nalini,Scallan,Assistant Engineer
299849,Mats,Kropf,Senior Engineer
299850,Ranan,Spieker,Senior Engineer
299854,IEEE,Lanteri,Technique Leader
299864,Nobuyoshi,Rassart,Senior Staff
299866,Maris,Mikschl,Senior Staff
299869,Udi,Peyn,Senior Engineer
299870,Arlette,Rattan,Staff
299874,Wilmer,Miyakawa,Staff
299877,Leandro,Czap,Senior Engineer
299880,Phule,Litecky,Senior Engineer
299881,Girolamo,Gunderson,Senior Staff
299882,Macha,Cangellaris,Senior Engineer
299887,Sadegh,Dayana,Engineer
299888,Sedat,Kaminger,Senior Staff
299895,Perla,Cherinka,Senior Staff
299896,Muneo,Hellwagner,Senior Staff
299900,Foong,Birta,Senior Staff
299901,Gianluca,Decaestecker,Senior Engineer
299903,Danil,Rosiles,Senior Staff
299907,Mani,Terkki,Engineer
299909,Narain,Gunderson,Senior Staff
299911,Boriana,Warwick,Senior Engineer
299913,Taegyun,Schade,Senior Staff
299917,Susanta,Murtafg,Engineer
299921,Hatem,Bondorf,Staff
299922,Annemarie,Koshino,Technique Leader
299924,Xiaoshan,Stemann,Staff
299929,Sverrir,Riesenhuber,Senior Staff
299931,Sadegh,Merlo,Senior Staff
299932,Adhemar,Yetim,Engineer
299937,Guther,Jansch,Senior Engineer
299942,Kish,Delgrande,Staff
299943,Renny,Nations,Engineer
299950,Tran,Frolund,Technique Leader
299959,Shichao,Trystram,Staff
299960,Maja,Gecsel,Senior Staff
299969,Rosalie,Linares,Staff
299970,Yuping,Pargaonkar,Senior Staff
299973,Utpal,Alpin,Senior Staff
299974,Garnet,Ranum,Technique Leader
299976,Kristian,Kampfer,Senior Staff
299979,Satoru,Kornyak,Senior Staff
299980,Marsal,Lovengreen,Senior Staff
299982,Juichirou,Hiraishi,Senior Staff
299987,Temple,Taubman,Engineer
400006,Munenori,Nivat,Senior Staff
400015,Kensei,Munch,Technique Leader
400018,Aral,Chachaty,Staff
400019,Karsten,Denti,Engineer
400033,Munir,Chenney,Senior Engineer
400034,Mokhtar,Isard,Engineer
400038,Gaetan,Granlund,Senior Engineer
400042,Leah,Lueh,Senior Staff
400043,Maik,Compeau,Senior Engineer
400054,Kazuhisa,Backhouse,Senior Staff
400058,Rosita,Kopetz,Senior Staff
400059,Theirry,Chleq,Senior Staff
400065,Val,Peral,Senior Staff
400068,Mahmut,Pettis,Engineer
400071,Youssef,Breugel,Senior Engineer
400072,Tooru,Bellmore,Senior Staff
400075,Maya,Shigei,Senior Staff
400077,Feiyu,Gischer,Staff
400079,Fusako,Ferriere,Senior Engineer
400081,Hinrich,Kushnir,Senior Staff
400084,Zorica,Schmittgen,Engineer
400085,Nathalie,Validov,Engineer
400089,Tianruo,Roison,Senior Staff
400090,Miquel,Pappas,Senior Engineer
400101,Basim,Erol,Engineer
400104,Nigel,Gewali,Senior Staff
400105,Carrsten,Coombs,Engineer
400115,Tesuro,Stentiford,Senior Engineer
400116,Almudena,Laventhal,Engineer
400117,Tadahiko,Rettelbach,Staff
400118,Kitty,Engberts,Engineer
400119,Woody,Perri,Engineer
400120,Abdelwaheb,Frijda,Senior Staff
400121,Alassane,Lichtner,Senior Engineer
400125,Weicheng,Merey,Senior Staff
400126,Makato,Marchesini,Senior Engineer
400136,Tsvetan,Billawala,Staff
400138,Volkmar,Cairo,Senior Staff
400141,Suebskul,Rassart,Senior Engineer
400145,Woody,Haddadi,Senior Staff
400150,Naraig,Milicic,Staff
400152,Mostafa,Ritcey,Engineer
400155,Ebru,Zhiwei,Engineer
400156,Kellyn,Mahmud,Senior Staff
400157,Lenore,Cochrane,Senior Staff
400160,Minghong,Covnot,Engineer
400161,Ranan,Furudate,Assistant Engineer
400162,Arvind,Berendt,Engineer
400163,Arnd,Hiltgen,Senior Staff
400172,Xiahua,Bridgland,Technique Leader
400173,Udi,Mandell,Senior Engineer
400181,Khue,Gurbaxani,Senior Engineer
400186,Fumitaka,Lyonns,Staff
400187,Nigel,Pews,Senior Staff
400188,Christoph,Pezzoli,Senior Engineer
400189,Siamak,Ramsey,Technique Leader
400196,Susanta,Schoegge,Senior Staff
400199,Pohua,Verspoor,Staff
400202,Gao,Peot,Senior Staff
400203,Marl,Neimat,Senior Engineer
400208,Mrinalini,Schwartzburd,Senior Engineer
400209,Haldon,Liesche,Senior Engineer
400211,Chenyi,Zweizig,Engineer
400212,Sanjoy,Lyonns,Senior Staff
400219,Udaiprakash,Huxford,Senior Engineer
400223,Angel,Mukaidono,Senior Engineer
400224,Bartek,Ramsay,Senior Staff
400228,Hilari,Seiwald,Senior Engineer
400230,Shaunak,Asser,Engineer
400232,Mori,Merle,Senior Engineer
400234,Shahaf,Schneeberger,Engineer
400239,Christfried,Terwilliger,Senior Staff
400241,Ortrud,Garrabrants,Senior Staff
400242,Hairong,Prochazka,Senior Staff
400243,Tiina,Halevi,Senior Engineer
400249,Sergi,Stassinopoulos,Senior Staff
400252,Nalini,Collette,Senior Staff
400253,Christophe,Emmart,Senior Engineer
400257,Fuqing,Boyle,Senior Staff
400259,Przemyslawa,Sidou,Engineer
400266,Mark,Stellhorn,Assistant Engineer
400267,Shaleah,Sadowski,Senior Engineer
400268,Larisa,Itzfeldt,Senior Engineer
400272,Gaurav,Godskesen,Engineer
400276,Mayuko,Garnier,Engineer
400280,Mansur,Bala,Engineer
400287,Arnould,Cannard,Senior Staff
400288,Paddy,Macedo,Engineer
400290,Boutros,Versino,Engineer
400295,Kiyotoshi,Stranks,Engineer
400299,Anneke,Haraldson,Staff
400302,Bezalel,Redmiles,Senior Staff
400304,Urs,Laventhal,Engineer
400305,Subir,Kaltofen,Staff
400306,Toney,Crouzet,Engineer
400309,Kristian,Prampolini,Senior Staff
400310,Tsuneo,Rodier,Staff
400311,Shahid,Kabayashi,Engineer
400324,Houman,Haddadi,Senior Staff
400325,Zhenbing,Bain,Senior Engineer
400327,Tamiya,Passafiume,Assistant Engineer
400333,Miyeon,Bouloucos,Senior Engineer
400334,Dekang,Chepyzhov,Senior Staff
400336,Teiji,Zallocco,Senior Engineer
400339,Shaibal,Varley,Staff
400340,Gio,Famili,Senior Staff
400341,Shen,Unni,Senior Engineer
400342,Berto,Verhoeff,Engineer
400350,Shigeu,Perry,Senior Engineer
400351,Shietung,Coors,Senior Staff
400354,Gilbert,Lowrie,Engineer
400355,Nathalie,Peek,Senior Staff
400356,Collette,Comte,Staff
400360,Xiaoheng,Staylopatis,Senior Engineer
400362,Josyula,Luders,Staff
400372,Henk,Albarhamtoshy,Senior Staff
400379,Ortrud,Swan,Assistant Engineer
400387,Boaz,Spinelli,Senior Staff
400390,Tuval,Millington,Assistant Engineer
400393,Khaled,Stavenow,Senior Staff
400394,Khalid,Hardjono,Senior Staff
400395,Kamran,Schoegge,Senior Engineer
400396,Garnet,Servieres,Senior Engineer
400398,Rutger,Herber,Staff
400399,Honglan,Curless,Technique Leader
400400,Weiru,Stassinopoulos,Senior Engineer
400404,Ingemar,Jervis,Staff
400405,Shir,Talmor,Engineer
400408,Marla,Kamble,Senior Engineer
400409,Fumitake,Klyachko,Staff
400410,Vidya,Engelmann,Senior Engineer
400413,Shahar,Tzvieli,Engineer
400416,Mototsugu,Mondadori,Senior Staff
400417,Stella,Quadeer,Staff
400421,Kiyomitsu,Marquardt,Senior Engineer
400425,Stamatina,Pileggi,Senior Staff
400426,Tse,Olivero,Senior Engineer
400431,Aria,Perez,Senior Engineer
400439,Kazuhito,Undy,Senior Engineer
400443,Weijing,Basagni,Staff
400447,Sanjiv,Lodder,Staff
400457,Olivera,Stentiford,Senior Engineer
400459,Munehiko,Impagliazzo,Staff
400460,Mircea,Wiegley,Senior Staff
400466,Aran,Syrotiuk,Senior Engineer
400467,Goetz,Pillow,Senior Engineer
400468,Kerhong,Demos,Assistant Engineer
400472,Leen,Sinitsyn,Senior Staff
400474,Siddarth,Asser,Senior Staff
400477,Irena,Stafford,Senior Staff
400478,Rafols,Lund,Senior Staff
400482,Valeri,Ramsey,Senior Engineer
400484,JoAnne,Beausoleil,Senior Staff
400487,Takahito,Shobatake,Senior Staff
400489,Kayoko,Peng,Engineer
400495,Jixiang,Pero,Senior Engineer
400497,Shigeaki,Schaar,Senior Staff
400499,Gino,Brizzi,Engineer
400500,Mara,Mondadori,Senior Engineer
400502,King,Porotnikoff,Senior Engineer
400506,Rayond,Katzenelson,Engineer
400514,Baruch,Curless,Senior Engineer
400518,Mingdong,Albarhamtoshy,Senior Staff
400522,Tsutomu,Lenart,Senior Staff
400523,Eberhardt,Mandelberg,Senior Engineer
400525,Perry,DuBourdieux,Senior Staff
400530,Mahmut,Escriba,Senior Staff
400549,Prasadram,Cincotta,Senior Staff
400555,Percy,Baer,Senior Engineer
400559,Poornachandra,Schnelling,Senior Staff
400561,Doowon,Thambidurai,Senior Engineer
400565,Mark,Rusterholz,Staff
400568,Pascal,Ariola,Engineer
400569,Temple,Lores,Senior Engineer
400570,Neelam,Ghandeharizadeh,Senior Engineer
400571,Stafford,Iacovou,Senior Staff
400575,Ronnie,Gomatam,Technique Leader
400576,Hein,Kalorkoti,Senior Engineer
400577,Yinghua,Maraist,Senior Staff
400579,Goncalo,Heuser,Senior Engineer
400580,Zengping,Itzfeldt,Engineer
400592,Monique,Swist,Senior Staff
400596,Ziya,Ozery,Senior Engineer
400598,Tooru,Flasterstein,Senior Engineer
400602,Radoslaw,Parveen,Staff
400604,Hilary,Cronan,Senior Engineer
400607,Sastry,Wursthorn,Technique Leader
400608,Tsz,Butner,Senior Engineer
400610,Leah,Atchley,Senior Engineer
400612,Masato,Burnard,Senior Staff
400614,Shietung,Potthoff,Engineer
400618,Nectarios,Karunanithi,Engineer
400619,Sverrir,Reutenauer,Senior Engineer
400637,Gita,Schaar,Senior Engineer
400639,Gilbert,Birge,Senior Engineer
400645,Jaewon,Nilsson,Engineer
400646,Youssef,Cooke,Senior Engineer
400649,Shakhar,Luff,Senior Staff
400650,Alselm,Attimonelli,Senior Engineer
400657,Susuma,Luiz,Staff
400661,Akeel,Teitelbaum,Staff
400667,Remmert,Uludag,Senior Engineer
400671,Sumant,Czaja,Senior Staff
400672,Zhanqiu,Brodie,Senior Staff
400673,Yuichiro,Peron,Assistant Engineer
400676,Xiaoheng,Speckmann,Engineer
400680,Ewing,Gerteisen,Senior Staff
400692,Pranjal,Snyers,Senior Staff
400696,Lillian,Orlowska,Technique Leader
400699,Rosli,Zeleznik,Engineer
400700,Karsten,Bazelow,Senior Engineer
400701,Moie,Bellone,Senior Engineer
400702,Edwin,Yamaashi,Senior Engineer
400703,Danco,VanScheik,Senior Staff
400705,Qiwen,Kusakari,Senior Engineer
400707,Rosli,Bellmore,Senior Staff
400712,Xinglin,Siepmann,Staff
400715,Shaw,Mellouli,Technique Leader
400718,Aamer,Frolund,Senior Staff
400720,Nobuyoshi,Gecseg,Staff
400721,Kwangsub,Demri,Senior Staff
400725,Conor,Wegerle,Senior Engineer
400729,Shuji,Remmers,Senior Staff
400731,Fox,Plessier,Senior Staff
400741,Toong,Sifakis,Staff
400744,Bouchung,Validov,Staff
400747,Prodip,Hiroyama,Senior Staff
400748,Bowen,Rosti,Engineer
400750,Oldrich,Pauthner,Staff
400751,Khatoun,Sinitsyn,Technique Leader
400757,Adly,Wroclawski,Engineer
400759,Navid,Merel,Senior Engineer
400763,Elvis,Eterovic,Senior Engineer
400764,Shay,Melton,Senior Staff
400771,Filipe,Eugenio,Assistant Engineer
400772,Duri,Angel,Senior Engineer
400776,Hauke,Sullins,Senior Staff
400779,Danae,Biran,Senior Staff
400789,Henk,Griswold,Senior Staff
400793,Moheb,Hopewell,Senior Staff
400808,Nathalie,Schiper,Engineer
400809,Hisao,Fujisawa,Senior Staff
400823,Hideyuki,Imataki,Engineer
400824,Zsolt,Koshiba,Senior Staff
400825,Tadahiko,Beilner,Senior Engineer
400828,Fusako,Kroll,Senior Staff
400829,Sachem,Chorvat,Assistant Engineer
400830,Sumant,Suomi,Senior Engineer
400832,Guenter,Muhling,Senior Staff
400838,Gadiel,Ghelli,Engineer
400839,Mahendra,Trumbly,Staff
400842,Tetsushi,Guenter,Senior Engineer
400844,Krassimir,England,Engineer
400846,Sanjiv,Bauknecht,Engineer
400847,Shigeo,Laventhal,Staff
400848,Dung,Flowers,Senior Staff
400853,Moti,Dredge,Staff
400855,Szabolcs,Wilharm,Senior Engineer
400864,Kiyotoshi,Olano,Staff
400868,Eishiro,Trumbly,Senior Engineer
400872,Oguz,Lueh,Senior Staff
400873,Mark,Butner,Engineer
400877,Dmitry,Azuma,Senior Staff
400878,Tru,Demir,Senior Engineer
400881,Suebskul,Baby,Staff
400883,Georg,DeMori,Senior Staff
400884,Lalit,Picci,Staff
400885,Gaurav,Peck,Senior Staff
400887,Mohan,Lamparter,Senior Staff
400891,Gil,Vitiello,Engineer
400895,Shih,Narwekar,Technique Leader
400905,Kwee,Pulkowski,Staff
400908,Eckart,Koprowski,Senior Engineer
400913,Irene,Rettelbach,Senior Engineer
400915,Sigeru,Gien,Staff
400919,Bodo,Heusch,Senior Staff
400920,Mary,Braunschweig,Engineer
400925,Doowon,Comyn,Staff
400930,Gaetan,Ramalingam,Senior Engineer
400932,Xiahua,Binkley,Senior Engineer
400933,Nikolaos,Vesna,Senior Engineer
400940,Kwangjo,Katzenelson,Staff
400945,Olivera,Litvinov,Staff
400950,Otmar,Erie,Senior Staff
400953,Sham,Maksimenko,Senior Engineer
400957,Yakkov,Worfolk,Senior Engineer
400958,Leandro,Coullard,Engineer
400962,Menkae,Schlenzig,Senior Engineer
400966,Izaskun,Percebois,Staff
400967,Ziva,Driscoll,Senior Staff
400975,Toshiko,Gniady,Senior Staff
400978,Shuzo,Vesel,Senior Engineer
400982,Jessie,Rindone,Assistant Engineer
400983,Itzchak,Rabehasaina,Senior Engineer
400984,Valdiodio,Swift,Senior Staff
400988,Erez,Lovengreen,Engineer
400993,Feiyu,Brandsma,Senior Staff
400996,LiMin,Atrawala,Staff
400998,Bernardo,Sudkamp,Senior Staff
401000,Barry,Reeker,Senior Engineer
401002,Rosella,Munch,Senior Staff
401006,Naftali,Conde,Senior Staff
401007,Zhonghui,Szemeredi,Senior Staff
401008,Adit,Penz,Senior Engineer
401010,Richara,Terkki,Staff
401012,Tianruo,Garnick,Engineer
401015,Lijia,Lichtman,Assistant Engineer
401017,Shigeu,Provine,Senior Staff
401018,Shunichi,Heemskerk,Technique Leader
401019,Rosalyn,Codenie,Senior Engineer
401021,Brigham,Unni,Senior Staff
401022,Zejun,Stanger,Engineer
401031,Xumin,Butner,Senior Engineer
401037,Aiichiro,Aloisi,Senior Engineer
401041,Hugh,Rajaraman,Assistant Engineer
401044,Kwan,Cyne,Staff
401053,Kousuke,Baaz,Engineer
401057,Mohammad,Takkinen,Senior Engineer
401059,Wuxu,DasSarma,Senior Engineer
401064,Vishu,Siepmann,Engineer
401076,Zdislav,Hofmeyr,Senior Staff
401077,Yuriy,Butner,Staff
401081,Chenye,Beidas,Senior Engineer
401085,Weiye,Brobst,Senior Engineer
401086,Lorien,Linares,Senior Staff
401089,Unal,Murtha,Senior Staff
401091,Kwangho,Gecsei,Senior Engineer
401098,Badri,Verhaegen,Staff
401107,Seongbin,Cronin,Staff
401108,Takahito,Kropp,Senior Staff
401109,DeForest,Uhrik,Staff
401112,Saeko,Itschner,Senior Staff
401113,Adly,Berendt,Engineer
401116,Gila,Esposito,Senior Engineer
401119,Jovan,Ushiama,Senior Staff
401124,Ravishankar,Norsworthy,Senior Engineer
401125,Josyula,Rothe,Senior Staff
401128,Armond,Ermel,Staff
401129,Poorav,Speckmann,Staff
401133,Cedric,Qiwen,Senior Engineer
401134,Suebskul,Dechter,Senior Engineer
401135,Fumitake,Strandh,Senior Engineer
401139,Udo,Masada,Senior Staff
401141,Jenwei,Cochrane,Senior Engineer
401143,Greger,Marakhovsky,Senior Staff
401144,Jasminko,Lampe,Engineer
401153,Becky,Khalil,Staff
401157,Zhanqiu,Sewelson,Senior Staff
401160,Yinghua,Halevi,Senior Engineer
401162,Pohua,Falster,Senior Staff
401164,Xiong,Dalton,Engineer
401169,Yongdong,Baja,Senior Staff
401171,Huei,Sevcikova,Staff
401173,Shai,Nittel,Senior Engineer
401175,Gully,Stasinski,Senior Staff
401178,Zhensheng,Cannata,Senior Engineer
401179,Conrado,Kalloufi,Senior Staff
401181,Palash,Usdin,Senior Staff
401188,Amabile,Zucker,Senior Staff
401193,Kristine,Velardi,Senior Engineer
401198,Xumin,Guerreiro,Senior Staff
401201,Felicidad,Narahari,Senior Engineer
401203,Elvis,McDermid,Engineer
401206,Tua,Undy,Engineer
401210,Yurij,Lampe,Senior Staff
401211,Arch,Menhoudj,Senior Engineer
401214,Xinyu,Stenning,Senior Staff
401218,Sajjan,Rande,Staff
401220,Munenori,Vidya,Senior Staff
401221,Gunilla,Neimat,Senior Engineer
401227,Basant,Irland,Senior Engineer
401236,Thodoros,Reeken,Senior Engineer
401242,Tetsurou,Muchinsky,Senior Engineer
401245,Christoper,Burnard,Senior Engineer
401255,Boaz,Docker,Senior Engineer
401259,Jaber,Melichar,Staff
401261,Phule,Szilard,Senior Staff
401264,Jahangir,Ballarin,Senior Engineer
401272,Torsten,Tyugu,Staff
401273,Udi,Petersohn,Senior Staff
401276,Lorien,Greenaway,Senior Engineer
401279,Badri,Farris,Engineer
401281,Guozhong,Journel,Senior Engineer
401286,Bedir,Rosiles,Senior Engineer
401293,Sibyl,Braccini,Senior Staff
401294,Harngdar,Braccini,Engineer
401298,Narain,Plotkin,Senior Staff
401300,Jaber,McConalogue,Senior Engineer
401305,Mack,Karcich,Senior Staff
401309,Arvind,Sherertz,Engineer
401314,Uno,Wursthorn,Technique Leader
401316,Boalin,Laurillard,Senior Staff
401321,Lakshmi,Henders,Staff
401326,Zorica,Cullers,Senior Staff
401327,Xiaocheng,Awdeh,Engineer
401334,Odoardo,Penn,Engineer
401337,Cathie,Guerreiro,Engineer
401338,Doowon,Zockler,Technique Leader
401339,Xuejun,Demeyer,Senior Engineer
401340,Tomofumi,Thisen,Senior Engineer
401341,Lobel,Qiwen,Senior Staff
401354,Masanao,Massonet,Engineer
401355,Reinhold,Matzen,Senior Staff
401367,Janalee,Bazzichi,Staff
401370,Byong,Socorro,Engineer
401380,Shakhar,Giveon,Staff
401384,Gay,Dulay,Staff
401385,Gad,Staylopatis,Senior Staff
401391,Moriyoshi,Versino,Senior Staff
401400,Shridhar,Tsukuda,Technique Leader
401401,Kazuhiko,Range,Engineer
401404,Arfst,Rando,Senior Engineer
401405,Shaowen,Demian,Senior Engineer
401410,Hitomi,Domenig,Senior Staff
401411,Werner,Boreale,Technique Leader
401413,Zhiwei,Heijenga,Assistant Engineer
401424,Alper,Wolniewicz,Senior Engineer
401425,Leah,Narahara,Senior Staff
401428,Honglan,Merro,Senior Staff
401432,Percy,Manderick,Senior Engineer
401441,Alain,Porenta,Senior Engineer
401446,Chinya,Budinsky,Senior Engineer
401448,Shunichi,Ranta,Senior Staff
401452,Danai,Tsukuda,Senior Engineer
401453,Shaleah,Chenney,Staff
401456,Yuriy,Fiutem,Senior Staff
401457,Hideo,Curless,Senior Engineer
401459,Moheb,Delgrande,Engineer
401465,Billur,Chinen,Staff
401470,Heekeun,Businaro,Senior Staff
401472,LiMin,Rijckaert,Senior Staff
401474,Keung,Monkewich,Senior Engineer
401481,Yoshinari,Thiria,Engineer
401482,Ortrud,Poujol,Staff
401487,Genevieve,Munch,Senior Staff
401493,Giap,Narahara,Senior Engineer
401494,Martial,Hartvigsen,Senior Staff
401501,Xuejun,Ghelli,Senior Staff
401502,Peer,Stentiford,Engineer
401504,Chenye,Maquelin,Senior Engineer
401508,Taiji,Pesch,Senior Engineer
401514,Elzbieta,Servi,Senior Staff
401516,Shalesh,Mungall,Senior Staff
401517,Perla,Schahn,Engineer
401520,Godehard,Delaune,Senior Staff
401522,Richard,Stifter,Senior Staff
401526,Insup,Benveniste,Senior Engineer
401527,Phuoc,Conti,Senior Engineer
401528,Djenana,Piazza,Engineer
401529,Edwin,Sambasivam,Senior Engineer
401532,Val,Gecsel,Senior Staff
401540,Jaewoo,Mandelberg,Senior Engineer
401549,Eckart,Katzenelson,Technique Leader
401550,Tianruo,Goldhammer,Senior Engineer
401551,Sigeru,Chenoweth,Senior Engineer
401552,Xiong,Sury,Engineer
401553,Hitomi,Morton,Engineer
401555,Otmar,Zlotek,Senior Engineer
401558,Shuzo,Danley,Assistant Engineer
401562,Hideo,Skogmar,Engineer
401564,Frederique,Peha,Engineer
401570,Hugo,Famili,Staff
401571,Taiji,Melter,Staff
401575,Christophe,Welham,Technique Leader
401577,Harngdar,Mapelli,Staff
401580,Sadegh,McAlpine,Engineer
401583,Lucian,Gips,Senior Staff
401586,Tonia,Wynblatt,Engineer
401588,Pranav,Itschner,Senior Engineer
401589,Vishwani,Ducloy,Senior Staff
401592,Nishit,Callaway,Senior Engineer
401593,Susanna,Seiwald,Senior Staff
401599,Erzsebet,Varker,Senior Engineer
401602,Ekawit,Zweizig,Senior Engineer
401608,Fumiyo,Benveniste,Senior Staff
401621,Karsten,Litzkow,Staff
401625,Sandeepan,Radivojevic,Senior Staff
401627,Godehard,Jullig,Senior Staff
401632,Mototsugu,Snyers,Senior Staff
401634,Basant,Jeansoulin,Engineer
401641,Remzi,Bierman,Engineer
401646,Sergi,Schauser,Engineer
401655,Honglan,Deyuan,Engineer
401657,Huican,Cooley,Senior Engineer
401661,Sanjit,Stafford,Senior Engineer
401662,Lorien,Schaar,Senior Staff
401670,Pohua,Badr,Engineer
401672,Shen,Strooper,Senior Engineer
401673,Munehiro,Picht,Senior Engineer
401678,Tomofumi,Frijda,Senior Staff
401681,Yongmao,Morrey,Staff
401682,Suzette,Isard,Senior Engineer
401685,Rimli,Menhardt,Assistant Engineer
401692,Martine,Cyne,Senior Engineer
401694,Tze,Veccia,Senior Engineer
401699,Zdislav,Ouhyoung,Staff
401701,Lucien,Baba,Technique Leader
401702,Changho,Samarati,Engineer
401703,Trygve,Pillow,Engineer
401704,Alair,Sooriamurthi,Senior Engineer
401705,Nechama,Furudate,Senior Staff
401713,Poorav,Halloran,Senior Engineer
401714,Tamiya,Axelband,Staff
401717,Filipp,Senzako,Senior Engineer
401718,Qunsheng,Shanbhogue,Staff
401720,Holgard,Gadepally,Senior Engineer
401722,Vojin,Speek,Senior Staff
401742,Mansur,Kusalik,Senior Engineer
401745,Huai,Basart,Senior Engineer
401749,Kiyotoshi,Biron,Senior Staff
401751,Arne,Schiettecatte,Senior Staff
401752,Vojin,Zallocco,Staff
401759,Kinh,Ramsay,Senior Staff
401760,Chaoyi,Demir,Assistant Engineer
401762,Jaques,Schauser,Engineer
401768,Zhanqiu,Asmuth,Senior Engineer
401769,Keung,Erdmenger,Engineer
401775,Mong,Parfitt,Senior Engineer
401777,Hideyuki,Jullig,Assistant Engineer
401785,Takanari,Genin,Senior Engineer
401787,Kish,Tramer,Senior Staff
401797,Yoshinari,Hasenauer,Senior Staff
401799,Neven,Redmiles,Senior Engineer
401804,Marie,Birke,Senior Staff
401806,Emran,Apsitis,Staff
401813,Leni,Varker,Technique Leader
401815,Barry,Stanger,Senior Engineer
401817,Ayakannu,Samarati,Senior Staff
401820,Bedrich,DeMori,Senior Engineer
401821,Manton,Malabarba,Senior Staff
401823,Rayond,Parveen,Senior Staff
401827,Harjit,Reinhard,Senior Engineer
401828,Anoosh,Quittner,Senior Staff
401839,JoAnne,Makrucki,Senior Engineer
401841,Reinhold,Hoppenstand,Senior Engineer
401843,Masami,Miyakawa,Senior Engineer
401846,Lunjin,Jakobus,Senior Engineer
401849,Susanna,Choobineh,Senior Engineer
401851,Randi,Peternell,Senior Staff
401852,Mona,Zizka,Staff
401863,Ghassan,Wolniewicz,Senior Engineer
401865,Eberhardt,Emmart,Senior Staff
401890,Moon,Ginesta,Senior Engineer
401891,Utpal,Garnier,Senior Engineer
401896,Adil,Lampe,Staff
401897,Hauke,Collette,Senior Staff
401898,Ibibia,Hardjono,Staff
401900,Moon,Waymire,Senior Staff
401903,Jingling,Kisuki,Senior Engineer
401907,Duke,Valiente,Technique Leader
401908,Mohua,Bolotov,Engineer
401916,Chinhyun,Itzigehl,Senior Staff
401918,Saeko,Welham,Staff
401923,Dipankar,Heuter,Senior Staff
401929,Yolla,Ramras,Senior Staff
401933,Vivian,Kropf,Technique Leader
401935,Vincent,Dahlbom,Senior Engineer
401940,Kamran,Giaccio,Engineer
401947,Jenwei,Asmuth,Engineer
401951,Filipe,Uchoa,Engineer
401955,Marie,Peak,Senior Staff
401957,Leah,Buchter,Engineer
401961,Pradeep,Jumpertz,Senior Staff
401964,Djelloul,Lorys,Senior Engineer
401965,Mayuko,Braccini,Senior Staff
401975,Phuoc,Samarati,Senior Engineer
401976,Chuanyi,Busillo,Senior Engineer
401981,Sreenivas,Schaft,Senior Engineer
401983,Pranay,Mamelak,Senior Staff
401999,Francoise,Sifakis,Senior Staff
402006,Sverrir,Gecsei,Senior Engineer
402008,Chinhyun,Yemenis,Senior Staff
402010,Huican,Conta,Senior Engineer
402011,Bodo,Hatcliff,Staff
402015,Otilia,Szmurlo,Technique Leader
402017,Phuoc,Saoudi,Senior Engineer
402018,Becky,Oehlmann,Senior Engineer
402019,Gian,Ibel,Senior Engineer
402032,Radhia,Casley,Engineer
402035,Shalesh,Back,Senior Engineer
402036,Piyawadee,Heyers,Senior Staff
402040,Morrie,Azadmanesh,Senior Engineer
402047,Berthier,Ranum,Senior Staff
402051,Teruyuki,Comyn,Senior Engineer
402056,Bezalel,Larfeldt,Senior Staff
402057,Perry,Strooper,Technique Leader
402064,Remmert,Erie,Engineer
402067,Franziska,Serna,Senior Staff
402073,Moss,Camurati,Staff
402076,Rasiah,Condotta,Staff
402081,Tianruo,Bail,Senior Staff
402084,Xiong,Junot,Senior Staff
402095,Shigeichiro,Godskesen,Senior Engineer
402105,Toshimitsu,Vanwelkenhuysen,Senior Staff
402112,Atreyi,Halloran,Staff
402115,Izaskun,Rijckaert,Senior Staff
402116,Woody,Sudbeck,Senior Engineer
402118,Tzu,Dayana,Senior Engineer
402119,Luise,Haldar,Senior Engineer
402120,George,Beausoleil,Staff
402121,Hauke,Bolsens,Senior Engineer
402126,Odysseas,Auria,Senior Engineer
402127,Nitsan,Georgakopoulos,Senior Staff
402128,Edwin,Waeselynck,Senior Engineer
402132,Oscar,Wendorf,Engineer
402134,Yuping,Szilard,Engineer
402136,Hugh,Straney,Senior Staff
402138,Aran,Kornatzky,Engineer
402151,Gennady,Rajaraman,Senior Staff
402159,Mang,Oaver,Senior Engineer
402162,Yoshinari,Jenevein,Engineer
402163,Alejandro,Sankaranarayanan,Senior Engineer
402170,King,Pulkowski,Engineer
402177,Xuedong,Rosaz,Senior Staff
402187,Yuichiro,Peha,Senior Staff
402189,Erez,Zyda,Assistant Engineer
402195,Yannik,Schapiro,Senior Engineer
402197,Tommaso,Chappelet,Senior Staff
402200,Zine,Cyne,Staff
402201,Youssef,Grabner,Senior Staff
402209,Shuichi,Schonegge,Technique Leader
402215,Susanta,Boguraev,Senior Staff
402219,Greger,Gist,Engineer
402221,Willard,Zastre,Senior Engineer
402225,Tsutomu,Jiang,Assistant Engineer
402230,Przemyslawa,Sanella,Technique Leader
402231,Shim,Klerer,Senior Staff
402234,Shaleah,Bratten,Staff
402237,Teunis,Lorch,Senior Engineer
402238,Sergi,Ramsay,Senior Staff
402240,Paloma,Olivero,Senior Engineer
402241,Akhilish,Mukaidono,Staff
402242,Toney,Boissier,Senior Staff
402243,Tadahiko,Ginneken,Senior Engineer
402246,Leif,Aumann,Senior Engineer
402247,Jordanka,Krohn,Engineer
402251,Kellie,Miake,Senior Engineer
402256,Nalini,Gini,Senior Engineer
402257,Fabrizio,Levergood,Technique Leader
402258,Debaprosad,Besselaar,Senior Engineer
402259,Arno,Roohalamini,Staff
402265,Sanjai,Ruther,Senior Engineer
402275,Rildo,Boguraev,Senior Engineer
402277,Seshu,Besancenot,Senior Staff
402279,Shrikanth,Lally,Senior Engineer
402282,Lunjin,Bruckman,Senior Staff
402286,Ramalingam,Renear,Staff
402290,Kagan,Riefers,Senior Staff
402294,Jayson,Kavvadias,Senior Staff
402299,Giao,Leivant,Engineer
402301,Arunas,Herbst,Senior Staff
402304,Weiru,Kaiserswerth,Engineer
402309,Honglan,Coorg,Senior Engineer
402315,Yannis,Birge,Senior Staff
402318,Mahmut,Emmerich,Senior Staff
402322,Somnath,Pargas,Engineer
402326,Subbu,Shiratori,Staff
402328,Yongqiao,Jording,Technique Leader
402331,Hidefumi,Bhattacharjee,Senior Staff
402337,Yagil,Guting,Engineer
402340,Doohun,Chelton,Senior Staff
402341,Abdelwaheb,Bail,Senior Engineer
402342,Giordano,Collavizza,Senior Engineer
402343,Kokou,Farrar,Engineer
402344,Izaskun,Nourani,Engineer
402349,Harngdar,Lipner,Senior Staff
402352,Kyoichi,Birch,Senior Staff
402365,Flemming,Menhoudj,Senior Engineer
402367,Doowon,Mikschl,Senior Staff
402370,Poornachandra,Cannata,Senior Engineer
402375,Rasikan,Beeson,Senior Staff
402378,Panayotis,Ritzmann,Senior Staff
402379,Piyush,Setiz,Engineer
402382,Huiqun,Dahlbom,Engineer
402386,Saniya,Soicher,Senior Staff
402387,Perry,Gide,Senior Staff
402389,Vugranam,Dalphin,Senior Staff
402394,Jeanne,Kossowski,Senior Staff
402401,Tze,Wroclawski,Technique Leader
402402,Shaowen,Impagliazzo,Engineer
402406,Mats,Larfeldt,Senior Staff
402409,Indrajit,Azuma,Engineer
402420,Boalin,Delgrange,Staff
402423,Basil,Vilarrasa,Senior Staff
402424,Shushma,Khalil,Senior Engineer
402425,Jeanna,Kemmerer,Senior Engineer
402428,Mayuko,Ruemmler,Staff
402430,Atreye,Ernst,Senior Staff
402435,Gennady,Serna,Staff
402440,Danel,Hutton,Assistant Engineer
402444,Marke,Barbanera,Staff
402445,Adamantios,Kavvadias,Engineer
402447,Sakthirel,Rajaraman,Senior Engineer
402449,Tooru,Guting,Engineer
402452,Toshimitsu,Pauthner,Staff
402460,Toshimitsu,Castellani,Senior Engineer
402475,Ult,Schapire,Engineer
402476,Hongzhu,Bauknecht,Senior Staff
402483,Harngdar,Rouquie,Engineer
402484,George,Riexinger,Senior Engineer
402486,Krassimir,Scharstein,Senior Engineer
402493,Sachem,Weedman,Senior Staff
402495,Reinhard,Perko,Technique Leader
402497,Xiaocheng,Cronin,Senior Staff
402500,Chikako,Borstler,Senior Engineer
402504,Cheong,Itzigehl,Senior Engineer
402513,Sachin,Quaggetto,Staff
402514,Badri,Kermarrec,Engineer
402515,Stafford,Compeau,Staff
402518,Hilari,Kavvadias,Senior Engineer
402519,Shuji,Acton,Senior Staff
402524,Sahrah,England,Staff
402526,Gilbert,Mitsuhashi,Senior Staff
402529,Ingmar,Rosen,Senior Staff
402532,Yoshimitsu,Takkinen,Senior Engineer
402533,Martins,Rijckaert,Engineer
402536,Kellie,Bressoud,Engineer
402539,Hercules,Samarati,Senior Staff
402544,Pramod,Silva,Senior Engineer
402546,Adit,Ossenbruggen,Staff
402557,Bernardo,Ozeki,Senior Engineer
402559,Jinya,Vadhan,Engineer
402568,Xiping,Pollock,Staff
402569,Dannz,Fordan,Engineer
402574,Chikako,Birge,Senior Staff
402576,Dharmaraja,Petereit,Senior Engineer
402580,Constantino,Koyama,Senior Staff
402581,Gaetan,Kornyak,Senior Engineer
402584,Rimli,Koblick,Staff
402585,Adamantios,Swick,Senior Staff
402586,Ranan,Gils,Senior Staff
402591,Larisa,Rosaz,Engineer
402592,Poornachandra,Merkl,Senior Staff
402594,Rosalyn,Siprelle,Senior Staff
402601,Remko,Blokdijk,Senior Staff
402605,Herb,Thebaut,Senior Engineer
402606,Goh,Ozeri,Senior Engineer
402609,Ymte,Birrer,Senior Engineer
402612,Aiichiro,Mitchem,Senior Staff
402613,Maris,Kirkerud,Engineer
402615,Dmitri,Cunliffe,Senior Staff
402619,Sahrah,Gurbaxani,Engineer
402622,Aris,Seghrouchni,Senior Engineer
402623,Shirish,Slaats,Senior Engineer
402626,Ymte,Savasere,Senior Engineer
402630,Hausi,Valiente,Senior Staff
402634,Nidapan,Mukaidono,Senior Engineer
402635,Barry,Gaughan,Engineer
402636,Boutros,Demri,Technique Leader
402638,Gritta,Dehkordi,Senior Engineer
402639,Nahla,Coney,Senior Engineer
402644,Gianluca,Angiulli,Staff
402649,Arlette,Lanphier,Staff
402650,Bernice,Horswill,Senior Staff
402652,Zhigen,Toyoshima,Staff
402654,Xiadong,Burnard,Senior Staff
402659,Phule,Zobel,Staff
402661,Suvo,Bashian,Senior Staff
402665,Ottavia,Saoudi,Senior Staff
402666,Vasilis,Birdsall,Staff
402667,Dante,Kamble,Senior Engineer
402670,Demos,Lorys,Senior Engineer
402673,Arunachalam,Schaaf,Senior Engineer
402675,Charlene,Merks,Senior Engineer
402676,Denis,Kambil,Engineer
402680,Oguz,Taneja,Senior Staff
402683,Shaowei,Bennis,Technique Leader
402684,Fusako,Gulik,Staff
402689,Adit,Anguita,Technique Leader
402692,Pohua,Kropp,Senior Engineer
402694,Sandeepan,Chandrasekhar,Senior Engineer
402697,Elliott,Stafford,Senior Engineer
402704,Doohun,Demos,Engineer
402705,Lakshmi,Jervis,Engineer
402709,Elzbieta,Vieth,Senior Staff
402711,Jongsuk,Monarch,Senior Engineer
402721,Tuval,Raoux,Staff
402722,Ugo,Speckmann,Engineer
402730,Armond,Puoti,Senior Engineer
402731,Jacqueline,Parhami,Senior Staff
402733,Sampalli,Pettey,Engineer
402736,Pohua,Thibadeau,Senior Engineer
402740,Along,Speel,Senior Engineer
402742,Serenella,Bamford,Senior Engineer
402745,Hongzue,Michaeli,Senior Engineer
402747,Anneke,Highland,Senior Staff
402750,Youjian,Hofmeyr,Staff
402752,Seshu,Streit,Senior Engineer
402754,Susanne,Bashian,Staff
402756,Ebru,Bernick,Engineer
402759,Ghassan,Capobianchi,Senior Staff
402764,Karoline,Woycyznski,Senior Staff
402766,Tonia,Bauknecht,Staff
402769,Gurbir,Krychniak,Senior Staff
402772,Berthier,Cronau,Engineer
402773,Kiam,Vasanthakumar,Senior Engineer
402776,Tamiya,Uhrik,Senior Engineer
402780,Isamu,Perko,Senior Staff
402783,Miyeon,Tiemann,Senior Engineer
402793,Francoise,Malinowski,Senior Engineer
402795,Hinrich,Rindone,Engineer
402800,Angus,Baby,Senior Engineer
402801,Atreye,Straney,Senior Staff
402804,Kish,Alencar,Senior Staff
402805,Leandro,McClure,Engineer
402811,Mabry,Himler,Staff
402818,Padma,Sifakis,Assistant Engineer
402825,Djelloul,Zyda,Senior Staff
402826,Khun,Strehl,Senior Engineer
402830,Almudena,Poujol,Engineer
402840,Nahla,Peris,Senior Staff
402847,Gou,Chaudhuri,Staff
402850,Edwin,Journel,Engineer
402854,Tze,Llado,Senior Staff
402856,Freyja,Ginesta,Senior Staff
402857,Fei,Kaiserswerth,Senior Engineer
402860,Willard,Ramalingam,Assistant Engineer
402863,Dante,Junet,Staff
402865,Persi,Peris,Staff
402866,Sungwon,Vendrig,Staff
402868,Mitchel,Gimbel,Senior Engineer
402873,Ipke,Halloran,Engineer
402879,Kendra,Stiles,Technique Leader
402880,Shan,Iisaka,Assistant Engineer
402884,Anneli,Liedekerke,Senior Engineer
402886,Guiseppe,Brizzi,Senior Staff
402887,Rance,Schurmann,Staff
402888,Szabolcs,Kawashimo,Senior Engineer
402893,Vishu,Masamoto,Senior Staff
402895,Tsuneo,Siksek,Senior Engineer
402896,Zhiwei,Ghalwash,Senior Staff
402897,Geraldo,Kabayashi,Staff
402900,LiMin,Choobineh,Senior Staff
402904,Herbert,Azadmanesh,Staff
402908,Toshimi,Marrevee,Senior Staff
402914,Sorina,Parascandalo,Senior Staff
402916,Karsten,Silva,Senior Staff
402920,Peternela,Bernardinello,Senior Staff
402921,Mircea,Veeraraghavan,Senior Staff
402928,Premal,Lupu,Senior Staff
402930,Xiaoqiu,Jording,Staff
402936,Rance,Schaap,Senior Engineer
402941,Yuqun,Himler,Senior Engineer
402942,Adamantios,Ligten,Senior Staff
402947,Piyush,Mandell,Senior Engineer
402948,Gennady,Shihab,Senior Staff
402950,Sakthirel,Flasterstein,Senior Engineer
402953,Takushi,Orlowska,Senior Staff
402954,Shigeichiro,Pagter,Senior Engineer
402956,Perla,Maliniak,Senior Staff
402960,Munehiro,Birch,Staff
402975,Panayotis,Crabtree,Senior Staff
402977,Genki,Worfolk,Senior Engineer
402979,Kasturi,Stenning,Senior Engineer
402982,Khalid,Jervis,Technique Leader
402989,Zijian,Kropp,Technique Leader
402990,Gererd,Danlos,Senior Staff
402993,Aleksandar,Keustermans,Senior Engineer
403001,Sachio,Erie,Engineer
403005,Yishay,Mitchem,Senior Staff
403009,Uta,Spataro,Senior Engineer
403022,Marco,Underwood,Engineer
403023,Remco,Comyn,Senior Engineer
403025,Atilio,Janetzko,Senior Engineer
403026,Djenana,Baik,Senior Staff
403027,Dulce,Mahnke,Senior Engineer
403028,Susanta,Larfeldt,Staff
403030,Yoshimitsu,Stemann,Staff
403035,Billur,Dratva,Staff
403038,Mitsuyuki,Facello,Senior Staff
403039,Zita,Erman,Technique Leader
403045,Mart,Veeraraghavan,Engineer
403049,Arunachalam,Goodrum,Senior Engineer
403050,Ugo,Cichocki,Assistant Engineer
403051,Owen,Erni,Senior Staff
403052,Tsz,Boyle,Senior Staff
403055,Paloma,Crelier,Staff
403057,Toney,Falster,Senior Engineer
403059,Eirik,Nergos,Senior Engineer
403061,Danil,Swan,Senior Staff
403064,Berto,Kornyak,Engineer
403073,Paris,Einsfeld,Staff
403083,Bangqing,Shrader,Staff
403085,Halsur,Irland,Assistant Engineer
403088,Margareta,Crelier,Senior Staff
403091,Sudharsan,DuCasse,Senior Engineer
403097,Cheong,Wixon,Engineer
403101,Brewster,Ranze,Staff
403102,Jianwen,Barinka,Senior Engineer
403105,Eirik,Serdy,Senior Engineer
403106,Limsoon,Gill,Senior Staff
403108,Mads,Kitsuregawa,Engineer
403109,Mana,Marwedel,Senior Staff
403116,Perla,Shinomoto,Senior Engineer
403117,Gino,Ariola,Technique Leader
403120,Yongmin,Sewelson,Technique Leader
403124,King,Auria,Engineer
403125,Vivian,Atchley,Senior Staff
403134,Djelloul,Kuszyk,Senior Staff
403136,Gennadi,Anger,Engineer
403145,Toshimitsu,Vendrig,Engineer
403147,Hideyuki,Legleitner,Senior Staff
403155,Duke,Mamelak,Staff
403161,Jagoda,Zultner,Senior Engineer
403168,Takahiro,Maksimenko,Senior Engineer
403170,Dharmaraja,Zuberek,Senior Staff
403172,Khedija,Pena,Staff
403177,Dzung,Eickenmeyer,Senior Staff
403178,Suzette,Billawala,Technique Leader
403182,Doohun,Erni,Senior Engineer
403186,Kokou,Neimat,Senior Staff
403188,Yunming,Peot,Engineer
403189,Larisa,Ibel,Senior Staff
403192,Isamu,Ranze,Senior Staff
403193,Surveyors,Wiegley,Technique Leader
403196,Kristinn,Leuchs,Senior Staff
403204,Troy,Renear,Senior Staff
403207,Cullen,Irland,Staff
403210,Yurii,Halloran,Senior Engineer
403218,Geoffrey,Hartvigsen,Senior Engineer
403220,Subhankar,Flexer,Senior Engineer
403222,Martial,Henseler,Senior Engineer
403226,Berni,Pena,Senior Engineer
403227,Augustine,Itzigehl,Senior Staff
403229,Yongqiao,Picco,Senior Engineer
403231,Eric,Setlzner,Senior Engineer
403232,Lokesh,Poulakidas,Senior Staff
403236,Rafael,Aamodt,Senior Engineer
403238,Christoph,Shanbhogue,Engineer
403241,Yongqiao,Klyachko,Staff
403242,Basem,Sichman,Senior Engineer
403243,Shigeo,Erez,Senior Engineer
403246,Mansur,Pleszkun,Senior Engineer
403247,Alejandra,McFarlin,Senior Staff
403250,Ohad,Heinisuo,Staff
403253,Mantis,Versino,Senior Staff
403255,Annemarie,Ranft,Technique Leader
403260,Weidon,Debuse,Senior Engineer
403261,Kwangho,Bisiani,Technique Leader
403262,Zhiguo,Bratten,Staff
403270,Waiman,Cooman,Senior Staff
403274,Vidar,Vrecion,Staff
403278,Jaana,Vickson,Assistant Engineer
403281,Houman,Cairo,Staff
403285,Geoff,Alameldin,Senior Staff
403286,Jongsuk,Flowers,Senior Staff
403287,Yishay,Zuberek,Staff
403296,Seongbae,Backhouse,Senior Staff
403303,Mansur,Feldhoffer,Senior Engineer
403306,Zhongwei,Fioravanti,Engineer
403314,Zhensheng,Delaune,Senior Staff
403319,Ymte,Bain,Engineer
403320,Parke,Sidou,Senior Engineer
403323,Qingxiang,Wegerle,Engineer
403327,Qiwen,Bernini,Senior Staff
403332,Gaetan,Peck,Senior Staff
403339,Yahiko,Reinhart,Senior Engineer
403340,Dharmaraja,Luks,Senior Engineer
403341,Martijn,Fiebach,Technique Leader
403362,Arfst,Staylopatis,Senior Engineer
403363,Amabile,Wrigley,Senior Staff
403364,Chikara,Picco,Senior Staff
403369,Remzi,Orlowska,Engineer
403379,Guozhong,Setia,Senior Engineer
403384,DAIDA,Holburn,Senior Engineer
403385,Tooru,Hainaut,Staff
403387,Muzhong,Gulik,Senior Engineer
403390,Gaurav,Asser,Senior Engineer
403395,Tayeb,Marsiglia,Senior Engineer
403400,Jaana,Herath,Senior Engineer
403403,Hidekazu,Brobst,Staff
403404,Alair,McClure,Engineer
403405,Manibrata,Clouatre,Technique Leader
403406,Monique,Hammerschmidt,Senior Engineer
403409,Fumino,Iivonen,Senior Engineer
403411,Bingning,Kadhim,Engineer
403416,Subhada,Salverda,Senior Staff
403422,Dannz,Impagliazzo,Technique Leader
403424,Genta,Demeyer,Staff
403425,Yurii,Chandrasekhar,Staff
403427,Sajjan,Gubsky,Senior Engineer
403430,Arco,Yoshimura,Staff
403434,Zsolt,Mitchem,Senior Staff
403440,Aamer,Cardazo,Technique Leader
403442,Zita,Perri,Senior Engineer
403457,Aloke,Percebois,Engineer
403458,Heping,Qiwen,Senior Engineer
403459,Georgi,Claffy,Assistant Engineer
403462,Tze,Munawer,Senior Staff
403464,Shigenori,Bage,Senior Staff
403468,Hatem,Schusler,Staff
403469,Moon,Poehlman,Senior Staff
403471,Foong,Sudbeck,Senior Staff
403472,Mart,Christ,Technique Leader
403477,Herbert,Rajaraman,Staff
403478,Arch,Matzat,Staff
403481,Filipe,Eldridge,Engineer
403484,Jayesh,Kavraki,Technique Leader
403485,Jeane,Larfeldt,Senior Staff
403488,Chinya,Crelier,Senior Staff
403497,Pranas,Duclos,Senior Engineer
403498,Falguni,Denna,Senior Engineer
403499,Shuky,Ghemri,Senior Staff
403501,Hatsukazu,Fujisaki,Senior Staff
403505,Kazuhide,Jervis,Senior Engineer
403508,Hinrich,Reutenauer,Senior Staff
403515,Mahendra,Ladret,Staff
403522,Feixiong,Matzen,Senior Engineer
403525,Giao,Nourani,Senior Staff
403536,Takahira,Simmen,Staff
403537,Sibyl,Weisert,Senior Engineer
403539,Jiann,Falby,Staff
403540,Lucien,Cairo,Engineer
403544,Aleksander,Heping,Engineer
403545,Unal,Litvinov,Senior Staff
403548,Bernardo,Conia,Senior Staff
403552,Gaetan,Selvestrel,Senior Staff
403555,Gor,Dalton,Staff
403556,Mokhtar,Nitsch,Senior Engineer
403565,Zhigen,Kalafatis,Senior Engineer
403566,Supot,Lyonns,Staff
403570,Pramod,Oppitz,Senior Staff
403586,Toshimi,Hoogerwoord,Senior Staff
403588,Hironobu,Kakkad,Technique Leader
403591,Shaw,Gonthier,Staff
403592,Phillip,Schapiro,Senior Engineer
403593,Lucian,Anandan,Technique Leader
403595,Maris,Thimonier,Assistant Engineer
403601,Anwar,Erdmenger,Staff
403612,Gift,Haumacher,Staff
403615,Feipei,Talmon,Senior Engineer
403618,Abdulla,Lanteri,Senior Engineer
403626,Jaques,Milicia,Senior Staff
403630,Alper,Miake,Staff
403636,Kazuhiro,Maierhofer,Staff
403647,Weiwu,Chelton,Senior Engineer
403658,Sachem,Auria,Staff
403659,Yakichi,Minakawa,Engineer
403661,Junsik,Walstra,Staff
403663,Marc,Herber,Senior Engineer
403664,Jeanne,Bugrara,Engineer
403667,Shimshon,Georgakopoulos,Senior Engineer
403681,Monique,Pettis,Senior Staff
403686,Sumali,Sethi,Staff
403689,Padma,Matzke,Engineer
403690,Phillip,Doering,Engineer
403692,Hironoby,Wixon,Senior Engineer
403693,Mong,Olivero,Engineer
403697,Shigehito,Roohalamini,Senior Staff
403698,Zhiguo,Gire,Senior Engineer
403700,Cedric,Picco,Senior Staff
403704,Yolla,Pouyioutas,Senior Staff
403706,Vitaly,Bridgland,Engineer
403712,Dekang,Hanabata,Senior Staff
403716,Barry,Gihr,Senior Engineer
403719,Geoffry,Hammerschmidt,Staff
403721,Arup,Siksek,Senior Engineer
403724,Gita,Buchter,Senior Staff
403727,Waiman,Delgrande,Senior Engineer
403730,Kristina,Penz,Engineer
403734,Oscal,Famili,Senior Staff
403737,Christophe,Przulj,Senior Staff
403738,Paraskevi,Berztiss,Senior Staff
403740,Yakkov,Garnick,Technique Leader
403742,Stella,Wilharm,Staff
403743,Marsha,Dulin,Technique Leader
403755,Zhiguo,Bellone,Staff
403756,Parke,Schonegge,Senior Engineer
403763,Seshu,Benaini,Staff
403768,Hsiangchu,Lundstrom,Engineer
403775,Takushi,Jarecki,Engineer
403777,Dmitri,Dulin,Engineer
403784,Bangqing,Bierbaum,Assistant Engineer
403785,Lorien,Androutsos,Senior Engineer
403788,Sachio,Furudate,Senior Engineer
403795,Otilia,Melski,Senior Engineer
403798,Achilleas,Wissmann,Senior Engineer
403801,Zhenbing,Beeson,Engineer
403803,Waiman,Hempstead,Engineer
403806,Phillip,Piveteau,Senior Engineer
403809,Frederique,Nannarelli,Senior Staff
403814,Tremaine,Ghandeharizadeh,Staff
403815,Sariel,Kornatzky,Senior Staff
403816,Chenyi,Makinen,Staff
403820,Toshimori,Ratzlaff,Senior Engineer
403824,Bangqing,Gerlach,Senior Engineer
403825,Jinxi,Roisin,Engineer
403831,Arunas,Thimonier,Senior Staff
403834,Zvonko,Flowers,Engineer
403836,Heng,Syrotiuk,Senior Staff
403837,Berto,Nourani,Technique Leader
403843,Larisa,Cesareni,Senior Engineer
403846,Dinah,Schmezko,Engineer
403847,Khalid,Gunderson,Staff
403852,Constantino,Conte,Senior Staff
403859,Arunachalam,Roison,Senior Engineer
403860,Pragnesh,Senzako,Senior Staff
403866,Vasilii,Slutz,Senior Engineer
403867,Valeri,Chartres,Senior Staff
403868,Filipe,Randi,Senior Staff
403879,Kensyu,Lunt,Engineer
403880,Masaki,Bonifati,Senior Engineer
403881,Yishai,Ciolek,Senior Engineer
403883,Ute,Gladwell,Senior Staff
403884,Wuxu,Manders,Senior Staff
403887,Gilbert,Fontan,Senior Staff
403888,Qunsheng,Karner,Senior Staff
403889,Muzhong,Fiebach,Staff
403893,Joydip,Delgrande,Staff
403896,Guoxiang,Birke,Senior Staff
403897,Yoshinari,Foong,Senior Engineer
403900,Susanne,Arlazarov,Senior Engineer
403901,Karoline,Picci,Engineer
403904,Feipei,Khasidashvili,Senior Staff
403909,Macha,Lichtman,Senior Staff
403910,Dhritiman,Leppanen,Senior Staff
403913,Greger,Pell,Engineer
403917,Kazuhide,Billingsley,Senior Engineer
403918,Fox,Molenkamp,Senior Staff
403936,Jianwen,Kuzuoka,Senior Engineer
403940,Christoper,Gustavson,Senior Engineer
403941,Elzbieta,Himler,Senior Engineer
403943,Geoffrey,Christianini,Senior Staff
403944,Byong,Lamparter,Staff
403945,Toshimitsu,Zhang,Engineer
403947,Candido,Benveniste,Engineer
403952,Kersti,Rosti,Senior Staff
403955,Deniz,Makinen,Engineer
403959,Aleksander,Androutsos,Senior Staff
403962,Mabry,Berstel,Engineer
403964,Goh,Ermel,Engineer
403970,Prasadram,Dusink,Engineer
403973,Haldun,Peek,Engineer
403979,Xinglin,Morrin,Senior Staff
403982,Ranga,Kolinko,Senior Engineer
403984,Shay,Sambasivam,Technique Leader
403989,Seongbin,Keustermans,Senior Staff
403990,Masato,Sidhu,Senior Staff
403991,Nadjib,Beerel,Senior Engineer
403995,Kristian,Imataki,Senior Engineer
403996,Nikolaus,Garrabrants,Technique Leader
403997,Tran,Jansch,Senior Staff
403998,Yucel,Peroz,Senior Engineer
403999,Boguslaw,Pouyioutas,Senior Staff
404003,Mechthild,Unni,Senior Staff
404007,Leucio,Auyong,Senior Engineer
404008,Ger,Pehl,Engineer
404009,Irena,Codenie,Senior Staff
404012,Serif,Falster,Staff
404014,Djelloul,Improta,Staff
404017,Nagui,Deyuan,Senior Engineer
404020,Sanjiv,Fasbender,Staff
404029,Yinlin,Zizka,Senior Staff
404031,Lena,Coorg,Engineer
404034,Yuuichi,Miyakawa,Senior Engineer
404040,Tadahiro,Himler,Staff
404046,Tayeb,Lorch,Staff
404049,Huai,Birrer,Senior Engineer
404055,Weiru,Belinskaya,Senior Staff
404057,Boaz,Decaestecker,Technique Leader
404058,Laurentiu,Comte,Senior Staff
404061,Moty,Denny,Senior Engineer
404064,Tadanori,Alpay,Senior Staff
404074,Horward,Moehrke,Assistant Engineer
404078,Sanjoy,Boguraev,Senior Staff
404079,Juichirou,Tasistro,Senior Engineer
404085,Moie,Aingworth,Senior Staff
404088,Sudhanshu,Majewski,Engineer
404089,Yunming,Kaiserswerth,Senior Engineer
404092,Palash,Carrere,Technique Leader
404094,Radhia,Ghandeharizadeh,Engineer
404097,Shigeu,Validov,Engineer
404100,Kasidit,Conte,Senior Engineer
404105,Minghong,Cyre,Senior Staff
404106,Amstein,Brobst,Senior Staff
404108,Alexius,Kobuchi,Engineer
404116,Kamran,Foote,Senior Staff
404118,Moty,Boreale,Senior Staff
404123,Arfst,Encarnacion,Senior Staff
404136,Terresa,Pearson,Senior Engineer
404138,Giordano,Linnainmaa,Senior Engineer
404140,Gou,Kroft,Senior Engineer
404150,Tremaine,Peroz,Technique Leader
404151,Jianhui,Moehrke,Senior Staff
404164,Leucio,Yetto,Senior Staff
404171,Richara,Berstel,Senior Staff
404172,Bodh,Lamparter,Senior Staff
404176,Vitaly,Parveen,Senior Staff
404177,Zeydy,Christ,Engineer
404179,Susuma,Bodoff,Senior Engineer
404182,Heng,Keohane,Staff
404184,Fay,Casley,Engineer
404188,Wojceich,Schaar,Senior Engineer
404189,Jaroslava,Quittner,Senior Staff
404190,Sakthirel,Gilg,Senior Engineer
404193,Elvia,Dratva,Engineer
404201,Mihalis,Nishimukai,Engineer
404203,Alair,Baaleh,Senior Engineer
404204,Mani,Gecsel,Staff
404206,Chuanti,Heusch,Staff
404208,Mototsugu,Georgakopoulos,Senior Engineer
404209,Shakhar,Buescher,Senior Staff
404212,Clyde,Doering,Senior Engineer
404213,Yunming,Sgarro,Assistant Engineer
404215,Heejo,Rosaz,Senior Engineer
404218,Keung,Berstel,Senior Engineer
404219,Ramya,Passafiume,Senior Engineer
404221,Aleksander,Bernini,Engineer
404223,Erzsebet,Demian,Senior Engineer
404224,Fumiya,Poulakidas,Senior Staff
404231,Adib,Guerreiro,Senior Staff
404233,Baziley,Nivat,Staff
404234,Khoa,Nastansky,Senior Staff
404238,Elzbieta,Varley,Senior Engineer
404241,Kien,Bottner,Senior Staff
404246,Nikolaus,Henseler,Staff
404248,Gro,Demke,Senior Staff
404253,Alair,Casperson,Senior Staff
404254,Fumiko,Naudin,Senior Engineer
404256,Lansing,Frijda,Senior Engineer
404260,Shao,Luon,Senior Staff
404261,Jeanne,Gniady,Staff
404264,Zhongwei,Marciano,Senior Engineer
404268,Barton,Nilsson,Senior Engineer
404273,Adil,Kroon,Senior Engineer
404275,Dipankar,Danecki,Senior Engineer
404276,Eldridge,Pettit,Senior Staff
404280,Boutros,Pehl,Senior Staff
404281,Sudharsan,Clemencon,Senior Engineer
404284,Alselm,Boissier,Assistant Engineer
404287,Paraskevi,Gelosh,Senior Staff
404292,Eric,Ranze,Senior Engineer
404293,Arif,Gecsel,Staff
404294,Tremaine,Kinley,Senior Engineer
404297,Goetz,Weedman,Senior Engineer
404298,Miyeon,Chandrasekhar,Engineer
404299,Rimli,Peot,Senior Staff
404300,Paraskevi,Vilarrasa,Senior Engineer
404302,Miomir,Baar,Senior Staff
404306,Danco,Thorensen,Engineer
404307,King,Lakshmanan,Senior Engineer
404312,Bernt,Pouyioutas,Senior Engineer
404314,Gil,Lanzelotte,Senior Engineer
404316,Kwun,Bahr,Senior Engineer
404317,Turgut,Holburn,Senior Engineer
404323,Jixiang,Narlikar,Senior Staff
404327,Nitsan,Ritcey,Senior Staff
404331,Goncalo,Vidal,Senior Staff
404332,Lubomir,Ouhyoung,Senior Staff
404336,Khaled,Oxman,Senior Staff
404338,Gio,Parhami,Senior Engineer
404351,Rosalyn,Erni,Senior Engineer
404352,Ranga,Anick,Senior Engineer
404354,Phule,Cullers,Engineer
404356,Gregory,Unno,Senior Engineer
404358,Zita,Greibach,Senior Staff
404359,Gretta,Krohn,Senior Engineer
404370,Zejun,Munro,Engineer
404377,Surveyors,Sooriamurthi,Senior Staff
404382,Arch,Bardell,Engineer
404384,Zejun,Rajcani,Senior Engineer
404385,Shan,Solares,Senior Staff
404386,Mani,Polupanov,Senior Engineer
404391,Akeel,Lemarechal,Staff
404392,Kazuhide,Sigstam,Senior Staff
404397,Along,Cichocki,Assistant Engineer
404399,Mircea,Cunliffe,Senior Staff
404410,Bodh,Alvarado,Technique Leader
404411,Kotesh,Farrag,Engineer
404413,Ulf,Veevers,Engineer
404417,Uwe,Muniz,Staff
404418,Kamakshi,Speckmann,Senior Engineer
404419,Ayonca,Azumi,Technique Leader
404420,Mary,Ranka,Senior Engineer
404428,Sadok,Beerel,Staff
404430,Turgut,Stassinopoulos,Senior Staff
404433,Arve,Hemaspaandra,Senior Engineer
404434,Giao,Reinhart,Senior Staff
404443,Udaiprakash,Georgakopoulos,Senior Engineer
404449,Xiaoqiu,Schnelling,Senior Engineer
404464,Danil,Stentiford,Senior Staff
404468,Angel,Baez,Senior Engineer
404469,Bartek,Maginnis,Senior Staff
404470,Chikara,Schrift,Senior Engineer
404471,Weijing,Angiulli,Senior Staff
404474,Mats,Sethi,Engineer
404475,Supot,Sooriamurthi,Technique Leader
404484,Chikara,Usdin,Senior Engineer
404485,Fun,Chelton,Senior Staff
404486,Masami,Masada,Senior Engineer
404488,King,Eppinger,Staff
404490,Kazuhiro,Comte,Engineer
404493,Tadahiko,Ranta,Senior Engineer
404494,Zhilian,Czap,Technique Leader
404495,Rosalyn,Dichev,Senior Staff
404501,Maya,Nitta,Senior Staff
404502,Gilbert,Hooghiemstra,Senior Engineer
404503,Xiong,Facello,Senior Staff
404505,Billur,Poujol,Senior Staff
404506,Tesuro,Gips,Senior Staff
404508,Troy,Besancenot,Senior Staff
404520,Honglan,Mahnke,Senior Engineer
404533,Kankanahalli,Heping,Staff
404534,Siamak,Munawer,Senior Engineer
404538,Kenroku,Poujol,Senior Engineer
404542,Kellyn,Pellegrinelli,Senior Engineer
404549,Fei,Perl,Technique Leader
404550,Baoqiu,Karner,Engineer
404557,Jackson,Milicic,Senior Engineer
404564,Garnik,Bednarek,Senior Engineer
404569,Sigeru,Quittner,Staff
404572,Sachar,Kitsuregawa,Senior Engineer
404583,Khun,Sambasivam,Senior Engineer
404584,Gennady,Kolinko,Senior Staff
404588,Elgin,Akazan,Senior Engineer
404589,Willard,Gelosh,Assistant Engineer
404590,Luerbio,Trelles,Senior Staff
404594,Lijie,Spataro,Senior Staff
404596,Uriel,Radwan,Senior Staff
404597,Aris,Fiebach,Senior Staff
404603,Hugo,Gopalakrishnan,Senior Engineer
404607,Toshimori,Barriga,Senior Engineer
404611,Marc,Griswold,Senior Engineer
404613,Siamak,Munoz,Engineer
404628,Spyrose,Bael,Staff
404631,Genevieve,Rabehasaina,Senior Staff
404634,Ebbe,Stanfel,Senior Engineer
404644,Stella,Petersohn,Senior Engineer
404647,Carrsten,Hammerschmidt,Senior Staff
404648,Vincent,Ozery,Senior Engineer
404661,Anneli,Menyhert,Senior Engineer
404669,Breannda,Soicher,Staff
404671,Bokyung,Shokrollahi,Staff
404674,Rajmohan,Furedi,Senior Engineer
404678,Emran,Larfeldt,Staff
404682,Gian,Chachaty,Engineer
404683,Mabhin,Foote,Senior Staff
404685,Masasuke,Kaminger,Technique Leader
404686,Kyoichi,Antonisse,Staff
404691,Alselm,Tomescu,Senior Engineer
404698,Sugwoo,Jeong,Senior Engineer
404703,Florian,Aamodt,Engineer
404704,Padma,Borstler,Senior Staff
404708,Wilmer,Mundy,Senior Engineer
404709,Anyuan,Kroon,Senior Staff
404710,Kien,Schapire,Engineer
404712,Brewster,Harnett,Senior Engineer
404713,Georgy,Leonhardt,Staff
404714,Felicidad,Choobineh,Senior Engineer
404715,Leah,Nitsch,Staff
404721,Inderjeet,Shiratori,Engineer
404722,Atreyi,Papsdorf,Senior Engineer
404723,Jaewon,Colorni,Technique Leader
404726,Sukumar,Trumbly,Senior Engineer
404727,Isamu,Swick,Senior Engineer
404732,Arunas,Gonthier,Engineer
404739,Boaz,Linnainmaa,Senior Staff
404741,Shounak,Reghbati,Senior Staff
404742,Jouko,Wursthorn,Senior Engineer
404746,Divier,dAstous,Senior Staff
404749,Jaewoo,Reeken,Senior Engineer
404750,Shahaf,Heiserman,Technique Leader
404751,Sreenivas,Luke,Staff
404756,Chaoyi,Ariola,Senior Staff
404759,Atilio,Kossowski,Senior Engineer
404762,Mara,Leijenhorst,Engineer
404767,Laurentiu,Lieblein,Senior Staff
404771,Sverrir,Argence,Senior Staff
404772,Xuejia,Klassen,Senior Engineer
404773,Jeane,Krybus,Senior Staff
404775,Saeko,Tagansky,Staff
404781,Arunachalam,Laurillard,Senior Staff
404789,Shuichi,Mandell,Senior Engineer
404790,Mack,Litecky,Staff
404791,Otilia,Jording,Staff
404793,Sastry,Miake,Engineer
404796,Doowon,Delgrange,Senior Engineer
404802,Zhigen,Assaf,Staff
404804,Magy,Kaiser,Technique Leader
404806,Torsten,Katiyar,Senior Engineer
404813,Takushi,Yurek,Senior Engineer
404815,Richard,Felder,Senior Staff
404816,Limsoon,Stifter,Senior Engineer
404818,Denis,Snyers,Senior Staff
404823,Vojin,Levergood,Staff
404837,Gila,Plessier,Engineer
404838,Naftaly,Morrow,Senior Staff
404839,Mary,Masand,Senior Engineer
404843,Magy,Nishimukai,Senior Staff
404849,Hiroyasu,Nitsch,Staff
404850,Adib,Sevcikova,Senior Engineer
404854,Lena,Riesenhuber,Engineer
404855,Georgy,Hiraishi,Senior Engineer
404858,Moty,Srimani,Technique Leader
404859,Koldo,Gelosh,Senior Staff
404863,Hidekazu,Lorie,Senior Staff
404865,Tesuro,Avouris,Senior Staff
404866,Gao,Neiman,Senior Staff
404868,Ingemar,Azevdeo,Senior Engineer
404870,Tua,Dayang,Senior Staff
404871,Dietrich,Orsini,Assistant Engineer
404875,Khatoun,Meszaros,Senior Staff
404878,Syozo,Schaaf,Senior Staff
404884,Adib,Yetim,Senior Engineer
404889,Breannda,Kadhim,Engineer
404890,Snehasis,Schreiter,Senior Staff
404891,Zhenhua,Compeau,Senior Engineer
404894,Weicheng,Herath,Technique Leader
404902,Bader,Mapelli,Senior Engineer
404914,Bodh,Matzel,Senior Engineer
404918,Harjit,Radwan,Senior Engineer
404923,Jiann,Wolniewicz,Senior Engineer
404925,Minghong,Kilgore,Senior Engineer
404935,Hailing,Schauser,Senior Engineer
404937,Miyeon,Quaggetto,Staff
404942,Moie,Wolniewicz,Senior Engineer
404948,Gao,Zobel,Senior Staff
404950,Shin,Murtha,Senior Staff
404952,Suzette,Goldhammer,Staff
404956,Sergi,Dechter,Senior Engineer
404957,Vitaly,Conti,Engineer
404961,Matk,Xiaoshan,Assistant Engineer
404962,Sven,Pena,Senior Engineer
404965,Yahiko,Maraist,Senior Staff
404969,Monique,Ariola,Engineer
404970,Mohammad,Hiltgen,Senior Staff
404974,Pragnesh,Christ,Staff
404980,Nitsan,Muchinsky,Senior Staff
404984,Sashi,Cannard,Engineer
404985,Atilio,Negoita,Senior Staff
404986,Souichi,Serna,Senior Engineer
404990,Mrinalini,Streng,Senior Staff
404992,Frederique,Anido,Senior Staff
404993,Lucian,Genther,Senior Staff
404994,Ashish,Whittlesey,Staff
404995,Aram,Knightly,Engineer
404996,Gay,Baig,Senior Staff
404998,Bedrich,Cannard,Senior Engineer
405004,Herbert,Malinowski,Senior Staff
405005,Hatem,Schueller,Technique Leader
405010,Genevieve,Bierman,Senior Staff
405013,JoAnna,Perri,Senior Engineer
405019,Giri,Pavlopoulou,Senior Staff
405020,Fun,Barbanera,Engineer
405021,Hausi,Kalafatis,Staff
405023,Radhia,Leivant,Senior Staff
405024,Oddvar,Preusig,Engineer
405025,Jordanka,Perry,Engineer
405053,Shiv,Apsitis,Senior Engineer
405056,Vidar,Birrer,Senior Engineer
405060,Amabile,Ozery,Senior Engineer
405061,Yannik,Schaap,Staff
405064,Shim,Bojadziev,Senior Engineer
405067,Shih,Restivo,Senior Staff
405068,Shounak,Siksek,Senior Staff
405070,Angel,Klassen,Engineer
405072,Remmert,Schlenzig,Senior Engineer
405073,Francoise,Rikino,Senior Staff
405075,Shuzo,Kumaresan,Staff
405087,Fayez,McFarlan,Senior Staff
405090,Miomir,Portugali,Engineer
405091,Eckart,Petereit,Staff
405092,Yonghong,Hutton,Senior Staff
405096,Lubomir,Suermann,Senior Engineer
405104,IEEE,Georgakopoulos,Senior Engineer
405107,Claudi,Deville,Senior Staff
405108,Kazuhisa,Rijsenbrij,Senior Staff
405114,Sedat,Trumbly,Senior Staff
405116,Moto,Hinsberger,Engineer
405117,Rosalie,Etalle,Senior Staff
405123,Zeljko,Walstra,Senior Staff
405126,Bokyung,Taneja,Senior Staff
405128,Jacopo,Ermel,Engineer
405129,Basant,Farrow,Technique Leader
405137,Maya,Brattka,Staff
405139,Takahiro,Besselaar,Senior Engineer
405140,Stella,Adachi,Senior Engineer
405141,Mahendra,Tokunaga,Senior Staff
405142,Vitaly,Itzfeldt,Senior Engineer
405146,Deniz,Kugler,Senior Engineer
405151,Sachin,Rabejac,Staff
405159,Mart,Lorcy,Technique Leader
405167,Anneli,Cappello,Senior Engineer
405168,Kensyu,Bruckman,Senior Engineer
405170,Mrinalini,Rahier,Senior Engineer
405174,Shimshon,Beerel,Staff
405175,Ulises,Smeets,Staff
405177,Adel,Kaiserswerth,Senior Engineer
405180,Magdalena,Ritcey,Senior Engineer
405181,Marie,Demeyer,Engineer
405184,Brewster,Miara,Senior Staff
405185,Parto,Koshiba,Senior Engineer
405187,Mingdong,Cannard,Engineer
405191,Uli,Bennet,Staff
405193,Soenke,Zeleznik,Senior Engineer
405197,Nitsan,Zhiwei,Assistant Engineer
405198,Sahrah,Bahr,Staff
405199,Gou,Antonisse,Senior Staff
405200,Charmane,Furedi,Senior Engineer
405201,Marke,Heering,Engineer
405203,Muneo,Panienski,Senior Engineer
405204,Kwan,Bade,Engineer
405212,Mikhail,Lorin,Senior Staff
405218,Mitchel,Serra,Senior Engineer
405227,Yannis,Heijenga,Staff
405231,Kwangjo,Makinen,Senior Staff
405232,Saniya,Nannarelli,Senior Staff
405233,Bodh,Bressoud,Senior Engineer
405237,Arie,Uchoa,Senior Staff
405238,Masali,Ossenbruggen,Senior Engineer
405240,Chaosheng,Ernst,Assistant Engineer
405243,Naraig,Jakobus,Engineer
405246,Geoffrey,Polajnar,Senior Staff
405248,Susanne,Eugenio,Engineer
405251,Gully,Delgrange,Staff
405256,Billur,Domenig,Senior Staff
405258,Hatsukazu,Minakawa,Senior Staff
405260,Thanasis,Kavanagh,Engineer
405261,Tiina,Matzel,Senior Engineer
405262,Taisook,Tzvieli,Engineer
405264,Moto,Schahn,Senior Staff
405265,Marlo,Gewali,Technique Leader
405269,Sadegh,Zhang,Staff
405280,Toshimori,Rajala,Engineer
405281,Lillian,Hofstetter,Senior Engineer
405282,Mang,Birge,Staff
405283,Munehiko,Schueller,Senior Engineer
405288,Atreyi,Eldridge,Senior Staff
405289,Slavian,Lenart,Senior Engineer
405293,Aram,Riefers,Senior Engineer
405294,Shigenori,Basawa,Senior Staff
405295,Yinlin,Strehl,Senior Staff
405299,Kerhong,Erdi,Senior Staff
405300,Dante,Krybus,Engineer
405301,Mayuri,Kulisch,Senior Staff
405304,Jolita,Falster,Senior Engineer
405305,Marin,Jansen,Staff
405313,Rosalyn,Baalen,Senior Engineer
405315,Jiang,Denti,Senior Staff
405316,Gila,Kulisch,Senior Staff
405320,Xiong,Ramamoorthy,Senior Staff
405321,Suvo,Zyda,Senior Staff
405334,Boriana,Dalton,Staff
405335,Akhilish,Schneeberger,Senior Engineer
405336,Krassimir,Molberg,Senior Staff
405337,Hideyuki,Sessa,Senior Engineer
405339,Shirish,Gurbaxani,Senior Engineer
405346,Christoph,Malabarba,Senior Engineer
405347,Edwin,Nitsch,Senior Staff
405349,Lucien,Monkewich,Staff
405357,Sorina,Bratten,Senior Engineer
405360,Divier,Angot,Staff
405362,Chrisa,Giarratana,Senior Engineer
405370,Sibyl,Levasseur,Senior Engineer
405373,Chuanyi,Duclos,Technique Leader
405378,Kellyn,Straney,Senior Staff
405379,Khoa,Skrikant,Engineer
405382,Kamakshi,Mansanne,Senior Staff
405383,Kamran,Masand,Senior Engineer
405386,Sakthirel,Vigier,Engineer
405397,Arne,Poujol,Senior Engineer
405403,Vojin,Pusterhofer,Staff
405404,Zhenbing,Pehl,Senior Engineer
405408,Achilleas,Doering,Senior Staff
405410,Aram,Picco,Senior Staff
405415,Rosalie,Marrevee,Engineer
405419,Chuanyi,Chimia,Senior Engineer
405422,Ronghao,Rehfuss,Staff
405426,Khoa,Anily,Senior Staff
405427,Bernd,Herber,Engineer
405429,Tze,Sridhar,Senior Staff
405431,Gina,Pepe,Senior Engineer
405437,Radhika,Lorcy,Staff
405443,Younwoo,Fraisse,Senior Engineer
405449,Angel,Gill,Senior Engineer
405451,Ipke,Daescu,Senior Staff
405453,Surveyors,Peres,Senior Staff
405454,Xudong,Stafford,Senior Engineer
405470,Deborah,Kading,Engineer
405472,Takushi,Miake,Engineer
405480,Tetsushi,Karcich,Senior Engineer
405485,Mohamadou,Ranze,Senior Engineer
405487,Hilari,Jeong,Senior Staff
405489,Weidon,Merks,Senior Engineer
405496,Uriel,Pramanik,Engineer
405497,Leah,Ratnakar,Engineer
405498,Takahiro,Comellas,Staff
405500,Remco,Mapelli,Staff
405503,Giao,Diderrich,Senior Staff
405505,Toshimi,Fujisaki,Senior Engineer
405507,Shahar,Basagni,Senior Staff
405511,Jouko,Bauknecht,Senior Staff
405512,Mabhin,Jeansoulin,Senior Engineer
405517,Xiaoheng,Chaudhuri,Technique Leader
405518,Subhash,Bach,Senior Engineer
405520,Uwe,Matheson,Engineer
405523,Steen,Conti,Senior Engineer
405524,Henk,Farrel,Senior Staff
405530,Lunjin,Turnbull,Senior Engineer
405532,Takanari,Menyhert,Senior Staff
405533,Surveyors,Feldhoffer,Staff
405535,Yagil,Schieder,Senior Staff
405536,Gor,Baaz,Senior Engineer
405540,Luise,Montemayor,Staff
405544,Mokhtar,Koshiba,Senior Staff
405546,Jingling,Validov,Senior Staff
405550,Dulce,Foote,Staff
405556,Takanari,Osgood,Senior Staff
405557,Hatem,Siprelle,Engineer
405559,Weijing,Monkewich,Engineer
405561,Shmuel,Camarinopoulos,Staff
405563,Basim,Matzen,Senior Engineer
405564,Yishai,Milicia,Senior Engineer
405571,Khalid,Marchegay,Staff
405577,Mads,Middleton,Senior Engineer
405583,Gretta,Reeker,Senior Staff
405585,Keung,Pappas,Senior Engineer
405591,Kellyn,Gulik,Senior Engineer
405592,Domenick,Delgrange,Staff
405596,Xiaoheng,Pietrzykowski,Senior Engineer
405598,Akeno,Walstra,Senior Staff
405599,Margo,Godskesen,Senior Staff
405604,Yannik,Dusink,Staff
405607,Koldo,Guardalben,Senior Staff
405608,Wilmer,Zallocco,Senior Engineer
405609,Akeno,Penz,Senior Staff
405621,Xinglin,Kranzdorf,Staff
405623,Claude,Rosar,Engineer
405630,Takahiro,Vidya,Senior Staff
405631,Cedric,Ressouche,Staff
405636,Khalil,Back,Senior Staff
405637,Masasuke,Kavraki,Engineer
405639,Godehard,Lienhardt,Engineer
405642,Apostol,Matzat,Assistant Engineer
405646,Harjit,Gerteisen,Senior Staff
405651,Moty,Ulupinar,Engineer
405653,Howell,Picaronny,Staff
405654,Geoffrey,Strooper,Staff
405660,Phuoc,Erva,Senior Staff
405661,Itzchak,Christianini,Senior Staff
405662,Xiaopeng,Azulay,Staff
405663,Utz,Akiyama,Senior Staff
405667,Makato,McDermid,Senior Staff
405673,Stepehn,Nilsson,Assistant Engineer
405677,Hugo,Delgrange,Senior Staff
405678,Sumali,Marakhovsky,Senior Staff
405682,Pintsang,Fiebach,Staff
405683,Jiang,Kaiser,Senior Engineer
405687,Katsuyuki,Gaughan,Senior Engineer
405690,Guttorm,Gomatam,Senior Staff
405693,Cathie,Calkin,Senior Engineer
405696,Macha,Conde,Senior Staff
405700,Fen,Akaboshi,Senior Engineer
405705,Mitchel,Gruenwald,Senior Staff
405706,Danil,Spell,Senior Engineer
405707,Kaijung,Vural,Senior Engineer
405708,Suzette,Pusterhofer,Staff
405709,Zvonko,Eugenio,Senior Staff
405710,Gopalakrishnan,Eldridge,Senior Engineer
405712,Iara,Munke,Senior Staff
405713,Krassimir,Nourani,Staff
405714,Geoffry,Hofting,Senior Staff
405718,Yinlin,Neimat,Senior Engineer
405721,Pascal,Tempesti,Senior Engineer
405722,Arne,Hardjono,Staff
405723,Douadi,Rathonyi,Senior Staff
405725,Gennady,Templeman,Senior Staff
405726,Utpal,Bottner,Senior Engineer
405729,Berthier,Servi,Assistant Engineer
405731,Genta,Alblas,Senior Engineer
405732,Hidekazu,Schurmann,Senior Staff
405734,Roselyn,Preusig,Senior Staff
405736,Zhigen,Birdsall,Senior Staff
405746,Heon,Mondadori,Senior Staff
405748,Mariangiola,Siochi,Engineer
405749,Chaitali,Speckmann,Engineer
405753,Kotesh,Nations,Senior Engineer
405754,Fei,Borovoy,Engineer
405757,Berto,Motley,Senior Engineer
405758,Shichao,Manders,Senior Staff
405760,Yuping,Capobianchi,Assistant Engineer
405762,Yoshinari,Sridhar,Senior Engineer
405765,Ult,Schach,Staff
405766,Amstein,Thorensen,Engineer
405767,Subhrajyoti,Maliniak,Senior Engineer
405774,Weiyi,Cmelik,Senior Engineer
405775,Uri,Fetvedt,Staff
405778,Gal,Uludag,Senior Staff
405783,Sugwoo,Kavvadias,Senior Engineer
405785,Hugo,Erva,Senior Staff
405786,Unal,Cangellaris,Senior Engineer
405787,Spyrose,Baranowski,Senior Engineer
405789,Toong,Gajiwala,Senior Staff
405805,Bowen,Schaap,Staff
405808,Chinhyun,Heering,Senior Engineer
405809,Stabislas,Ozeki,Senior Engineer
405811,Heeju,Anido,Senior Staff
405812,Vidya,Schlumberger,Engineer
405819,Barton,Hammerschmidt,Senior Engineer
405828,Zissis,Walston,Staff
405830,Alselm,Foote,Technique Leader
405832,Dante,Bellone,Senior Engineer
405833,Sudhanshu,Kampfer,Senior Staff
405834,Miomir,Ginneken,Senior Engineer
405837,Khaled,Cincotta,Senior Staff
405841,Sukumar,Aseltine,Senior Staff
405848,Constantino,Zschoche,Senior Engineer
405850,Wayne,Ghazalie,Senior Engineer
405855,Shahab,Matzel,Senior Staff
405861,Ramzi,Gerteisen,Senior Staff
405862,Roddy,Begiun,Senior Staff
405865,Naftali,Deville,Senior Staff
405867,Radhia,Pavlopoulou,Senior Staff
405868,Shimshon,Seghrouchni,Senior Engineer
405870,Goetz,Honiden,Senior Engineer
405875,Chiranjit,Versino,Staff
405877,Olivera,Braccini,Senior Staff
405879,Zeydy,Perna,Senior Staff
405880,Xiaocheng,Flasterstein,Senior Engineer
405886,Lein,Munoz,Engineer
405888,Leucio,Alpay,Senior Staff
405889,Apostol,Lichtner,Staff
405892,Tamiya,Cullers,Senior Staff
405897,Jiafu,Moehrke,Senior Staff
405901,Tsutomu,Boreale,Senior Engineer
405903,Sanjeeva,Heiserman,Senior Engineer
405911,Moti,Billingsley,Senior Engineer
405913,Ingmar,Birsak,Senior Engineer
405915,Along,Harllee,Senior Engineer
405920,Freyja,Cooke,Senior Engineer
405924,Udi,Nooteboom,Engineer
405927,Souichi,Domenig,Senior Engineer
405931,Werner,Hebert,Senior Staff
405934,Xiaoqiu,Soloway,Senior Engineer
405940,Kaijung,Crouzet,Senior Engineer
405941,Uzi,Pietracaprina,Senior Staff
405949,Oksana,Nyrup,Senior Engineer
405951,Toshimi,Birge,Senior Engineer
405953,Aiman,Rusmann,Staff
405954,Xiaocheng,Delaune,Senior Staff
405955,Owen,Kaelbling,Staff
405957,Zhiguo,Cochrane,Senior Engineer
405962,Moto,Staudhammer,Senior Engineer
405963,Hidekazu,Selenyi,Senior Staff
405964,Houman,Cronan,Senior Engineer
405966,Jayesh,Kushner,Senior Staff
405968,Szabolcs,Reinhard,Senior Staff
405970,Rosita,Genther,Engineer
405973,Mohit,Baezner,Senior Engineer
405978,Jiong,Fujisaki,Senior Engineer
405988,Aruna,Sudbeck,Technique Leader
405989,Bogdan,Peron,Senior Staff
406000,Gilbert,Hellwagner,Engineer
406002,Maris,Molenaar,Engineer
406005,Moss,Desikan,Senior Engineer
406006,Itzchak,Woycyznski,Senior Engineer
406009,Nigel,Portugali,Senior Engineer
406015,Suvo,Erman,Senior Staff
406016,Jaideep,Schlegelmilch,Staff
406023,Lobel,Sudkamp,Senior Engineer
406026,Fei,Baig,Senior Engineer
406028,Sham,Linnainmaa,Senior Staff
406031,Karoline,Pews,Senior Staff
406034,Basem,Uhrik,Assistant Engineer
406038,Shuichi,Wissmann,Senior Staff
406047,Erzsebet,Cooley,Staff
406051,Guangming,Heystek,Senior Staff
406053,Gunilla,Isaac,Technique Leader
406055,Oguz,Decaestecker,Senior Engineer
406058,Prodip,Nyrup,Engineer
406060,Jayesh,Clemencon,Engineer
406063,Vatsa,Kolinko,Senior Engineer
406065,Nikolaus,Melton,Senior Staff
406067,Shigeu,Skrikant,Technique Leader
406068,Tristan,Kitsuregawa,Senior Staff
406071,Susanta,Schapire,Senior Engineer
406075,Jianhao,Vandervoorde,Senior Engineer
406076,Val,Albarhamtoshy,Senior Engineer
406077,Mingsen,Bruckman,Engineer
406086,Shuho,Hutter,Staff
406088,Uzi,Henders,Senior Staff
406089,Fumitaka,Krzyzanowski,Senior Engineer
406092,Hugo,Rissland,Senior Staff
406094,Rasiah,Sudbeck,Engineer
406095,Sushant,Marchesini,Senior Staff
406096,Bernt,Ravishankar,Senior Engineer
406099,Dhritiman,Baca,Senior Engineer
406100,Perry,Escriba,Staff
406110,Anneke,Pavlopoulou,Senior Engineer
406112,Bikash,Khalid,Engineer
406113,Franziska,Janetzko,Senior Engineer
406115,Susanne,Taneja,Engineer
406119,Vidar,Gist,Senior Engineer
406120,Leah,Merro,Technique Leader
406121,Supot,Remmele,Senior Staff
406122,Jaroslava,Pelz,Senior Staff
406124,Shmuel,Ramsak,Senior Engineer
406131,Ibibia,Kuhnemann,Senior Engineer
406135,Marsal,Ecklund,Senior Engineer
406136,Yuriy,Teitelbaum,Senior Engineer
406143,Khatoun,Milicic,Senior Engineer
406149,Zhenhua,Coombs,Senior Staff
406151,Uinam,Mahnke,Senior Engineer
406153,Perla,Undy,Senior Staff
406156,Nechama,Kushner,Senior Engineer
406158,Zejun,Isard,Senior Staff
406162,Maya,Gladwell,Senior Staff
406175,Masako,Tsunoo,Senior Engineer
406180,Nagui,Stamatiou,Senior Staff
406181,Sudharsan,Luke,Senior Engineer
406183,Qunsheng,Schnelling,Senior Engineer
406184,Arnould,Luby,Senior Engineer
406187,Zhonghua,Stemann,Senior Engineer
406192,Deniz,Tanemo,Senior Staff
406196,Indrajit,Dratva,Staff
406199,Shahaf,Ozery,Senior Staff
406206,Garnet,Heemskerk,Senior Staff
406210,Nadjib,Mitina,Senior Engineer
406216,Qiwen,Ciolek,Senior Staff
406217,Mara,Bugrara,Senior Staff
406219,Ger,Khalid,Engineer
406228,Hongzue,Decleir,Senior Engineer
406233,Marie,Pettit,Senior Staff
406235,Kerryn,Rajcani,Engineer
406236,Yahiko,Remmele,Senior Staff
406238,Navin,Range,Senior Engineer
406240,Vishu,Sidhu,Senior Staff
406242,Chanjung,Beidas,Senior Engineer
406243,Feiyu,Hiltgen,Senior Staff
406250,Kenroku,Wilharm,Senior Staff
406258,Adib,Skafidas,Senior Staff
406259,Shahid,Whitcomb,Senior Staff
406262,Basem,Baja,Engineer
406265,Zhiguo,Conde,Engineer
406267,Lorien,Biron,Senior Engineer
406269,Bangqing,Zastre,Senior Staff
406272,Valter,Syrotiuk,Engineer
406282,Gina,Delgrande,Senior Engineer
406287,Nevio,Gente,Senior Engineer
406289,Aral,Kuzuoka,Senior Staff
406290,Anestis,Comte,Staff
406292,Moti,Cyne,Senior Engineer
406293,Rosita,Gurbaxani,Senior Staff
406302,Chikako,Bennis,Staff
406304,Kauko,Francisci,Senior Staff
406305,Anneke,Birge,Engineer
406308,Lorien,Feldmann,Engineer
406310,Fuqing,Glowinski,Senior Engineer
406312,Yuping,Maginnis,Senior Engineer
406313,Mohan,Huxford,Engineer
406315,Aruna,Gluchowski,Senior Staff
406318,Hitomi,Gunderson,Senior Engineer
406325,Jeong,Kawashimo,Senior Engineer
406326,Godehard,Vieth,Senior Engineer
406330,Chenxi,Nyanchama,Engineer
406332,Shin,Katalagarianos,Senior Staff
406333,Niranjan,Felder,Senior Engineer
406336,Nishit,Heiserman,Senior Engineer
406337,Manton,Servi,Staff
406343,Abdelkader,Ecklund,Senior Engineer
406344,Seshu,Grabner,Senior Engineer
406346,Foong,Azumi,Senior Engineer
406348,Zengping,Bugaenko,Senior Engineer
406349,Neelam,Schrift,Senior Engineer
406350,Susumu,Luon,Senior Staff
406354,Halsur,Anguita,Staff
406356,Otmar,Fujisaki,Senior Engineer
406369,Yongmao,Diderrich,Engineer
406374,Baruch,Pramanik,Senior Staff
406376,Weiru,Schaaf,Senior Staff
406378,Mong,Azumi,Engineer
406379,Sivanarayana,Pettis,Staff
406380,Xiaobin,Cyne,Senior Engineer
406382,Leucio,Haraldson,Engineer
406384,Bernt,Bouloucos,Staff
406385,Insup,Gelosh,Senior Staff
406386,Francoise,Quaggetto,Senior Engineer
406392,Wilmer,Zumaque,Engineer
406401,Hsiangchu,Bade,Engineer
406410,Sukumar,Rodiger,Senior Staff
406412,Sushant,Guerreiro,Staff
406414,Yonghoan,Cannard,Senior Engineer
406415,Khun,Krone,Senior Engineer
406416,Erez,Birsak,Senior Engineer
406420,Gaetan,Thummel,Senior Engineer
406422,Udo,Rikino,Senior Staff
406423,Margo,Tsukune,Senior Staff
406428,Subir,Otillio,Technique Leader
406431,Mayumi,Sgarro,Senior Staff
406433,Gay,Gill,Senior Engineer
406436,Ugo,Leonhardt,Engineer
406439,Bedir,Usery,Senior Staff
406440,Moty,Parveen,Staff
406444,Eberhardt,Vickson,Senior Engineer
406445,Suzette,Ermel,Senior Engineer
406452,Jiang,Shumilov,Senior Engineer
406454,Dhritiman,Melter,Senior Staff
406455,Danny,Gente,Staff
406457,Kwun,Farrag,Senior Engineer
406459,Premal,Plumb,Engineer
406472,Susanna,Baik,Senior Staff
406473,Leni,Wiegley,Technique Leader
406478,Heeju,Trachtenberg,Staff
406482,Maja,Coors,Technique Leader
406484,Domenico,Rattan,Senior Engineer
406486,Renny,Heuser,Senior Staff
406491,Soenke,Ohori,Technique Leader
406493,Krassimir,Shackell,Senior Engineer
406494,Arlette,Uludag,Assistant Engineer
406495,Pintsang,Bernardeschi,Senior Engineer
406496,Yakkov,Backhouse,Staff
406501,Ziya,Peres,Senior Staff
406506,Sukumar,Smeets,Senior Staff
406508,Morrie,Brendel,Senior Engineer
406509,Koichi,Leivant,Senior Staff
406511,Volkmar,Cappelli,Senior Staff
406516,Juyoung,Lamba,Senior Staff
406518,Horward,Baaleh,Senior Engineer
406521,Lunjin,Zongker,Senior Engineer
406526,Kolar,Murthy,Senior Engineer
406530,Khalil,Broder,Technique Leader
406532,Giao,Isaak,Senior Engineer
406535,Shawna,Beerel,Senior Engineer
406539,Masamitsu,Porotnikoff,Senior Engineer
406552,Erez,Foote,Senior Staff
406555,Yahiko,Levergood,Staff
406556,Remmert,Peot,Senior Staff
406558,Abdelaziz,Grabner,Assistant Engineer
406559,Amabile,Huxford,Engineer
406561,Sigeru,Chinin,Senior Engineer
406563,Heeju,Avouris,Staff
406567,Maja,Garnier,Senior Engineer
406569,Shmuel,Underwood,Senior Engineer
406571,Mrinalini,Lorin,Senior Staff
406574,Elvis,Billawala,Senior Engineer
406577,Weicheng,Rosen,Staff
406579,Ingemar,Stafford,Senior Staff
406582,Yechezkel,Bultermann,Engineer
406583,Doohun,Kavraki,Engineer
406586,Satoru,Muhlberg,Senior Engineer
406587,Xuejia,Anick,Staff
406588,Arto,Ozeki,Senior Engineer
406589,Jinpo,Schapiro,Senior Engineer
406607,Jiann,Bernini,Staff
406608,Tomoyuki,Spataro,Engineer
406611,Rafols,Vrecion,Senior Engineer
406612,Goetz,Ruther,Senior Staff
406614,Arch,Lorys,Senior Staff
406616,Yagil,Seuren,Senior Engineer
406622,Duri,Pollock,Senior Engineer
406625,Aron,Vesna,Senior Staff
406626,Pintsang,Couchot,Staff
406628,Toshimi,Lores,Senior Engineer
406631,Yuguang,Gulik,Technique Leader
406632,Padma,Michaels,Senior Engineer
406634,Gladys,DeMori,Senior Engineer
406637,Florina,Alameldin,Technique Leader
406644,Jordanka,Giveon,Senior Engineer
406645,Fan,Ouhyoung,Staff
406653,Dulce,Showalter,Assistant Engineer
406655,Pranav,Wegerle,Senior Engineer
406659,Chirstian,Luon,Senior Engineer
406661,Ingemar,Solares,Engineer
406665,Tua,Kusakari,Senior Engineer
406670,Zissis,Gluchowski,Senior Engineer
406671,Chiradeep,Redmiles,Engineer
406672,Rosella,Demos,Senior Engineer
406676,Yakichi,Zeleznik,Engineer
406677,Subhada,Shrader,Staff
406684,Bernice,Gyorkos,Engineer
406697,Kayoko,Thorelli,Senior Staff
406698,Zongyan,Homond,Engineer
406701,Rayond,Takkinen,Senior Staff
406703,Foong,Cherinka,Senior Engineer
406713,Zhonghua,Peha,Senior Engineer
406715,Janche,Falco,Staff
406716,Pasqua,Isaak,Senior Engineer
406722,Licheng,Mapelli,Staff
406726,Shahab,Riexinger,Engineer
406730,Kankanahalli,Milicia,Senior Staff
406733,Stepehn,Mawatari,Senior Staff
406734,Shaibal,Kranzdorf,Senior Engineer
406736,Sadun,Erman,Senior Staff
406737,Arunachalam,Rassart,Senior Engineer
406739,Demin,Baby,Senior Engineer
406744,Tomoyuki,Heuser,Senior Engineer
406747,Huiqun,Birke,Senior Staff
406748,Douadi,Samarati,Senior Staff
406752,Masaru,Antonakopoulos,Senior Staff
406757,Shir,Krychniak,Staff
406758,Nevio,Brandsma,Senior Staff
406766,Zengping,Gulik,Engineer
406767,Ulises,Grabner,Senior Engineer
406768,Fumiko,Montresor,Senior Engineer
406776,Thodoros,Ambroszkiewicz,Senior Engineer
406779,Yagil,Mandelberg,Senior Staff
406785,Becky,Meszaros,Senior Staff
406786,Magy,Pews,Engineer
406790,Gurbir,Sewelson,Senior Staff
406793,Youjian,Ghemri,Senior Staff
406803,Takanari,Baba,Technique Leader
406804,Jackson,Thebaut,Engineer
406806,Shichao,Plavsic,Engineer
406812,Sanjeeva,Berztiss,Engineer
406813,Kwun,Kroft,Engineer
406819,Anestis,Itzigehl,Senior Engineer
406827,Remko,Greenaway,Senior Engineer
406831,Mototsugu,Gilg,Senior Staff
406833,Aiichiro,Kobuchi,Senior Engineer
406841,Xuejia,Garnham,Senior Staff
406843,Troy,Pargaonkar,Technique Leader
406844,Shichao,Peir,Senior Staff
406846,Vatsa,Poujol,Senior Engineer
406853,Sachio,Couchot,Assistant Engineer
406854,Reinhold,Besancenot,Senior Engineer
406857,Mahmut,Kemmerer,Senior Engineer
406858,Sungwon,Couchot,Senior Engineer
406863,Claude,Comte,Senior Staff
406866,Bedir,Ellozy,Staff
406868,Noritoshi,Bratten,Staff
406871,Chuanyi,Karlin,Senior Engineer
406873,Alair,Yetto,Senior Staff
406878,Paddy,Demian,Staff
406881,Lucien,Walstra,Engineer
406884,Xiping,Peltason,Senior Staff
406887,Adamantios,Dahlbom,Staff
406888,Oddvar,Warwick,Senior Engineer
406890,Cathie,Menhoudj,Senior Engineer
406894,Giri,Curless,Senior Engineer
406896,Pantung,Schiettecatte,Engineer
406905,Ashish,Ramaiah,Senior Staff
406911,Zhiguo,Conia,Senior Staff
406915,Mingzeng,Marakhovsky,Technique Leader
406920,Byong,Laurillard,Senior Engineer
406922,Denis,Piazza,Senior Engineer
406929,Kwee,Czap,Senior Staff
406931,Divine,Shrader,Senior Engineer
406932,Hiroyasu,Mayerwieser,Senior Engineer
406935,Arunachalam,Jansen,Senior Engineer
406936,Gianluca,Rebaine,Senior Staff
406948,Shridhar,Lundstrom,Staff
406949,Rafael,Yoshizawa,Technique Leader
406950,Adas,Heering,Senior Staff
406957,Sangeeta,Rosin,Technique Leader
406960,Janalee,Wrigley,Senior Engineer
406973,Adly,Weedon,Senior Staff
406976,Fabrizio,Demri,Senior Staff
406977,Taegyun,Kroha,Senior Staff
406978,Alenka,Litecky,Engineer
406980,Jacopo,Panangaden,Senior Staff
406982,Giri,Schiettecatte,Senior Engineer
406983,Tua,Luke,Senior Staff
406984,TRUE,Pelz,Senior Engineer
406986,Horward,Prampolini,Senior Staff
406989,Goo,Mawatari,Technique Leader
406999,Jasminko,Srimani,Senior Engineer
407000,Iara,Undy,Senior Engineer
407002,Kenton,Peyn,Staff
407007,Bluma,Shobatake,Engineer
407008,Remzi,Piveteau,Senior Staff
407009,Nikolaos,Gerlach,Engineer
407011,Claude,Benner,Engineer
407013,Oldrich,Jiafu,Senior Engineer
407014,Behnaam,Dayang,Senior Engineer
407017,Herbert,Puoti,Senior Engineer
407026,Ishfaq,Bauknecht,Senior Engineer
407027,Bernardo,Karner,Senior Engineer
407028,Qingxiang,Hoogerwoord,Senior Staff
407030,Demos,Schmiedel,Engineer
407031,Arnd,Khalid,Staff
407037,Jingling,Luft,Engineer
407039,Juichirou,Chachaty,Senior Staff
407043,Hercules,Kushnir,Senior Engineer
407048,Sangeeta,Heering,Senior Engineer
407051,Mads,Azuma,Senior Engineer
407052,Babette,Perry,Senior Engineer
407063,Moni,Pietrzykowski,Staff
407065,Rosli,Perri,Staff
407071,Cordelia,Matheson,Senior Staff
407073,Rasikan,Pelc,Senior Staff
407076,Kish,Chartres,Senior Staff
407077,Denis,Bednarek,Senior Staff
407079,Kerryn,Ranum,Senior Engineer
407081,Heeju,Swift,Technique Leader
407088,Wonhee,Ramalingam,Engineer
407091,Magy,Conde,Staff
407092,Maren,Clemencon,Staff
407093,Mohammed,Suwa,Senior Staff
407098,Aamod,Marakhovsky,Staff
407103,Falguni,Sidou,Senior Engineer
407106,Yonghoan,Koblick,Senior Engineer
407110,Weiyi,Backhouse,Staff
407116,Bokyung,Lorho,Staff
407117,Tayeb,Guting,Engineer
407125,Gila,Taneja,Senior Staff
407130,Yuriy,Birke,Engineer
407131,Mihalis,Rijckaert,Senior Engineer
407132,Chenye,Parascandalo,Senior Staff
407133,Terresa,Benzmuller,Engineer
407136,Pasqua,Cardazo,Senior Staff
407137,Elliott,Morrey,Senior Staff
407142,Augustine,Bolotov,Engineer
407148,Oguz,Chenoweth,Engineer
407149,Dante,Morrey,Senior Staff
407151,Gopalakrishnan,Murtha,Engineer
407153,Sakthirel,Rosaz,Senior Engineer
407154,Ung,Hegner,Senior Staff
407157,Xinyu,Taneja,Engineer
407162,Lech,Sridhar,Senior Staff
407163,Suebskul,Ranka,Senior Engineer
407164,Kristof,Klyachko,Engineer
407171,Uzi,Azulay,Staff
407173,Steve,Potthoff,Staff
407176,Filipp,Ertl,Senior Staff
407178,Yucai,Vural,Engineer
407182,Gill,Emiris,Engineer
407183,Chinho,Cesareni,Technique Leader
407185,Xinyu,Christianini,Senior Engineer
407187,Valeska,Pollacia,Staff
407191,Itzchak,Bolotov,Senior Staff
407192,Mizuhito,Figueira,Senior Engineer
407198,Juichirou,Speek,Senior Engineer
407199,Wonhee,Lipner,Engineer
407200,Nevin,Ligten,Senior Staff
407201,Byong,Zirintsis,Staff
407204,Shuichi,Feinberg,Senior Engineer
407205,Kyoichi,Guenter,Staff
407207,Saniya,Pesch,Senior Engineer
407209,Ramachenga,Seghrouchni,Staff
407212,Surveyors,Danecki,Senior Staff
407219,Ramachenga,Eldridge,Senior Engineer
407223,Mandell,Zallocco,Technique Leader
407227,Inderjeet,Gyimothy,Engineer
407229,Narain,Ballarin,Senior Engineer
407233,Chenye,Basagni,Senior Staff
407238,Kokou,Chaudhury,Assistant Engineer
407240,Khue,Bach,Staff
407251,Leucio,Garnier,Staff
407252,Jasminko,Chimia,Senior Engineer
407253,Kristina,DuBourdieux,Senior Staff
407256,Tristan,Sherertz,Senior Engineer
407258,Jasminko,Shackel,Senior Engineer
407260,Kiam,Baak,Senior Staff
407265,Weidon,Cooley,Engineer
407270,Stevo,Furudate,Staff
407271,Siddarth,Socorro,Senior Engineer
407273,Ottavia,Imataki,Senior Staff
407274,Alejandra,Merel,Senior Staff
407279,Tran,Ibel,Senior Staff
407281,Saniya,Peres,Senior Staff
407286,Hironoby,Smailagic,Staff
407287,Krisda,Zirintsis,Technique Leader
407299,Flemming,Poulakidas,Senior Staff
407300,Arlette,Karner,Staff
407302,Jeane,Demian,Senior Staff
407304,Jeong,Valette,Senior Staff
407305,Mechthild,Hofmeyr,Staff
407315,Ulf,Peek,Senior Staff
407324,Tse,Schwabacher,Senior Engineer
407326,Jiafu,Spataro,Senior Staff
407327,Zdislav,Kaelbling,Engineer
407335,Niteen,Krychniak,Engineer
407336,Shahid,Janocha,Technique Leader
407338,Erzsebet,Zaiane,Senior Staff
407339,Adamantios,Kranzdorf,Senior Engineer
407341,Jaewoo,Ghazalie,Engineer
407348,Chenye,Shigei,Senior Staff
407350,Shigeu,Chinin,Assistant Engineer
407358,Yongqiao,Bratten,Senior Engineer
407359,Suvo,Baezner,Senior Engineer
407368,Morris,Garnick,Senior Staff
407374,Ziva,Hellwagner,Engineer
407375,Gift,Landherr,Engineer
407376,Goncalo,Boudaillier,Senior Staff
407382,Moon,Sadowsky,Staff
407384,Bernardo,Dredge,Senior Staff
407385,Fumitaka,Silva,Engineer
407389,Garnet,Fordan,Senior Engineer
407390,Jacqueline,Greibach,Senior Staff
407392,Erzsebet,Narahara,Engineer
407393,Shigeo,Conta,Senior Engineer
407398,Uwe,Azuma,Senior Staff
407402,Foong,Shiratori,Engineer
407409,Huai,Brizzi,Staff
407411,Shaowei,Baby,Senior Engineer
407413,Filipe,Driscoll,Senior Engineer
407414,Ranan,Swab,Senior Staff
407415,Nathalie,Kowalchuk,Senior Engineer
407418,Khaled,Varman,Senior Staff
407419,Xiahua,Pietracaprina,Senior Staff
407421,Shigehito,Penn,Senior Engineer
407424,Sastry,Hoppenstand,Technique Leader
407425,Harngdar,Setiz,Engineer
407426,Tokuyasu,Mondadori,Staff
407433,Pintsang,Tyugu,Staff
407435,Fumiya,Ellozy,Senior Engineer
407437,Mabo,Farrag,Senior Staff
407438,Sadok,Kusalik,Engineer
407451,Sorina,Ponthieu,Engineer
407452,Hinrich,Botman,Staff
407454,Masato,Braccini,Senior Engineer
407455,Shai,Hagimont,Engineer
407456,Heekeun,Haraldson,Senior Staff
407460,Guiseppe,Morris,Staff
407467,Kiyotoshi,Huxford,Senior Staff
407468,Yurii,Ozeri,Senior Staff
407472,Souichi,Lorin,Engineer
407478,Adhemar,Capobianchi,Engineer
407481,Kshitij,Bellmore,Senior Staff
407487,Aloys,Frezza,Engineer
407493,Xiaoqiu,Heystek,Engineer
407495,Leni,Krupka,Senior Staff
407497,Utpal,Gecsei,Senior Engineer
407499,Suebskul,Schapire,Senior Engineer
407503,Reuven,Radivojevic,Senior Staff
407504,Shigehiro,Levasseur,Senior Staff
407506,Shigehito,Encarnacion,Senior Engineer
407507,Xiaopeng,Peyn,Senior Engineer
407517,Shuichi,Luby,Senior Staff
407518,Shirish,McAlpine,Senior Staff
407519,Kazuhira,Vickson,Engineer
407528,Seshu,Perin,Senior Staff
407531,Shichao,Portugali,Senior Engineer
407535,Shuichi,Baaleh,Senior Engineer
407537,Fumiya,Walston,Senior Engineer
407544,Zhilian,Lund,Senior Engineer
407545,Elliott,Danlos,Senior Engineer
407551,Apostol,Fortenbacher,Technique Leader
407553,Berthier,Hmelo,Senior Engineer
407554,Breannda,Ariola,Senior Staff
407556,Shushma,Lieblein,Senior Engineer
407558,Ayakannu,Hammerschmidt,Senior Engineer
407559,Hironoby,Adachi,Senior Staff
407561,Suzette,Luan,Engineer
407562,Bodh,Budinsky,Senior Staff
407565,Shuky,Backhouse,Senior Staff
407567,Gully,Tramer,Staff
407570,Somnath,Makinen,Staff
407573,Lihong,Peng,Senior Staff
407582,Mansur,Gimbel,Assistant Engineer
407583,Chenye,Reinhard,Senior Staff
407587,Denny,Jiafu,Senior Staff
407590,Amabile,Schaft,Senior Engineer
407591,Subhrajyoti,Veldwijk,Engineer
407594,Carrsten,Cannard,Senior Staff
407595,Hideo,Lowrie,Staff
407598,Remmert,Matheson,Senior Staff
407599,Nakhoon,Aumann,Staff
407601,Hyuncheol,Ghelli,Staff
407603,Fan,Kawashima,Senior Staff
407609,Gil,Kilgour,Engineer
407611,Utz,Uhrig,Senior Engineer
407613,Vitali,Rosenbaum,Staff
407614,Ipke,Stasinski,Staff
407626,Hercules,Szilard,Engineer
407634,Baziley,Molenaar,Senior Staff
407636,Fumino,Dulay,Senior Staff
407640,Uta,DuCasse,Senior Engineer
407642,Jiakeng,Oberman,Senior Engineer
407643,Arunachalam,Alpay,Staff
407644,Constantine,Rattan,Engineer
407646,Naftali,Kandlur,Engineer
407648,Neelam,Reinhard,Senior Staff
407649,Uriel,Waeselynck,Senior Staff
407650,Limsoon,Denis,Senior Engineer
407653,Hitomi,Baezner,Senior Staff
407654,Shaowei,Ghemri,Staff
407655,Subir,Vendrig,Senior Engineer
407659,Remko,Swiler,Senior Engineer
407671,Achilleas,Lanteri,Technique Leader
407673,Nadjib,McClure,Engineer
407681,Ibibia,Bakhtari,Senior Engineer
407685,Fayez,Schade,Senior Staff
407691,Rosalie,Swab,Senior Engineer
407693,Udi,Busillo,Senior Staff
407696,Zongyan,Denos,Engineer
407697,Barun,Hiroyama,Engineer
407698,Kien,Georg,Engineer
407701,Baoqiu,Rouquie,Senior Staff
407703,Przemyslawa,Rando,Senior Engineer
407705,Gladys,Landherr,Technique Leader
407710,Yuqun,Luiz,Senior Staff
407715,Arup,Murtafg,Senior Engineer
407724,Bogdan,Kambil,Senior Staff
407725,Chenxi,Skogmar,Senior Engineer
407728,Danae,Auyong,Senior Staff
407730,Marlo,Vilarrasa,Senior Staff
407732,Yefim,Marsiglia,Senior Staff
407733,Susumu,Valtorta,Senior Engineer
407737,Mingzeng,Mundy,Senior Engineer
407744,Gen,Fioravanti,Technique Leader
407745,Kensei,Strooper,Senior Engineer
407746,Jovan,Gilg,Staff
407749,Limsoon,Jahnichen,Senior Engineer
407754,Fun,Ranft,Staff
407761,Odysseas,Birdsall,Staff
407766,Yoshinari,Schmittgen,Senior Staff
407768,Chinya,Lortz,Senior Staff
407770,Jackson,Szilard,Engineer
407775,Khedija,Waeselynck,Engineer
407778,Serif,Moffat,Senior Engineer
407779,Sigeru,Delgrossi,Staff
407781,Masako,Guting,Senior Staff
407783,Ranan,Valette,Engineer
407786,Yechiam,Roohalamini,Engineer
407789,Sachio,Poulakidas,Senior Staff
407791,Berto,Chappelet,Senior Staff
407796,Dietrich,Ramamoorthy,Senior Staff
407799,Hausi,Xiaoshan,Senior Engineer
407802,Sadun,Zedlitz,Senior Engineer
407803,Khatoun,Chaudhury,Senior Staff
407804,Gopalakrishnan,Wallrath,Senior Staff
407807,Udi,Sanella,Senior Engineer
407809,JoAnne,Suri,Senior Engineer
407810,Guozhong,Nastansky,Senior Staff
407817,Fai,Zobel,Senior Staff
407820,DeForest,Bale,Senior Engineer
407821,Mabo,Famili,Senior Staff
407822,Manohar,Birch,Staff
407823,Shietung,Kornatzky,Senior Staff
407824,Sreekrishna,Kalsbeek,Senior Engineer
407827,Kannan,Steinauer,Senior Staff
407828,Xinglin,Sundgren,Staff
407831,Thodoros,Lupu,Staff
407832,Val,McClure,Staff
407833,Pranav,Kavanagh,Engineer
407835,Leah,Lampe,Senior Staff
407845,Jinya,Rosin,Engineer
407846,Laurentiu,Muniz,Senior Engineer
407860,Yannis,Hartvigsen,Engineer
407861,Bodh,Birta,Senior Staff
407863,Ramzi,Boyle,Staff
407866,Yaghout,Strooper,Senior Engineer
407867,Sanjay,Pappas,Senior Engineer
407873,Guther,Staudhammer,Staff
407879,Jingling,Spell,Technique Leader
407882,Duke,Kilgore,Engineer
407886,Shmuel,Riexinger,Senior Staff
407895,Godehard,Chaudhury,Senior Engineer
407896,Shai,Staudhammer,Senior Engineer
407901,Keung,Gilg,Senior Staff
407903,Yurij,Piazza,Engineer
407906,Fatemeh,Androutsos,Staff
407908,Koldo,Itzigehl,Engineer
407912,Hugh,Kornyak,Engineer
407913,Jiann,Sidje,Engineer
407914,Jayson,Swift,Senior Staff
407915,Mototsugu,Scharstein,Senior Staff
407916,Claude,Fabrizio,Senior Engineer
407919,Val,Schlumberger,Senior Engineer
407926,Abdulah,Pusterhofer,Staff
407928,Szabolcs,Bellone,Senior Staff
407930,Alair,Kirkerud,Senior Engineer
407937,Sungwon,Akaboshi,Senior Staff
407949,Niranjan,Buchter,Senior Engineer
407951,Youngkon,Olano,Senior Staff
407956,Yonghong,Kawashima,Senior Staff
407964,Zdislav,Pelz,Technique Leader
407965,Munehiro,Unno,Senior Staff
407967,Tamiya,Simkin,Senior Engineer
407970,Sangeeta,Barbanera,Senior Engineer
407972,Sachar,Huxford,Senior Engineer
407980,Gopalakrishnan,Munos,Staff
407983,Khun,Plotkin,Senior Engineer
407984,Chrisa,Gien,Senior Engineer
407985,Doohun,Tomescu,Engineer
407986,Fan,Sgarro,Senior Engineer
407987,Khoa,Rindone,Senior Engineer
407989,Radhakrishnan,Pappas,Senior Engineer
407990,Atilio,Schlegelmilch,Senior Staff
407991,Marco,Redmiles,Senior Staff
407993,Kensei,Ibel,Senior Engineer
407998,Yonghong,Tsukune,Technique Leader
407999,Kazuhiko,Pappas,Senior Staff
408004,Cordelia,Nitsche,Senior Engineer
408005,Kristian,Binkley,Staff
408006,Hinrich,Gniady,Assistant Engineer
408011,Vidar,Pashtan,Senior Staff
408014,Tuval,Janetzko,Engineer
408017,Zhenbing,Krzyzanowski,Engineer
408020,JoAnne,Winter,Staff
408023,Jovan,Henders,Assistant Engineer
408030,Kiyokazu,Vitiello,Engineer
408031,Lakshmi,Kavanagh,Engineer
408032,Cheong,Lorho,Senior Engineer
408034,Brendon,Brendel,Senior Engineer
408040,Kwan,Setiz,Senior Engineer
408043,Selwyn,Uhrig,Engineer
408047,Heeju,Ebeling,Staff
408048,Koichi,Leivant,Engineer
408050,Heejo,Veeraraghavan,Senior Staff
408058,Basant,Murthy,Senior Staff
408064,Kerryn,Kinley,Senior Staff
408071,Kazuhisa,Ghazalie,Staff
408074,Marco,Khasidashvili,Senior Staff
408080,Pranas,Ladret,Senior Engineer
408081,Zhilian,Hasenauer,Senior Staff
408085,Cheong,Veevers,Senior Engineer
408086,Tonia,Velardi,Senior Engineer
408091,Yongmao,Loncour,Senior Staff
408096,Irene,Piveteau,Staff
408098,Bingning,Luff,Staff
408101,Arno,Takanami,Technique Leader
408106,Nadjib,Minakawa,Engineer
408109,Chriss,Heering,Senior Engineer
408110,Doowon,Mellouli,Senior Engineer
408112,Val,Aseltine,Assistant Engineer
408113,Lidong,Gips,Senior Engineer
408117,Yifei,Suermann,Engineer
408120,Abdelkader,Tchuente,Senior Engineer
408124,Dannz,Lipner,Senior Engineer
408125,Laurentiu,Famili,Senior Staff
408127,Huican,Kobara,Engineer
408128,Berna,Puppe,Senior Staff
408129,Ortrud,Engelmann,Engineer
408130,Marko,Ozery,Senior Engineer
408131,Arne,Schach,Staff
408137,Sakthirel,Rousseau,Senior Engineer
408138,Sangeeta,Pashtan,Engineer
408140,Mario,Litvinov,Technique Leader
408144,Douadi,Anido,Senior Staff
408150,Stamatina,Kushnir,Senior Engineer
408151,Sanjai,Massonet,Engineer
408155,Gino,Validov,Senior Staff
408159,Luisa,Milicia,Staff
408162,Hisao,Garnier,Senior Staff
408164,Unal,Hofman,Staff
408167,Greger,Demizu,Senior Staff
408168,Hairong,Bressoud,Senior Engineer
408170,Marsal,Walstra,Senior Staff
408172,Rosli,Staudhammer,Engineer
408173,Flemming,Schiper,Senior Staff
408176,Heping,Perri,Senior Staff
408177,Jackson,Thebaut,Staff
408179,Tsuneo,Merle,Engineer
408181,Zhigen,Emden,Senior Staff
408183,Ziya,Liesche,Senior Staff
408187,Billur,dAstous,Senior Staff
408191,Tze,Gecseg,Engineer
408193,Youssef,Gimbel,Senior Engineer
408194,Patricio,Kawashima,Senior Engineer
408197,Dietrich,Zultner,Senior Staff
408203,Ramalingam,Uchoa,Senior Engineer
408204,Pranay,Garrabrants,Senior Staff
408205,Hongzhu,Goldhammer,Senior Staff
408208,Xuejia,Senzako,Senior Staff
408210,Rimli,Mitzlaff,Engineer
408212,Tomofumi,Potthoff,Engineer
408214,Eberhardt,Tchuente,Senior Staff
408215,Aruna,Matzat,Engineer
408216,Shridhar,Acton,Senior Staff
408217,Eben,Schneeberger,Senior Engineer
408220,Murthy,Ramsak,Assistant Engineer
408221,Gou,Sinicrope,Engineer
408225,Val,Liedekerke,Senior Engineer
408228,Valeska,Rosen,Senior Engineer
408229,Ung,Knightly,Technique Leader
408241,Moti,Preusig,Technique Leader
408247,Tamiya,Stenning,Senior Staff
408250,Sreekrishna,Ginneken,Senior Staff
408251,Christ,Erdmenger,Technique Leader
408254,Foong,Streng,Senior Staff
408256,Kersti,Lally,Engineer
408257,Moriyoshi,Rusterholz,Engineer
408259,Atilio,Bernardinello,Engineer
408263,Sashi,Menyhert,Senior Engineer
408267,Uri,Lieblein,Senior Engineer
408269,Jessie,Hebert,Senior Staff
408270,Zita,Gelosh,Senior Staff
408271,Huei,Magliocco,Staff
408272,Stabislas,Lanzelotte,Senior Staff
408277,Bokyung,Baez,Senior Staff
408278,Constantino,Simkin,Staff
408282,Baruch,Lamba,Staff
408283,Mohamadou,Birrer,Senior Staff
408284,Shigehito,Nitsche,Senior Staff
408285,Heejo,Gils,Engineer
408290,Torsten,Butner,Senior Engineer
408292,Odysseas,Antonisse,Technique Leader
408294,Khalil,Baek,Senior Staff
408296,Pasqua,Preusig,Senior Engineer
408297,Vesna,Gecseg,Engineer
408299,Hatsukazu,Litecky,Technique Leader
408301,Tianruo,Guenter,Engineer
408302,Isaac,Baezner,Engineer
408310,Shaowen,Lunn,Senior Staff
408311,Chaoyi,Serdy,Engineer
408314,Venkatesan,Collavizza,Senior Staff
408317,Roselyn,Unno,Senior Engineer
408318,Oscar,Kroon,Senior Staff
408324,Shigehito,Argence,Senior Staff
408328,Karlis,Melton,Senior Staff
408329,Djenana,Danley,Senior Staff
408330,Taisook,Molberg,Senior Staff
408331,Huiqun,Pleszkun,Technique Leader
408335,Lansing,Uhrig,Senior Staff
408339,Yolla,Seiwald,Senior Staff
408344,Xiong,Litecky,Senior Staff
408345,Sampalli,Bahl,Senior Staff
408347,Masamitsu,Emmart,Senior Staff
408348,Syozo,Zeilberger,Senior Staff
408354,Bowen,Pappas,Senior Staff
408359,Jeanna,Szmurlo,Senior Staff
408360,Jeane,Edelhoff,Senior Engineer
408363,Tsutomu,Gente,Senior Staff
408369,Bangqing,Rajala,Staff
408371,Felicidad,Nishimukai,Senior Staff
408374,Berna,Coors,Senior Engineer
408375,Frazer,Linares,Senior Staff
408391,Inderjeet,Gopalakrishnan,Senior Engineer
408394,Jianhua,Lichtman,Senior Staff
408395,Cullen,Shanbhogue,Senior Staff
408396,Karoline,Bondorf,Senior Staff
408397,Pranay,Ranon,Senior Engineer
408400,Guadalupe,Conte,Staff
408404,Boguslaw,Huttel,Engineer
408408,Ramzi,Jiafu,Senior Staff
408422,Mayuri,Whittlesey,Engineer
408425,Marke,Vieri,Senior Engineer
408429,Weicheng,Heinisuo,Senior Engineer
408433,Jianhui,Antonisse,Staff
408434,Xuejun,Snedden,Engineer
408441,Chaosheng,Conte,Staff
408450,TRUE,Lampe,Senior Engineer
408452,Toshimori,Valette,Engineer
408458,Bangqing,Snyers,Engineer
408463,Kolar,Bernatsky,Senior Staff
408464,Leandro,Dalphin,Engineer
408468,Uma,Demian,Staff
408470,Brendon,Schueller,Senior Engineer
408474,Rosli,Krohn,Senior Staff
408477,Navin,Lovengreen,Senior Engineer
408479,Elvia,Gente,Senior Engineer
408488,Navin,Edelhoff,Senior Staff
408496,Premsyl,Katiyar,Senior Staff
408498,Ottavia,Carrere,Senior Engineer
408501,Gen,Peir,Senior Engineer
408503,Paris,Hartvigsen,Senior Engineer
408504,Otmar,Versino,Senior Engineer
408512,Ferdinand,Rajcani,Senior Staff
408514,Temple,Schapiro,Senior Engineer
408517,Shen,Plump,Senior Staff
408523,Shan,Barreiro,Senior Engineer
408525,Vishu,Raczkowsky,Engineer
408526,Ronnie,Stamatiou,Senior Staff
408529,Arnould,Molenaar,Senior Engineer
408531,Sadun,Baca,Technique Leader
408536,Kotesh,Saoudi,Senior Staff
408543,Mingdong,Alencar,Senior Engineer
408551,Abdulah,Schiper,Senior Staff
408552,Holgard,Trumbly,Engineer
408556,Kankanahalli,Farrar,Senior Engineer
408557,Anwar,Reinhart,Senior Engineer
408560,Gennadi,Gimarc,Staff
408563,Ayakannu,Kakkad,Engineer
408564,Tomofumi,Syrotiuk,Senior Engineer
408571,Suebskul,Sinitsyn,Senior Staff
408574,Martina,Pehl,Technique Leader
408577,Ibibia,Schwabacher,Senior Staff
408581,Marek,Delgrossi,Engineer
408582,Rosli,Clemencon,Staff
408589,Chikako,Pietrzykowski,Senior Engineer
408591,Lorien,Pouyioutas,Senior Engineer
408592,Neelam,Itzigehl,Engineer
408594,Pranas,Huhdanpaa,Engineer
408595,Giri,Fujisawa,Senior Engineer
408604,Girolamo,Emmerich,Staff
408607,Irena,Taubenfeld,Senior Staff
408608,Hyuncheol,Skafidas,Senior Staff
408613,Mart,Angelov,Senior Engineer
408614,Aloke,Szilard,Engineer
408615,Alenka,Koshiba,Technique Leader
408621,Masaru,Jiang,Senior Staff
408626,Jianhua,Swan,Senior Engineer
408628,Huei,Kalefeld,Staff
408629,Conor,Jayawardene,Senior Staff
408633,Toshimori,Dratva,Senior Staff
408640,Temple,Comellas,Senior Engineer
408642,Yahiko,Begiun,Senior Engineer
408644,Jaideep,Otillio,Senior Staff
408657,Suvo,Argence,Senior Engineer
408658,Divier,Millington,Senior Staff
408662,Rildo,Erva,Senior Engineer
408668,Jouni,Aseltine,Senior Staff
408669,Ramzi,Merkl,Senior Engineer
408672,Eran,Domenig,Staff
408676,Oksana,Boguraev,Staff
408680,Nathan,Picaronny,Engineer
408684,Juyoung,Sooriamurthi,Engineer
408690,Vidya,Terekhov,Technique Leader
408692,Rayond,Zirintsis,Senior Staff
408697,Duangkaew,Langford,Senior Engineer
408704,Zissis,Randi,Senior Staff
408708,Randy,Unni,Staff
408712,Paddy,Perko,Staff
408716,LiMin,Mandelberg,Senior Staff
408721,Moss,Bottner,Senior Staff
408725,Mizuhito,Scharstein,Technique Leader
408729,Yishai,Hofman,Senior Engineer
408731,Jeanne,Quadeer,Senior Engineer
408732,Shaleah,Mullainathan,Senior Engineer
408735,Mayuko,Zhang,Senior Staff
408736,Junsik,Poehlman,Senior Staff
408737,Leen,Aamodt,Senior Staff
408742,Janalee,Aumann,Engineer
408744,Shahar,Benantar,Staff
408752,Kristinn,Teitelbaum,Senior Engineer
408753,Marl,Herbst,Senior Engineer
408755,Yuuichi,Bazzichi,Staff
408757,Becky,Trystram,Senior Staff
408760,King,Gulla,Assistant Engineer
408763,Kerryn,Tzvieli,Senior Engineer
408764,Odinaldo,Xiaoshan,Senior Staff
408771,Chanjung,Munro,Senior Staff
408773,Peer,Asser,Engineer
408775,Dayanand,Majewski,Senior Staff
408778,Qunsheng,Peltason,Assistant Engineer
408781,Gladys,Gecsel,Staff
408788,Feiyu,Cannard,Staff
408795,Martine,Falco,Senior Engineer
408804,Indrajit,Miculan,Senior Engineer
408807,Hsiangchu,Tanemo,Senior Staff
408808,Nikolaos,Birrer,Technique Leader
408814,Utz,Kropp,Staff
408818,Bingning,Coorg,Staff
408820,Masanao,Bisiani,Senior Staff
408822,Baziley,Farrag,Senior Staff
408825,Alair,Nitta,Engineer
408827,Dhritiman,Worfolk,Engineer
408831,Ayonca,Pokrovskii,Engineer
408833,Guther,Porenta,Engineer
408834,Amstein,Ermel,Senior Staff
408842,Masami,Hartvigsen,Senior Engineer
408846,Ebbe,Boguraev,Engineer
408852,Karsten,Lukaszewicz,Staff
408857,Boutros,Stanger,Senior Staff
408858,Vojin,Conia,Senior Engineer
408861,Akeel,Moffat,Engineer
408867,Renee,Gente,Senior Staff
408868,Tuval,Milicic,Senior Staff
408870,Duke,Molenkamp,Engineer
408874,Badri,Kemmerer,Senior Staff
408875,Richara,Nergos,Assistant Engineer
408879,Chiradeep,Constantine,Technique Leader
408881,Christophe,Aloia,Senior Engineer
408885,Dulce,Bellone,Technique Leader
408886,Boguslaw,Erni,Senior Staff
408892,Nitsan,Rosar,Staff
408893,Chuanti,Kuzuoka,Senior Engineer
408897,Seongbin,Klassen,Engineer
408901,Ashish,Desikan,Senior Engineer
408904,Fabrizio,Karner,Senior Engineer
408905,Gianluca,Brlek,Technique Leader
408914,Ennio,Delgrande,Senior Staff
408916,Aiman,Gils,Engineer
408920,Ulf,Setia,Senior Staff
408922,Bernardo,Gulak,Senior Engineer
408925,Takahito,Kemmerer,Senior Engineer
408926,Barton,Constantine,Engineer
408928,Kristinn,Erman,Senior Staff
408934,Moni,Deyuan,Senior Engineer
408935,Nagui,Lortz,Engineer
408936,Jenwei,Hofting,Senior Engineer
408938,Along,Klerer,Engineer
408942,Martine,Brizzi,Staff
408944,Tsz,Milicic,Engineer
408946,Christophe,Openshaw,Senior Engineer
408947,Gurbir,Domenig,Assistant Engineer
408948,Arve,Munoz,Senior Engineer
408954,Tomofumi,Kenevan,Senior Engineer
408955,Soenke,Bage,Engineer
408956,Claudi,Zlotek,Senior Staff
408959,Richard,Linnainmaa,Senior Staff
408962,Filipp,Maierhofer,Engineer
408965,Thanasis,Penn,Senior Engineer
408967,Prasadram,Gomatam,Senior Engineer
408968,Mabhin,Isard,Senior Staff
408971,Premal,Kilgore,Senior Engineer
408972,Zeljko,Tetzlaff,Senior Engineer
408974,Jouko,Fasbender,Staff
408976,Tooru,Plumb,Engineer
408980,Murthy,Rosiles,Senior Staff
408981,Toong,Schahn,Staff
408986,Yannik,Kilgour,Senior Engineer
408987,Taizo,Trachtenberg,Engineer
408989,Huei,Heyers,Senior Engineer
408990,Weijing,Mikschl,Senior Staff
408991,Abdelghani,Shanbhogue,Senior Staff
408994,Shimshon,Assaf,Senior Staff
408995,Sungwon,Muhlberg,Staff
409001,Randi,Orlowski,Senior Staff
409002,Takahira,Ladret,Senior Staff
409005,Yishay,Gustavson,Senior Engineer
409011,Ramya,Morton,Senior Staff
409012,Krister,Griswold,Senior Staff
409017,Hinrich,Bultermann,Senior Engineer
409019,Chuanyi,Heiserman,Staff
409020,Zeljko,Belinskaya,Engineer
409021,Francesca,Junet,Technique Leader
409028,Steve,Hebden,Senior Staff
409029,Chinya,Perry,Senior Engineer
409035,Gad,Vadhan,Engineer
409036,Fumiyo,Schusler,Engineer
409037,Alain,Pargaonkar,Senior Engineer
409039,Sergi,Smeets,Senior Staff
409040,Mayuko,Pardalos,Staff
409042,Apostol,Ishibashi,Senior Staff
409045,Elvis,Wynblatt,Staff
409046,Arco,Heijenga,Technique Leader
409047,Alejandra,Einsfeld,Technique Leader
409048,Keung,Carrere,Senior Engineer
409050,Jeanne,Szilard,Senior Staff
409052,Ute,Dichev,Technique Leader
409053,Hsiangchu,Choobineh,Engineer
409061,Alexius,Rosin,Senior Staff
409068,Yoshimitsu,Lichtman,Senior Staff
409069,Fan,Papsdorf,Technique Leader
409071,Takushi,Isaak,Engineer
409072,Vatsa,Kroha,Senior Engineer
409073,Rosella,Underwood,Senior Staff
409084,Ugo,Muhlberg,Senior Engineer
409086,Percy,Eugenio,Senior Staff
409087,Mahendra,Spataro,Engineer
409091,Teiji,Magalhaes,Senior Engineer
409099,Debatosh,Schusler,Assistant Engineer
409100,Khatoun,Eastman,Senior Staff
409104,Holgard,Nivat,Technique Leader
409105,Munenori,Kinley,Senior Staff
409109,Xuedong,Parfitt,Staff
409117,Odysseas,Reeken,Senior Engineer
409118,Elvia,Wilharm,Staff
409120,Panayotis,Sifakis,Senior Staff
409121,Jaewon,Unno,Technique Leader
409122,Yishai,Vendrig,Senior Staff
409123,Abdelwaheb,Schaft,Senior Engineer
409130,Aleksander,Miyakawa,Senior Engineer
409136,Margo,Munch,Staff
409139,Xuejia,Nourani,Engineer
409144,Berto,Woycyznski,Staff
409145,Steve,Merey,Senior Engineer
409148,Wuxu,Auria,Senior Staff
409153,Arie,Backhouse,Senior Staff
409156,Parviz,Ruther,Senior Engineer
409157,IEEE,Schiper,Senior Engineer
409161,Fox,Ertl,Senior Engineer
409162,Nevio,Narwekar,Senior Staff
409167,Tommaso,Zschoche,Senior Staff
409168,Christophe,Raczkowsky,Senior Engineer
409173,Alois,Backhouse,Senior Engineer
409179,Sanjai,Vural,Engineer
409188,Xianlong,Bonifati,Senior Engineer
409196,Sudharsan,Kroll,Staff
409199,Shushma,Ballarin,Senior Engineer
409204,Pragnesh,Grabner,Staff
409210,Satoru,Pouyioutas,Senior Staff
409211,Vitali,Rosca,Staff
409212,Apostol,Ramsak,Engineer
409213,Gianluca,Rosch,Staff
409218,Tonia,Sadowski,Senior Staff
409219,Gen,Bail,Senior Engineer
409227,Vincent,Byoun,Senior Staff
409231,Conrado,Kaltofen,Assistant Engineer
409236,Wilmer,Cannane,Senior Engineer
409240,Moheb,Aloia,Senior Engineer
409244,Parviz,Chachaty,Staff
409253,Xuedong,Ambroszkiewicz,Senior Engineer
409254,Hironobu,Sethi,Engineer
409256,Zine,Herbst,Senior Engineer
409258,Behnaam,Ritzmann,Senior Staff
409261,Heping,Cronin,Engineer
409263,Kwun,Gulik,Senior Engineer
409267,Zijian,Roisin,Senior Engineer
409271,Anyuan,Falby,Senior Engineer
409274,Jacqueline,Carrera,Staff
409280,Hilari,Angel,Senior Staff
409285,Bernt,Schiper,Senior Staff
409288,Geoff,Legleitner,Senior Staff
409293,Subhada,Bahl,Senior Engineer
409296,Suvo,Dahlbom,Engineer
409303,DeForest,Gulik,Senior Staff
409305,Make,Curless,Technique Leader
409308,Parke,Gips,Senior Engineer
409310,Sverrir,Lunt,Senior Engineer
409318,Souichi,Suri,Staff
409320,Leandro,Hofstetter,Engineer
409321,Kiyotoshi,Isaac,Senior Engineer
409324,Gilbert,Wilfing,Engineer
409326,Masali,Erie,Staff
409327,Uzi,Hebden,Senior Staff
409329,Ziyad,Hasenauer,Senior Engineer
409331,Filipp,Garnier,Engineer
409332,Mona,Quadeer,Engineer
409342,Kristian,Unni,Senior Staff
409347,Chandrasekaran,Jarecki,Technique Leader
409348,Chenyi,Blokdijk,Staff
409351,Mohan,Geffroy,Senior Engineer
409354,Angus,Brodie,Senior Staff
409360,Guangming,Lichtman,Engineer
409363,Amabile,Atchley,Senior Staff
409365,Anestis,Deverell,Senior Staff
409367,Foong,Laventhal,Staff
409371,Danny,Danley,Senior Engineer
409373,Adhemar,Motley,Senior Staff
409374,Vesna,Gischer,Senior Engineer
409375,Kwangyoen,Kabayashi,Technique Leader
409376,Petter,Morrey,Engineer
409379,Ayonca,Rathonyi,Senior Staff
409384,Gaurav,Kalorkoti,Staff
409385,Jolita,Speel,Staff
409387,Brendon,Waeselynck,Staff
409398,Gudjon,Jansch,Senior Engineer
409399,Make,Auria,Senior Staff
409406,Mario,Thambidurai,Senior Staff
409408,Hinrich,Jumpertz,Staff
409415,Chriss,Sommen,Senior Engineer
409423,Conrado,Spieker,Staff
409427,Ute,Uhrik,Senior Engineer
409428,Nechama,Paludetto,Engineer
409430,Weijing,Sambasivam,Assistant Engineer
409431,Lijia,Kobuchi,Senior Staff
409436,Aruna,Heinisuo,Staff
409440,Halsur,Picci,Senior Engineer
409443,Perry,Hutter,Senior Staff
409446,Honglan,Atchley,Senior Engineer
409447,Zita,Vieth,Senior Engineer
409448,Ziyad,Ananiadou,Senior Engineer
409450,Volkmar,Morrin,Senior Staff
409451,Sudhanshu,Eterovic,Senior Engineer
409454,Limsoon,Showalter,Staff
409456,Shigehiro,Navazio,Senior Staff
409457,Jordanka,Fargier,Staff
409459,Chinhyun,Simkin,Senior Engineer
409460,Aruna,Bojadziev,Senior Staff
409461,Shem,Peek,Senior Engineer
409462,Vatsa,Gils,Senior Staff
409463,Xiaoshan,Magalhaes,Senior Engineer
409466,Sailaja,Ramsay,Senior Engineer
409468,Nahum,Savasere,Senior Engineer
409470,Apostol,Vendrig,Engineer
409480,Mrinalini,Backhouse,Senior Staff
409481,Sakthirel,Brickell,Engineer
409482,Remco,Baig,Engineer
409483,Rosalyn,Hopewell,Senior Engineer
409485,Kenton,Pollacia,Senior Staff
409489,Akemi,Sridhar,Technique Leader
409490,Noritoshi,Selenyi,Senior Staff
409496,Dzung,Ranai,Technique Leader
409503,Karoline,Parveen,Senior Engineer
409507,Thodoros,Feinberg,Senior Staff
409508,Val,Kandlur,Senior Engineer
409517,Atilio,Nilsson,Senior Staff
409518,Duangkaew,Nitto,Engineer
409520,Zhigen,Conte,Senior Staff
409522,Gadiel,Cheshire,Engineer
409525,Kasturi,Borstler,Engineer
409527,Renny,Mukaidono,Senior Staff
409528,Odinaldo,Schauser,Engineer
409534,Tremaine,Besselaar,Senior Engineer
409539,Uma,Cooke,Senior Engineer
409544,Divine,Hegner,Senior Engineer
409547,Aksel,Lenart,Senior Staff
409551,Iara,Stentiford,Senior Staff
409553,Minghong,Portugali,Technique Leader
409555,Sanjai,Vandervoorde,Engineer
409557,Gila,Brendel,Senior Engineer
409559,Ibibia,Rosca,Senior Staff
409561,Shigehito,Ullian,Senior Staff
409562,Sachar,Luce,Senior Engineer
409563,Yongmin,Sidhu,Senior Engineer
409569,Tonia,Lorin,Senior Engineer
409571,Kamran,Falco,Engineer
409573,Alassane,Varley,Staff
409574,Mani,Reghbati,Senior Engineer
409584,Duke,Cooman,Technique Leader
409589,Kwangsub,Kusalik,Engineer
409590,Yurii,Zolotykh,Technique Leader
409595,Hatim,Cromarty,Senior Engineer
409602,Nikolaos,Constantine,Engineer
409603,Oksana,Hiroyama,Senior Staff
409607,Qiwen,Woycyznski,Senior Staff
409608,Hauke,Marchesini,Senior Staff
409616,Augustine,Rosenbaum,Senior Engineer
409618,Raimond,Shimshoni,Senior Staff
409620,Pascal,Auyong,Senior Staff
409624,Erzsebet,Porotnikoff,Engineer
409625,Serif,Lindenbaum,Engineer
409626,Danny,Picci,Senior Staff
409629,Vivian,Esteva,Staff
409633,Jaana,Kroon,Engineer
409635,Navin,Negoita,Senior Staff
409637,Arif,Syang,Senior Staff
409638,KayLiang,Barvinok,Senior Staff
409645,Remmert,Boguraev,Senior Staff
409648,Kenton,Mukaidono,Senior Engineer
409649,Heon,Kugler,Senior Staff
409650,Erzsebet,Murtha,Senior Staff
409652,Renee,Rehfuss,Senior Staff
409654,Jagoda,Buescher,Engineer
409655,Poornachandra,Bardell,Senior Staff
409656,Oksana,Krychniak,Engineer
409660,Raimond,Falby,Senior Staff
409665,Gennady,Bierman,Senior Staff
409668,Mariangiola,Brodal,Senior Engineer
409671,Domenico,Kornatzky,Senior Engineer
409673,Otilia,Reistad,Senior Engineer
409675,Jeanna,Lodder,Senior Engineer
409679,Sibyl,Bazelow,Assistant Engineer
409680,Atreyi,Rosti,Engineer
409685,Hausi,Brandsma,Senior Engineer
409686,Shay,Trumbly,Senior Engineer
409691,Yolla,Bojadziev,Technique Leader
409694,Chenye,Aloisi,Senior Engineer
409697,Rafols,Michaeli,Engineer
409705,Youpyo,Lanteri,Senior Staff
409711,Demin,Ritcey,Staff
409716,Boalin,Gonthier,Technique Leader
409717,Xiaoqiu,Zyda,Senior Engineer
409718,Brendon,Castellani,Staff
409726,Kyoichi,Makrucki,Senior Engineer
409731,Djenana,Ranft,Senior Engineer
409735,Aron,Azuma,Engineer
409738,Torsten,Hainaut,Senior Engineer
409742,Constantijn,Aseltine,Senior Staff
409745,Sanjit,Bazelow,Engineer
409751,Felicidad,Gluchowski,Senior Staff
409755,Kolar,Birch,Senior Engineer
409761,Nahid,Brattka,Senior Staff
409763,Pranay,Simmel,Senior Engineer
409765,Shietung,Bernardinello,Engineer
409766,Valery,Ducloy,Senior Staff
409767,Maja,Ruther,Senior Staff
409768,Goncalo,Glinert,Senior Engineer
409771,Nirmal,Gajiwala,Senior Engineer
409774,Miyeon,Alvarado,Senior Engineer
409777,Jenwei,Beerel,Staff
409780,Danny,Halevi,Staff
409781,Luisa,Ariola,Senior Staff
409782,Phillip,Hoogerwoord,Staff
409786,Serenella,Stasinski,Senior Engineer
409788,Takahito,Marrevee,Senior Staff
409791,Martial,Giarratana,Engineer
409793,Yakichi,Atchley,Senior Engineer
409795,Gift,Callaway,Senior Engineer
409799,Khoa,Plumb,Staff
409802,Xiadong,Lieberherr,Engineer
409809,Bangqing,Basart,Senior Engineer
409813,Tran,Hofting,Senior Engineer
409816,Kazuhiro,Trachtenberg,Senior Staff
409817,Arra,Lukaszewicz,Senior Engineer
409819,Gaetan,Pellegrinelli,Engineer
409820,Remzi,Zockler,Senior Staff
409822,Bedrich,Baik,Senior Engineer
409841,Dharmaraja,Brodal,Senior Staff
409846,Kamran,Cherinka,Technique Leader
409848,Lokesh,Bressoud,Senior Engineer
409849,Mountaz,Selvestrel,Senior Staff
409852,Ung,Mikschl,Senior Staff
409854,Basem,Rosaz,Staff
409861,Yagil,Prochazka,Senior Engineer
409864,Mabhin,Vieth,Engineer
409865,Woody,Ishibashi,Senior Engineer
409870,Mana,Keirsey,Engineer
409873,Taiji,Dayana,Technique Leader
409875,Suebskul,Raney,Senior Staff
409880,Tesuya,Kavraki,Senior Staff
409886,Shuji,Skogmar,Staff
409893,Fay,Cronan,Senior Engineer
409905,Ennio,Dayang,Engineer
409907,Vidar,Hammerschmidt,Senior Staff
409914,Achilleas,Ramsay,Senior Engineer
409918,Yinghua,Raney,Technique Leader
409920,Maya,Hofman,Engineer
409933,Alejandra,Nergos,Technique Leader
409935,Howell,Gronowski,Senior Engineer
409938,LiMin,Gonthier,Engineer
409942,Izaskun,Navazio,Senior Staff
409947,Ymte,Schwabacher,Senior Engineer
409948,Gad,Daescu,Technique Leader
409950,Weiyi,Morrey,Senior Engineer
409952,Shigenori,Hebden,Staff
409954,Leif,Azulay,Senior Staff
409957,Emran,Rathonyi,Technique Leader
409959,Maha,Gecsei,Senior Engineer
409967,Duri,Miculan,Senior Engineer
409972,Alois,Gewali,Staff
409975,Yakkov,Hennebert,Staff
409976,Basant,Emden,Senior Staff
409979,Ortrud,Leonhardt,Senior Staff
409983,Yinghua,Bach,Senior Staff
409984,Rosella,Cmelik,Staff
409989,Xiaobin,Beerel,Staff
409991,Yannis,Grospietsch,Staff
409995,Tomoyuki,Grospietsch,Senior Engineer
410004,Yuriy,Businaro,Senior Staff
410006,Huan,Nergos,Senior Engineer
410007,Gererd,Mikschl,Engineer
410009,Hausi,DuBourdieux,Senior Engineer
410011,Lunjin,Selvestrel,Senior Staff
410012,Gian,Cusworth,Senior Staff
410014,Kyoichi,Coombs,Staff
410017,Tiina,Marakhovsky,Engineer
410019,Demin,Sherertz,Senior Engineer
410020,Srinidhi,Loncour,Staff
410029,Martins,Lung,Senior Engineer
410036,Augustine,Asrin,Senior Engineer
410040,Jeane,Brobst,Engineer
410041,Danil,Wursthorn,Technique Leader
410042,Mona,Huxford,Staff
410043,Patricio,Mattern,Senior Engineer
410049,Shuichi,Kuzuoka,Senior Engineer
410052,Ramya,Shackell,Engineer
410054,Margo,Shigei,Senior Engineer
410057,Kristin,Kermarrec,Senior Staff
410061,Bouchung,Chinin,Senior Engineer
410062,Lucien,Syang,Senior Engineer
410063,Bilhanan,Willoner,Senior Engineer
410065,Shooichi,Comyn,Engineer
410070,Kensyu,Chappelet,Staff
410072,Valeska,Lorin,Senior Staff
410076,Spyrose,Shiratori,Staff
410081,Maria,Sewelson,Engineer
410083,Alassane,Gischer,Senior Staff
410084,Alexius,Pappas,Engineer
410085,Khaled,Zhang,Senior Engineer
410087,Zhigen,Maraist,Senior Engineer
410089,Yongqiao,Karnin,Staff
410091,Juichirou,Manderick,Senior Engineer
410095,Rafael,Hiraishi,Engineer
410098,Duke,Baek,Staff
410099,Sanjay,Bauknecht,Assistant Engineer
410101,Debaprosad,Yeung,Senior Engineer
410105,Guozhong,Hasenauer,Senior Engineer
410106,Ger,Mungall,Senior Staff
410107,Yishay,Ladret,Senior Engineer
410108,Unal,Ratzlaff,Senior Engineer
410117,Fumiyo,Beausoleil,Staff
410124,Froduald,Veccia,Senior Engineer
410126,Mari,Shobatake,Senior Staff
410129,Goetz,Ranst,Senior Staff
410134,Heon,Schwartzburd,Senior Engineer
410137,Seongbin,Murthy,Senior Staff
410138,Tooru,Viele,Engineer
410148,Alagu,Stanger,Senior Engineer
410156,Takushi,Chappelet,Senior Engineer
410159,Mansur,Gecseg,Senior Engineer
410160,Chandrasekaran,Kropf,Engineer
410161,Patricio,Jenevein,Senior Staff
410165,Licheng,Pews,Senior Staff
410177,Miyeon,Cromarty,Senior Engineer
410180,Idoia,Tsunoo,Senior Engineer
410182,Dinkar,Narlikar,Engineer
410184,Sandeepan,Mondadori,Senior Engineer
410188,Lijie,Koshino,Engineer
410189,Maren,Duclos,Senior Engineer
410201,Hein,Prenel,Senior Engineer
410205,Mrinalini,Ghazalie,Senior Staff
410208,Rildo,Beausoleil,Senior Staff
410211,Ramalingam,Takanami,Technique Leader
410214,Pradeep,Peot,Senior Staff
410216,Berthier,Thorensen,Senior Staff
410219,Takahira,Yoshizawa,Senior Staff
410220,Nahla,Milicic,Senior Engineer
410232,Marsal,Yeung,Senior Staff
410234,Adil,Knightly,Senior Engineer
410236,Guther,Fujisaki,Senior Engineer
410238,Giao,Pell,Senior Staff
410248,Maria,Keustermans,Senior Staff
410251,Nechama,Ossenbruggen,Senior Engineer
410253,Ugo,Lorho,Engineer
410255,Somnath,Anguita,Senior Staff
410259,Kellyn,Marquardt,Senior Engineer
410262,Tristan,Nergos,Senior Engineer
410265,Alper,Beausoleil,Staff
410271,Terresa,Rosar,Senior Engineer
410272,Sreenivas,Vernadat,Senior Staff
410273,Jianhao,Soloway,Technique Leader
410275,Joydip,Miara,Engineer
410276,Mack,Antonisse,Senior Staff
410285,Shir,Whittlesey,Senior Staff
410289,Chenxi,Range,Senior Engineer
410295,Shir,Akaboshi,Staff
410299,Gil,Raoux,Assistant Engineer
410301,Atilio,Hofstetter,Senior Staff
410304,Gaurav,Encarnacion,Senior Engineer
410307,Aleksander,Simmen,Senior Staff
410312,Eirik,Rullman,Staff
410313,Maia,Chepyzhov,Engineer
410316,Oddvar,Ratnaker,Engineer
410320,Emdad,Luon,Senior Engineer
410325,Lenore,Farris,Senior Staff
410326,Ute,Schapire,Senior Staff
410327,Volkmar,Puppe,Senior Engineer
410333,Mona,Rebaine,Senior Staff
410335,Jianhao,Pargas,Senior Engineer
410341,Temple,Merli,Engineer
410342,Kyoichi,Berstel,Engineer
410345,Xiaoqiang,Ballarin,Staff
410347,Marsja,Zschoche,Engineer
410349,Yuriy,Peot,Engineer
410350,Amabile,Lorie,Engineer
410351,Yuping,Dayana,Senior Staff
410353,Danai,Dredge,Staff
410354,Garnik,Simmen,Engineer
410356,Yongqiao,Belinskaya,Staff
410357,Subir,Magliocco,Senior Staff
410359,Elgin,Lowrie,Senior Engineer
410360,Aral,Veeraraghavan,Senior Staff
410363,Aria,Iisaka,Senior Staff
410365,Mayuko,Eldridge,Senior Staff
410366,Shigeo,Pettit,Assistant Engineer
410382,Masadi,Staelin,Senior Staff
410387,Arto,Haraldson,Senior Staff
410392,Troy,Karner,Senior Staff
410395,Masamitsu,Zuberek,Senior Staff
410396,Mostafa,Delgrossi,Senior Engineer
410399,Etsuo,Luiz,Staff
410415,Marsal,Chenney,Staff
410418,Adas,Dahlbom,Senior Engineer
410425,Kenroku,Copas,Assistant Engineer
410429,Heather,Tischendorf,Engineer
410430,Tadahiro,Rusterholz,Senior Staff
410436,Uriel,Perfilyeva,Senior Engineer
410437,Hongzhu,Montresor,Senior Staff
410443,Eric,Bottner,Engineer
410444,Khoa,Hasham,Senior Engineer
410449,Shirish,Gyimothy,Engineer
410450,Renee,Pews,Senior Staff
410454,Thanasis,Klassen,Engineer
410455,Uri,Picaronny,Technique Leader
410456,Uno,Dalton,Senior Staff
410462,Yefim,Gire,Staff
410473,Leaf,Calkin,Senior Staff
410474,Guozhong,Wrigley,Staff
410479,Aron,Kadhim,Senior Staff
410482,Aleksander,Peron,Staff
410485,Bokyung,Murtafg,Senior Engineer
410494,Zvonko,Flowers,Senior Engineer
410496,Jagoda,Denti,Senior Staff
410497,Sanjit,Schrift,Senior Staff
410499,Falguni,Bhattacharjee,Technique Leader
410503,Randi,Cappelletti,Senior Staff
410505,Hongzhu,Yetto,Senior Engineer
410511,Piyush,Kakkar,Senior Staff
410513,Jaber,Rosaz,Senior Engineer
410514,Bernice,Compeau,Senior Engineer
410516,Lucian,Badr,Senior Staff
410517,Abdelwaheb,Zirintsis,Senior Engineer
410520,Ashish,Nittel,Senior Staff
410525,Inderjeet,Shiratori,Senior Staff
410526,Kwok,Bach,Senior Staff
410527,Dayanand,Bharadwaj,Senior Staff
410538,Feipei,Backhouse,Senior Engineer
410539,Boaz,Hellwagner,Senior Engineer
410546,Mitsuyuki,Murillo,Senior Engineer
410548,Valter,Jansch,Senior Staff
410550,Mohammed,Erbe,Engineer
410553,Sanjay,Varman,Senior Engineer
410558,Hsiangchu,Hedayat,Engineer
410561,Vitaly,Kusalik,Senior Engineer
410562,Youssef,Miculan,Senior Engineer
410563,Magy,Akazan,Senior Staff
410578,Oscar,Leivant,Engineer
410579,Shounak,Cusworth,Senior Staff
410580,Yaghout,Morton,Engineer
410581,Yannik,Oxenboll,Engineer
410593,Conor,Dayang,Assistant Engineer
410594,Yannik,Stille,Staff
410595,Hidde,Angelov,Senior Staff
410599,Rajmohan,Janetzko,Senior Staff
410603,Peternela,Melter,Engineer
410604,Sajjad,Lunn,Staff
410609,Kannan,Scallan,Senior Engineer
410617,Harjit,Flasterstein,Staff
410618,Boutros,McConalogue,Senior Engineer
410620,Naftaly,Cappello,Senior Engineer
410631,Jeanna,Guenter,Senior Engineer
410638,Baoqiu,Lieberherr,Senior Engineer
410640,Marc,Matzen,Senior Staff
410657,Shaunak,Versino,Senior Staff
410659,Valeri,Shiratori,Staff
410660,Chinhyun,Rusmann,Senior Staff
410662,Piyush,Luon,Staff
410663,Candida,Bennet,Staff
410664,Cathie,Nollmann,Engineer
410668,Yishay,McDermid,Senior Engineer
410669,Chiranjit,Zeilberger,Senior Staff
410671,Jinya,Esteva,Senior Engineer
410675,Arve,Blokdijk,Engineer
410676,Emdad,Dayang,Senior Staff
410678,Rajmohan,Stassinopoulos,Senior Staff
410683,Alagu,Whittlesey,Engineer
410685,Sreekrishna,Beetstra,Senior Staff
410690,Akhilish,Papadias,Senior Engineer
410698,Nishit,Piazza,Senior Engineer
410699,Hideo,Litvinov,Senior Staff
410704,Shaz,Gruenwald,Senior Engineer
410706,Dhritiman,Dymetman,Senior Engineer
410708,Volkmar,Hartvigsen,Senior Staff
410720,Akeno,Pargas,Staff
410721,Weiye,Schoegge,Engineer
410723,Elgin,Thimonier,Staff
410729,Gererd,Schiper,Senior Engineer
410733,Gill,Passafiume,Senior Staff
410737,Leandro,Rodiger,Senior Engineer
410738,Stein,Covnot,Staff
410743,Marke,Schmezko,Senior Engineer
410744,Murthy,Papsdorf,Senior Staff
410745,Seshu,Thorensen,Engineer
410746,Kamran,Melton,Senior Staff
410758,Yoshimitsu,Snyers,Senior Staff
410760,Oksana,Brender,Engineer
410763,Zhigen,Krohn,Senior Staff
410767,Charlene,Halevi,Senior Engineer
410774,Mabo,Doering,Senior Engineer
410775,Luerbio,Thebaut,Staff
410779,Fabrizio,Vesel,Staff
410786,Werner,Crouzet,Senior Staff
410790,Mrinalini,Baek,Staff
410794,Sangeeta,Cyne,Technique Leader
410795,Kaijung,Plessier,Senior Engineer
410796,Dmitri,Alpin,Staff
410798,Fumiyo,Plumb,Senior Engineer
410799,Paddy,Bernick,Staff
410800,Toshimo,Gadepally,Senior Staff
410813,Eckart,Monarch,Senior Engineer
410817,Shay,Tasistro,Senior Staff
410824,Satosi,Warwick,Senior Staff
410831,Xiaobin,Baer,Staff
410836,Dinah,Farrar,Senior Staff
410839,Kwangsub,Tsunoo,Senior Engineer
410849,Divine,Pocchiola,Technique Leader
410850,Ohad,Ramsay,Engineer
410851,Jaewoo,Conte,Senior Staff
410856,Nishit,Glowinski,Senior Engineer
410857,Anestis,Lamba,Senior Staff
410862,Shigenori,Shobatake,Senior Engineer
410866,Fun,Rodite,Senior Engineer
410873,Tremaine,Skogmar,Staff
410877,Lunjin,Assaf,Senior Engineer
410878,Gita,Miyakawa,Staff
410880,Shigeo,Schwaller,Senior Staff
410882,Munehiro,Mamelak,Staff
410883,Supot,Peak,Staff
410886,Niranjan,Liedekerke,Assistant Engineer
410887,Nagui,Stassinopoulos,Senior Staff
410889,Hsiangchu,Smailagic,Engineer
410890,Mads,Gelosh,Staff
410893,Fusako,Schlumberger,Senior Staff
410896,Sergi,Chaudhuri,Senior Staff
410898,Sahrah,Luon,Senior Staff
410899,Shuji,Litecky,Engineer
410902,Masaki,Perng,Engineer
410903,Zhilian,Yeung,Engineer
410905,Zhenhua,Sifakis,Senior Engineer
410908,DAIDA,Macedo,Technique Leader
410914,Mang,Schnabel,Senior Engineer
410920,Hitofumi,Lupu,Senior Engineer
410921,Fumiya,Zucker,Staff
410927,Uzi,Atchley,Engineer
410932,Seongbin,Lamma,Engineer
410934,Lihong,Asrin,Senior Engineer
410936,Shaunak,Christ,Engineer
410937,Florina,Peral,Senior Staff
410938,Kensyu,Borstler,Senior Staff
410939,Panayotis,Coullard,Assistant Engineer
410941,Gennadi,Theuretzbacher,Engineer
410945,Zito,Gustavson,Engineer
410948,Barun,Engelmann,Senior Engineer
410951,Sampalli,Schmittgen,Senior Engineer
410955,Chirstian,Baranowski,Engineer
410956,Vishu,Piancastelli,Senior Staff
410957,Bernd,Malabarba,Senior Staff
410959,Alselm,Pleszkun,Engineer
410966,Juichirou,Cooman,Senior Staff
410971,Nigel,Kragelund,Assistant Engineer
410976,Visit,Braccini,Senior Engineer
410984,Tzu,Edelhoff,Engineer
410986,Akhilish,Demizu,Staff
410987,Taegyun,Emmerich,Engineer
410989,Hideyuki,Wegerle,Senior Staff
410990,Jayesh,Mahnke,Senior Engineer
410992,Leucio,Maquelin,Senior Staff
410996,Kristen,Seiwald,Senior Engineer
411001,Zengping,Chachaty,Engineer
411010,Collette,Benaini,Engineer
411016,Yurij,Itzfeldt,Senior Engineer
411020,Hugo,Swen,Senior Staff
411023,Shirish,Lupu,Senior Engineer
411024,Bowen,Syrzycki,Senior Staff
411028,Parto,Rosti,Staff
411030,Slavian,Kulisch,Senior Engineer
411036,Florina,Hofstetter,Senior Engineer
411037,Danai,Cochrane,Engineer
411041,Aiichiro,Joslin,Engineer
411050,Moriyoshi,Jahnichen,Senior Staff
411051,Richara,Atrawala,Senior Engineer
411053,Shigeichiro,Theuretzbacher,Senior Engineer
411055,Pragnesh,Yurek,Senior Engineer
411056,Filipe,Honiden,Senior Engineer
411072,Chaoyi,Anguita,Senior Staff
411075,Billur,Kaminger,Senior Staff
411078,Georg,Morton,Senior Staff
411080,Phule,Heinisuo,Senior Engineer
411081,Zeydy,Selvestrel,Technique Leader
411087,Nalini,Kakkar,Staff
411091,Aloys,Domenig,Senior Engineer
411097,Ranga,Besancenot,Technique Leader
411103,Muzhong,Uchoa,Senior Engineer
411108,Pranav,Mawatari,Senior Staff
411109,Qingxiang,Cappello,Staff
411112,Shim,Chimia,Engineer
411118,Marla,Aloisi,Engineer
411128,Srinidhi,Swist,Senior Staff
411135,Gregory,Dichev,Staff
411137,Nadjib,Levasseur,Engineer
411138,Saddek,Orlowski,Senior Staff
411139,Muneo,Sevcikova,Senior Staff
411141,Sashi,Decaestecker,Engineer
411142,Youssef,Gubsky,Senior Staff
411149,Mads,Matzke,Assistant Engineer
411151,Chenye,Colorni,Senior Engineer
411152,Teruyuki,Schahn,Senior Staff
411154,Sudharsan,Pluym,Senior Engineer
411155,Ult,Kavanagh,Senior Engineer
411160,Rafols,Barinka,Senior Staff
411163,Kenton,McClure,Senior Engineer
411166,Vishu,Hegner,Senior Engineer
411169,Danco,Highland,Senior Engineer
411173,Anoosh,Edelhoff,Senior Engineer
411177,Goa,Gien,Senior Engineer
411179,Gill,Perelgut,Senior Engineer
411189,Hilary,Fargier,Senior Staff
411190,Chandrasekaran,Cyne,Senior Engineer
411191,Tiina,Beilner,Senior Engineer
411193,Dhritiman,Schicker,Technique Leader
411195,Xinan,Hertweck,Senior Staff
411198,Jouni,Socorro,Senior Engineer
411201,Alselm,Heuter,Staff
411202,Navin,Condotta,Staff
411204,Shaw,Genther,Engineer
411218,Adin,Lichtner,Technique Leader
411222,Yechezkel,Kakkad,Senior Staff
411224,Abdelghani,Ossenbruggen,Senior Engineer
411226,Zvonko,Couchot,Senior Engineer
411234,JoAnne,Sessa,Senior Engineer
411238,Yolla,Grandbois,Senior Staff
411239,Tzvetan,Pietracaprina,Senior Staff
411240,Valeska,Kropf,Senior Staff
411241,Hongzue,Peir,Engineer
411251,Kensei,Luit,Senior Engineer
411252,Gaetan,Stafford,Senior Staff
411254,Lansing,Randi,Staff
411255,George,Lores,Engineer
411261,Chinhyun,Delgrande,Engineer
411265,Rafols,Poulakidas,Technique Leader
411267,Nalini,Naudin,Senior Engineer
411268,Basem,Eppinger,Senior Staff
411270,Constantijn,Ghemri,Staff
411272,Kensei,Denis,Senior Engineer
411273,Leif,Eickenmeyer,Senior Staff
411274,Boutros,Katalagarianos,Staff
411275,Alper,Rusterholz,Staff
411276,Kasturi,Stanfel,Engineer
411277,Gio,Rohrbach,Senior Staff
411278,Pranav,Munke,Senior Engineer
411279,Radoslaw,Geffroy,Technique Leader
411284,Perry,Lubachevsky,Engineer
411288,Niranjan,Benzmuller,Senior Staff
411290,Turgut,Fabrizio,Senior Engineer
411302,George,Negoita,Technique Leader
411311,Wayne,Pero,Engineer
411314,Boutros,Goodrum,Senior Staff
411316,Byong,Journel,Engineer
411317,Kauko,Werthner,Senior Engineer
411319,Munenori,Desikan,Senior Engineer
411320,Spyrose,Liesche,Senior Engineer
411324,Pranjal,Hartvigsen,Engineer
411328,Alejandra,Szilard,Senior Engineer
411330,Gennady,Akaboshi,Senior Engineer
411337,Apostol,Binding,Senior Staff
411348,Georgi,Falster,Senior Staff
411349,Basil,Uchoa,Staff
411350,Marsal,Baba,Staff
411352,Wuxu,Kroha,Senior Engineer
411357,Yoshinari,Imataki,Engineer
411359,Mayuko,Gischer,Engineer
411366,Hatim,Schwaller,Senior Engineer
411377,Arto,Junet,Staff
411378,Remco,Berztiss,Senior Staff
411384,Christoper,Sidou,Senior Engineer
411385,Utz,Huhdanpaa,Senior Staff
411390,Masako,Jullig,Senior Staff
411391,Cristinel,Sabnani,Engineer
411393,Boguslaw,Lammel,Senior Engineer
411395,Guther,Kaminger,Staff
411403,Stein,Masand,Staff
411412,Hairong,Schaar,Senior Engineer
411417,Barna,Kaminger,Senior Engineer
411421,Jenwei,Ramaiah,Assistant Engineer
411423,Mohua,Passafiume,Senior Staff
411424,Uta,Janocha,Senior Engineer
411427,Alagu,Mansanne,Senior Engineer
411428,Sverrir,Speckmann,Engineer
411430,Xinglin,Rotem,Staff
411433,Muneo,Borstler,Senior Staff
411436,Akeel,Bael,Senior Engineer
411437,Zhilian,Kriebel,Senior Engineer
411439,Petter,Petereit,Senior Staff
411440,Karlis,Doering,Engineer
411447,Brewster,Bernick,Engineer
411448,Zhaofang,Jayawardene,Senior Engineer
411451,Gretta,Chinal,Engineer
411459,Jeane,Reinhart,Senior Engineer
411463,Subhankar,Zallocco,Senior Engineer
411470,Arnd,Lanzelotte,Senior Staff
411475,Bedir,Osgood,Staff
411482,Shaunak,Petersohn,Senior Engineer
411483,Uri,Crooks,Technique Leader
411484,Arvin,Bain,Senior Engineer
411486,Mohit,Perry,Senior Engineer
411489,Arup,Pramanik,Engineer
411492,Seongbae,Wroclawski,Senior Staff
411497,Lein,Lorin,Senior Staff
411498,Sumali,Undy,Senior Engineer
411504,Karsten,Rassart,Technique Leader
411505,Martijn,Ranft,Senior Engineer
411509,Jaideep,Picht,Engineer
411512,Mats,Cappelli,Senior Staff
411516,Mamdouh,Scallan,Senior Engineer
411521,Divine,Roison,Senior Engineer
411524,Chinhyun,Nollmann,Senior Engineer
411526,Christoph,Einsfeld,Senior Staff
411527,Vasilis,Gihr,Senior Staff
411530,Gio,Zizka,Engineer
411532,Morrie,Thisen,Staff
411536,Foong,Hebert,Senior Staff
411538,Peer,Farrar,Senior Engineer
411539,Guangming,Pearson,Senior Engineer
411544,Byong,Legleitner,Senior Staff
411545,Pranav,Sadowsky,Senior Engineer
411549,Avishai,Koshiba,Staff
411550,Lobel,Thibadeau,Senior Engineer
411555,Giri,Dayang,Senior Engineer
411558,Mariusz,Bridgland,Staff
411563,Jolita,Peek,Senior Staff
411566,Radhia,Plesums,Senior Staff
411573,Ymte,Casley,Senior Engineer
411576,Mark,Bonifati,Senior Engineer
411578,Lucian,Papadias,Senior Engineer
411586,Mara,Ducloy,Senior Engineer
411587,Spyrose,Kambil,Senior Staff
411588,Elzbieta,Verspoor,Senior Staff
411591,Toshiki,Radhakrishnan,Senior Staff
411592,Arie,Bhattacharjee,Senior Staff
411597,Divier,Rahier,Senior Engineer
411603,Fumitake,Benaini,Senior Staff
411608,Elliott,Jumpertz,Senior Engineer
411612,Miomir,Zweizig,Senior Engineer
411615,Guther,Karlin,Senior Engineer
411616,Bodh,Chinin,Staff
411617,Spyrose,Belinskaya,Senior Staff
411618,Naftaly,Lung,Senior Engineer
411623,Heon,Peron,Technique Leader
411626,Georg,Angiulli,Engineer
411629,Zhonghua,Papadias,Assistant Engineer
411633,Guther,Clemencon,Technique Leader
411643,Kankanahalli,Billawala,Senior Staff
411644,Yonghoan,Collette,Senior Staff
411646,Yongmao,Hutter,Senior Staff
411649,Joydip,Castellani,Staff
411653,Mani,Parhami,Senior Engineer
411654,Shahid,Swick,Senior Engineer
411655,Nahum,Valette,Senior Engineer
411660,Lansing,Serdy,Engineer
411662,Zhaofang,Lanphier,Engineer
411663,Bodo,Eugenio,Engineer
411665,Martine,Pepe,Senior Engineer
411668,Tetsushi,Anguita,Engineer
411669,Taegyun,Constantine,Senior Staff
411670,Falguni,Emiris,Senior Staff
411676,Arie,Kroft,Senior Staff
411681,Florian,Lambe,Engineer
411684,Mara,Ravishankar,Senior Engineer
411685,Irene,Miculan,Senior Engineer
411696,Arfst,Mateescu,Senior Staff
411703,Kousuke,Shinomoto,Staff
411707,Gennady,Luders,Senior Engineer
411714,Sangeeta,DiGiano,Senior Engineer
411715,Ranga,Pileggi,Senior Engineer
411718,Weidon,Krybus,Senior Engineer
411719,Fumino,Sambasivam,Senior Engineer
411720,Vasiliy,Ballarin,Assistant Engineer
411721,Aleksander,Muchinsky,Senior Engineer
411734,Tse,Krychniak,Senior Staff
411739,Valdiodio,Litvinov,Staff
411742,Tesuya,Syrzycki,Technique Leader
411746,Jianhui,Callaway,Senior Staff
411747,Yongmin,Munck,Engineer
411748,Barton,Michaels,Senior Staff
411749,Ioana,Munos,Staff
411751,Conor,Tanemo,Staff
411752,Remko,Nitsche,Senior Engineer
411756,Chikara,Baca,Senior Engineer
411758,Josyula,Velasco,Engineer
411759,Prasadram,Biros,Senior Engineer
411766,Kinh,Peac,Senior Engineer
411767,Patricia,Beeson,Senior Engineer
411768,Junichi,Kranzdorf,Senior Staff
411773,Jouko,Magliocco,Senior Staff
411774,Tremaine,Vitiello,Senior Staff
411781,Wayne,Jiang,Engineer
411784,Leandro,Katalagarianos,Staff
411786,Maren,Beutelspacher,Engineer
411789,Frederique,Sevcikova,Engineer
411794,Amabile,Kakkar,Senior Staff
411796,Rildo,Bultermann,Senior Engineer
411797,Josyula,Bondorf,Senior Staff
411810,Karsten,Ballarin,Senior Engineer
411813,Premal,Hammerschmidt,Senior Staff
411820,Nathan,Benantar,Senior Staff
411823,Susanna,Usery,Senior Staff
411826,Mani,Pews,Senior Staff
411827,Shietung,Vidal,Senior Engineer
411828,Flemming,Senzako,Staff
411831,Basant,Yoshimura,Senior Staff
411834,Fusako,Beetstra,Senior Staff
411838,Laurentiu,Jeansoulin,Senior Staff
411841,Shahid,Ritzmann,Staff
411848,Kenroku,Cunliffe,Senior Staff
411849,Elliott,Braccini,Technique Leader
411851,Parke,Deville,Senior Engineer
411858,Weiye,Baaz,Senior Staff
411860,Fuqing,Swab,Engineer
411862,Tremaine,Vesel,Assistant Engineer
411863,Eberhardt,Dratva,Senior Staff
411867,Mana,Bressoud,Senior Engineer
411869,Serenella,Sherertz,Senior Staff
411879,Amstein,Kulisch,Senior Staff
411881,Jiang,Jording,Senior Staff
411882,Youjian,Akazan,Senior Staff
411884,Moti,Velasco,Senior Engineer
411887,Mack,Beetstra,Senior Staff
411888,JoAnna,Ciolek,Senior Engineer
411891,Karsten,Beeson,Technique Leader
411894,Thodoros,Scallan,Engineer
411896,Uma,Muhlberg,Senior Engineer
411897,Suebskul,Wilharm,Senior Engineer
411900,Mari,Wynblatt,Staff
411905,Basim,Cronin,Senior Staff
411908,Leaf,Fadgyas,Senior Staff
411913,Shmuel,Baranowski,Senior Engineer
411915,Urs,Tzvieli,Engineer
411917,Aloys,Conta,Technique Leader
411921,Sadun,Buescher,Senior Staff
411922,Oscal,Munro,Staff
411926,Tadanori,Chiodo,Staff
411928,JiYoung,Bain,Senior Staff
411930,Ekawit,Budinsky,Senior Staff
411932,Gregory,Flasterstein,Engineer
411933,Jasminko,Plavsic,Engineer
411943,Steen,Neiman,Technique Leader
411946,Youpyo,Lampe,Senior Staff
411948,Eldridge,Rijsenbrij,Senior Staff
411949,Uli,Gischer,Senior Staff
411950,Maris,Emmerich,Engineer
411952,Odysseas,Gronowski,Senior Engineer
411957,Kokou,Klyachko,Senior Engineer
411960,Cordelia,Ginneken,Senior Engineer
411961,Samphel,Showalter,Engineer
411962,Tooru,Murillo,Senior Staff
411964,Eishiro,Fairtlough,Engineer
411968,Magy,Kroha,Senior Staff
411970,Sverrir,Sichman,Senior Staff
411971,Sugwoo,Magalhaes,Senior Staff
411980,Jungsoon,Rothe,Senior Engineer
411982,Mrinalini,Krychniak,Senior Engineer
411985,Toshiko,Geffroy,Engineer
411987,Pranay,Zielinski,Engineer
411990,Luigi,Renear,Senior Staff
411994,Lihong,Czap,Senior Engineer
411996,Kagan,Kornatzky,Staff
411998,Shiv,Molenaar,Senior Staff
412005,Stevo,Plessier,Engineer
412008,Irene,Bach,Senior Engineer
412010,Taegyun,Pietrzykowski,Senior Engineer
412012,Mara,Anandan,Senior Staff
412014,Shaowei,Brobst,Senior Engineer
412024,Mihalis,Heinisuo,Engineer
412027,Aiman,Atchley,Senior Staff
412033,Zorica,Lindenbaum,Engineer
412036,Menkae,Heering,Senior Staff
412041,Shen,Kalefeld,Senior Staff
412043,Sajjan,Androutsos,Senior Staff
412050,Marie,Malabarba,Staff
412052,Rajmohan,Deville,Senior Engineer
412054,Georgy,Ramaiah,Senior Staff
412059,Aran,Genther,Engineer
412070,Khalil,Polajnar,Senior Engineer
412072,Bezalel,Rindone,Senior Staff
412073,Shuzo,Luef,Senior Staff
412076,Phillip,Heijenga,Assistant Engineer
412081,Tooru,Murthy,Senior Engineer
412088,Saniya,Marrakchi,Engineer
412089,Kenton,Marakhovsky,Senior Staff
412091,Margareta,Binding,Senior Engineer
412093,Avishai,Engelmann,Senior Staff
412095,Kellyn,Benveniste,Senior Staff
412097,Sivanarayana,DasSarma,Senior Engineer
412101,Hauke,Karlin,Senior Engineer
412104,Premal,Hettesheimer,Senior Staff
412105,Teiji,Siksek,Senior Staff
412109,Tadanori,Naumovich,Senior Engineer
412111,Marco,Peyn,Senior Staff
412113,Rafail,Bardell,Senior Engineer
412115,Becky,Zielinski,Engineer
412116,Tze,Worfolk,Engineer
412118,Emran,Marchesini,Senior Engineer
412125,Neelam,Asmuth,Senior Engineer
412129,Sanjeeva,Fortenbacher,Senior Engineer
412133,Moti,Penttonen,Senior Staff
412135,Ung,Falck,Staff
412136,Caolyn,Reeker,Senior Staff
412139,Moriyoshi,Setia,Engineer
412141,Arun,Bernick,Senior Staff
412144,Eirik,Acton,Senior Engineer
412146,Sham,Axelband,Engineer
412147,Gadiel,Soloway,Senior Staff
412151,Koichi,Melter,Senior Staff
412155,Kwok,Hiraishi,Senior Engineer
412156,Bikash,Swan,Staff
412157,Zhilian,Mamelak,Senior Staff
412158,Kokou,Vandervoorde,Staff
412159,Arne,Aumann,Staff
412160,Manton,Czaja,Engineer
412162,Sedat,Pettis,Senior Staff
412164,Slavian,Merro,Senior Staff
412166,Vesna,Hitomi,Senior Staff
412167,Margo,Validov,Senior Engineer
412171,Sarita,Kaelbling,Senior Engineer
412183,Gou,Zyda,Technique Leader
412190,Thanasis,Vecchio,Engineer
412195,Honglan,Cappelletti,Senior Staff
412196,Shaunak,Zongker,Staff
412211,Paraskevi,Douceur,Assistant Engineer
412228,Yoshinari,Milicia,Engineer
412234,Khalid,Pintelas,Engineer
412235,Khosrow,Buchter,Senior Engineer
412236,Marek,Setiz,Staff
412242,Uwe,Mahnke,Senior Engineer
412243,Sarita,Gammage,Senior Staff
412248,Shooichi,Rahier,Engineer
412252,Shrikanth,Birta,Senior Staff
412254,Sangeeta,Preusig,Senior Engineer
412259,Steve,Demke,Engineer
412261,Kasturi,Ecklund,Staff
412263,Jaihie,Kulisch,Engineer
412264,Augustine,Goodrum,Senior Staff
412266,Marsal,Attimonelli,Senior Staff
412271,Ekawit,Hiyoshi,Senior Engineer
412275,Lene,Holburn,Senior Staff
412282,Nitsan,Cromarty,Senior Staff
412284,Ronghao,Jarecki,Senior Engineer
412288,Jackson,Narwekar,Senior Engineer
412289,Golgen,Lorcy,Senior Staff
412294,Rafail,McFarlan,Senior Staff
412295,Bezalel,Scharstein,Staff
412298,Malu,Ruther,Senior Staff
412299,Bikash,Azuma,Engineer
412303,Sanjai,Kusakari,Staff
412304,Tiina,Khamsi,Senior Engineer
412305,Tetsurou,Coombs,Senior Staff
412307,Leucio,Falco,Senior Staff
412308,Chiradeep,Zhiwei,Senior Engineer
412309,Reinhold,Munawer,Engineer
412316,Dinkar,Pellegrinelli,Senior Staff
412319,Kazuhito,Ibel,Staff
412322,Joydip,Back,Staff
412323,Nahum,Janocha,Senior Staff
412324,Abdulla,Tokunaga,Senior Staff
412325,Moty,Fairtlough,Staff
412326,Macha,Goodrum,Senior Staff
412327,Zine,England,Senior Staff
412328,Shooichi,Codenie,Engineer
412332,Eirik,Basagni,Engineer
412334,Hatem,Kenevan,Technique Leader
412335,Luisa,Cochrane,Senior Engineer
412337,Pasqua,Marshall,Senior Engineer
412340,Alain,Litecky,Senior Engineer
412345,Zeljko,Luef,Senior Engineer
412346,Chenye,Encarnacion,Technique Leader
412349,Masadi,Rodiger,Senior Staff
412350,Felicidad,Chiola,Technique Leader
412351,Terresa,Fujisawa,Senior Engineer
412354,Constantijn,Cannata,Senior Engineer
412355,Arlette,Nannarelli,Senior Engineer
412368,Duangkaew,Garrabrants,Senior Engineer
412371,Elzbieta,Delgrossi,Senior Staff
412372,Peternela,Bodoff,Senior Staff
412375,Gurbir,Gerteisen,Engineer
412380,Keiichiro,Remmers,Senior Engineer
412388,Garnet,Kavvadias,Senior Staff
412393,Phillip,Bernardinello,Engineer
412395,Karoline,Heydon,Senior Staff
412396,Gritta,Lorcy,Engineer
412397,Moty,Unno,Staff
412399,Rimon,Murtafg,Engineer
412401,Elzbieta,Pietrzykowski,Engineer
412403,Mingdong,Angot,Senior Engineer
412412,Lijia,Lamba,Senior Engineer
412413,Alexius,Hasham,Engineer
412416,Mahmut,Bashian,Senior Engineer
412419,Pranas,Thorensen,Staff
412420,Ingmar,Gulak,Senior Staff
412431,Ranan,Ghalwash,Senior Staff
412432,Jinya,Conte,Assistant Engineer
412441,Billur,Rassart,Senior Staff
412443,Along,Bellone,Senior Engineer
412444,Gio,Fritzsche,Senior Engineer
412445,Teunis,Krogh,Engineer
412450,Patricio,Bala,Engineer
412454,Dmitri,Fraisse,Senior Engineer
412457,Mohammed,Chelton,Senior Engineer
412459,Iara,Stroustrup,Senior Engineer
412464,Rosalie,Zedlitz,Engineer
412472,Fai,Conry,Technique Leader
412475,Morris,Iacovou,Engineer
412479,Bangqing,Talmon,Senior Engineer
412480,Rance,Shrader,Staff
412481,Gal,Montresor,Senior Staff
412493,Martine,Cochrane,Senior Engineer
412498,Otmar,Woycyznski,Senior Engineer
412501,Mart,Grandbois,Staff
412504,Adhemar,Rande,Senior Staff
412506,Amstein,Rissland,Engineer
412511,Abdulah,Angelov,Staff
412512,Utpal,Assaf,Senior Staff
412516,Lenore,Alameldin,Senior Engineer
412520,Moon,Thiran,Staff
412521,Kwangsub,Beerel,Staff
412522,Tayeb,Herber,Senior Staff
412525,Flemming,Siegrist,Senior Staff
412528,Mohit,Bouloucos,Senior Engineer
412529,Kayoko,Rotem,Senior Staff
412538,Moto,Zielinski,Senior Staff
412540,Zorica,Yoshizawa,Engineer
412547,Ulises,Facello,Senior Engineer
412549,Mari,Journel,Senior Staff
412550,Pramod,Schoegge,Senior Engineer
412556,Christ,Ozery,Technique Leader
412560,Mari,Barinka,Senior Staff
412563,Petter,Zschoche,Staff
412566,Shir,Ritcey,Senior Engineer
412571,Xianlong,Shumilov,Senior Engineer
412574,Yechiam,Panienski,Senior Engineer
412575,Xiahua,Narahara,Staff
412577,Rosita,Ullian,Staff
412587,Mabo,Strandh,Senior Staff
412592,Takahiro,Luit,Senior Staff
412594,Ziva,Kisuki,Staff
412595,Rasikan,Pearson,Senior Engineer
412598,Chuanyi,Suwa,Senior Engineer
412602,Kasidit,Akiyama,Senior Engineer
412604,Sasan,Serra,Staff
412605,Gretta,Hiraishi,Technique Leader
412621,Bouchung,Lamparter,Engineer
412631,Gian,Tetzlaff,Senior Engineer
412634,Hilary,Radwan,Engineer
412641,Aram,Speer,Senior Staff
412642,Shin,Felcyn,Senior Staff
412644,Gritta,Kropatsch,Senior Staff
412645,Honesty,Driscoll,Engineer
412649,Leen,McFarlin,Senior Engineer
412651,Uri,Chelton,Senior Engineer
412653,Nobuyoshi,Rajcani,Staff
412655,Yuqun,Gniady,Senior Staff
412656,Gunilla,Zykh,Staff
412657,Siddarth,Cheshire,Senior Engineer
412660,Leandro,Peral,Senior Staff
412661,Utpal,Melichar,Senior Engineer
412662,Jongsuk,Ushiama,Technique Leader
412663,Luerbio,Klassen,Senior Staff
412665,Panayotis,Babu,Senior Engineer
412667,Kaijung,Mapelli,Senior Engineer
412672,Katsuo,Fargier,Senior Engineer
412674,Tristan,Chaudhury,Senior Staff
412675,Ortrun,Kobara,Senior Staff
412677,Munehiko,Gecsel,Senior Staff
412685,Augustine,Boyle,Senior Staff
412689,Ger,Fraisse,Staff
412694,Deniz,Emiris,Senior Staff
412702,Tran,Parhami,Senior Staff
412704,Gen,Panangaden,Engineer
412705,Rosella,Rohrbach,Senior Engineer
412709,Niclas,Gecsel,Engineer
412719,Vesna,Sadowsky,Senior Engineer
412721,Kristinn,Speel,Staff
412726,Shao,Kruskal,Staff
412728,Shigeaki,Garnier,Staff
412732,Goetz,Marquardt,Senior Staff
412737,Pantung,Beilner,Senior Staff
412747,Vishv,Cesareni,Assistant Engineer
412756,Berry,Homond,Engineer
412785,Arie,Redmiles,Senior Staff
412787,Jacqueline,Potthoff,Senior Staff
412789,Shooichi,Morris,Senior Engineer
412795,Poornachandra,Conry,Senior Staff
412800,Goetz,Peha,Senior Staff
412802,Fox,Ghemri,Senior Engineer
412804,Aleksandar,Vrecion,Staff
412806,Tianruo,Wynblatt,Staff
412812,Richard,Pews,Senior Staff
412813,Nidapan,Matzel,Technique Leader
412817,Niclas,Garnier,Senior Staff
412818,Wonhee,Marchesini,Senior Staff
412828,Utpal,Passafiume,Senior Engineer
412830,Ingemar,Sidou,Senior Engineer
412834,Sverrir,Mitzlaff,Senior Engineer
412836,Huican,Montemayor,Engineer
412840,Alexius,Qiwen,Staff
412842,Berry,Hoppenstand,Senior Staff
412845,Gurbir,Picaronny,Senior Staff
412846,Gennadi,Puppe,Senior Staff
412854,Dung,Zedlitz,Assistant Engineer
412855,Goetz,Hitomi,Staff
412856,Georg,Goodrum,Senior Engineer
412857,Jacqueline,Marchesini,Senior Staff
412861,Iara,Esposito,Staff
412863,Candida,Veeraraghavan,Engineer
412865,Gudjon,Zallocco,Senior Staff
412866,Torsten,Lyonns,Senior Staff
412869,Miomir,Chinin,Technique Leader
412871,Yucel,Bazzichi,Senior Staff
412877,Uriel,Sinicrope,Senior Staff
412883,Bedir,Hinsberger,Senior Staff
412884,Nathan,Selenyi,Senior Engineer
412885,Elvis,Couchot,Senior Engineer
412886,Masamitsu,Bala,Staff
412892,Paloma,Kalorkoti,Senior Engineer
412902,Etsuo,Kaiser,Engineer
412904,Murthy,Schach,Senior Staff
412906,Masadi,Heystek,Technique Leader
412907,Giap,Comellas,Engineer
412910,Supot,Koblitz,Engineer
412912,Dmitry,Rousseau,Engineer
412913,Aemilian,Furedi,Senior Engineer
412917,Arif,Cannane,Senior Engineer
412918,Abdelaziz,Assaf,Staff
412927,Marie,Yemenis,Senior Engineer
412939,Uzi,Chvatal,Staff
412942,Gian,Percebois,Senior Staff
412943,Siddarth,Hanabata,Senior Engineer
412949,Falguni,Plotkin,Senior Engineer
412950,Garnik,Ouhyoung,Senior Staff
412951,Paris,Barriga,Senior Staff
412953,Frederique,Swist,Staff
412954,Rafols,Wissmann,Senior Staff
412959,Tadahiro,Marchesini,Senior Engineer
412961,Kankanahalli,Sgarro,Senior Staff
412962,Valter,Smailagic,Technique Leader
412964,Jacqueline,Denna,Senior Staff
412970,Khaled,Schaft,Staff
412971,Ger,Fetvedt,Senior Staff
412974,Conor,Wursthorn,Senior Engineer
412978,Subir,Billawala,Engineer
412980,Mariangiola,Verspoor,Senior Staff
412988,Odysseas,Fendler,Technique Leader
412989,Kristian,Rosca,Senior Staff
412993,Hsiangchu,Berstel,Assistant Engineer
412997,Baocai,Samarati,Senior Engineer
412999,Xiong,Stasinski,Senior Engineer
413001,Nitsan,Monkewich,Senior Staff
413003,Yifei,Heyers,Engineer
413009,Ranga,Hasenauer,Technique Leader
413010,Zhaofang,Krupka,Engineer
413020,Luigi,Falby,Senior Engineer
413025,Brigham,Marakhovsky,Senior Engineer
413027,Christoph,Mullainathan,Senior Engineer
413030,Baocai,Beetstra,Technique Leader
413031,Hsiangchu,Berstel,Staff
413032,Iara,Spelt,Technique Leader
413035,Tsuneo,Heiserman,Senior Engineer
413039,Diederik,Vesel,Senior Engineer
413040,Gil,Pero,Senior Staff
413045,Bodo,Cools,Staff
413052,Martial,England,Staff
413053,Mountaz,Swen,Senior Staff
413057,Van,Sewelson,Senior Staff
413062,Jixiang,Grandbois,Senior Staff
413066,Rayond,Neimat,Senior Engineer
413067,Monique,Basagni,Senior Staff
413071,Muzhong,Benantar,Senior Staff
413079,Hugh,Clemencon,Senior Staff
413081,Arun,Melichar,Engineer
413083,Saeko,Gubsky,Senior Engineer
413085,Vatsa,Heering,Engineer
413089,Jinpo,Orsini,Senior Engineer
413105,Alper,Manderick,Engineer
413109,Jiang,Garnick,Senior Staff
413112,Yongmin,Kroha,Senior Engineer
413113,Gita,Morris,Engineer
413115,Georgy,Cooke,Senior Staff
413117,Stafford,Lichtman,Staff
413118,Becky,Thiria,Senior Engineer
413122,Houman,Erva,Staff
413127,Marke,Gurbaxani,Senior Engineer
413130,Janche,Marzano,Engineer
413133,Quingbo,Schusler,Engineer
413134,Sachem,Denos,Senior Engineer
413140,Vincent,Demian,Senior Engineer
413141,Masamitsu,Erdi,Senior Engineer
413143,Guadalupe,Luan,Technique Leader
413144,Changho,Spinelli,Technique Leader
413146,Yifei,Peot,Senior Engineer
413147,Kwok,Pearson,Staff
413148,Jinxi,Pehl,Senior Staff
413149,Radhika,Dulay,Senior Staff
413154,Patricio,McDermid,Senior Staff
413155,Mrinalini,Zultner,Engineer
413156,Gunilla,Fordan,Assistant Engineer
413159,Atreye,Ligten,Staff
413160,Tadanori,Felcyn,Senior Staff
413161,Tomofumi,Comte,Senior Staff
413162,Turgut,Merks,Senior Engineer
413164,Rosita,Ashish,Staff
413166,Koldo,Salverda,Senior Staff
413169,Adin,Kropp,Senior Staff
413170,Shmuel,Ananiadou,Staff
413184,Moon,Asmuth,Senior Staff
413186,Patricia,Kugler,Senior Staff
413190,Karlis,Thebaut,Technique Leader
413191,Conrado,Roohalamini,Engineer
413192,Patricia,Andreotta,Engineer
413195,Sachin,Halloran,Senior Engineer
413207,Radhia,Solares,Engineer
413208,Conal,Reinhard,Senior Staff
413214,Marin,Greenaway,Senior Staff
413216,Masaru,Lieberherr,Senior Engineer
413217,Phule,Waschkowski,Senior Engineer
413222,Stafford,Muhlberg,Senior Staff
413224,Giordano,Naudin,Senior Staff
413228,Toshimitsu,Luce,Senior Engineer
413234,Chanjung,Denna,Engineer
413242,Siamak,Geffroy,Senior Engineer
413245,Remco,Zastre,Staff
413251,Eckart,Radwan,Staff
413253,Alselm,Daescu,Technique Leader
413266,Gonzalo,Baar,Senior Staff
413267,Feiyu,dAstous,Senior Engineer
413268,Salvador,Burnard,Senior Engineer
413272,Xianlong,Comellas,Engineer
413276,Bikash,Stamatiou,Engineer
413278,Utz,Felder,Senior Engineer
413279,Alper,Scallan,Staff
413283,Sampalli,Bednarek,Senior Engineer
413286,Behnaam,Avouris,Assistant Engineer
413287,Kitty,Brender,Senior Staff
413288,Kenton,Ramras,Senior Staff
413290,Arto,Montemayor,Engineer
413292,Baziley,Garnick,Technique Leader
413293,Mohamadou,Kroft,Engineer
413295,Eckart,Foong,Staff
413297,Bernt,Schade,Senior Staff
413299,Murthy,Dalton,Engineer
413301,Xiaoheng,Langford,Senior Staff
413304,Iara,Cronau,Senior Staff
413306,Nathan,Alencar,Senior Engineer
413308,Holgard,Ibel,Senior Engineer
413321,Tooru,Chepyzhov,Senior Staff
413324,Holgard,Rusmann,Senior Staff
413328,Sibyl,Stasinski,Senior Engineer
413330,Amalendu,Streit,Technique Leader
413333,Martijn,Spell,Senior Staff
413336,Toshimo,Barriga,Senior Engineer
413337,Moty,Schaft,Senior Staff
413343,Terresa,Saoudi,Engineer
413344,Bluma,Serra,Senior Staff
413349,Sverrir,Pettit,Senior Staff
413355,Luisa,Luby,Engineer
413356,Giri,Mansanne,Senior Staff
413361,Licheng,Lambe,Senior Engineer
413363,Dayanand,Simmel,Staff
413364,Fay,Encarnacion,Senior Staff
413366,Weiwu,Uhrik,Senior Engineer
413380,Steen,Azumi,Senior Staff
413389,Hyuckchul,Randi,Senior Staff
413391,Hitomi,Morrey,Engineer
413392,Xiadong,Henders,Technique Leader
413393,Remco,Biros,Senior Engineer
413396,Arumugam,Ullian,Senior Engineer
413400,Almudena,Fendler,Senior Staff
413405,Samphel,Kemmerer,Staff
413406,Elrique,Molberg,Senior Staff
413410,Yongmao,Matzen,Senior Engineer
413411,Sajjad,Heping,Senior Staff
413413,Dipayan,Busillo,Staff
413417,Hongzue,Bonifati,Senior Engineer
413420,Jeong,Lamba,Senior Engineer
413424,Akeel,Thorensen,Senior Staff
413427,Kauko,Luce,Senior Engineer
413431,Moss,Denis,Senior Engineer
413432,Basant,Alpin,Senior Engineer
413433,Chikara,Zastre,Engineer
413436,Haldun,Segond,Senior Staff
413441,Fumiko,Koshiba,Senior Staff
413449,Eishiro,Scallan,Senior Engineer
413450,Hongzhu,Atrawala,Senior Staff
413452,Siamak,Butterworth,Senior Engineer
413453,Bokyung,Matzov,Senior Staff
413454,Haldon,Einsfeld,Senior Engineer
413455,Gita,Luca,Senior Staff
413456,Hyuckchul,Schrooten,Senior Staff
413460,Baoqiu,Kawashimo,Senior Staff
413461,Mong,Vickson,Senior Engineer
413462,Gudjon,Bottner,Senior Engineer
413463,Shunichi,Knightly,Senior Staff
413464,Sham,Ratnakar,Engineer
413468,Kristina,Czaja,Senior Engineer
413469,Jouko,Einsfeld,Senior Engineer
413474,Gen,Ermel,Engineer
413475,Vitaly,Michaeli,Senior Engineer
413477,Morrie,Hinsberger,Senior Engineer
413478,Martijn,Kossowski,Senior Staff
413479,Chenxi,Ambroszkiewicz,Senior Staff
413480,Mang,Peac,Senior Engineer
413482,Along,Marrakchi,Technique Leader
413486,Shigeo,Binding,Senior Staff
413493,Cathie,Schaft,Senior Engineer
413496,Naftaly,Acton,Senior Staff
413497,Bluma,Eickenmeyer,Senior Engineer
413499,Serenella,Berendt,Engineer
413501,Visit,Hartvigsen,Staff
413502,Masamitsu,Danecki,Senior Staff
413504,Flemming,Dayana,Senior Staff
413509,Fumitake,Pappas,Staff
413512,Mana,Serot,Senior Engineer
413515,Ayakannu,Nitto,Assistant Engineer
413518,Salvador,Thorelli,Staff
413522,Larisa,Braccini,Senior Staff
413523,Hinrich,Harllee,Senior Staff
413524,Mark,Marsiglia,Technique Leader
413527,Ioana,Gilg,Senior Staff
413534,Matk,Murtafg,Senior Engineer
413540,Soenke,Miake,Senior Staff
413542,Elvis,Hebert,Senior Engineer
413544,Arie,Douceur,Senior Engineer
413547,Mingsen,Perri,Engineer
413549,Jouko,Henseler,Staff
413552,Valery,Prochazka,Engineer
413553,Sariel,Lorin,Engineer
413565,Sudharsan,Spell,Senior Staff
413566,Teunis,Massonet,Senior Engineer
413567,Mamdouh,Gimbel,Senior Engineer
413573,Giordano,Aloia,Staff
413574,Yurij,Kampfer,Senior Staff
413576,Susumu,Luce,Senior Staff
413578,Dayanand,Babu,Senior Engineer
413579,Serif,Sinicrope,Senior Staff
413581,Pramod,Deverell,Senior Staff
413583,Sachio,Ritcey,Engineer
413588,Saeko,Dehkordi,Senior Engineer
413594,Shietung,Kakkar,Engineer
413598,Boriana,Lunn,Senior Engineer
413603,Vincent,Ohori,Senior Staff
413606,Gil,Raczkowsky,Senior Engineer
413608,Mantis,Serra,Technique Leader
413609,Rasiah,Rosar,Engineer
413611,Vasiliy,Granlund,Senior Engineer
413618,Erzsebet,Avouris,Senior Engineer
413620,Sukumar,Kamber,Engineer
413624,Rayond,Simmel,Senior Staff
413626,Haldun,Ashish,Senior Staff
413629,Kasturi,Aingworth,Senior Staff
413631,Yinlin,Kemmerer,Technique Leader
413640,Takahiro,Millington,Engineer
413642,Elliott,Bergere,Senior Staff
413643,Atreyi,Yeung,Senior Engineer
413644,Hatsukazu,Picht,Senior Engineer
413649,Teruyuki,Farrel,Assistant Engineer
413650,Yuichiro,Koyama,Senior Engineer
413654,Olivera,Birke,Staff
413657,Ronnie,Rande,Senior Staff
413664,Visit,Naumovich,Senior Staff
413665,Tzu,Shumilov,Senior Engineer
413668,Kwangyoen,Vuskovic,Senior Staff
413669,Alejandro,Compeau,Senior Staff
413670,Yucai,Stamatiou,Senior Staff
413671,Aral,Moehrke,Senior Staff
413674,Przemyslawa,Plotkin,Senior Engineer
413685,Caolyn,Lakshmanan,Staff
413686,Youngkon,Oskamp,Technique Leader
413687,Dines,Lubachevsky,Staff
413688,Aamer,Azuma,Senior Engineer
413690,Alejandro,Radwan,Senior Engineer
413693,Karsten,Suri,Senior Staff
413696,Baoqiu,Sundgren,Assistant Engineer
413705,Constantine,Kolvik,Senior Staff
413706,Faiza,Lorys,Staff
413708,Arnould,Krzyzanowski,Senior Staff
413716,Samphel,Straney,Engineer
413717,Gino,Cusworth,Senior Engineer
413719,Shigenori,Orsini,Senior Staff
413722,Subhankar,Demeyer,Senior Staff
413725,Shigehito,Kaelbling,Senior Engineer
413726,Abdulah,Kirkerud,Senior Engineer
413728,Chriss,Hofstetter,Senior Staff
413731,Inderjeet,Underwood,Senior Staff
413735,Giordano,Garrabrants,Senior Engineer
413736,Vitali,Fiebach,Senior Staff
413739,Ohad,Pouyioutas,Staff
413741,Gill,Remmers,Senior Staff
413751,Kwun,Wegerle,Senior Engineer
413752,Christophe,Anger,Technique Leader
413753,Rosalyn,Shihab,Engineer
413755,Serap,Munke,Senior Engineer
413767,Yuuichi,Merlo,Senior Staff
413770,Weidon,Farrow,Staff
413772,Xumin,Lodder,Senior Engineer
413774,Jacqueline,Butterworth,Senior Staff
413775,Kensyu,Heuser,Staff
413779,Denny,Stroustrup,Technique Leader
413785,Bluma,Mitsuhashi,Senior Engineer
413791,Jiong,Zaumen,Senior Staff
413794,Shunichi,Katzenelson,Senior Staff
413797,Tesuya,Perfilyeva,Senior Staff
413801,Francesca,Beeson,Senior Engineer
413805,Xinglin,Undy,Senior Staff
413811,Danco,Kuszyk,Senior Staff
413813,Franziska,Pesch,Senior Engineer
413814,Genevieve,Pulkowski,Senior Engineer
413816,Uma,Vieri,Technique Leader
413821,Lein,Felcyn,Technique Leader
413825,Divine,Ertl,Senior Engineer
413830,Shay,Kowalchuk,Senior Staff
413833,Kannan,Krupka,Senior Staff
413836,Hironobu,Collette,Senior Staff
413839,Mostafa,Herath,Senior Engineer
413846,Nitsan,Chiola,Technique Leader
413847,Mart,Remmele,Senior Staff
413854,Taizo,Viele,Senior Staff
413855,Marit,Sooriamurthi,Senior Staff
413858,Gregory,Veldwijk,Senior Engineer
413859,Uma,Gulik,Senior Staff
413863,Godehard,Gips,Engineer
413868,Kristinn,Callaway,Staff
413869,Nidapan,Dalphin,Engineer
413871,Alois,Kaiser,Staff
413876,Tianruo,Birrer,Senior Staff
413888,Spyrose,Ranze,Senior Staff
413900,Luise,Vingron,Staff
413905,Piyawadee,Gelosh,Engineer
413908,Hein,Stassinopoulos,Senior Staff
413909,Zhonghui,Shiratori,Senior Staff
413910,Yuriy,Serra,Staff
413911,Siamak,Karlin,Senior Engineer
413914,Rajmohan,Covnot,Senior Engineer
413915,Lillian,Maccarone,Senior Engineer
413916,Freyja,Luks,Senior Staff
413919,Shushma,Nergos,Staff
413923,Jaihie,Koshino,Technique Leader
413927,Erez,Ressouche,Senior Engineer
413928,Adas,Plump,Senior Engineer
413930,Gil,Ferriere,Senior Engineer
413935,Akemi,McClure,Engineer
413941,Perla,Beetstra,Engineer
413955,Ger,Mansanne,Senior Engineer
413958,Kazuyasu,Swick,Staff
413966,Weiwu,Demian,Staff
413967,Sandeepan,Peyn,Engineer
413973,Arunachalam,Rosay,Staff
413976,Erez,Kalloufi,Senior Staff
413977,Oksana,Lubachevsky,Technique Leader
413978,Jianwen,Buchter,Staff
413979,Chaitali,Marquardt,Technique Leader
413982,Jiakeng,Baca,Senior Staff
413984,Shuky,Saoudi,Senior Staff
413985,Neelam,Coombs,Senior Staff
413986,Nechama,Rassart,Senior Staff
413988,Elrique,Openshaw,Senior Engineer
413989,Shuho,Prochazka,Senior Staff
414006,Hongzue,Mikschl,Staff
414007,Karoline,Luga,Engineer
414009,Conal,Hockney,Engineer
414010,Khaled,Ranft,Technique Leader
414011,Arif,Vilarrasa,Staff
414012,Ashish,Speckmann,Senior Staff
414016,Uno,Griswold,Engineer
414018,Adas,Berendt,Senior Staff
414021,Dekang,Feinberg,Senior Staff
414024,Jacqueline,Dulli,Senior Engineer
414025,Hein,Ulupinar,Senior Engineer
414029,Leni,Bach,Technique Leader
414030,Murthy,Impagliazzo,Staff
414032,Taisook,Baba,Senior Engineer
414039,Juichirou,Lundstrom,Staff
414042,Giri,Cummings,Senior Staff
414044,Padma,Pillow,Staff
414054,Yongdong,Suppi,Senior Engineer
414055,Yannis,Barbanera,Staff
414057,Faiza,Suri,Staff
414059,Gully,Picci,Senior Staff
414066,Morris,Giarratana,Senior Engineer
414069,Pasqua,Ramsay,Senior Staff
414075,Maia,Pollock,Senior Staff
414083,Heping,Minakawa,Staff
414086,Van,Marrakchi,Senior Engineer
414088,Khun,Marakhovsky,Staff
414089,Ayakannu,Terlouw,Technique Leader
414090,Bernice,Peek,Staff
414093,Magy,Marciano,Senior Staff
414097,Piyawadee,Krychniak,Senior Staff
414099,Sadok,Alpin,Senior Engineer
414113,Subhash,Zeleznik,Senior Staff
414117,Anyuan,Karner,Senior Staff
414118,Godehard,Tibblin,Engineer
414124,Moty,Luders,Senior Engineer
414129,Kristof,Speer,Senior Staff
414130,Etsuo,Gyimothy,Engineer
414131,Taisook,Neiman,Staff
414134,Maja,Molberg,Senior Staff
414138,Conal,Rassart,Senior Staff
414140,Leucio,Vickson,Senior Staff
414142,Xinglin,Chenney,Senior Staff
414146,Laurentiu,Snyers,Senior Engineer
414147,Jianwen,Matzat,Senior Engineer
414148,Pranjal,Collette,Technique Leader
414155,Doowon,Nitsch,Senior Staff
414161,Udo,Mahnke,Staff
414162,Maik,Granlund,Senior Engineer
414163,Sorina,Conte,Senior Engineer
414164,Marsja,Pouyioutas,Senior Staff
414168,Ortrun,Gomatam,Senior Staff
414171,Pintsang,Siksek,Engineer
414173,Gina,Jonsson,Senior Staff
414175,Ipke,Luders,Senior Staff
414177,Hideo,Schrooten,Senior Engineer
414180,Kinh,Dengi,Senior Staff
414186,Satosi,Miara,Senior Engineer
414188,Taizo,Juneja,Senior Staff
414191,Arnd,Nanard,Staff
414192,Chinho,Ozery,Senior Staff
414195,Gal,Vilarrasa,Senior Staff
414198,Saniya,Kieras,Technique Leader
414205,Mrinalini,Salvesen,Engineer
414206,Yonghong,Picci,Senior Engineer
414208,Mingsen,Steenbeek,Senior Engineer
414210,Xiaopeng,Msuda,Senior Engineer
414211,Jaewoo,Pelc,Senior Engineer
414213,Debatosh,Templeman,Engineer
414217,Demos,Binding,Senior Engineer
414218,Shugo,Kusakari,Senior Engineer
414220,Marla,Fandrianto,Staff
414221,Golgen,Hooghiemstra,Senior Engineer
414222,Pantung,Nitta,Senior Staff
414226,Bingning,Joslin,Assistant Engineer
414228,Abdulla,Maksimenko,Senior Engineer
414229,Naftali,Conta,Senior Staff
414245,Domenico,Krupka,Senior Engineer
414246,Amstein,Unno,Senior Engineer
414247,Jixiang,Thisen,Senior Staff
414251,Akeno,Kulisch,Senior Engineer
414252,Sedat,Pouyioutas,Senior Staff
414255,Mats,Spelt,Senior Staff
414256,Rosalie,Nannarelli,Technique Leader
414257,Leon,Farrel,Senior Staff
414261,Mahmut,Guting,Senior Engineer
414264,Sandeepan,Nergos,Senior Staff
414265,Shigeichiro,Cunliffe,Senior Engineer
414268,Zijian,Pollock,Engineer
414269,Jamaludin,Flowers,Senior Staff
414271,Sanjit,Kermarrec,Staff
414277,Dung,Waleschkowski,Senior Engineer
414278,Alois,Openshaw,Senior Staff
414279,Koldo,Stassinopoulos,Technique Leader
414280,Genki,Arlazarov,Senior Staff
414282,Cristinel,Uehara,Technique Leader
414286,Remmert,Stiles,Engineer
414288,Gou,Sabnani,Senior Staff
414292,Josyula,Mandell,Senior Staff
414295,Alejandra,Streng,Staff
414298,Fai,Macedo,Senior Engineer
414299,Adib,Mahmud,Senior Staff
414301,Bernardo,Streit,Senior Engineer
414304,Krassimir,Duclos,Engineer
414308,Leaf,Piveteau,Senior Staff
414309,Freyja,Pramanik,Staff
414311,Slavian,Barriga,Engineer
414316,Goetz,Merkl,Assistant Engineer
414317,Shem,Lamma,Technique Leader
414320,Mariusz,Henseler,Engineer
414326,Magdalena,Percebois,Senior Staff
414331,Along,Azuma,Engineer
414338,Yefim,Makinen,Senior Staff
414341,Khaled,Chepyzhov,Staff
414344,Saeko,Lichtman,Assistant Engineer
414347,Seshu,Baez,Senior Staff
414355,Subhankar,Przulj,Senior Staff
414356,Gurbir,Cooley,Senior Staff
414360,Marc,Stille,Senior Staff
414361,Uzi,Kaelbling,Senior Staff
414369,Feiyu,Lovengreen,Senior Staff
414371,Pohua,Beznosov,Senior Engineer
414378,Malu,Sinicrope,Senior Staff
414380,Zhonghua,Raoux,Senior Engineer
414381,King,Thombley,Senior Engineer
414395,Sanjeeva,Pashtan,Engineer
414398,Peer,Rosti,Senior Engineer
414400,Stella,Dayang,Senior Staff
414404,Supot,Danley,Senior Engineer
414409,Boguslaw,Maksimenko,Senior Engineer
414421,Shai,Griswold,Technique Leader
414429,Shushma,Alencar,Engineer
414435,Aloke,Schoegge,Senior Engineer
414437,Remko,Zizka,Engineer
414440,Basem,Gniady,Senior Staff
414442,Jiafu,Ashish,Senior Engineer
414448,Navin,Merli,Engineer
414450,Theron,Bednarek,Senior Staff
414460,Toshimo,Radwan,Engineer
414466,Sastry,Chinal,Technique Leader
414468,Josyula,Luga,Senior Engineer
414472,Alassane,Roisin,Senior Engineer
414475,Caolyn,Marrakchi,Senior Engineer
414482,Maya,Baalen,Senior Staff
414486,Chinya,Jayawardene,Staff
414492,Emdad,Azevdeo,Senior Engineer
414497,Shaowen,Cappello,Engineer
414501,Arto,Kobara,Senior Engineer
414502,Emran,Hiraishi,Senior Staff
414503,Gio,Aloia,Senior Engineer
414504,Dmitri,Peroz,Senior Engineer
414508,Yonghoan,Rosaz,Senior Engineer
414509,Yakkov,Pfau,Staff
414510,Zhonghui,Maksimenko,Senior Engineer
414515,Nishit,Reinhard,Senior Staff
414523,Adamantios,Pavlopoulou,Engineer
414524,Shaowei,Mattern,Engineer
414526,Zine,Passafiume,Staff
414527,Tetsushi,Boudaillier,Engineer
414544,Bowen,Alvarado,Engineer
414553,Djelloul,Brodal,Senior Engineer
414555,Etsuo,Duclos,Senior Staff
414558,Mooi,Chepyzhov,Senior Staff
414565,Hairong,Erol,Engineer
414566,Aiman,Khalil,Senior Staff
414579,Flemming,Plesums,Engineer
414581,Chrisa,Lienhardt,Engineer
414588,Mamdouh,Varker,Senior Engineer
414593,Masaru,Siegrist,Engineer
414595,Naftali,Hettesheimer,Senior Engineer
414598,Aksel,Ranta,Assistant Engineer
414601,Mohammed,Kranzdorf,Senior Engineer
414604,Pranjal,Snedden,Senior Engineer
414605,Hyuncheol,Vickson,Senior Staff
414606,Sachin,Vieri,Senior Staff
414608,Pranjal,Undy,Senior Staff
414614,Shigenori,Greenaway,Senior Engineer
414618,Tokuyasu,Wissmann,Senior Engineer
414624,Danai,Heystek,Senior Engineer
414625,Arun,Valiente,Senior Staff
414628,Mahmut,McAlpine,Senior Staff
414631,Theirry,Maliniak,Engineer
414636,Valery,Falck,Engineer
414640,Aran,Soicher,Staff
414642,Bartek,Huttel,Engineer
414643,Flemming,Neiman,Engineer
414644,Janalee,Passino,Engineer
414645,Mingzeng,Boguraev,Staff
414649,Xiaoqiu,Herath,Senior Engineer
414652,Make,Cronan,Technique Leader
414655,Constantino,Taubman,Senior Engineer
414659,Kerhong,Hainaut,Senior Staff
414660,Shridhar,Deyuan,Engineer
414661,Bowen,Pouyioutas,Technique Leader
414665,Pranav,Angelov,Senior Staff
414666,Fai,Alpay,Senior Staff
414667,Vidya,Stavenow,Engineer
414670,Udi,Dulin,Senior Staff
414672,Pasqua,Marwedel,Senior Engineer
414673,Khue,Farris,Technique Leader
414674,Guozhong,Stemann,Senior Staff
414678,Elrique,Malabarba,Senior Staff
414689,Karsten,Olivero,Senior Staff
414693,Richard,Shobatake,Senior Staff
414698,Katsuo,Yavatkar,Senior Engineer
414699,Barun,Spieker,Engineer
414701,Xiaoheng,Aumann,Senior Staff
414705,Shaz,Bernatsky,Engineer
414707,Conrado,Perez,Senior Engineer
414708,Gift,Wielonsky,Senior Engineer
414721,Shigeu,Kieras,Senior Staff
414722,Miyeon,Prochazka,Senior Engineer
414724,Phuoc,Bottner,Senior Staff
414727,Rimli,Weisert,Senior Engineer
414730,Yakkov,Syang,Technique Leader
414735,Mitsuyuki,Rosen,Senior Staff
414739,Yuguang,Veldwijk,Senior Engineer
414740,Mingsen,Snedden,Senior Staff
414741,Branimir,Hasham,Senior Engineer
414750,Gaetan,Tyugu,Senior Staff
414754,Dietrich,Furedi,Senior Staff
414757,Martine,Gecsei,Senior Engineer
414759,Siamak,Oxman,Senior Staff
414765,Elgin,Ghazalie,Senior Staff
414770,Kwee,Oberman,Senior Engineer
414771,Srinidhi,Gimarc,Senior Engineer
414772,Fumiya,Raney,Technique Leader
414774,Haldon,Ginneken,Engineer
414775,Jagoda,Siochi,Technique Leader
414778,Georgy,Ishibashi,Staff
414780,Xiaobin,Strehl,Staff
414783,Yinlin,Matzel,Senior Engineer
414784,Hitofumi,Waterhouse,Senior Engineer
414786,Guiseppe,Furedi,Senior Engineer
414789,Petter,Trystram,Engineer
414791,Junichi,Litzler,Senior Staff
414795,Gaetan,Serre,Senior Staff
414819,Aimee,Willoner,Assistant Engineer
414832,Gladys,Heping,Assistant Engineer
414833,Horward,Naumovich,Engineer
414841,Wuxu,Smeets,Engineer
414844,Genevieve,Stroustrup,Assistant Engineer
414846,Candido,Merlo,Engineer
414847,Edwin,Kabayashi,Senior Engineer
414854,Valeska,Usery,Senior Engineer
414855,Torsten,Piazza,Staff
414858,Kenton,Plump,Staff
414860,Hatem,Gluchowski,Assistant Engineer
414867,JiYoung,McAffer,Engineer
414868,Vincent,Felder,Senior Staff
414869,Kwan,Farrar,Staff
414870,Mountaz,Ruemmler,Senior Engineer
414871,Chanjung,Glowinski,Senior Engineer
414888,Constantine,Speel,Senior Staff
414893,Aloke,Vendrig,Staff
414901,Udaiprakash,Asser,Technique Leader
414902,Denis,Riefers,Senior Engineer
414903,Jeanna,Iisaka,Senior Engineer
414904,Miyeon,Ghalwash,Technique Leader
414906,Anwar,Suessmith,Senior Engineer
414911,Toshiki,Gimbel,Senior Engineer
414917,Chikara,Delgrange,Senior Staff
414923,TRUE,Delgrande,Engineer
414925,Doohun,Walston,Senior Engineer
414931,Patricio,Pintelas,Technique Leader
414933,Khalil,Perly,Senior Engineer
414936,Heejo,Segond,Senior Engineer
414938,Hongzhu,Stenning,Senior Engineer
414940,Shahaf,Wossner,Senior Staff
414947,Kristine,Grandbois,Senior Staff
414949,Toshimo,Guerreiro,Engineer
414959,Tristan,Birta,Engineer
414962,Hilari,Denny,Senior Engineer
414966,Nakhoon,Cochrane,Senior Staff
414967,Kirk,Marwedel,Senior Staff
414969,Xinglin,Schurmann,Engineer
414972,Weidon,Merle,Senior Engineer
414973,Fei,Gips,Senior Staff
414974,Arlette,Schwabacher,Staff
414978,Sorina,Jiafu,Senior Staff
414987,Mohamadou,Setiz,Senior Staff
414988,Chandrasekaran,Bondorf,Senior Staff
414989,Theirry,Kambil,Senior Staff
414993,Guiseppe,DasSarma,Senior Staff
414995,Pranas,Boyle,Senior Engineer
415001,Indrajit,Giaccio,Engineer
415007,Fabrizio,Rissland,Engineer
415015,Anyuan,Pokrovskii,Senior Engineer
415017,Troy,Bael,Engineer
415018,Waiman,Marquardt,Staff
415020,Gift,Taubman,Assistant Engineer
415021,Gen,Merli,Senior Engineer
415023,Toshiko,Rijsenbrij,Assistant Engineer
415026,Trygve,Sooriamurthi,Senior Engineer
415029,Masaki,Butner,Senior Staff
415030,Bouchung,Belinskaya,Senior Engineer
415031,Jiang,Lakshmanan,Senior Staff
415032,Sarita,Kropf,Senior Staff
415033,Bowen,Ermel,Senior Engineer
415043,Zhenhua,Hopewell,Senior Engineer
415049,Mansur,Sundgren,Engineer
415052,Dipankar,Openshaw,Technique Leader
415055,Shim,Sherertz,Senior Engineer
415072,Nigel,Spell,Senior Engineer
415073,Luerbio,Uehara,Senior Engineer
415093,Shigeu,Juneja,Senior Engineer
415100,Armond,Antonakopoulos,Engineer
415109,Iara,Riesenhuber,Senior Staff
415117,Sudhanshu,Gente,Senior Staff
415123,Fatemeh,Fontet,Senior Engineer
415124,Sugwoo,Dalphin,Engineer
415125,Sedat,Sanella,Senior Staff
415128,Stepehn,Kossowski,Staff
415134,Conal,Minakawa,Senior Staff
415146,Huan,Speer,Engineer
415148,Jouni,Iisaku,Senior Staff
415150,Danae,Petereit,Engineer
415152,Jongsuk,Danecki,Senior Staff
415154,Hiroyasu,Llado,Staff
415157,Insup,Ananiadou,Senior Staff
415159,Munir,Katzenelson,Senior Staff
415164,Marl,Kopetz,Senior Staff
415170,Tadahiko,Heuter,Technique Leader
415177,Cedric,Yoshimura,Senior Staff
415179,Ult,Kitsuregawa,Engineer
415182,Aamer,Danner,Senior Staff
415186,Yechiam,Lyonns,Engineer
415190,Yinlin,Kolinko,Senior Staff
415193,Xiaoqiu,Perz,Staff
415200,Valdiodio,Sewelson,Senior Staff
415204,Sachem,Kaltofen,Technique Leader
415206,Takahiro,Heyers,Senior Staff
415209,Inderjeet,Mandell,Staff
415210,Kokou,Bierman,Senior Staff
415212,Mototsugu,Highland,Staff
415213,Mohammad,Birch,Senior Engineer
415218,Vojin,Herber,Senior Staff
415224,Rutger,Syrotiuk,Senior Engineer
415225,Shushma,Servi,Senior Staff
415226,Goa,Manderick,Technique Leader
415231,Rosalyn,Muniz,Senior Engineer
415240,Neelam,Percebois,Engineer
415242,Moni,Broomell,Senior Staff
415243,Neven,Riexinger,Staff
415244,Alassane,Ravishankar,Staff
415251,Domenick,Noriega,Senior Engineer
415255,Shan,Conti,Senior Staff
415256,Irena,Hitomi,Staff
415260,Shunichi,Perry,Staff
415269,Tadahiko,Flexer,Senior Engineer
415272,Mariusz,Luff,Senior Staff
415274,Tomoyuki,Peris,Technique Leader
415282,Frazer,Alpay,Senior Engineer
415288,Howell,Raczkowsky,Senior Engineer
415291,Kolar,Demizu,Senior Engineer
415293,Arch,Selenyi,Staff
415295,Tran,Katalagarianos,Senior Staff
415296,Naftaly,Hatcliff,Senior Engineer
415298,Mostafa,Pettis,Staff
415299,Fusako,Picel,Staff
415301,Ranga,Swift,Senior Engineer
415303,Xiadong,Crabtree,Senior Engineer
415312,Mara,Penn,Senior Engineer
415315,Kiam,Cherinka,Engineer
415317,Shen,Shiratori,Staff
415318,Idoia,Babb,Senior Staff
415319,Nakhoon,Dahlbom,Senior Staff
415320,Mingzeng,Mullainathan,Senior Engineer
415321,Fumiko,Ruther,Senior Staff
415322,Rosli,Peron,Senior Engineer
415327,Christ,Zambonelli,Senior Engineer
415330,Pranav,Rabehasaina,Staff
415343,Lobel,Marchegay,Engineer
415344,Mechthild,Passafiume,Senior Engineer
415345,Vishu,Schreiter,Senior Engineer
415349,Mabry,Syrotiuk,Staff
415356,Mostafa,Hofting,Staff
415359,Khatoun,Puoti,Senior Engineer
415365,Dipankar,Negoita,Staff
415367,Adam,Esposito,Senior Engineer
415374,Shushma,Hofting,Senior Engineer
415375,Xinyu,Sgarro,Senior Staff
415376,Sungwon,Range,Senior Engineer
415378,Jordanka,Jervis,Senior Staff
415380,Karoline,Ulupinar,Senior Staff
415388,Shiv,Standera,Senior Engineer
415389,Constantine,Hettesheimer,Senior Staff
415390,Berthier,Mayerwieser,Senior Engineer
415392,Lihong,Denis,Engineer
415393,Augustine,McDermid,Staff
415402,Tetsushi,Schneeberger,Senior Staff
415403,Uri,Masand,Staff
415404,Zhongwei,Gonthier,Senior Engineer
415415,Abdelkader,Gerlach,Senior Engineer
415417,Jaideep,Tramer,Technique Leader
415423,Murthy,Sethi,Senior Staff
415424,Adhemar,Savasere,Senior Staff
415425,Srinidhi,Deverell,Senior Staff
415430,Bluma,Provine,Senior Staff
415431,Willard,Manders,Technique Leader
415434,Morris,Pehl,Staff
415435,Kolar,Haldar,Senior Staff
415436,Hongzhu,Bellone,Senior Staff
415442,Udaiprakash,Passino,Technique Leader
415446,Thanasis,Bashian,Senior Engineer
415448,Shih,Wossner,Senior Engineer
415452,Shahab,Lalonde,Senior Staff
415454,Shen,Vuskovic,Senior Engineer
415455,Kiyomitsu,Rosiles,Senior Staff
415456,Jianhui,Zeidenstein,Senior Engineer
415457,Sasan,Makinen,Senior Staff
415458,Dekang,Ponthieu,Senior Staff
415464,Xiaobin,Kieras,Senior Engineer
415468,Danny,Ciolek,Senior Engineer
415469,Arno,Rosis,Technique Leader
415471,Martina,Sundgren,Staff
415475,Ymte,Emmart,Senior Staff
415477,Serap,Cronau,Senior Staff
415480,Shuky,Duclos,Senior Staff
415481,Branimir,Ulupinar,Senior Engineer
415482,Selwyn,Valiente,Engineer
415483,Marko,Beeson,Senior Staff
415485,Mihalis,Butner,Engineer
415486,Shahar,Comyn,Senior Staff
415488,Odinaldo,McFarlan,Senior Staff
415490,Huican,Paciorek,Senior Staff
415495,Kiam,Luef,Engineer
415496,Gritta,Awdeh,Senior Staff
415499,Vishv,Suri,Engineer
415501,Thodoros,Herber,Engineer
415505,Premal,Hambrick,Senior Engineer
415512,Marin,Sifakis,Senior Engineer
415517,Yechezkel,Benveniste,Engineer
415518,Jinpo,Nicolson,Engineer
415523,Neelam,Luef,Senior Staff
415525,Kazuhira,Cannane,Staff
415526,Sailaja,Blokdijk,Senior Staff
415527,Leon,Melski,Senior Engineer
415530,Udi,Bail,Engineer
415531,Gritta,Rikino,Engineer
415535,Teruyuki,Randi,Senior Engineer
415536,Shir,Maraist,Senior Staff
415539,Luerbio,Collette,Senior Staff
415543,Chiranjit,Karnin,Senior Staff
415554,Goh,Panienski,Senior Staff
415555,Yuchang,Bala,Senior Engineer
415558,Gurbir,Argence,Senior Engineer
415559,Ute,Mitsuhashi,Senior Engineer
415560,Gou,Erde,Senior Staff
415561,Mabo,Borstler,Engineer
415565,Insup,Sessa,Senior Staff
415567,Ipke,Tanemo,Senior Engineer
415572,Elvia,Lampe,Senior Engineer
415574,Adas,Gimbel,Senior Engineer
415575,Shaleah,Massonet,Staff
415576,Akemi,Passafiume,Senior Engineer
415577,Magdalena,Kumaresan,Senior Engineer
415578,Nevin,Setia,Senior Engineer
415582,Giap,Shackell,Engineer
415583,Przemyslawa,Ranft,Engineer
415585,Hyuckchul,Rebaine,Senior Engineer
415591,Mingsen,Zucker,Engineer
415592,Erzsebet,Chepyzhov,Engineer
415593,Wojceich,Sridhar,Senior Staff
415596,Fen,Silva,Senior Staff
415598,Stella,Lichtman,Senior Staff
415599,Kiyokazu,Kamber,Senior Staff
415601,Youssef,Plesums,Staff
415603,Irena,Decaestecker,Senior Staff
415606,Hiroyasu,Khamsi,Senior Staff
415610,Tommaso,Baezner,Engineer
415615,Elvia,Bisiani,Engineer
415616,Lobel,Sury,Senior Staff
415633,Eirik,Baaleh,Staff
415637,Hidde,McFarlan,Senior Engineer
415638,Oldrich,Cheshire,Staff
415639,Marek,Azevdeo,Senior Staff
415648,Dinkar,Colorni,Senior Staff
415650,Jessie,Peternell,Senior Engineer
415651,Zsolt,Klyachko,Senior Engineer
415653,Jaideep,Templeman,Engineer
415659,Jouko,Gelosh,Senior Engineer
415661,Fen,Schiper,Engineer
415662,Mats,Peroz,Senior Staff
415664,Vishu,Keohane,Staff
415671,Temple,Berstel,Technique Leader
415672,Chenye,Danlos,Senior Engineer
415682,Hauke,Collette,Senior Staff
415689,Christoph,Szemeredi,Staff
415691,Avishai,Jumpertz,Senior Engineer
415696,Ute,Hofstetter,Engineer
415697,Ziyad,Duclos,Engineer
415703,Martina,Axelband,Senior Engineer
415704,Wonhee,Furedi,Senior Engineer
415708,Hiroyasu,Rikino,Senior Staff
415711,Nagui,Hanabata,Staff
415716,Yucai,Ciolek,Senior Engineer
415717,Claudi,Ramras,Senior Engineer
415720,Danil,Wixon,Senior Staff
415726,Mingdong,Spelt,Senior Staff
415728,Urs,Erev,Senior Staff
415729,Yongdong,Ozeri,Senior Engineer
415731,Uta,Aloisi,Engineer
415732,Randy,Simmel,Staff
415733,Aamod,Herath,Engineer
415734,Arno,Ramras,Senior Engineer
415736,Xinyu,Randi,Senior Engineer
415741,Anneli,Suwa,Senior Engineer
415744,Valdiodio,Lowrie,Senior Staff
415745,Gurbir,Terkki,Staff
415746,Miyeon,Egerstedt,Technique Leader
415749,Ravishankar,Nittel,Senior Staff
415762,Susanta,Covnot,Engineer
415765,Munehiko,Hofman,Senior Engineer
415769,Nevin,Brandsma,Senior Engineer
415770,Shigenori,Murrill,Senior Engineer
415771,Jaques,Zirintsis,Senior Staff
415773,Martien,Hartvigsen,Senior Staff
415774,Yannis,Ellozy,Engineer
415778,Chikara,Narahari,Senior Staff
415783,Menkae,Puppe,Senior Engineer
415788,Sverrir,Kabayashi,Senior Engineer
415790,Lech,Vural,Staff
415791,Sergi,Polupanov,Senior Engineer
415793,Unal,Gubsky,Senior Engineer
415796,Rance,Foote,Senior Engineer
415797,Bluma,Delgrande,Engineer
415800,Otilia,Bratsberg,Senior Staff
415805,Xuedong,Buchter,Senior Engineer
415807,Adamantios,Encarnacion,Senior Staff
415817,Wonhee,Hutter,Senior Engineer
415818,Aron,Rando,Senior Staff
415821,Pohua,Harnett,Technique Leader
415823,Josyula,Bale,Assistant Engineer
415828,Vishv,Feldhoffer,Engineer
415835,Bingning,Hofting,Technique Leader
415838,Tianruo,Emiris,Senior Engineer
415844,Chenye,Schurmann,Senior Engineer
415845,Berry,Cummings,Senior Engineer
415847,Shai,Harnett,Assistant Engineer
415854,Zhanqiu,Ravishankar,Senior Engineer
415855,Anwar,Glowinski,Senior Staff
415856,Khun,Pauthner,Senior Staff
415857,Honglan,Melichar,Senior Engineer
415859,Leon,Gonthier,Senior Staff
415861,Marla,Dalton,Senior Engineer
415864,Tzvetan,Brodie,Senior Engineer
415865,Beshir,Fujisawa,Technique Leader
415866,Rosita,Leonhardt,Engineer
415867,Shuji,Erev,Senior Staff
415872,Moie,Ernst,Senior Engineer
415878,Arco,Minakawa,Senior Staff
415879,Murthy,Rajala,Technique Leader
415880,Tonia,Peres,Technique Leader
415884,Larisa,Schahn,Senior Engineer
415890,Zhonghui,Melski,Senior Engineer
415892,Arvind,Munch,Staff
415893,Jinpo,Auyong,Staff
415896,Babette,Ramsak,Staff
415898,Hitofumi,Sadowski,Senior Staff
415899,Valery,Michaeli,Senior Staff
415902,Barun,Radwan,Staff
415903,Achilleas,Eiron,Senior Engineer
415904,Howell,Matzov,Senior Engineer
415908,Marl,Ponthieu,Senior Engineer
415910,Ennio,Miake,Senior Engineer
415912,Gadiel,Begiun,Senior Engineer
415920,Kensyu,Biros,Senior Engineer
415921,Fayez,Lambe,Senior Staff
415922,Jahangir,Berstel,Staff
415924,Eran,Moehrke,Senior Engineer
415926,Mary,Ratnaker,Senior Engineer
415944,Kwangsub,Cairo,Senior Staff
415945,Brewster,Baalen,Engineer
415950,Nathan,Bonifati,Senior Staff
415955,Arvind,Openshaw,Senior Staff
415962,Anoosh,Kolinko,Staff
415968,Serif,Griswold,Senior Engineer
415969,Xiaopeng,Gils,Engineer
415978,Susanta,Tsukuda,Senior Engineer
415980,Charmane,Marrakchi,Senior Engineer
415981,Miomir,Kaltofen,Senior Staff
415983,Masoud,Schwaller,Senior Staff
415984,Vishwani,Auria,Staff
415986,Demin,Claffy,Senior Staff
415994,Qunsheng,Flanders,Senior Engineer
415998,Heon,Vrecion,Senior Staff
416001,Zeljko,Leonhardt,Senior Staff
416003,Arumugam,Murtafg,Senior Engineer
416004,Huiqun,Uchoa,Senior Engineer
416008,Zeljko,Ranze,Senior Staff
416011,Huican,Escriba,Engineer
416012,Navid,Rodiger,Staff
416013,Aloke,Peck,Engineer
416016,Serif,Gimarc,Engineer
416018,Fen,Aloia,Senior Staff
416026,Inderjeet,Molenaar,Senior Staff
416031,Bezalel,Chinal,Senior Staff
416032,Patricio,Schicker,Senior Staff
416034,Zdislav,Gils,Senior Staff
416035,Shao,Trogemann,Engineer
416036,Uri,Verspoor,Senior Staff
416038,Chaoyi,Dayang,Senior Engineer
416042,Katsuo,Lorcy,Senior Engineer
416044,Gro,Schaad,Senior Engineer
416049,Karoline,Nivat,Senior Staff
416057,Edwin,Gargeya,Engineer
416067,Moon,Teitelbaum,Senior Engineer
416070,Sanjeeva,Angelov,Staff
416072,Sungwon,Bednarek,Staff
416073,Yongdong,Gyorkos,Engineer
416076,Kenton,Junet,Staff
416077,Karsten,Sewelson,Engineer
416080,Toshiko,Muchinsky,Technique Leader
416083,Jeane,Sommen,Senior Staff
416087,Terresa,Zeidenstein,Senior Engineer
416088,Herbert,Brodie,Senior Engineer
416091,Narain,Thummel,Senior Engineer
416094,Basil,Rebaine,Engineer
416096,Nobuyoshi,Ginneken,Senior Engineer
416099,Toshimo,Rahier,Senior Engineer
416103,Itzchak,Molberg,Engineer
416108,Masaki,Janetzko,Staff
416109,Teunis,Alencar,Technique Leader
416110,Weijing,Zongker,Engineer
416111,Georg,Dulay,Senior Staff
416114,Adas,Fujisaki,Engineer
416115,Aleksander,Beidas,Engineer
416124,Tayeb,Peak,Senior Engineer
416128,Uli,Wrigley,Senior Engineer
416132,Paloma,Barreiro,Senior Engineer
416136,Yonghoan,Reinhard,Senior Staff
416144,Bezalel,Vesna,Senior Staff
416146,Fabrizio,Swift,Senior Staff
416157,Badri,Hofstetter,Engineer
416164,Ramya,Weiland,Senior Staff
416166,Yuriy,Rosenbaum,Senior Staff
416167,Kshitij,Erdmenger,Senior Staff
416168,Radhakrishnan,Meriste,Engineer
416174,Shay,Kuhnemann,Engineer
416176,Fun,Rosch,Technique Leader
416177,Khun,Turnbull,Senior Engineer
416178,Otilia,Iacovou,Staff
416182,Jixiang,Couchot,Senior Staff
416183,Ramalingam,Luit,Senior Staff
416185,Mary,Gils,Staff
416190,Jaideep,Berztiss,Senior Staff
416191,Xinglin,Sichman,Staff
416192,Roddy,Zlotek,Senior Engineer
416195,Tayeb,Swiss,Staff
416204,Amalendu,Murillo,Senior Engineer
416211,Subbu,Tsukuda,Staff
416212,Ramzi,Marletta,Staff
416217,Holgard,Streng,Senior Engineer
416222,Lene,Cronau,Engineer
416225,Zhenhua,Emmerich,Senior Staff
416226,Piyush,Masaki,Engineer
416231,Ibibia,Plumb,Senior Engineer
416232,Shigeaki,Pillow,Staff
416233,Marl,Swiss,Staff
416253,Kankanahalli,Joslin,Senior Staff
416260,Flemming,Baezner,Engineer
416262,Chirstian,Picaronny,Senior Staff
416265,Chiranjit,Bodoff,Staff
416271,Baocai,Olivero,Senior Engineer
416284,Alain,Ferretti,Senior Engineer
416287,Tonny,Lipner,Senior Engineer
416288,Ramalingam,Khalid,Senior Engineer
416289,Sungwon,Thimonier,Staff
416294,Tianruo,Conte,Senior Staff
416307,Elvia,Brookman,Senior Engineer
416308,Joydip,DuBourdieux,Engineer
416312,Baruch,Petereit,Staff
416313,Arvin,Yetto,Senior Staff
416315,Radoslaw,Picco,Engineer
416319,Duro,Chimia,Senior Staff
416326,Arumugam,Zschoche,Senior Staff
416330,Candida,Pollock,Senior Staff
416332,Kwee,Vadhan,Technique Leader
416334,Shushma,Bressoud,Senior Staff
416337,Taizo,Bouloucos,Senior Staff
416340,Giap,Monarch,Senior Engineer
416343,Arun,Malinowski,Senior Staff
416349,Keiichiro,Wursthorn,Senior Staff
416356,Ult,Lamma,Engineer
416357,Irena,Kranzdorf,Senior Engineer
416365,Charlene,Muntz,Senior Staff
416370,Aiman,Suomi,Engineer
416374,Vasilii,Kropf,Senior Staff
416377,Emran,Terekhov,Engineer
416379,Heon,Riefers,Engineer
416386,Berni,Ladret,Senior Engineer
416387,Izaskun,Waeselynck,Senior Engineer
416388,Gad,Leslie,Senior Engineer
416390,Parke,Magalhaes,Senior Engineer
416392,Paris,Deville,Staff
416394,Sreenivas,Anguita,Senior Staff
416396,Oldrich,Flanders,Senior Staff
416400,Shmuel,Carrera,Engineer
416404,Yurij,Bennis,Technique Leader
416407,Mart,Stranks,Technique Leader
416408,Tomofumi,Quadeer,Senior Staff
416411,Masato,Cochrane,Staff
416414,Shaunak,Lung,Senior Staff
416421,Zijian,Strooper,Senior Staff
416425,Amabile,Kaminger,Senior Engineer
416429,Chiradeep,Skafidas,Engineer
416441,Sigeru,Makinen,Engineer
416444,Yuichiro,Schmittgen,Senior Engineer
416446,Berna,Antonakopoulos,Senior Engineer
416450,Yagil,Busillo,Senior Staff
416452,Venkatesan,Malabarba,Senior Staff
416454,Duro,Liedekerke,Senior Staff
416456,Yinlin,Rossi,Senior Staff
416459,Ramya,Broder,Technique Leader
416466,Herbert,Velardi,Staff
416469,Kristina,Negoita,Staff
416470,Tzvetan,Katiyar,Senior Staff
416476,Garnet,Pollock,Senior Staff
416482,Ishfaq,Boreale,Senior Staff
416485,Valeri,Iisaku,Senior Staff
416487,Marsja,Anick,Senior Staff
416495,Marek,Cooley,Staff
416499,Jeong,Tyugu,Engineer
416503,Xiahua,Validov,Senior Engineer
416512,Sanjoy,Lamparter,Senior Engineer
416517,Sungwon,Dolinsky,Senior Engineer
416518,Dzung,Rosenbaum,Senior Engineer
416522,Hauke,Mikschl,Senior Staff
416525,Ipke,Fontan,Senior Engineer
416528,Foong,Ghemri,Senior Engineer
416529,Alassane,Thiran,Senior Staff
416531,Ult,Vesel,Senior Staff
416543,Bernardo,Kornyak,Senior Staff
416544,Rajmohan,Berendt,Senior Staff
416548,Kyoichi,Gammage,Senior Staff
416550,Gaetan,Haldar,Engineer
416552,Kwok,Nyrup,Senior Staff
416554,Hatsukazu,Kabayashi,Senior Engineer
416557,Uli,Erbe,Staff
416559,Patricia,Zucker,Senior Engineer
416564,Hirochika,Deverell,Technique Leader
416565,Aran,Baalen,Staff
416566,Hugo,Bergere,Senior Engineer
416568,Dannz,Usery,Senior Engineer
416571,Ennio,Schiper,Senior Engineer
416572,Yechezkel,Gargeya,Staff
416573,Berhard,Leaver,Senior Engineer
416574,Sanjoy,Bolsens,Technique Leader
416575,Shai,Olano,Technique Leader
416579,Theron,Haddadi,Engineer
416581,Elgin,Harbusch,Senior Engineer
416583,Shridhar,Kaiserswerth,Engineer
416584,JoAnna,Kleiser,Staff
416588,Yannis,Cannata,Senior Engineer
416589,Jianhua,Bakhtari,Senior Engineer
416593,JoAnna,Akaboshi,Senior Engineer
416596,Manohar,Bodoff,Senior Engineer
416599,Gadiel,Swiss,Staff
416604,Gonzalo,Kambil,Senior Staff
416606,Salvador,Sadowsky,Senior Staff
416610,Almudena,Liedekerke,Senior Staff
416623,Heeju,Keustermans,Technique Leader
416624,Mohd,DasSarma,Engineer
416627,Nikolaus,Hegner,Senior Staff
416631,Leif,Showalter,Assistant Engineer
416633,Khun,Coombs,Senior Staff
416635,Mamdouh,Roison,Staff
416637,Miquel,Ferriere,Senior Staff
416639,Shahar,Choobineh,Senior Staff
416641,Marek,Huhdanpaa,Senior Staff
416643,Martial,Brandsma,Senior Engineer
416645,Ziva,Rodite,Engineer
416647,Yuchang,Birch,Engineer
416654,Kshitij,Tetzlaff,Assistant Engineer
416663,Chiranjit,Beeson,Senior Engineer
416673,Emdad,Lambe,Senior Engineer
416677,Brewster,Pell,Senior Staff
416685,Torsten,Apsitis,Senior Staff
416688,Atilio,Gornas,Senior Staff
416690,Ulf,Mahmud,Senior Staff
416693,Tooru,Pashtan,Senior Engineer
416694,Ebru,Remmele,Technique Leader
416695,Radhika,Rousseau,Assistant Engineer
416697,Mandell,Setlzner,Engineer
416705,Becky,Rikino,Senior Engineer
416711,Sachin,Yoshizawa,Senior Engineer
416716,Shigehiro,Crooks,Engineer
416718,Padma,Genther,Assistant Engineer
416719,Lijie,Coorg,Senior Engineer
416724,Juyoung,Borstler,Senior Engineer
416726,Kousuke,Dichev,Senior Staff
416728,Yuping,Matzov,Senior Engineer
416729,Mack,Waterhouse,Engineer
416737,Douadi,Renear,Senior Engineer
416740,Shimshon,Salvesen,Senior Engineer
416746,Christfried,Papadias,Senior Engineer
416750,Percy,Morris,Staff
416752,Dannz,Babu,Senior Staff
416754,Ulf,Collette,Engineer
416758,Subhankar,Qiwen,Senior Staff
416759,Uli,Ducloy,Technique Leader
416765,Berthier,Homond,Staff
416768,Yuchang,Chelton,Senior Engineer
416770,Sudhanshu,Talmor,Staff
416771,Urs,Butterworth,Senior Engineer
416772,Chuanyi,Borovoy,Senior Engineer
416773,Geoff,Wuwongse,Senior Engineer
416775,Hiroyasu,Siegrist,Technique Leader
416783,Kagan,Makrucki,Senior Staff
416786,Fusako,Rodham,Staff
416788,Apostol,Hoogerwoord,Senior Staff
416789,Leen,Bottner,Senior Engineer
416790,Mary,Mitchem,Senior Staff
416795,Aksel,Wossner,Senior Staff
416805,Sadok,Scharstein,Assistant Engineer
416811,Bojan,Pramanik,Staff
416815,Mohd,Knightly,Staff
416818,Hisao,Ruemmler,Staff
416819,Ulf,Slutz,Senior Engineer
416821,Munenori,Pardalos,Senior Engineer
416823,Indrajit,Guerreiro,Engineer
416826,Mack,Gniady,Senior Engineer
416827,Nevio,Binkley,Technique Leader
416828,Seshu,Karner,Senior Engineer
416830,Pranas,Junet,Senior Staff
416833,Hugh,Nollmann,Senior Engineer
416834,Angel,Riefers,Senior Engineer
416836,Gino,Erev,Senior Engineer
416837,Sachio,Borovoy,Staff
416838,Dinkar,Delgrange,Senior Engineer
416839,Stella,Serov,Engineer
416844,Zejun,Munch,Senior Engineer
416847,Jinpo,Dengi,Assistant Engineer
416848,Oddvar,Suermann,Senior Engineer
416850,Maik,Perez,Senior Engineer
416854,Basim,Lally,Senior Engineer
416855,Ingmar,Etalle,Senior Engineer
416857,Tetsurou,Sethi,Staff
416860,Selwyn,Poulakidas,Engineer
416862,Roselyn,Peek,Technique Leader
416863,Ibibia,Eiron,Engineer
416864,Chiradeep,Shiratori,Senior Staff
416872,Noritoshi,Furudate,Staff
416873,Serif,Gyorkos,Senior Staff
416878,Leen,Keustermans,Senior Engineer
416879,Bluma,Schrooten,Senior Staff
416880,Shuichi,Felder,Senior Staff
416883,Hyuncheol,Dalphin,Engineer
416885,Aamer,Zaccaria,Senior Engineer
416889,Shay,Menyhert,Senior Staff
416891,Kien,Conia,Staff
416893,Malu,Landherr,Engineer
416895,Hitofumi,Fandrianto,Senior Staff
416899,Abdelghani,Heijenga,Engineer
416909,Premsyl,Grospietsch,Engineer
416911,TRUE,Gecseg,Engineer
416913,Sungwon,Huhdanpaa,Staff
416916,Freyja,Swift,Staff
416918,Seshu,Bach,Engineer
416920,Ekawit,Kossowski,Senior Staff
416921,Chuanyi,Gubsky,Senior Engineer
416924,Vishwani,Ambroszkiewicz,Senior Staff
416933,Toshiko,Olano,Senior Engineer
416936,Lenore,Perly,Senior Engineer
416940,Weiyi,Hoppenstand,Senior Staff
416941,Kellie,Luan,Engineer
416943,Marsja,Bresenham,Staff
416944,Shih,Hoogerwoord,Senior Engineer
416945,Rayond,Pashtan,Senior Staff
416948,Reinhard,Peac,Senior Staff
416950,Suvo,Krohn,Senior Staff
416958,Arfst,Benner,Engineer
416959,Ymte,Speer,Senior Staff
416963,Shietung,Ramsey,Senior Engineer
416969,Kish,Chaudhuri,Senior Staff
416979,Baruch,Maliniak,Senior Engineer
416980,Qunsheng,Meszaros,Senior Staff
416991,Weiwu,Lund,Senior Engineer
416994,Xiadong,Rubsam,Engineer
416998,Danco,Cannata,Senior Engineer
417000,Baruch,Shokrollahi,Senior Engineer
417002,Parviz,Perko,Senior Engineer
417007,Mong,Swan,Senior Engineer
417009,Pintsang,Peng,Senior Staff
417020,Reinhard,Herber,Staff
417026,Harngdar,Wrigley,Senior Staff
417028,Rimon,Hardjono,Senior Engineer
417037,Kristian,Ranta,Senior Engineer
417039,Chrisa,Feldmann,Senior Staff
417041,Shen,Zallocco,Senior Staff
417042,Basem,Eickenmeyer,Senior Staff
417048,Subhada,Bernardeschi,Senior Engineer
417063,Menkae,Perna,Staff
417064,Gill,Narlikar,Senior Staff
417069,Sajjad,Janocha,Senior Staff
417072,Almudena,Simmen,Staff
417073,Foong,Ecklund,Senior Engineer
417078,Shigenori,Sethi,Senior Engineer
417080,Fumiko,Engberts,Senior Engineer
417090,Takahira,Schaaf,Senior Staff
417092,Xiaoqiang,Varker,Senior Engineer
417096,Baziley,Mahnke,Engineer
417110,Perry,Curless,Senior Engineer
417111,Tristan,Emden,Senior Engineer
417117,Sven,Riefers,Technique Leader
417118,Dmitri,Erbe,Senior Staff
417120,Candido,Ghelli,Technique Leader
417123,Shao,Ramsak,Senior Staff
417129,Kousuke,Edelhoff,Senior Staff
417130,Turgut,Kushner,Senior Staff
417132,Marl,Kenevan,Senior Staff
417133,Troy,Benantar,Senior Staff
417137,Arch,Miake,Engineer
417143,Sumant,Kamber,Technique Leader
417144,Zeydy,Thorelli,Engineer
417146,Anneke,Caine,Senior Engineer
417149,Maya,Falster,Engineer
417150,Xiaoshan,Akiyama,Technique Leader
417153,Prodip,Nitta,Senior Engineer
417155,Tooru,Juneja,Senior Staff
417158,Bodh,Gimbel,Technique Leader
417160,Chandrasekaran,Benaini,Staff
417163,Kauko,Xiaoshan,Staff
417167,Chrisa,Molenkamp,Engineer
417168,Kristinn,Heuter,Senior Engineer
417170,Paloma,Delgrange,Senior Engineer
417178,Uriel,Brendel,Senior Staff
417180,Martina,Coombs,Senior Staff
417181,Babette,Kermarrec,Senior Engineer
417184,Alair,Schauser,Engineer
417186,Alejandra,Bernick,Senior Engineer
417190,Atreyi,Cooman,Senior Staff
417197,Bodo,Crabtree,Senior Engineer
417201,Baruch,Matzke,Senior Engineer
417204,Niteen,Pietracaprina,Staff
417205,Yuchang,Rajala,Senior Engineer
417206,Ramachenga,Crouzet,Senior Staff
417207,Gino,Rodham,Senior Engineer
417210,Guozhong,Iisaku,Senior Engineer
417213,Jackson,Clouatre,Engineer
417214,Zsolt,Dengi,Staff
417216,Jacqueline,Brlek,Senior Engineer
417217,Denny,Einsfeld,Senior Staff
417221,Sandeepan,Shackell,Senior Engineer
417223,Jaideep,Schwaller,Engineer
417232,Ishfaq,Krybus,Staff
417233,Trygve,Narahari,Assistant Engineer
417237,Deniz,Menyhert,Senior Staff
417238,DAIDA,Varker,Staff
417240,Limsoon,Stafford,Senior Staff
417244,Arif,Deverell,Engineer
417245,Seshu,Hebden,Staff
417247,Udaiprakash,Farrar,Engineer
417250,Freyja,Theuretzbacher,Engineer
417266,Tran,Uhrik,Engineer
417273,Kristin,Kakkad,Senior Engineer
417275,Mohammed,Middleton,Staff
417276,Howell,Deville,Senior Engineer
417278,Roselyn,Aamodt,Engineer
417279,Mariangiola,Gischer,Senior Engineer
417286,Mabo,Fordan,Senior Engineer
417288,Bouchung,Macedo,Senior Engineer
417295,Tzvetan,Siksek,Senior Engineer
417301,Anoosh,Solovay,Senior Staff
417302,Valeri,Uchoa,Engineer
417306,LiMin,Lorin,Senior Engineer
417309,Gretta,Menhardt,Technique Leader
417310,Ziya,Bazzichi,Engineer
417313,Franziska,Bernardeschi,Senior Engineer
417317,Byong,Asrin,Technique Leader
417319,Chriss,Ferretti,Senior Staff
417321,Feipei,Valette,Staff
417322,Jiong,Bahr,Senior Engineer
417326,Reinhard,Feinberg,Staff
417328,Xinyu,Molenaar,Senior Staff
417329,Luigi,Wendorf,Senior Engineer
417334,Shahaf,Bugrara,Senior Staff
417337,Tzvetan,Murtha,Senior Engineer
417338,Huican,Staelin,Senior Staff
417341,Evgueni,Legleitner,Senior Engineer
417343,Weiru,Blokdijk,Senior Staff
417354,Shigeaki,Perng,Senior Staff
417356,Chinya,Rosch,Staff
417363,Shai,Zirintsis,Engineer
417365,Shuzo,Roccetti,Senior Staff
417367,Gianluca,Merle,Staff
417376,Leszek,Hertweck,Senior Staff
417379,Shawna,Uehara,Senior Staff
417381,Paddy,Beausoleil,Staff
417384,Mansur,Valtorta,Senior Staff
417390,Arnd,Crooks,Staff
417392,Chaosheng,Siepmann,Senior Engineer
417399,Moto,Pulkowski,Senior Engineer
417404,Hauke,Pelz,Engineer
417405,Subhada,Aloisi,Senior Engineer
417407,Masato,Klyachko,Senior Engineer
417409,Susanna,Solares,Senior Staff
417411,Dinah,Porotnikoff,Senior Engineer
417420,Idoia,Peek,Senior Engineer
417423,Chinya,Esteva,Staff
417424,Piyush,Geffroy,Senior Engineer
417427,Doohun,Lores,Senior Staff
417429,Vasilis,Murtafg,Senior Engineer
417433,Kristina,Maccarone,Senior Staff
417436,Avishai,Quittner,Senior Engineer
417437,Arumugam,Skrikant,Senior Engineer
417438,Boutros,Veldwijk,Engineer
417439,Jaana,Werthner,Senior Staff
417440,Luisa,Lorie,Senior Engineer
417442,Conrado,Uchoa,Senior Engineer
417443,Deborah,Gihr,Senior Engineer
417449,Byong,Siprelle,Engineer
417450,Aimee,Shinomoto,Senior Staff
417452,Jaber,Openshaw,Senior Engineer
417460,Stafford,Schwaller,Senior Engineer
417462,Yagil,Emmart,Senior Engineer
417466,Cathie,Trumbly,Senior Staff
417471,Xiaoheng,Bednarek,Engineer
417476,Doowon,Siprelle,Engineer
417477,Abdelkader,Gadepally,Staff
417479,Candida,Suppi,Engineer
417485,Wanqing,Ballarin,Engineer
417486,Sakthirel,Cusworth,Technique Leader
417487,Mahendra,Kading,Engineer
417490,Sungwon,Bade,Senior Staff
417493,Peternela,Schapiro,Technique Leader
417495,Nakhoon,Miake,Senior Engineer
417498,Dmitri,Trogemann,Technique Leader
417504,Ronnie,Peron,Senior Staff
417506,Mariangiola,Rouquie,Senior Staff
417507,Doohun,Bottner,Senior Engineer
417510,Yonghong,Ernst,Senior Staff
417514,Oscal,Sankaranarayanan,Senior Staff
417521,Billur,Strandh,Senior Engineer
417522,Marsal,Gruenwald,Senior Staff
417527,Barna,Selvestrel,Senior Staff
417528,Eirik,Welham,Staff
417533,Saniya,Bierman,Senior Staff
417536,Mingdong,Shrader,Senior Engineer
417545,Adhemar,Trystram,Senior Engineer
417546,Parto,Asser,Senior Staff
417548,Fumiyo,Schaap,Senior Staff
417549,Iara,Gill,Senior Staff
417553,Moheb,Langford,Senior Engineer
417554,Vitali,Iwayama,Senior Staff
417555,Zejun,Coors,Senior Engineer
417556,Hiroyasu,Zlotek,Senior Engineer
417561,Anwar,Koyama,Senior Engineer
417564,Zhiguo,Trystram,Technique Leader
417576,Adhemar,Murtagh,Senior Staff
417577,Adam,Lamparter,Senior Engineer
417578,Xinglin,Brookman,Senior Engineer
417579,Leandro,Ramamoorthy,Senior Engineer
417582,Yucai,Usdin,Staff
417583,Jamaludin,Gischer,Senior Staff
417584,Munir,Rosiles,Engineer
417586,Qiwen,Leslie,Senior Staff
417588,Takushi,Iacovou,Senior Engineer
417595,Maik,Roccetti,Senior Staff
417596,Aron,Hiyoshi,Senior Staff
417599,Larisa,Limongiello,Senior Staff
417600,Kazuhiko,Sommen,Senior Engineer
417603,Rajmohan,Emden,Senior Engineer
417605,Torsten,Basart,Engineer
417609,Dhritiman,Thombley,Senior Engineer
417612,Karsten,Linares,Staff
417616,Xiong,Garnham,Staff
417619,Naftaly,Ariola,Engineer
417620,Tru,Skrikant,Senior Staff
417631,Kirk,Fendler,Staff
417633,Aemilian,Cappelletti,Senior Staff
417638,Sushant,Ranai,Senior Staff
417639,Conor,Tibblin,Technique Leader
417652,Vasilii,Bennet,Senior Staff
417657,Shuji,Lyonns,Senior Engineer
417659,Shaowei,Baumann,Staff
417661,Tetsurou,Comte,Senior Staff
417662,Tuval,Halloran,Staff
417663,Muzhong,Stassinopoulos,Senior Staff
417665,Bader,Strehl,Senior Staff
417666,Heping,Ranst,Senior Engineer
417669,Gita,Panienski,Technique Leader
417670,Susanta,Ventosa,Staff
417674,Felicidad,Felcyn,Senior Staff
417676,Shakhar,Veeraraghavan,Senior Engineer
417677,Zhonghui,Verspoor,Staff
417683,Fei,Kruskal,Senior Staff
417689,Genevieve,Levasseur,Senior Staff
417690,Raimond,Strooper,Senior Engineer
417692,Arve,Ducloy,Engineer
417693,Dhritiman,Bratsberg,Engineer
417696,Alois,Kalsbeek,Engineer
417697,Katsuo,Whitcomb,Senior Staff
417704,Sajjad,Erdmenger,Senior Staff
417705,Kousuke,Lammel,Senior Staff
417711,Yucai,Munawer,Senior Engineer
417715,Debatosh,Dayang,Engineer
417718,Breannda,Chinin,Senior Engineer
417721,Aron,Back,Engineer
417732,Morrie,Ibel,Senior Engineer
417737,Ortrun,Picaronny,Senior Staff
417739,Harngdar,Solares,Senior Engineer
417740,Eirik,Rande,Senior Engineer
417742,Tetsurou,Kossowski,Senior Staff
417744,Takahito,Redmiles,Engineer
417747,Yucel,Parhami,Engineer
417750,Georgy,Slutz,Senior Engineer
417751,Saddek,Perelgut,Senior Engineer
417758,Christoph,Mateescu,Staff
417759,Taisook,Koshino,Engineer
417760,Larisa,Kampfer,Engineer
417762,Danae,Poupard,Staff
417771,Yishay,Peir,Senior Staff
417774,JoAnna,Zielinski,Senior Engineer
417776,Shuzo,Gruenwald,Engineer
417777,Vitali,Picel,Senior Staff
417780,Honglan,Tomescu,Senior Engineer
417783,Radhia,Swen,Technique Leader
417785,Suebskul,Ranst,Senior Engineer
417791,Constantino,Nyanchama,Staff
417792,Idoia,Improta,Senior Staff
417793,Valery,Landherr,Senior Staff
417796,Feipei,Nitta,Technique Leader
417803,Mohan,Oxenboll,Staff
417807,Uinam,Doering,Senior Staff
417813,Cristinel,Uchoa,Senior Staff
417814,Yechiam,Aamodt,Staff
417826,Dung,Portugali,Engineer
417828,Marjo,Besancenot,Assistant Engineer
417830,Geoff,Androutsos,Senior Staff
417832,Pascal,Mersereau,Senior Engineer
417834,Shichao,Wilharm,Assistant Engineer
417841,Freyja,Sridhar,Senior Staff
417842,Mart,Khalil,Engineer
417848,Gregory,Beausoleil,Staff
417849,Munenori,Peek,Senior Staff
417850,Takahira,Matzov,Senior Engineer
417854,Wuxu,Bugaenko,Engineer
417855,Subhrajyoti,Hertweck,Staff
417860,Zhiwei,Vural,Engineer
417861,Arun,Brookman,Engineer
417864,Shounak,Greibach,Senior Staff
417866,Aksel,Blokdijk,Senior Engineer
417867,Baziley,Cheshire,Senior Staff
417872,Sreekrishna,Yamaashi,Senior Staff
417873,Kauko,Heering,Senior Engineer
417874,Sandeepan,McAlpine,Senior Engineer
417875,Gennady,Swiler,Senior Staff
417876,Hirochika,Milicic,Senior Engineer
417882,Wonhee,Ratzlaff,Senior Staff
417885,Hyuckchul,Bade,Staff
417886,Wonhee,Rusmann,Engineer
417889,Zejun,Pagter,Senior Engineer
417900,Frederique,Pettey,Engineer
417902,Surveyors,Rosaz,Technique Leader
417905,Zhanqiu,Birta,Senior Staff
417913,Mang,Moffat,Engineer
417914,Brendon,Luck,Senior Staff
417915,Danai,Quadeer,Senior Staff
417916,Rance,Biron,Senior Staff
417917,Oddvar,Akaboshi,Engineer
417918,Udi,Georg,Staff
417923,Jahangir,Negoita,Senior Engineer
417925,Georgy,Callaway,Senior Staff
417933,Parviz,Angel,Senior Engineer
417940,Uri,Assaf,Senior Staff
417941,Alper,Oskamp,Engineer
417944,Kristinn,Serra,Senior Engineer
417945,Remzi,Stafford,Senior Staff
417946,Caolyn,Kusakari,Senior Engineer
417947,Oddvar,DeMori,Assistant Engineer
417948,Shen,Vecchio,Senior Engineer
417950,Yishay,Nilsson,Staff
417951,Tremaine,Sigstam,Engineer
417957,Ennio,Tibblin,Staff
417958,Reinhard,Pauthner,Senior Staff
417959,Gino,Diderrich,Senior Staff
417961,Junichi,Lienhardt,Senior Engineer
417963,Bouchung,Butner,Senior Staff
417966,Tristan,Msuda,Senior Staff
417968,Richard,Usery,Senior Engineer
417972,Shmuel,Peres,Senior Staff
417976,Reuven,McClurg,Engineer
417978,Leaf,Merro,Technique Leader
417981,Syozo,Solares,Senior Engineer
417983,Guoxiang,Sifakis,Engineer
417984,Ashish,Argence,Staff
417986,Pasqua,Fiutem,Senior Staff
417988,Debatosh,Talmor,Staff
417989,Feiyu,Qiwen,Senior Engineer
417990,Limsoon,Legleitner,Senior Staff
417991,Mihalis,Cincotta,Senior Staff
417994,Sanjoy,Binding,Senior Engineer
417999,Dines,Penn,Senior Engineer
418000,Yuichiro,Alpin,Senior Staff
418003,Marke,Gulak,Senior Staff
418006,Sadok,Unni,Senior Engineer
418011,Mariangiola,Melter,Senior Staff
418013,Martine,Codenie,Senior Engineer
418019,Kristina,Ecklund,Senior Staff
418020,Tsutomu,Peha,Senior Staff
418029,Boaz,Ranze,Engineer
418036,Rasikan,Gerlach,Senior Staff
418038,Aria,Wegerle,Senior Engineer
418039,Shuichi,Ramalingam,Senior Staff
418044,Tommaso,Gilg,Senior Staff
418045,Tremaine,Nyanchama,Senior Staff
418046,Ayonca,Geffroy,Senior Staff
418052,Munenori,Busillo,Senior Staff
418058,Jeong,Pileggi,Engineer
418062,Udi,Georg,Senior Staff
418063,Arch,Walston,Senior Engineer
418064,Zeljko,Impagliazzo,Assistant Engineer
418066,Alassane,Lorys,Senior Engineer
418067,Stein,Basawa,Senior Staff
418073,Jiang,Ariola,Senior Engineer
418075,Mayuko,Moffat,Senior Staff
418077,Ennio,Mikschl,Staff
418079,Arfst,Atchley,Engineer
418082,Yuping,Denny,Senior Staff
418084,Kagan,Falby,Senior Engineer
418086,Shahaf,Teitelbaum,Engineer
418094,Mona,Kolvik,Senior Staff
418095,Avishai,Azevdeo,Senior Engineer
418096,Teruyuki,Montresor,Assistant Engineer
418106,Giao,Linnainmaa,Engineer
418110,Aiichiro,Roohalamini,Senior Engineer
418125,Khun,Baar,Staff
418127,Poorav,Hegner,Technique Leader
418130,Toshimitsu,Verhoeff,Senior Staff
418137,Heekeun,Bakhtari,Engineer
418138,Baoqiu,Cairo,Assistant Engineer
418139,Guangming,Zweizig,Engineer
418145,Rafael,Sommer,Engineer
418153,Aluzio,Cooman,Senior Engineer
418156,Srinidhi,Brendel,Senior Staff
418157,Shuho,Gruenwald,Senior Engineer
418158,Leandro,Debuse,Senior Staff
418161,Yucai,Kusakabe,Senior Engineer
418165,Kauko,Pehl,Staff
418167,Dinah,McAffer,Senior Engineer
418171,Aiichiro,Angelopoulos,Senior Engineer
418174,Perla,Gips,Senior Engineer
418177,Hyuncheol,Bellone,Engineer
418182,Brewster,Kugler,Senior Staff
418183,Goa,Kulisch,Senior Staff
418186,Tse,Delgrange,Senior Engineer
418190,Billie,Irland,Senior Staff
418196,Shunichi,Wiegley,Senior Staff
418205,Navin,Schauser,Senior Staff
418208,Mohan,Salvesen,Engineer
418210,Harjit,Simkin,Engineer
418212,Arunas,Xiaoshan,Senior Staff
418214,Larisa,Sinitsyn,Engineer
418217,Chinho,Kaltofen,Senior Engineer
418218,Sariel,Baig,Engineer
418222,Nakhoon,Nooteboom,Senior Engineer
418230,Shiv,Peck,Engineer
418237,Ioana,Maquelin,Engineer
418242,Bouchung,Servieres,Senior Engineer
418253,Christophe,Rajaraman,Senior Engineer
418254,Masamitsu,Beilner,Senior Engineer
418264,Tse,Birch,Senior Engineer
418266,Toshimori,Gulak,Senior Engineer
418271,Herb,Kandlur,Staff
418272,Kazuhito,Chimia,Senior Staff
418273,Ortrud,Baik,Senior Engineer
418274,Kenroku,Garnick,Senior Engineer
418283,Jolita,Hutton,Engineer
418286,Marke,Gajiwala,Assistant Engineer
418291,Abdulla,Verspoor,Engineer
418295,Adhemar,Cesareni,Senior Staff
418307,Cristinel,Guerreiro,Senior Engineer
418314,Zhenbing,Katalagarianos,Senior Engineer
418319,Kellie,Mukaidono,Engineer
418328,Yoshinari,Farrar,Senior Engineer
418329,Aiichiro,Eiron,Senior Staff
418330,Pranas,McFarlan,Senior Engineer
418331,Chaosheng,Greenaway,Technique Leader
418333,Jackson,Simmen,Senior Staff
418334,Jingling,Orlowski,Senior Engineer
418336,Georgy,Thimonier,Senior Engineer
418339,Mamdouh,Wendorf,Senior Engineer
418340,Shen,Gecseg,Staff
418341,Nimmagadda,Eiter,Senior Engineer
418342,Lijia,Tasistro,Senior Engineer
418346,Avishai,Laventhal,Senior Engineer
418348,Jaideep,Jonsson,Senior Engineer
418351,Ferdinand,Perri,Senior Staff
418359,Fumino,Nastansky,Engineer
418361,Oguz,Hagimont,Engineer
418363,Yuichiro,Woycyznski,Engineer
418365,Nagui,Rettelbach,Senior Engineer
418366,Aiichiro,Bage,Senior Staff
418370,Martijn,Merlo,Senior Staff
418371,Maha,Mawatari,Staff
418379,Reinhold,Ducloy,Senior Staff
418385,Arto,Brandsma,Senior Engineer
418386,Gianluca,Cannata,Senior Engineer
418387,Bernt,Heuser,Senior Engineer
418389,Yifei,Ohori,Engineer
418392,Yongqiao,Conti,Engineer
418403,Tonny,Guenter,Senior Staff
418405,Izaskun,Moffat,Senior Staff
418407,Jaber,Pappas,Senior Staff
418411,Nalini,Griswold,Senior Staff
418415,Shahab,Molberg,Senior Engineer
418419,Huan,Matzat,Engineer
418421,Youssef,Rouquie,Senior Staff
418424,Fumino,Kinley,Senior Engineer
418426,Kiyomitsu,Champarnaud,Senior Staff
418429,Zissis,Litvinov,Senior Engineer
418434,Toshimo,Vasanthakumar,Senior Engineer
418438,Mokhtar,Bakhtari,Engineer
418440,Xiong,Genin,Staff
418441,Xiaocheng,Marquardt,Senior Engineer
418442,Dzung,Gniady,Engineer
418443,Hilary,Baaleh,Senior Staff
418445,Weiwu,Keustermans,Senior Staff
418446,Chaitali,Emden,Engineer
418450,Nidapan,Rodham,Senior Staff
418455,Shaw,Sgarro,Staff
418461,Mani,Waschkowski,Technique Leader
418465,Munir,Masamoto,Engineer
418468,Ranan,Birsak,Senior Engineer
418471,Xiaoheng,Aloisi,Staff
418475,Mokhtar,Weisert,Senior Staff
418476,Arie,Ramras,Senior Staff
418480,Ranan,Anguita,Senior Engineer
418481,Karoline,Papastamatiou,Senior Engineer
418489,Krister,Billingsley,Engineer
418491,Aram,Constantine,Senior Staff
418497,Shaowei,Goodrum,Engineer
418500,Constantino,Koblick,Senior Engineer
418502,Ibibia,Luce,Technique Leader
418504,Candida,Alvarado,Senior Staff
418507,Mrinalini,Ventosa,Senior Engineer
418511,Heon,Valette,Staff
418513,Jahangir,Deville,Senior Engineer
418515,Naftali,Chachaty,Senior Staff
418516,Szabolcs,Kemmerer,Senior Engineer
418519,Aksel,Varley,Senior Engineer
418525,Lakshmi,Ellozy,Senior Staff
418526,Sajjad,Rubsam,Senior Staff
418530,Shimshon,Manderick,Senior Staff
418533,Arve,Marsiglia,Engineer
418536,Mark,Weiland,Senior Engineer
418538,Kshitij,Holburn,Senior Staff
418542,Mong,Manderick,Senior Engineer
418548,Pranay,Molenkamp,Engineer
418553,Abdelkader,Caine,Senior Engineer
418554,Ingmar,Rahier,Assistant Engineer
418555,Kristina,Luan,Staff
418559,Moni,Binkley,Engineer
418560,Teruyuki,Wolniewicz,Staff
418561,Younwoo,Andreotta,Senior Staff
418567,Shakhar,Nollmann,Senior Engineer
418568,Satyanarayana,Masand,Senior Staff
418575,Emdad,Sadowski,Senior Engineer
418586,Bernice,Isaak,Senior Staff
418599,Masali,Ballarin,Senior Engineer
418603,Abdulla,Kropf,Staff
418605,Flemming,Kornatzky,Senior Engineer
418611,Chirstian,Peak,Senior Staff
418613,Monique,Frijda,Senior Staff
418614,Mani,Narlikar,Senior Engineer
418616,Gino,Krohn,Staff
418632,Uri,Reistad,Senior Staff
418633,Uta,Kawashimo,Staff
418634,Kankanahalli,Veevers,Engineer
418635,Bluma,Dichev,Senior Staff
418639,Anneke,Ponthieu,Senior Engineer
418643,Gianluca,Parhami,Staff
418646,Marlo,Portugali,Senior Staff
418648,Stamatina,Maierhofer,Senior Engineer
418649,Mario,Setia,Senior Staff
418655,Danco,Zedlitz,Senior Engineer
418659,Basim,Barreiro,Senior Engineer
418664,Khue,Codenie,Senior Engineer
418666,Guiseppe,Denny,Senior Staff
418668,Shounak,Peck,Senior Staff
418670,Lakshmi,Uhrik,Staff
418671,Xiaoshan,Calkin,Senior Staff
418674,Aloys,Bauknecht,Senior Staff
418676,Troy,Gien,Assistant Engineer
418682,Gill,Ritcey,Senior Engineer
418683,Tsuneo,Lagarias,Senior Staff
418687,Khatoun,Joslin,Senior Engineer
418691,Suebskul,Speel,Staff
418692,Babette,Baalen,Engineer
418694,Shigeo,Kamble,Senior Staff
418697,Gritta,Cooke,Senior Staff
418701,Demin,Keustermans,Senior Staff
418702,Shih,Validov,Senior Staff
418703,Mabo,Cairo,Senior Engineer
418706,Odoardo,Journel,Senior Engineer
418708,Xianlong,Ginneken,Senior Engineer
418711,Feipei,Christianini,Senior Staff
418714,Ronghao,Melichar,Engineer
418716,Marke,Linnainmaa,Staff
418719,Seshu,Driscoll,Technique Leader
418725,Zhensheng,Tanemo,Technique Leader
418733,Barun,Velasco,Technique Leader
418734,Peer,Chaudhuri,Engineer
418736,Sanjeeva,Baby,Engineer
418742,Gladys,Kandlur,Senior Engineer
418752,Parviz,Merkl,Engineer
418753,Jovan,Matzke,Senior Engineer
418755,Mara,Heuter,Senior Staff
418762,George,Businaro,Engineer
418766,Mana,Viele,Senior Engineer
418767,Radoslaw,Honiden,Senior Engineer
418771,Annemarie,Eiter,Senior Engineer
418773,Tommaso,Pramanik,Senior Staff
418778,Kwangho,Choobineh,Engineer
418779,Tru,Prenel,Senior Staff
418781,Claude,Werthner,Senior Staff
418788,Boguslaw,Wolniewicz,Staff
418789,Lubomir,Shihab,Senior Staff
418790,Baoqiu,Coney,Senior Engineer
418796,Mona,Serre,Staff
418797,Sajjad,Lorch,Staff
418799,Uzi,Kakkar,Senior Staff
418800,Bartek,Solovay,Staff
418811,Xiaopeng,Unni,Engineer
418815,Mads,Tanemo,Senior Engineer
418817,Moni,Bernardeschi,Engineer
418820,Rafols,Keirsey,Senior Engineer
418821,Amalendu,Thiran,Senior Engineer
418826,Becky,Angel,Staff
418828,Marin,Riexinger,Engineer
418834,Shaunak,Leijenhorst,Senior Engineer
418835,Oguz,Bruckman,Senior Staff
418850,Heng,Biran,Senior Engineer
418855,Piyawadee,Granlund,Senior Staff
418857,Mani,Uehara,Senior Staff
418866,Taegyun,Varker,Senior Engineer
418869,Fumiya,Dechter,Senior Engineer
418870,Garnik,Dulli,Senior Staff
418876,Geraldo,Backhouse,Senior Staff
418879,Hatsukazu,Ertl,Engineer
418888,Harngdar,Petersohn,Engineer
418889,Chiradeep,Camarinopoulos,Senior Engineer
418899,Tonny,Jeong,Senior Engineer
418901,Lucien,Kabayashi,Senior Staff
418906,Youngkon,Boyle,Senior Engineer
418909,Janalee,Seuren,Senior Staff
418911,Alois,Kakkar,Senior Engineer
418914,Shahar,Hashii,Staff
418916,Rasikan,Papsdorf,Senior Staff
418917,Honglan,Deverell,Senior Staff
418921,Bodh,Reistad,Senior Staff
418922,Shunichi,Ventosa,Senior Staff
418925,Saeko,Isaak,Senior Staff
418927,Baocai,Yemenis,Senior Engineer
418928,Lunjin,Pehl,Senior Staff
418930,Tokuyasu,Velardi,Senior Engineer
418931,Idoia,Conia,Senior Staff
418933,Sugwoo,Kohling,Senior Staff
418934,Adam,Gurbaxani,Senior Staff
418938,Elgin,Vrecion,Senior Staff
418939,Arch,Dehkordi,Staff
418942,Lena,Coullard,Engineer
418943,Ayakannu,Iisaku,Senior Engineer
418945,Taisook,Michaels,Staff
418946,Alejandra,Farrow,Senior Staff
418948,Badri,Sidou,Staff
418951,Alexius,Serna,Engineer
418953,Ennio,Marakhovsky,Senior Engineer
418962,Shigeaki,Farris,Senior Engineer
418964,Barton,Sevcikova,Senior Staff
418974,Dung,Sethi,Senior Engineer
418977,Lihong,Muntz,Senior Staff
418986,Kwangho,Warwick,Engineer
418987,Jordanka,Quadeer,Senior Staff
418988,Tommaso,Prampolini,Staff
418989,Gio,Lorch,Senior Staff
418991,Abdelkader,Emden,Senior Engineer
418997,Bowen,Lienhardt,Senior Engineer
419000,Subhada,Sluis,Senior Staff
419001,Sanjay,Bahl,Senior Staff
419002,Falguni,Felcyn,Senior Staff
419003,Tomoyuki,Grandbois,Senior Staff
419004,Lalit,Karlin,Senior Staff
419009,Yongdong,Morris,Senior Staff
419011,Chiradeep,Lamma,Senior Staff
419012,Rosine,Fontet,Senior Engineer
419013,Tokuyasu,Lalonde,Senior Staff
419018,Avishai,Anily,Senior Staff
419023,Haldon,Avouris,Staff
419025,Hauke,Braunmuhl,Staff
419034,Paraskevi,Jeansoulin,Senior Engineer
419036,Boutros,DuCasse,Staff
419040,Feixiong,Lammel,Staff
419044,Luigi,Panwar,Engineer
419045,Chenyi,Sigstam,Engineer
419046,Tzu,Dalton,Senior Staff
419049,Arnould,Rosar,Engineer
419050,Gurbir,Guenter,Senior Engineer
419052,Uno,Trumbly,Senior Engineer
419053,Irene,Karcich,Staff
419062,Stafford,Walstra,Senior Engineer
419063,Michaela,Dehkordi,Senior Staff
419065,Arvind,Manderick,Senior Staff
419069,Koichi,Setlzner,Senior Staff
419070,Hugo,Vingron,Senior Staff
419074,Bingning,Kieras,Staff
419075,Bojan,Uhrig,Engineer
419076,Guther,Melski,Staff
419078,Shiv,Bolotov,Senior Staff
419084,Shen,Aamodt,Senior Engineer
419087,Barun,Cromarty,Senior Staff
419089,Fox,Bazelow,Engineer
419098,Toshimori,Hettesheimer,Senior Staff
419104,Satoru,Vasanthakumar,Senior Staff
419115,Sergi,Bultermann,Senior Engineer
419116,Sahrah,Pell,Senior Engineer
419119,Sangeeta,Danner,Senior Engineer
419120,Nevio,Calkin,Engineer
419123,Marit,Hutter,Engineer
419126,Radhika,Falck,Engineer
419130,Willard,Reghbati,Technique Leader
419131,Xinyu,Salverda,Engineer
419133,Kerhong,Kandlur,Engineer
419135,Odysseas,Swen,Senior Engineer
419136,Jagoda,Slaats,Senior Engineer
419137,Emdad,Lundstrom,Senior Engineer
419153,Brewster,Waleschkowski,Engineer
419154,Bernd,Gulik,Senior Engineer
419157,Visit,Ruemmler,Senior Staff
419163,Navin,Decleir,Senior Engineer
419171,Yurij,Massonet,Engineer
419180,Shigeaki,Rettelbach,Engineer
419185,Premal,Driscoll,Senior Engineer
419186,Zhiwei,Pietracaprina,Senior Engineer
419193,Sandeepan,Kopetz,Engineer
419198,Tiina,Salverda,Senior Staff
419199,Lenore,Soicher,Engineer
419200,Haldon,Lores,Senior Engineer
419201,Moheb,Driscoll,Senior Staff
419206,Gian,Miara,Engineer
419211,Ramalingam,Farris,Engineer
419216,Kwangho,Munck,Senior Staff
419223,Berry,Birch,Senior Staff
419226,Shih,Hartvigsen,Technique Leader
419228,Hailing,Baek,Technique Leader
419229,Mads,Pettey,Senior Engineer
419235,Berry,Zyda,Senior Staff
419240,Shahab,Boguraev,Senior Staff
419242,Elvia,Demir,Technique Leader
419244,Taegyun,Lupu,Senior Engineer
419248,Deniz,Erva,Senior Engineer
419250,Navin,Birge,Senior Engineer
419252,Mohamadou,Segond,Senior Engineer
419256,Kristinn,Deville,Senior Staff
419263,Wojceich,Ramsay,Technique Leader
419264,Tayeb,Ecklund,Senior Staff
419265,Kristina,Chinal,Senior Staff
419266,Tomokazu,Rosin,Senior Engineer
419269,Teunis,Erde,Senior Engineer
419270,Fen,Kornyak,Senior Engineer
419272,Waiman,Ghalwash,Senior Engineer
419277,Freyja,Uhrig,Technique Leader
419282,Hatem,Schrooten,Senior Engineer
419284,Theirry,Sundgren,Engineer
419287,Takahira,Spelt,Staff
419290,Hugo,Lorys,Senior Engineer
419291,Hidde,Mullainathan,Senior Staff
419293,Perla,Noriega,Senior Staff
419294,Girolamo,Demos,Senior Engineer
419296,Fumiyo,Delgrande,Technique Leader
419297,Kwangsub,Harnett,Senior Staff
419302,Val,Shrader,Senior Engineer
419308,Shrikanth,Thiran,Staff
419311,Sachin,Leaver,Engineer
419315,Godehard,Rindone,Senior Engineer
419321,Sastry,dAstous,Senior Engineer
419322,Harjit,Godskesen,Staff
419324,Troy,Akiyama,Senior Engineer
419328,Jixiang,Broomell,Senior Engineer
419330,Kaijung,Einsfeld,Senior Staff
419331,Wojceich,Gyorkos,Engineer
419335,Kotesh,Pokrovskii,Senior Staff
419336,Peer,Bahr,Senior Staff
419340,Guenter,Kowalchuk,Senior Engineer
419341,Shaowen,Scharstein,Senior Staff
419342,Shakhar,Loncour,Engineer
419347,Kiyomitsu,Vrecion,Engineer
419348,Takahiro,Piancastelli,Senior Engineer
419353,Mostafa,Gilg,Senior Engineer
419358,Kwun,Rossi,Senior Staff
419359,Arie,Slutz,Senior Engineer
419365,Shuichi,Sommen,Technique Leader
419370,Shin,Lagarias,Senior Staff
419373,Nadjib,Sambasivam,Staff
419374,Yoshinari,Pollacia,Senior Staff
419375,Gita,Katalagarianos,Senior Staff
419381,Hugo,Hertweck,Senior Staff
419384,Gritta,Weedon,Technique Leader
419387,Frazer,Lichtman,Engineer
419392,Jessie,Schneeberger,Staff
419395,Adam,Schaad,Staff
419396,Hilary,Slutz,Engineer
419405,Xinyu,Rosay,Staff
419422,Yishai,Heyers,Senior Engineer
419423,Gian,Range,Senior Staff
419424,Moheb,Angel,Senior Engineer
419427,Amalendu,Varley,Staff
419430,Serenella,Raczkowsky,Engineer
419436,Siddarth,Jahnichen,Senior Engineer
419440,Jaana,Beetstra,Engineer
419442,Kensyu,Eldridge,Staff
419443,JiYoung,Cromarty,Engineer
419444,Genevieve,Bennet,Senior Staff
419447,Candida,Ligten,Technique Leader
419448,Alejandra,Emmerich,Staff
419451,Hyuckchul,Iisaku,Engineer
419457,Neven,Esposito,Senior Engineer
419460,Marjo,Serre,Senior Engineer
419461,Anestis,Beausoleil,Senior Staff
419463,Kinh,Rikino,Engineer
419469,Subhankar,Angot,Senior Staff
419470,Larisa,Antonakopoulos,Senior Staff
419471,Jinya,Linnainmaa,Staff
419474,Udo,Lampe,Senior Staff
419477,Nevio,Constantine,Staff
419486,Gift,Bolsens,Senior Staff
419487,Nimmagadda,Haldar,Senior Engineer
419499,Honesty,Dulin,Assistant Engineer
419502,Dhritiman,Hettesheimer,Senior Engineer
419504,Abdelaziz,Masamoto,Senior Engineer
419507,Behnaam,Lakshmanan,Senior Engineer
419508,Shuky,Awdeh,Senior Engineer
419510,Dayanand,Mitzlaff,Staff
419511,Branimir,Gluchowski,Senior Staff
419513,Kerhong,Schoegge,Staff
419518,Teunis,Junet,Senior Staff
419521,Takushi,Furudate,Senior Staff
419527,Idoia,Krybus,Senior Engineer
419533,Ghassan,Ermel,Technique Leader
419534,Odoardo,Demizu,Senior Engineer
419537,Ziya,Zizka,Staff
419539,Fatemeh,Calkin,Engineer
419543,Abdelghani,Nitsch,Senior Staff
419547,Vojin,Mullainathan,Staff
419550,Falguni,Delgrossi,Engineer
419568,Becky,Koprowski,Senior Staff
419569,Mohit,Shanbhogue,Engineer
419577,Godehard,Maksimenko,Engineer
419578,Elgin,Ullian,Senior Staff
419581,Kotesh,Benaini,Senior Staff
419585,Ramachenga,Pezzoli,Senior Staff
419593,Xiaoqiang,Reeken,Senior Engineer
419594,Matk,Munck,Senior Staff
419605,Jiakeng,Matzat,Technique Leader
419606,Divine,Schauser,Engineer
419611,Neelam,Lovengreen,Senior Engineer
419621,Mong,Marsiglia,Technique Leader
419622,Mabo,Murillo,Senior Staff
419623,Guther,Demizu,Senior Engineer
419626,Chuanyi,Schrooten,Staff
419628,Ioana,Solovay,Senior Engineer
419629,Shaunak,Ulupinar,Senior Engineer
419631,Masasuke,Saoudi,Senior Engineer
419638,Lein,Birsak,Senior Staff
419645,Yakkov,Guenter,Senior Staff
419646,Vasilis,Pulkowski,Staff
419652,Pranas,Heusch,Senior Staff
419655,Shmuel,Morrin,Senior Staff
419656,Jamaludin,Noriega,Senior Engineer
419658,Marke,Hashii,Senior Staff
419659,Duangkaew,Peng,Senior Staff
419663,Vatsa,Ananiadou,Technique Leader
419667,Christoper,Masada,Senior Staff
419669,Florina,Monarch,Senior Staff
419670,Otilia,Kuzuoka,Technique Leader
419675,Kousuke,Karlin,Engineer
419681,Arve,Merks,Engineer
419683,Barry,Ghandeharizadeh,Staff
419688,Nechama,Raney,Senior Staff
419690,Adel,Schapiro,Senior Staff
419697,Aiichiro,Braunschweig,Engineer
419699,Tetsushi,Nastansky,Senior Engineer
419704,Adin,Mitina,Senior Engineer
419706,Vivian,Kakkad,Staff
419716,Lakshmi,Henders,Technique Leader
419717,Rosalie,Tsunoo,Senior Engineer
419719,Gay,Reinhart,Senior Staff
419720,Chirstian,Luft,Senior Engineer
419723,Oscar,Picaronny,Senior Staff
419726,Rosita,Bellone,Senior Engineer
419730,Keiichiro,Limongiello,Engineer
419742,Neven,Lindqvist,Staff
419743,Shih,Taubman,Engineer
419748,Jixiang,Rindone,Senior Engineer
419753,Divine,Ebeling,Senior Engineer
419763,Heng,Restivo,Staff
419764,Frazer,Cherinka,Staff
419765,Hisao,Isaak,Staff
419767,Uma,Penz,Staff
419770,Tadahiro,Weedman,Senior Engineer
419773,Takanari,Llado,Senior Engineer
419778,Vitali,Deverell,Engineer
419780,Rafail,Aamodt,Staff
419781,Jordanka,Karnin,Senior Staff
419783,Kwun,Puppo,Senior Staff
419787,Shahar,Bahl,Senior Engineer
419793,Koldo,Iacovou,Technique Leader
419796,Mechthild,Kopetz,Senior Engineer
419798,Lenore,Cardazo,Technique Leader
419799,Emdad,Uhrik,Technique Leader
419800,Serap,Grospietsch,Senior Engineer
419803,Karlis,Molenkamp,Senior Engineer
419808,Idoia,Kuhnemann,Senior Engineer
419812,Gina,Kieras,Senior Engineer
419818,Sanjoy,Emiris,Staff
419819,Karoline,Chimia,Senior Staff
419827,Boaz,Cyne,Senior Staff
419828,Nectarios,Skogmar,Senior Engineer
419835,Kauko,Oppitz,Senior Staff
419837,Poornachandra,Morrey,Senior Staff
419840,Chiranjit,Zultner,Senior Engineer
419842,Kamran,Picel,Technique Leader
419844,Yefim,Blokdijk,Senior Staff
419852,Guther,Munro,Engineer
419860,Behnaam,Gide,Technique Leader
419862,Odinaldo,Bressoud,Senior Engineer
419866,Shridhar,Ghazalie,Senior Staff
419870,Zongyan,Ligten,Engineer
419872,Conrado,Katiyar,Senior Engineer
419874,Kinh,Zeleznik,Senior Engineer
419879,Chandrasekaran,Journel,Senior Engineer
419884,Heejo,Dichev,Assistant Engineer
419887,Sudhanshu,Pettey,Engineer
419891,Kazuyasu,Setia,Senior Engineer
419892,Eric,Rubsam,Senior Engineer
419893,Paloma,Brlek,Engineer
419898,Zhanqiu,Merkl,Senior Staff
419900,Miyeon,Figueira,Senior Engineer
419903,Conor,Merro,Staff
419906,Mandell,Murillo,Technique Leader
419907,Tayeb,Rajaraman,Senior Staff
419909,Ranan,Gils,Senior Staff
419911,Seongbin,Hofstetter,Senior Staff
419912,Jeanne,Kolvik,Senior Engineer
419915,Bingning,Lampe,Senior Staff
419922,Cullen,Thimonier,Staff
419931,Yishay,Koblick,Senior Engineer
419934,Ramachenga,Cronin,Senior Engineer
419935,Shushma,Perfilyeva,Senior Engineer
419940,Chuanti,Himler,Senior Engineer
419954,Yakkov,Katalagarianos,Senior Engineer
419955,Pramod,Ferretti,Senior Staff
419957,Weidon,Kirkerud,Staff
419959,Arlette,Back,Engineer
419960,Chikako,Heping,Senior Engineer
419962,Fei,Gubsky,Senior Engineer
419968,Margareta,Strehl,Senior Staff
419981,Tomoyuki,Heydon,Engineer
419982,Carrsten,Grandbois,Engineer
419986,Cristinel,Belinskaya,Senior Engineer
419988,Siddarth,Roison,Senior Engineer
419991,Branimir,Perelgut,Engineer
419992,Mototsugu,Kenevan,Senior Staff
419996,Garnik,Heystek,Senior Engineer
420002,Pranjal,Gischer,Staff
420004,Uriel,Benaini,Engineer
420006,Jamaludin,Kakkar,Senior Engineer
420007,Pranas,Mahmud,Staff
420011,Shuzo,Stellhorn,Senior Staff
420013,Pranav,Syang,Senior Staff
420020,Khosrow,Engberts,Senior Staff
420030,Arun,Vidal,Senior Staff
420032,Frederique,Godskesen,Engineer
420034,Pascal,Beilner,Senior Staff
420037,Jayson,Impagliazzo,Engineer
420040,Minghong,Ghelli,Engineer
420045,Baziley,Tasistro,Senior Engineer
420047,Tsuneo,Hiltgen,Senior Engineer
420048,Khue,Kalafatis,Senior Staff
420052,Kwangjo,Chinal,Senior Engineer
420053,Kaijung,Chimia,Engineer
420054,Arif,Iivonen,Senior Engineer
420055,Randi,Munoz,Senior Engineer
420060,Gad,Jakobus,Engineer
420064,Toshimitsu,Tibblin,Staff
420065,Christophe,Chenney,Senior Engineer
420066,Chinho,Jumpertz,Senior Staff
420072,Lansing,Marshall,Staff
420073,Spyrose,DeMori,Senior Engineer
420074,Kerryn,Gire,Senior Engineer
420081,Mingsen,Grandbois,Senior Engineer
420083,Xuedong,Shackel,Staff
420084,Hidefumi,Paciorek,Senior Engineer
420090,Gao,Baaz,Senior Staff
420092,Prodip,Impagliazzo,Senior Engineer
420098,Toong,Pelc,Staff
420099,Khoa,Constantine,Assistant Engineer
420100,Jovan,Demri,Engineer
420103,Shir,Cincotta,Staff
420104,Taegyun,Simkin,Senior Staff
420107,Jingling,Frijda,Senior Staff
420108,Udo,Yeung,Assistant Engineer
420114,Sarita,Heydon,Senior Staff
420118,Hatem,Mellouli,Engineer
420119,Gita,Ballarin,Senior Engineer
420125,Yongmao,Itschner,Staff
420126,Masato,Teitelbaum,Staff
420128,Shim,Dalton,Engineer
420129,Elvis,Vrecion,Senior Staff
420132,Khaled,Decleir,Senior Engineer
420135,Maia,Bala,Staff
420139,Zhensheng,Pews,Senior Engineer
420152,Annemarie,Versino,Staff
420153,Harngdar,Byoun,Staff
420158,Jasminko,Henders,Senior Staff
420159,Pragnesh,DasSarma,Assistant Engineer
420160,Berhard,Ruther,Senior Engineer
420177,Yunming,Khamsi,Senior Engineer
420180,Van,Feinberg,Senior Staff
420182,Dhritiman,Guerreiro,Senior Staff
420187,Adit,Picht,Senior Engineer
420192,Tadahiro,Cooke,Senior Engineer
420202,Stepehn,Perz,Staff
420205,Edwin,Shihab,Senior Staff
420212,Vesna,Gronowski,Senior Staff
420213,Jungsoon,Compeau,Senior Engineer
420216,Arumugam,Kalefeld,Engineer
420217,Maren,Streit,Senior Staff
420223,Mabo,Naudin,Senior Staff
420225,Sakthirel,Baig,Staff
420226,Kagan,Lalonde,Senior Engineer
420228,Takahiro,Sigstam,Senior Engineer
420229,Kristian,Esposito,Senior Staff
420232,Claudi,Heystek,Senior Staff
420234,Pasqua,Ariola,Staff
420236,Hilary,Heusch,Senior Engineer
420242,Nalini,Hanratty,Senior Engineer
420243,Chenyi,Lunt,Senior Staff
420248,Zine,Pulkowski,Senior Engineer
420256,Wilmer,Maraist,Senior Staff
420259,Qunsheng,Boguraev,Senior Staff
420265,Wanqing,Weedman,Staff
420266,Georgi,Armand,Engineer
420268,Kinh,Hambrick,Engineer
420272,Ebru,Kornatzky,Senior Engineer
420295,Georgi,Kuhnemann,Senior Staff
420299,Lena,Wrigley,Engineer
420308,Zhensheng,Bruckman,Staff
420312,Henk,Argence,Senior Staff
420314,Oguz,Demke,Senior Staff
420315,Ziyad,Zallocco,Senior Engineer
420320,Nahla,Poupard,Senior Staff
420321,Sakthirel,Eastman,Senior Engineer
420328,Mohamadou,Carrera,Engineer
420329,Marko,Collavizza,Engineer
420331,Xiaoshan,Oxenboll,Senior Engineer
420337,Abdulah,Ranum,Senior Staff
420340,Elliott,Fontan,Senior Engineer
420341,Dekang,Dalton,Senior Staff
420346,Chikako,Gihr,Staff
420348,Udaiprakash,Panienski,Senior Engineer
420350,Lansing,Androutsos,Technique Leader
420351,Arunachalam,Narlikar,Engineer
420352,Matk,Krohn,Staff
420358,Huei,Ressouche,Senior Staff
420362,Uinam,Cooley,Senior Staff
420363,Seongbae,Garrabrants,Senior Staff
420364,Valery,DuBourdieux,Senior Engineer
420367,Akeno,Barriga,Staff
420368,Manibrata,Veevers,Senior Staff
420369,Hisao,Prampolini,Senior Engineer
420370,Berry,Ramsak,Engineer
420371,Muneo,Deverell,Senior Engineer
420372,Adit,Compeau,Engineer
420381,Kitty,Szmurlo,Staff
420382,Wanqing,Lieberherr,Senior Staff
420383,Shushma,Chelton,Senior Engineer
420387,Shounak,Rodiger,Senior Staff
420390,Mostafa,Pillow,Senior Staff
420394,Khun,Worfolk,Senior Staff
420402,Arve,Rosca,Senior Staff
420404,Oksana,Lovengreen,Senior Staff
420406,Utz,Basart,Technique Leader
420417,Aron,Lindqvist,Staff
420418,Eben,Farrar,Senior Staff
420420,Mayuko,Bressoud,Senior Engineer
420423,Niclas,Guerreiro,Engineer
420425,Zita,Hiraishi,Senior Staff
420426,Pranav,Bisiani,Senior Staff
420428,Behnaam,Francisci,Senior Staff
420438,Danae,Farrel,Technique Leader
420442,Christoper,Nations,Engineer
420444,Radhika,Pettis,Senior Engineer
420446,Giordano,Emden,Senior Staff
420451,Tonny,Cichocki,Staff
420460,Malu,Salvesen,Senior Engineer
420471,Patricio,Bolotov,Engineer
420478,Jaihie,Kranzdorf,Senior Engineer
420481,Billie,Hardjono,Technique Leader
420490,Torsten,Itzfeldt,Engineer
420492,Arie,Versino,Senior Engineer
420493,Yuriy,Albarhamtoshy,Senior Staff
420498,Moti,Sullins,Senior Engineer
420499,Alenka,Picaronny,Senior Staff
420502,Mani,Vanwelkenhuysen,Senior Engineer
420504,Gen,Restivo,Senior Staff
420509,Dzung,Mahmud,Senior Staff
420512,Xinglin,Veevers,Engineer
420513,Claudi,Fargier,Staff
420518,Ioana,Valtorta,Senior Staff
420520,Shan,Antonisse,Senior Engineer
420522,Tua,Kadhim,Engineer
420523,Danco,Andreotta,Staff
420526,Huai,Kragelund,Staff
420528,Geraldo,Driscoll,Engineer
420532,Zdislav,Buchter,Senior Engineer
420537,Jongsuk,Genin,Staff
420541,Rasiah,Bernardeschi,Staff
420544,Fumiya,Detkin,Senior Staff
420547,Danae,Ashish,Senior Staff
420552,Shahab,Zeidenstein,Senior Staff
420562,Anoosh,Danner,Senior Staff
420565,Aleksandar,Kinley,Engineer
420567,Masali,Kambil,Senior Engineer
420569,Nikolaus,Trystram,Senior Engineer
420570,Nigel,Middleton,Senior Staff
420576,Yuuichi,Deverell,Staff
420578,Francoise,Kalsbeek,Technique Leader
420581,Chiradeep,Crooks,Senior Engineer
420587,Bojan,Dolinsky,Assistant Engineer
420591,Masoud,Barreiro,Staff
420592,Moriyoshi,Nanard,Senior Engineer
420593,Geoff,Toyoshima,Senior Staff
420596,Tianruo,Gadepally,Senior Engineer
420597,Ferdinand,Bamford,Assistant Engineer
420604,Hausi,Dalphin,Assistant Engineer
420617,Xiahua,Gilg,Senior Staff
420619,Guangming,Mayerwieser,Engineer
420621,Stella,Erni,Senior Engineer
420622,Susanna,Katzenelson,Senior Staff
420625,Bouchung,Oppitz,Staff
420626,Foong,England,Senior Engineer
420628,Kagan,Bojadziev,Senior Staff
420630,Rasikan,Thebaut,Technique Leader
420633,Izaskun,Cangellaris,Senior Staff
420637,Oddvar,Ligten,Engineer
420638,Vivian,Schnabel,Staff
420644,Magdalena,Bojadziev,Senior Staff
420647,Shooichi,Ranum,Senior Engineer
420649,Vitali,Gyorkos,Engineer
420654,Adam,Wursthorn,Senior Staff
420655,Seshu,Yamaashi,Senior Engineer
420660,Shigeo,Kusakari,Engineer
420661,Bowen,Speckmann,Senior Staff
420664,Ingemar,Dratva,Senior Staff
420669,Alenka,Nollmann,Senior Engineer
420676,Navid,Garnier,Senior Engineer
420679,Rosalyn,Ghandeharizadeh,Senior Staff
420680,Oscar,Radwan,Staff
420682,Yurij,Krohn,Senior Engineer
420684,Stein,Percebois,Senior Staff
420686,Gay,Tiemann,Technique Leader
420689,Elvia,Koshiba,Engineer
420692,Khosrow,Rosaz,Senior Engineer
420695,Leif,Ferriere,Technique Leader
420696,Randi,Masada,Senior Staff
420702,Vitaly,Ligten,Senior Engineer
420703,Shaowei,Kornyak,Senior Engineer
420705,Yechiam,Nations,Senior Engineer
420708,Tran,Brattka,Senior Engineer
420709,Piyush,Lamba,Senior Staff
420710,Zhiwei,Sifakis,Senior Engineer
420711,Berto,Iisaku,Assistant Engineer
420712,Josyula,Plump,Senior Engineer
420714,Mohua,Marrakchi,Staff
420716,Masasuke,Middleton,Senior Engineer
420733,Jungsoon,Delaune,Senior Staff
420735,Sasan,Baez,Senior Engineer
420738,Rafols,Lorin,Senior Engineer
420742,Elvis,Schwartzburd,Senior Engineer
420745,Shem,Gulak,Senior Staff
420747,Weicheng,Maccarone,Engineer
420751,Valter,Rodite,Engineer
420752,Anwar,Munch,Senior Engineer
420756,Guther,Demri,Senior Staff
420758,Abdulah,Iisaku,Technique Leader
420761,Anneke,Maliniak,Senior Engineer
420767,Dung,Baalen,Staff
420768,Mary,Cyne,Engineer
420770,Candido,Pietrzykowski,Senior Staff
420772,Domenick,Kulisch,Senior Staff
420782,Hsiangchu,Michaels,Senior Engineer
420783,Oddvar,Jervis,Senior Engineer
420785,Goncalo,Mateescu,Assistant Engineer
420787,Uta,Huhdanpaa,Engineer
420788,Jeane,Murtafg,Staff
420790,Irene,Ulupinar,Engineer
420798,Berthier,Ebeling,Senior Engineer
420801,Khosrow,Speek,Senior Staff
420808,Toshimitsu,Kobuchi,Senior Engineer
420809,Sverrir,Buchter,Engineer
420811,Tetsushi,Shackel,Engineer
420815,Oldrich,Panangaden,Engineer
420816,Vitali,Benner,Senior Engineer
420817,Shietung,Kroft,Senior Staff
420819,Dipayan,Zambonelli,Senior Engineer
420820,Fen,Vigier,Staff
420822,Becky,Whitcomb,Senior Engineer
420825,Kazuhiro,Gischer,Staff
420829,Heekeun,Klassen,Senior Engineer
420833,Phuoc,Fraisse,Senior Staff
420835,Remmert,Schach,Senior Engineer
420838,Elvia,Schaar,Senior Staff
420839,Randi,Levergood,Senior Staff
420849,Jessie,Lorie,Engineer
420853,Murthy,Bojadziev,Senior Engineer
420869,Zorica,Oskamp,Staff
420870,Baoqiu,Miara,Engineer
420874,Jinya,Hiyoshi,Senior Staff
420878,Pasqua,Harbusch,Assistant Engineer
420882,Kankanahalli,Snedden,Senior Staff
420889,Shuky,Waleschkowski,Senior Engineer
420890,Kayoko,Hiltgen,Senior Engineer
420893,Nikolaos,Thombley,Senior Staff
420899,Ortrud,Kitsuregawa,Staff
420902,Yishai,Hutton,Senior Staff
420903,Erez,Hutter,Technique Leader
420909,Heeju,Plump,Senior Engineer
420912,Arfst,Angelov,Senior Engineer
420913,Poornachandra,Tibblin,Senior Engineer
420916,Kwangho,Gischer,Senior Engineer
420922,Peer,Schwartzburd,Senior Staff
420923,Martial,Masamoto,Senior Staff
420931,Sumant,Braccini,Senior Engineer
420933,Gila,Kroon,Senior Engineer
420938,Jingling,Baba,Senior Staff
420941,Juyoung,Heydon,Engineer
420942,Shan,Streit,Senior Engineer
420944,Francesca,Rajala,Senior Staff
420946,Kwun,Bultermann,Senior Staff
420949,Changho,Demke,Engineer
420950,Bouchung,Feldhoffer,Senior Engineer
420951,Moriyoshi,Ventosa,Senior Staff
420958,Dinkar,Quittner,Senior Engineer
420960,Ebbe,Chenoweth,Senior Engineer
420962,Leucio,Luga,Engineer
420963,Leaf,Schnabel,Senior Engineer
420964,Roddy,Levasseur,Senior Staff
420965,Alenka,Thorensen,Senior Staff
420971,Ebru,Zizka,Senior Staff
420973,Conrado,Uehara,Senior Staff
420979,Zijian,Hiltgen,Senior Engineer
420982,Serge,Laurillard,Technique Leader
420988,Chuanyi,Itzigehl,Technique Leader
420991,Mingdong,Cyre,Senior Engineer
420993,Leandro,Bernini,Staff
420997,Maik,Gill,Technique Leader
420999,Tze,Carrera,Senior Staff
421003,Khatoun,Marshall,Engineer
421010,Mihalis,Zaiane,Senior Engineer
421011,Masamitsu,Thorelli,Senior Staff
421013,Nechama,Hmelo,Engineer
421016,Taizo,Schreiter,Senior Engineer
421018,Shih,Tokunaga,Senior Staff
421024,Shuky,Strehl,Engineer
421029,Rafail,Murrill,Engineer
421032,Aemilian,Trachtenberg,Senior Staff
421034,Mario,Ratnaker,Engineer
421040,Chuanyi,Moehrke,Senior Engineer
421042,Mitsuyuki,Legleitner,Staff
421043,Vidya,Piveteau,Senior Engineer
421045,Chuanti,Takanami,Senior Engineer
421046,Olivera,Swiss,Staff
421050,Zita,Olivero,Senior Engineer
421051,Sachem,Wendorf,Senior Engineer
421065,Hongzhu,Felder,Staff
421066,JiYoung,Auria,Senior Staff
421076,Clyde,Gecseg,Senior Engineer
421078,Sanjoy,Jiafu,Senior Staff
421080,Changho,Muhling,Assistant Engineer
421081,Berni,Karunanithi,Staff
421086,Frederique,Radivojevic,Technique Leader
421089,Jouni,Peternell,Senior Engineer
421091,Vitali,Thiran,Senior Staff
421093,Hatim,Mullainathan,Engineer
421095,Arto,Baca,Senior Engineer
421097,Sashi,Usery,Staff
421103,Yakkov,Showalter,Staff
421108,Krister,Gulla,Senior Staff
421111,Ziva,Benzmuller,Senior Staff
421118,Jessie,Quaggetto,Engineer
421119,Arto,Moffat,Senior Staff
421122,Danny,Schnelling,Staff
421125,Shimshon,Cyre,Technique Leader
421126,Ioana,Oxman,Senior Staff
421127,Kiyotoshi,Krohn,Staff
421128,Faiza,Polupanov,Senior Staff
421133,Francesca,Brizzi,Engineer
421138,Xianlong,Schade,Senior Staff
421140,Xiaoqiang,Brookner,Staff
421141,Perry,Navazio,Engineer
421154,Manohar,Gulla,Senior Staff
421161,Evgueni,DuCasse,Senior Staff
421162,Krister,Cherinka,Senior Engineer
421166,Hilary,Montemayor,Engineer
421167,Karoline,Talmon,Senior Engineer
421172,Heejo,Danley,Senior Staff
421179,Younwoo,Atchley,Senior Staff
421180,Pranay,Lindenbaum,Senior Staff
421182,Akeel,Templeman,Senior Staff
421184,Maia,Demizu,Engineer
421189,Hideyuki,Heering,Senior Engineer
421190,Serif,Pelc,Senior Staff
421191,Ranga,Kumaresan,Staff
421193,Taiji,Ranum,Technique Leader
421195,Kazuyasu,Leppanen,Staff
421197,Zeljko,Conde,Senior Staff
421199,Irene,Laurillard,Senior Engineer
421200,Jiakeng,Michaels,Senior Engineer
421203,Gudjon,Vieth,Engineer
421205,Kensyu,Scallan,Senior Engineer
421214,Barton,Duclos,Staff
421222,Atreyi,Cappello,Senior Staff
421223,Kannan,Dulin,Technique Leader
421224,Ebru,Atrawala,Senior Staff
421225,Froduald,Miara,Senior Engineer
421227,Conrado,Cesareni,Senior Staff
421228,Kirk,Verhaegen,Senior Engineer
421236,Rosalyn,Vidal,Technique Leader
421241,Mostafa,Chleq,Senior Staff
421243,Renny,Neimat,Senior Staff
421244,Ortrun,Ladret,Senior Staff
421247,Teruyuki,Cannard,Senior Engineer
421249,Francesca,Raoux,Engineer
421251,Fumitaka,Assaf,Senior Staff
421254,Aran,Barreiro,Engineer
421261,Sadok,Ouhyoung,Technique Leader
421264,Valeri,Uchoa,Senior Staff
421268,Haldun,Lores,Senior Engineer
421275,Gaurav,Bressoud,Senior Staff
421283,Eldridge,Bressoud,Senior Staff
421284,Lalit,Iwayama,Senior Staff
421288,Hatem,Lieberherr,Senior Engineer
421289,Remko,Cronan,Senior Staff
421294,Abdulla,Kowalchuk,Senior Staff
421296,Guttorm,Krogh,Engineer
421299,Duro,Ratnaker,Engineer
421300,Arumugam,Chimia,Senior Engineer
421301,Xiaocheng,Quadeer,Senior Staff
421304,Kwee,Acton,Senior Engineer
421308,Jungsoon,Krohm,Senior Staff
421318,Filipp,Serna,Senior Engineer
421319,Ranga,Maccarone,Senior Staff
421323,Kristen,Erbe,Senior Engineer
421324,Boaz,Heuter,Staff
421326,Val,Covnot,Senior Engineer
421327,Perla,Menyhert,Senior Engineer
421337,Mabo,Kavraki,Staff
421339,Ult,Markovitch,Senior Engineer
421345,Salvador,Hartvigsen,Senior Engineer
421347,Erzsebet,Bahk,Engineer
421358,KayLiang,Litecky,Senior Engineer
421359,Kristine,Quaggetto,Engineer
421364,Huican,Ramalingam,Senior Staff
421372,Guoxiang,Trachtenberg,Staff
421376,Weijing,Ranon,Staff
421379,Byong,Wixon,Technique Leader
421383,Pasqua,Adachi,Engineer
421388,Elzbieta,Bernatsky,Senior Staff
421390,Lijia,Barbanera,Senior Staff
421392,Seongbin,Bazzichi,Senior Engineer
421393,Serenella,Munos,Senior Staff
421395,Edwin,Wissmann,Senior Staff
421396,KayLiang,Zaiane,Senior Engineer
421399,Val,Schiper,Engineer
421401,Jaewon,Litzler,Engineer
421404,Tooru,Dalton,Senior Staff
421410,Xiaoshan,Schiper,Technique Leader
421411,Giri,Swist,Staff
421415,Krassimir,Turnbull,Senior Staff
421416,Brendon,Nyrup,Senior Staff
421434,Abdulla,Haraldson,Engineer
421435,Tze,Tibblin,Senior Engineer
421438,Jaewoo,Adachi,Staff
421455,Trygve,Feldmann,Technique Leader
421461,Francoise,Veeraraghavan,Senior Engineer
421465,Yongqiao,Pouyioutas,Senior Engineer
421469,Seongbae,Oxenboll,Senior Engineer
421474,Kristian,Munro,Assistant Engineer
421479,Zdislav,Vecchi,Senior Staff
421481,Jiafu,Chorvat,Senior Staff
421484,Poornachandra,Masaki,Senior Engineer
421485,Manibrata,Skrikant,Staff
421490,Zsolt,Heering,Technique Leader
421494,Dzung,Kroft,Senior Staff
421498,Jiann,Poulakidas,Engineer
421499,Billie,Danecki,Senior Engineer
421503,Geraldo,Hambrick,Engineer
421506,Tzvetan,Lindenbaum,Staff
421511,Boutros,Cooley,Staff
421516,Shuho,Hooghiemstra,Senior Engineer
421517,Olivera,Marchesini,Senior Staff
421519,Kazuhiko,Sommer,Staff
421520,Lene,Sabnani,Staff
421523,Ziva,Monarch,Senior Staff
421524,Muzhong,Felder,Senior Staff
421526,Syozo,Christianini,Senior Engineer
421528,Bernardo,Smeets,Senior Engineer
421529,Mamdouh,Wroclawski,Senior Staff
421530,Zhensheng,Dalton,Senior Staff
421536,Sumali,Prochazka,Technique Leader
421537,Turgut,Koshiba,Senior Engineer
421540,Annemarie,Ranon,Senior Staff
421542,Xumin,Kolvik,Staff
421543,Volkmar,Haddadi,Senior Staff
421544,Adly,Encarnacion,Senior Staff
421546,Barun,Flanders,Senior Engineer
421547,Rasiah,Sudkamp,Technique Leader
421549,Arvin,Remmers,Engineer
421550,Manibrata,Antonakopoulos,Senior Staff
421552,Houman,Sichman,Senior Engineer
421554,Fei,Asser,Senior Engineer
421564,Adly,Piancastelli,Senior Staff
421568,Sachem,Antonakopoulos,Senior Engineer
421570,Shuji,Taubenfeld,Senior Staff
421575,JoAnne,Farrag,Senior Engineer
421577,Behnaam,Kopetz,Senior Engineer
421586,Gianluca,Veldwijk,Senior Engineer
421588,Hisao,Pintelas,Staff
421593,Huai,Bardell,Senior Engineer
421595,Hongzue,Roccetti,Senior Engineer
421596,Van,Radivojevic,Staff
421597,Tzu,Glinert,Engineer
421599,Kerryn,Tiemann,Engineer
421600,DeForest,Gerteisen,Engineer
421604,Aral,Fordan,Senior Engineer
421608,Poorav,Stifter,Senior Staff
421621,Berni,Sigstam,Senior Engineer
421628,Qunsheng,Schwartzbauer,Senior Staff
421634,Anyuan,Keustermans,Senior Staff
421637,Danel,Weiland,Engineer
421638,Kwun,Hopewell,Senior Engineer
421641,Branimir,Kornyak,Senior Staff
421642,Valery,Nourani,Engineer
421644,Manton,Jarecki,Engineer
421647,Denis,Yurek,Senior Staff
421652,Hilary,Ramalingam,Staff
421654,Claude,Ciolek,Senior Staff
421656,Shaleah,Morton,Senior Engineer
421659,Martien,Haddadi,Senior Engineer
421660,Angus,Thebaut,Staff
421662,Shaw,Deyuan,Senior Staff
421663,Yishai,Siepmann,Senior Staff
421665,Gadiel,Servi,Senior Staff
421666,Moheb,Emmerich,Senior Staff
421667,Masamitsu,Delgrange,Staff
421683,Khalil,Heystek,Senior Staff
421691,Zhigen,Hofstetter,Senior Staff
421692,Vesna,Straney,Technique Leader
421695,Theron,Merel,Senior Staff
421697,Marko,Iwayama,Senior Staff
421698,Flemming,Billawala,Senior Staff
421708,Rayond,Honglei,Assistant Engineer
421710,Vugranam,Pillow,Senior Staff
421711,Zhongwei,Kalloufi,Senior Staff
421712,Marla,Grandbois,Senior Engineer
421716,Bedir,Bhattacharjee,Senior Staff
421720,Thodoros,Erde,Senior Staff
421721,Shao,Reinhart,Staff
421723,Ymte,Olano,Senior Staff
421729,Jianhua,Einsfeld,Senior Engineer
421730,Vishwani,Feldhoffer,Senior Engineer
421736,Ramzi,Schusler,Senior Engineer
421738,Bluma,Olano,Staff
421739,Shahar,Bisiani,Technique Leader
421740,Shin,Jarecki,Senior Engineer
421742,Sibyl,Terekhov,Senior Engineer
421745,Faiza,Zeilberger,Staff
421746,Barton,Sambasivam,Staff
421749,Dietrich,Calkin,Engineer
421754,Pasqua,Matzen,Senior Staff
421757,Honesty,Shackel,Senior Staff
421763,Ingmar,Verhaegen,Senior Engineer
421768,Ennio,Menhoudj,Staff
421770,Filipe,Buescher,Technique Leader
421773,Kwangjo,Makinen,Engineer
421775,Gretta,Baak,Staff
421776,Eckart,Cummings,Engineer
421787,Yifei,Lunn,Senior Engineer
421788,Susumu,Doering,Engineer
421792,Bernt,Maliniak,Senior Staff
421796,Yakkov,Apsitis,Senior Staff
421801,Jeanna,McConalogue,Senior Staff
421805,Uri,Ghemri,Senior Staff
421806,Volkmar,Oberman,Engineer
421807,Jianhao,Szemeredi,Staff
421817,Giap,Perez,Senior Engineer
421822,Mario,Rodham,Engineer
421829,Przemyslawa,Fujisaki,Senior Engineer
421832,Leszek,Brizzi,Engineer
421836,Phuoc,Eugenio,Senior Staff
421839,Rosli,Bennet,Senior Staff
421844,Satosi,Gronowski,Senior Staff
421846,Gunilla,Einsfeld,Senior Engineer
421849,Zhenhua,Pileggi,Senior Engineer
421851,Olivera,Beidas,Senior Engineer
421854,Mitsuyuki,Guting,Assistant Engineer
421856,Mona,Suomi,Senior Engineer
421859,Renee,Heyers,Senior Staff
421860,Masali,Cyre,Senior Engineer
421863,Terresa,Cincotta,Engineer
421865,Hisao,Kalefeld,Engineer
421866,Larisa,Perin,Assistant Engineer
421869,Inderjeet,Norsworthy,Engineer
421871,Mohua,Chachaty,Senior Engineer
421876,Tzu,Rijckaert,Senior Staff
421877,Van,Peir,Engineer
421881,Prodip,Mandell,Engineer
421886,Holgard,Gelosh,Senior Engineer
421887,Jongsuk,Zizka,Engineer
421888,Prasadram,Lanteri,Engineer
421889,Mack,Demir,Technique Leader
421894,Krassimir,Zastre,Senior Staff
421895,Danny,Heiserman,Senior Engineer
421896,Serif,Chinin,Senior Engineer
421902,Ingmar,Francisci,Senior Engineer
421904,Shigeaki,Nergos,Senior Engineer
421910,Fumiyo,Reeker,Senior Staff
421913,Nishit,Stifter,Engineer
421914,Woody,Velasco,Senior Engineer
421917,Sverrir,Weiland,Senior Staff
421920,Baruch,Figueira,Senior Engineer
421924,Phule,Puppe,Senior Engineer
421930,Chiradeep,Mateescu,Senior Staff
421931,Shiv,Minakawa,Senior Staff
421933,Mabhin,Czaja,Engineer
421940,Marek,Covnot,Senior Staff
421942,Jaana,Luft,Senior Staff
421943,Rasiah,Thombley,Senior Engineer
421946,Mohamadou,Sambasivam,Senior Staff
421948,Marl,Chorvat,Senior Staff
421954,Leandro,Reeker,Staff
421955,Hilary,Benner,Senior Staff
421956,Kotesh,Hedayat,Senior Staff
421958,King,Szilard,Engineer
421963,Shir,Setia,Staff
421967,Fumitake,McDermid,Staff
421970,Masaki,Pollacia,Engineer
421975,Hyuckchul,Eastman,Senior Staff
421984,Lena,Gulik,Senior Engineer
421985,Kien,Peternell,Staff
421986,Gritta,Furudate,Senior Staff
421989,Arunas,Stamatiou,Assistant Engineer
421993,Honglan,Birsak,Senior Staff
421994,Lubomir,Cyre,Senior Engineer
421996,Zvonko,Theuretzbacher,Senior Staff
421999,Mark,Perng,Senior Engineer
422001,Georgy,Nitsche,Senior Engineer
422005,Avishai,Stentiford,Senior Engineer
422009,LiMin,Vieth,Senior Engineer
422010,Alair,Baba,Technique Leader
422011,Stafford,Jeansoulin,Staff
422012,Avishai,Versino,Senior Engineer
422017,Deborah,Eiron,Senior Engineer
422018,Yucai,Loncour,Engineer
422020,Sigeru,Zwicker,Senior Engineer
422024,Ranan,Tsukuda,Senior Staff
422029,Aiman,Soicher,Senior Staff
422033,Basim,Butterworth,Senior Staff
422034,Theirry,Iivonen,Senior Staff
422038,Matt,Merlo,Staff
422042,Domenick,Roisin,Senior Engineer
422044,Murthy,Pokrovskii,Senior Staff
422045,Arch,Herath,Staff
422046,Kyoichi,Parfitt,Senior Engineer
422049,Vesna,Oberman,Senior Staff
422052,Fumiyo,Fetvedt,Technique Leader
422056,Wonhee,Murrill,Senior Engineer
422057,Mahmut,Shiratori,Senior Staff
422058,Xiping,Selenyi,Senior Staff
422063,Danny,Monkewich,Senior Engineer
422066,Aleksander,Berendt,Senior Engineer
422076,Naftaly,Denis,Engineer
422078,Yuichiro,Ratnaker,Staff
422083,Fusako,Kowalchuk,Senior Staff
422084,Guenter,Ranai,Senior Staff
422086,Malu,Yemenis,Senior Staff
422090,Lene,Panwar,Senior Engineer
422094,Fuqing,Pardalos,Senior Engineer
422097,Freyja,Rassart,Senior Staff
422100,Kotesh,Aingworth,Senior Engineer
422101,Fumino,Thummel,Senior Engineer
422105,Yongdong,Zykh,Senior Staff
422106,Taegyun,Standera,Senior Engineer
422107,Hatem,Silva,Senior Staff
422112,Marlo,Champarnaud,Senior Engineer
422117,Subhash,Gill,Engineer
422123,Tsutomu,Bratten,Technique Leader
422124,Leandro,Birch,Senior Engineer
422130,Arun,Ranai,Engineer
422131,Adin,Kleiser,Engineer
422133,Collette,Brattka,Senior Staff
422137,Gladys,Sinitsyn,Senior Staff
422141,Hailing,Smailagic,Senior Engineer
422150,Felicidad,Lundstrom,Senior Engineer
422151,Keiichiro,Berstel,Senior Staff
422152,Achilleas,Peek,Engineer
422156,Chikara,Cardazo,Staff
422159,Tru,Beutelspacher,Senior Engineer
422161,Malu,Riefers,Senior Staff
422162,Pascal,Blokdijk,Senior Engineer
422168,Zhilian,Birrer,Engineer
422173,Baocai,Majewski,Senior Engineer
422180,Dekang,Christ,Senior Engineer
422184,Changho,Vesel,Technique Leader
422193,Mabhin,Farris,Staff
422200,Roselyn,Majewski,Senior Engineer
422201,Atreyi,Schade,Senior Staff
422202,Brendon,Cromarty,Senior Staff
422205,Mandell,Kamber,Senior Engineer
422208,Shietung,Constantine,Senior Engineer
422209,Tsz,Rosin,Senior Staff
422210,Goa,Pocchiola,Senior Staff
422211,Syozo,Rissland,Staff
422216,Toshimitsu,Felcyn,Senior Engineer
422220,Fabrizio,Kamble,Staff
422221,Jagoda,Babu,Engineer
422222,Kasturi,Pappas,Engineer
422223,Zine,Madeira,Technique Leader
422227,Francoise,Brizzi,Senior Engineer
422229,Subbu,Kawashima,Senior Engineer
422231,Syozo,Morrin,Senior Staff
422232,Gaetan,Taubman,Staff
422233,Aemilian,Koshino,Senior Staff
422236,Leif,Varman,Senior Engineer
422238,Masoud,Kaltofen,Senior Engineer
422241,Roselyn,Ponthieu,Senior Engineer
422243,Yuuichi,Rosar,Staff
422244,Leon,Zeilberger,Senior Staff
422245,Utz,Ginneken,Senior Staff
422246,Francesca,Kusakari,Senior Staff
422257,Jeanne,Isard,Staff
422260,Phule,Bojadziev,Engineer
422264,Xiaocheng,Merlo,Engineer
422265,Moni,Muhling,Senior Staff
422269,Muneo,Peck,Staff
422280,Garnet,Salinas,Technique Leader
422296,Kazuhide,Birch,Senior Engineer
422298,Vishu,Sabnani,Engineer
422299,Khalid,Pleszkun,Technique Leader
422304,Manton,Warwick,Senior Engineer
422305,Cristinel,Moehrke,Senior Engineer
422308,Venkatesan,Coorg,Staff
422309,Fun,Perry,Senior Engineer
422310,Mircea,Baby,Senior Staff
422316,Rasikan,Genther,Engineer
422322,Fox,Munos,Technique Leader
422323,Kauko,Luca,Senior Engineer
422324,Niteen,Alblas,Engineer
422330,Ghassan,Walston,Technique Leader
422332,Naftali,Mawatari,Senior Engineer
422333,Dekang,Verhaegen,Engineer
422335,Jiafu,Muchinsky,Senior Staff
422336,Ortrun,Rindone,Staff
422338,Sachem,Rindone,Senior Staff
422340,Halsur,Lorcy,Senior Engineer
422342,Mario,Schahn,Engineer
422347,Gila,Pintelas,Engineer
422349,Mani,Straney,Senior Staff
422357,Parto,Berztiss,Engineer
422359,Gao,Rodham,Staff
422360,Shaz,Swift,Senior Engineer
422363,Tetsurou,Pramanik,Senior Staff
422372,Torsten,Baja,Engineer
422378,Tsvetan,Karlin,Staff
422379,Yongmin,Kabayashi,Senior Engineer
422380,Mamdouh,Kawashimo,Technique Leader
422381,Aran,Merkl,Senior Staff
422388,Atilio,Godskesen,Senior Engineer
422389,Ramachenga,Suwa,Senior Engineer
422390,Jiann,Gist,Senior Engineer
422391,Shaowei,Birge,Engineer
422393,Ramya,Schapire,Engineer
422395,Marek,Bach,Staff
422402,Shugo,Wiegley,Senior Staff
422409,Aral,Toyoshima,Staff
422412,Akemi,Sambasivam,Senior Staff
422414,Diederik,Seuren,Senior Staff
422417,Sanjeeva,Murtafg,Technique Leader
422423,Rutger,Standera,Senior Engineer
422440,Palash,Pietracaprina,Senior Engineer
422447,Falguni,Peres,Technique Leader
422448,Ugo,Swick,Senior Staff
422451,Duke,Koyama,Senior Engineer
422454,Nechama,McAlpine,Senior Staff
422457,Eric,Conti,Senior Engineer
422461,Ebbe,Beetstra,Senior Engineer
422463,Kellyn,Benzaken,Senior Staff
422467,Huei,Armand,Staff
422470,Arvin,Androutsos,Senior Staff
422471,Owen,Delgrossi,Staff
422476,Xiahua,Biran,Engineer
422477,Phule,Piveteau,Senior Staff
422479,Youssef,Brookner,Senior Staff
422480,JiYoung,Guenter,Senior Engineer
422481,Irene,Fujisaki,Senior Engineer
422489,Dines,Erdmenger,Senior Staff
422491,Demin,Stanger,Senior Staff
422505,Serif,Kushnir,Senior Staff
422506,Patricio,Lambe,Senior Staff
422511,Zijian,Zaumen,Senior Staff
422514,Dharmaraja,Mitzlaff,Senior Staff
422520,Cheong,Terkki,Staff
422523,Irene,Tramer,Senior Staff
422531,Perry,Leuchs,Assistant Engineer
422537,Khue,Denis,Senior Engineer
422540,Turgut,Etalle,Senior Staff
422542,Bojan,Steenbeek,Senior Staff
422549,Miomir,Felder,Senior Staff
422550,Dhritiman,Christ,Senior Engineer
422551,Kamakshi,Langford,Senior Engineer
422552,Sungwon,Lindqvist,Senior Staff
422554,Moriyoshi,Klerer,Senior Staff
422556,Ayakannu,Assaf,Technique Leader
422558,Aris,Negoita,Senior Staff
422560,Honglan,Restivo,Staff
422564,Akeno,Lanzelotte,Senior Engineer
422566,Adly,Erva,Engineer
422567,Fuqing,Zallocco,Senior Engineer
422569,Jenwei,Fraisse,Assistant Engineer
422573,Jianhao,Anily,Senior Engineer
422574,Piyawadee,Zirintsis,Senior Engineer
422577,Vasilis,Henseler,Technique Leader
422579,Guenter,Nitto,Senior Staff
422580,Ramya,Encarnacion,Senior Staff
422587,Mohit,Speek,Senior Engineer
422588,Abdelghani,Gimarc,Senior Engineer
422589,Debatosh,Akiyama,Assistant Engineer
422600,Chiranjit,Nations,Senior Engineer
422614,Anneke,Wuwongse,Senior Engineer
422616,Gift,Murtha,Senior Engineer
422617,Arunachalam,Spieker,Senior Staff
422619,Aron,Bottner,Senior Staff
422620,Hongzhu,Openshaw,Staff
422621,Zhonghui,Hashii,Senior Engineer
422631,Richara,Lorin,Senior Staff
422634,Tomoyuki,Eugenio,Staff
422636,Bouchung,Schreiter,Senior Staff
422638,Susanta,Schwaller,Senior Engineer
422639,Pascal,Munawer,Senior Staff
422640,Narain,Worfolk,Engineer
422641,Padma,Hasham,Senior Staff
422646,Alexius,Peltason,Senior Engineer
422660,Zhilian,Grospietsch,Staff
422661,Georgi,Raney,Senior Staff
422665,Arunachalam,Edelhoff,Senior Staff
422670,Luisa,Swiss,Senior Staff
422671,Ronghao,Basagni,Senior Engineer
422673,Xiong,Miculan,Senior Staff
422676,Udaiprakash,Wissmann,Senior Engineer
422677,Arra,Staylopatis,Senior Engineer
422685,Reinhard,Oxman,Senior Engineer
422695,Vojin,Ratzlaff,Staff
422696,Debatosh,Botman,Senior Staff
422698,Lobel,Maraist,Senior Staff
422703,Diederik,Veccia,Engineer
422709,Sanjit,Varley,Senior Engineer
422712,Terresa,Nicolson,Senior Engineer
422713,Miyeon,Compeau,Engineer
422721,Kannan,Irland,Senior Engineer
422726,Yongdong,Menyhert,Staff
422727,Junichi,Heiserman,Senior Staff
422734,Quingbo,Kampfer,Senior Staff
422736,Clyde,Bugaenko,Senior Staff
422737,Dung,Gerlach,Senior Engineer
422742,Wonhee,Siochi,Engineer
422744,Francoise,Panwar,Senior Engineer
422746,Heather,Heping,Staff
422748,Vasiliy,Marshall,Senior Staff
422749,Make,Braunmuhl,Engineer
422751,Shakhar,Kohling,Senior Staff
422754,Tadanori,Koshiba,Senior Engineer
422757,Willard,Merli,Senior Engineer
422769,Amstein,Ginneken,Senior Engineer
422775,Moto,Emmart,Senior Engineer
422781,Katsuo,Granlund,Senior Engineer
422782,JiYoung,Czaja,Senior Staff
422784,Gererd,Breugel,Technique Leader
422787,Mokhtar,Casperson,Staff
422790,Hatim,Uchoa,Staff
422794,Kyoichi,Coney,Senior Engineer
422800,Rimli,Lunt,Senior Staff
422805,Vasilii,Menyhert,Senior Staff
422812,Akeno,Pashtan,Senior Staff
422814,Samphel,Klerer,Engineer
422817,Munehiro,Knightly,Senior Staff
422821,Fai,Pusterhofer,Staff
422824,Nalini,Montresor,Senior Engineer
422834,Shirish,Merks,Senior Engineer
422837,Szabolcs,Chaudhury,Engineer
422838,Ult,Byoun,Senior Staff
422839,Xiaopeng,Birsak,Senior Staff
422841,Bojan,Lorch,Senior Engineer
422843,Becky,Lodder,Technique Leader
422846,Zijian,Szemeredi,Senior Staff
422851,Basant,Muhlberg,Senior Engineer
422863,Pranas,Uhrik,Senior Engineer
422864,Alper,Kaiserswerth,Assistant Engineer
422865,Fan,Baig,Engineer
422869,Fumino,Emiris,Staff
422872,Morrie,Chappelet,Senior Staff
422877,Haldun,Speel,Senior Staff
422879,Torsten,Merle,Senior Staff
422880,Berna,Anily,Engineer
422882,Kazuhisa,Rubsam,Senior Staff
422889,Kitty,Viele,Staff
422896,Kristin,Kulisch,Senior Staff
422897,Domenico,Quaggetto,Engineer
422900,Marc,Crabtree,Senior Staff
422905,Arun,Warwick,Technique Leader
422906,Susumu,Denny,Senior Engineer
422907,Yongmao,Comte,Senior Engineer
422909,Franziska,Perng,Senior Engineer
422914,Emran,Kirkerud,Staff
422924,Barry,Weiland,Engineer
422926,Bernardo,Ouhyoung,Senior Engineer
422929,Siamak,Takkinen,Senior Staff
422938,Shuho,Taneja,Senior Staff
422940,Arnd,Orlowski,Senior Engineer
422941,Shakhar,Coullard,Engineer
422946,Heekeun,Schmezko,Engineer
422948,Shuzo,Levergood,Staff
422949,Vishv,Stentiford,Senior Staff
422950,Sampalli,Uhrik,Senior Staff
422954,Bilhanan,Murtafg,Engineer
422960,Naftaly,Baezner,Senior Engineer
422963,Jiafu,Birdsall,Senior Staff
422970,Izaskun,Ramalingam,Senior Staff
422972,Vojin,Harbusch,Senior Engineer
422978,Martine,Parveen,Senior Staff
422979,Kiyokazu,Shihab,Senior Staff
422981,Pranay,Cullers,Senior Engineer
422985,Constantijn,Copas,Staff
422987,Baocai,Schieder,Engineer
422990,Jaana,Verspoor,Engineer
422995,Gro,Pezzoli,Senior Staff
423004,Stepehn,Saoudi,Senior Engineer
423005,Chenyi,Furedi,Senior Staff
423006,Masasuke,Miara,Staff
423007,DAIDA,Przulj,Engineer
423010,Rasikan,Aumann,Senior Staff
423015,Xiping,Piancastelli,Engineer
423019,Aleksandar,Toyoshima,Engineer
423022,Lokesh,Schaar,Engineer
423023,Pasqua,Sichman,Senior Engineer
423024,Khosrow,Usdin,Senior Staff
423029,Rutger,Alvarado,Senior Engineer
423032,Yolla,Katiyar,Senior Staff
423036,Zengping,Portugali,Senior Staff
423050,Jianwen,Schueller,Senior Staff
423068,Youssef,Edelhoff,Engineer
423070,Rafail,Kavvadias,Senior Staff
423073,Shooichi,Kranzdorf,Engineer
423084,Paris,Engberts,Senior Engineer
423089,Irena,Vandervoorde,Engineer
423091,Yaghout,Karnin,Engineer
423092,Subhada,Rabehasaina,Engineer
423093,Dannz,Kadhim,Senior Staff
423102,Shir,Heyers,Staff
423103,Shao,Raney,Senior Engineer
423104,Annemarie,McConalogue,Senior Staff
423109,Changho,Restivo,Technique Leader
423116,Sukumar,Ramsay,Staff
423118,Gererd,Fraisse,Senior Staff
423120,Hideo,Raoux,Staff
423122,Ramzi,Ohori,Senior Staff
423123,Ger,Maksimenko,Staff
423126,Valeri,Scallan,Senior Staff
423129,Guozhong,Cannard,Engineer
423135,IEEE,Wegerle,Technique Leader
423136,Eirik,Eiter,Engineer
423139,Fumitaka,Samarati,Engineer
423146,King,Callaway,Engineer
423150,Constantijn,Schonegge,Senior Staff
423151,Baziley,Parveen,Senior Staff
423156,Tokuyasu,Langford,Senior Staff
423157,Ebbe,Nitta,Technique Leader
423165,Achilleas,Mahnke,Senior Engineer
423167,Chenyi,Haddadi,Senior Staff
423168,Faiza,Oehlmann,Senior Staff
423171,Francesca,Mandell,Senior Staff
423173,Uzi,Hemaspaandra,Assistant Engineer
423180,Filipe,Puoti,Staff
423182,Shuji,Winter,Senior Staff
423185,Kagan,Rande,Senior Staff
423186,Masako,Gewali,Technique Leader
423187,Eckart,Sidje,Staff
423188,Danil,Peek,Senior Engineer
423190,Jordanka,Rotem,Senior Staff
423191,Kasturi,Siksek,Senior Engineer
423193,Morris,Heydon,Staff
423200,Doohun,Langford,Senior Engineer
423201,Mayuko,Navazio,Senior Engineer
423203,Chrisa,Begiun,Senior Staff
423218,Henk,Dahlbom,Senior Engineer
423219,Mani,Kuzuoka,Senior Engineer
423225,Kasturi,Garnick,Staff
423226,Tadahiro,Szmurlo,Senior Staff
423237,Abdelaziz,Kakkar,Staff
423240,Saddek,Passino,Technique Leader
423241,Nadjib,Litvinov,Senior Engineer
423242,Mircea,Kulisch,Senior Engineer
423243,Gill,Lammel,Staff
423246,Kwangjo,Kroll,Staff
423251,Maia,Zolotykh,Senior Staff
423256,Heejo,Thummel,Senior Engineer
423266,Jiong,Brickell,Senior Engineer
423269,Marco,Vuskovic,Senior Engineer
423272,Khun,Molenaar,Senior Engineer
423275,Franziska,Jeansoulin,Senior Engineer
423278,Xuedong,Soloway,Engineer
423279,Rosalie,Valiente,Engineer
423283,Koldo,Suwa,Senior Engineer
423285,Morrie,Rassart,Technique Leader
423291,Jixiang,Cheshire,Staff
423293,Yagil,Buchter,Staff
423298,Chikara,Ressouche,Senior Staff
423302,Xiahua,Strooper,Senior Engineer
423304,Angel,Willoner,Senior Staff
423308,Tsz,Esposito,Senior Staff
423311,Chikako,Zeidenstein,Senior Engineer
423313,Arne,Bardell,Engineer
423315,Keung,Lemarechal,Senior Engineer
423317,Lenore,Warwick,Senior Engineer
423323,Aiman,Ventosa,Technique Leader
423325,Vidya,Casperson,Engineer
423326,Idoia,Cullers,Senior Engineer
423329,Kwangjo,Dulin,Staff
423338,Chuanti,Rosiles,Senior Staff
423343,Reinhold,Mersereau,Engineer
423344,Tse,Brobst,Engineer
423348,Shaibal,Perng,Senior Engineer
423349,Huiqun,Kuhnemann,Senior Engineer
423351,Hideo,Pocchiola,Senior Engineer
423352,Shigehiro,Isard,Senior Staff
423359,Fumitake,Warwick,Senior Engineer
423362,Tzvetan,Cheshire,Senior Engineer
423364,Paris,Sommer,Engineer
423370,Masami,Ananiadou,Senior Engineer
423371,Jamaludin,Qiwen,Staff
423373,Golgen,Schwartzburd,Senior Staff
423381,Tayeb,Farrag,Engineer
423382,Dipayan,Butterworth,Engineer
423383,Mohd,Ozeri,Senior Staff
423388,Hiroyasu,Byoun,Staff
423397,Masami,Ghelli,Senior Engineer
423398,Leszek,Cummings,Engineer
423399,Gina,Falck,Senior Staff
423403,Debatosh,Alpay,Senior Engineer
423406,Yuuichi,Barbanera,Senior Staff
423408,Zeljko,Rodier,Senior Engineer
423410,Amalendu,Weedman,Senior Staff
423412,Kwok,Spelt,Senior Engineer
423418,Guttorm,Brendel,Senior Engineer
423424,Nobuyoshi,Foong,Senior Engineer
423426,Munenori,Hasenauer,Senior Staff
423431,Alenka,Yeung,Engineer
423434,Uta,Shackell,Senior Staff
423435,Amstein,Coors,Engineer
423442,Goncalo,McClure,Senior Engineer
423443,Chenye,Camarinopoulos,Senior Engineer
423446,Keiichiro,Matheson,Staff
423448,Aleksandar,Calkin,Staff
423454,Achilleas,Vandervoorde,Senior Engineer
423455,Zengping,Varker,Technique Leader
423456,Bezalel,Bach,Staff
423458,Yakichi,Shrader,Engineer
423460,Wuxu,Miara,Senior Staff
423462,Danae,Rodite,Staff
423463,Geoff,Krohm,Senior Staff
423464,Shiv,Rodier,Engineer
423466,Magy,Zhang,Senior Engineer
423468,Leandro,Heuser,Senior Engineer
423477,Martina,Beznosov,Senior Engineer
423479,Rosine,Hambrick,Senior Engineer
423480,Peer,Hennings,Senior Engineer
423483,Ymte,Menyhert,Staff
423484,Geoffrey,Mersereau,Senior Staff
423487,Kiyotoshi,Biran,Senior Engineer
423492,Tsvetan,Gulla,Senior Engineer
423493,Danco,Sinitsyn,Senior Staff
423496,Yishai,Jahnichen,Technique Leader
423497,Luisa,Driscoll,Senior Staff
423505,Jianhua,Kranzdorf,Staff
423506,Fei,Zultner,Senior Staff
423510,Mariusz,Klerer,Engineer
423526,Adly,Choobineh,Senior Engineer
423533,Francesca,Rathonyi,Senior Engineer
423534,Barna,Gulak,Senior Staff
423536,Toshimo,Coney,Senior Staff
423538,Shuky,Schieder,Senior Engineer
423540,Supot,Rikino,Technique Leader
423543,Oldrich,Acton,Senior Engineer
423544,Ulises,Debuse,Senior Staff
423545,Arnould,Alblas,Senior Engineer
423550,Srinidhi,Herber,Engineer
423552,Fumiko,Vingron,Senior Staff
423557,Margareta,Cheshire,Senior Engineer
423561,Insup,Mandelberg,Senior Staff
423565,Srinidhi,Gurbaxani,Senior Engineer
423566,Genki,Swift,Senior Staff
423567,Jiann,Reinhard,Senior Staff
423570,Suebskul,Ullian,Senior Staff
423577,Taegyun,Improta,Senior Staff
423579,Gopalakrishnan,Etalle,Senior Staff
423580,Noritoshi,Flowers,Senior Engineer
423581,Ger,Tzvieli,Senior Staff
423582,Khosrow,Picci,Senior Engineer
423584,Shounak,Kolvik,Senior Engineer
423586,Baocai,Brattka,Technique Leader
423587,Tsvetan,Baumann,Engineer
423588,Narain,Guardalben,Staff
423589,Niranjan,Peot,Engineer
423590,Saeed,Heinisuo,Senior Staff
423592,Chenxi,Azuma,Senior Staff
423596,Lokesh,Heystek,Senior Staff
423603,Volkmar,Orlowski,Senior Staff
423605,Hiroyasu,Tanemo,Senior Staff
423607,Deborah,Suwa,Senior Staff
423608,Christoper,Mawatari,Staff
423616,Mohammed,Setiz,Engineer
423618,Hatsukazu,Schaft,Senior Staff
423620,Mingdong,Gulla,Senior Engineer
423624,Basem,Ballarin,Senior Staff
423625,Marc,Candan,Senior Engineer
423627,Satyanarayana,Varman,Senior Engineer
423628,Candida,Baba,Senior Staff
423632,Masoud,Pocchiola,Senior Staff
423634,Spyrose,Ananiadou,Senior Staff
423637,Kankanahalli,Demian,Technique Leader
423638,Chirstian,Matzke,Engineer
423643,Gio,Hemaspaandra,Engineer
423644,Xiaoheng,Szemeredi,Engineer
423648,Demos,Peral,Staff
423650,Heeju,Baez,Engineer
423654,Shir,Vendrig,Staff
423659,Krassimir,Schaft,Senior Staff
423662,Shigeaki,Bharadwaj,Senior Staff
423663,Rajmohan,Pulkowski,Engineer
423667,Shih,Engberts,Senior Staff
423668,Mori,Zambonelli,Senior Engineer
423669,Ung,Lakshmanan,Engineer
423670,Greger,Backhouse,Senior Engineer
423671,Tzvetan,Gniady,Senior Engineer
423674,Ugo,Motley,Staff
423679,Xiaobin,Azuma,Senior Engineer
423683,Mario,Crelier,Senior Engineer
423685,Renee,Matheson,Engineer
423688,Roddy,Rosiles,Staff
423689,Xudong,Schlumberger,Engineer
423691,Alain,Hanratty,Senior Engineer
423692,Vugranam,Bierbaum,Senior Staff
423693,Randi,Zweizig,Senior Staff
423694,Berna,Melton,Senior Staff
423696,Vidar,Iwayama,Senior Engineer
423700,Aleksandar,Schusler,Senior Staff
423701,Yinlin,Bellone,Senior Engineer
423702,Parke,Iivonen,Senior Staff
423704,Mohammad,Taubman,Staff
423705,Christ,Kaelbling,Senior Engineer
423714,Tua,Qiwen,Engineer
423716,Cullen,Birnbaum,Engineer
423720,Barry,Maierhofer,Senior Staff
423725,Dines,Belinskaya,Senior Staff
423728,Denny,Murtafg,Senior Engineer
423732,Barry,Delgrange,Technique Leader
423734,Huan,Montresor,Senior Staff
423738,Mantis,Weiland,Senior Engineer
423740,Jaroslava,Bardell,Senior Engineer
423745,Dung,Hutter,Senior Staff
423747,Honglan,Montemayor,Senior Staff
423751,Tzvetan,Genin,Staff
423752,Shigeu,Bellmore,Senior Staff
423755,Takahira,Stasinski,Engineer
423756,Huican,Schlumberger,Assistant Engineer
423757,Katsuyuki,Baezner,Senior Engineer
423758,Sedat,McClure,Engineer
423762,Nahid,Boissier,Engineer
423763,Gilbert,Gyimothy,Engineer
423768,Limsoon,Asmuth,Senior Engineer
423772,Luerbio,Meszaros,Engineer
423773,Pascal,Servi,Senior Engineer
423777,Tomofumi,Roccetti,Senior Engineer
423787,Sumali,Mukaidono,Senior Engineer
423791,Adib,Lodder,Technique Leader
423799,Sadun,Baaleh,Senior Staff
423803,Xuejun,Beilner,Senior Engineer
423805,Minghong,Wolniewicz,Senior Staff
423807,Barry,Rikino,Staff
423809,Atilio,Pfau,Senior Staff
423810,Utz,Eldridge,Staff
423811,Taisook,Krichel,Engineer
423815,Gil,Pietracaprina,Technique Leader
423823,Yucel,Demian,Senior Engineer
423825,Heeju,Ruemmler,Senior Engineer
423829,Chenxi,Peroz,Staff
423830,Maya,Menhoudj,Senior Engineer
423834,Geoff,Skafidas,Engineer
423835,Clyde,Trachtenberg,Senior Staff
423840,Mahmut,Mandell,Assistant Engineer
423844,Masadi,Smeets,Engineer
423845,Eishiro,Gien,Senior Staff
423847,Kensyu,Baez,Technique Leader
423848,Taizo,Zambonelli,Senior Engineer
423851,Xinglin,Stenning,Staff
423854,Mariangiola,Chvatal,Senior Engineer
423860,Youpyo,Gelosh,Senior Engineer
423862,Mihalis,Shackel,Engineer
423866,Elgin,Plesums,Senior Engineer
423869,Demin,Claffy,Senior Staff
423870,Yuguang,Pietracaprina,Staff
423875,Iara,Delgrande,Staff
423876,Amstein,Gustavson,Assistant Engineer
423877,Stella,Salverda,Senior Engineer
423890,Becky,Emden,Staff
423893,Fumino,Gerteisen,Senior Engineer
423896,Brewster,Billingsley,Engineer
423897,Jacopo,Baezner,Senior Staff
423906,Shakhar,Hartvigsen,Senior Staff
423907,Sanjit,Akaboshi,Senior Staff
423916,Adel,Ecklund,Senior Staff
423917,Dines,Bouloucos,Engineer
423919,Isaac,Perna,Engineer
423920,Mana,Thombley,Senior Engineer
423929,Serap,Veldwijk,Engineer
423933,TRUE,Ozeri,Engineer
423934,Gio,Jullig,Engineer
423936,Karlis,Chinal,Technique Leader
423938,Sham,Fritzsche,Senior Staff
423939,Khatoun,Carrere,Engineer
423941,Filipe,Wegerle,Senior Staff
423944,Hironobu,Bottner,Senior Engineer
423945,Ymte,Heping,Senior Staff
423950,Gen,Marrakchi,Staff
423958,Lunjin,Stavenow,Senior Engineer
423959,Guttorm,Fabrizio,Senior Staff
423960,Pramod,Snyers,Technique Leader
423962,Genki,Cochrane,Staff
423966,Harjit,Badache,Staff
423970,Xinyu,Sury,Senior Engineer
423972,Premsyl,Miake,Senior Staff
423980,Georgy,Takanami,Technique Leader
423982,Hidde,Boissier,Senior Engineer
423984,Zorica,Karcich,Senior Staff
423985,Ottavia,Azevdeo,Technique Leader
423986,Debatosh,Alvarado,Engineer
423987,Fumitaka,Przulj,Senior Engineer
423991,Weicheng,Gargeya,Senior Engineer
423995,Arlette,Suomi,Senior Engineer
424000,Petter,Zlotek,Engineer
424006,Sailaja,Levasseur,Senior Staff
424009,Zhenbing,Puppo,Senior Engineer
424010,Khalid,Siprelle,Senior Staff
424012,Cullen,Legleitner,Senior Engineer
424023,Vesna,Samarati,Senior Engineer
424028,Jaber,Ranon,Staff
424037,Sumant,Langford,Senior Staff
424038,Mani,Fraisse,Senior Staff
424039,Lenore,Chartres,Staff
424043,Tetsurou,Gulik,Senior Staff
424044,Kazuhiro,Krichel,Senior Staff
424046,Supot,Niizuma,Staff
424051,Uriel,Kobuchi,Senior Engineer
424061,Xiaoqiu,Dolinsky,Technique Leader
424062,Masami,Slaats,Senior Staff
424065,Elliott,Ghazalie,Senior Engineer
424066,Sachin,Fabrizio,Staff
424075,Goncalo,Majewski,Engineer
424076,Subir,Siksek,Engineer
424079,Rajmohan,Akiyama,Senior Staff
424080,Zvonko,Hambrick,Staff
424083,Baruch,Coombs,Staff
424084,Demin,Suwa,Staff
424085,Irene,Merks,Engineer
424090,Inderjeet,Holburn,Staff
424091,Fabrizio,Cooke,Staff
424093,Chikako,Bolsens,Senior Engineer
424096,Martijn,Perri,Senior Engineer
424098,Phillip,Kalloufi,Senior Staff
424099,Kwangyoen,Strandh,Senior Staff
424101,Giordano,Kading,Senior Engineer
424106,Sanjeeva,Tzvieli,Staff
424109,Iara,Halevi,Senior Staff
424111,Yagil,Menhoudj,Staff
424115,Jacopo,Kusakari,Assistant Engineer
424120,Oksana,Mersereau,Senior Staff
424121,Masamitsu,Buchter,Staff
424124,Rasiah,Zeidenstein,Senior Engineer
424125,Rutger,Levergood,Senior Staff
424126,Tomokazu,Bala,Engineer
424128,Gretta,Kalorkoti,Senior Staff
424134,Aleksandar,Wrigley,Senior Engineer
424135,Masaki,Fairtlough,Senior Staff
424136,Mads,Gniady,Staff
424142,Turgut,Larfeldt,Senior Engineer
424143,Babette,Dehkordi,Senior Engineer
424144,Candido,Lorin,Senior Staff
424147,Dhritiman,Casley,Senior Staff
424152,Tomokazu,Setiz,Senior Engineer
424157,Fumiyo,Felder,Senior Staff
424166,Hairong,Kuzuoka,Senior Engineer
424167,Kazuhiko,Hasham,Engineer
424179,Sanjeeva,Stassinopoulos,Engineer
424181,Tsz,Motley,Senior Engineer
424185,Sigeru,Khalid,Senior Engineer
424189,Martijn,Denny,Senior Engineer
424190,Christ,Talmon,Senior Staff
424191,Sanjeeva,Thorensen,Engineer
424192,Boaz,Rosenbaum,Senior Staff
424193,Mayuri,Herath,Staff
424195,Shunichi,Panwar,Senior Engineer
424198,Subhada,Lorie,Senior Staff
424200,Shooichi,Yeung,Engineer
424205,Paris,Shumilov,Senior Engineer
424206,Huan,Serra,Senior Staff
424207,Geoffry,Poulakidas,Senior Staff
424220,Felicidad,Morrey,Senior Staff
424224,Arunachalam,Plumb,Staff
424230,Irena,Sridhar,Senior Staff
424238,Emran,Coullard,Engineer
424242,Fen,Ouhyoung,Senior Staff
424246,Jacopo,Peng,Senior Staff
424247,Conor,Bharadwaj,Senior Engineer
424248,Siamak,Markovitch,Senior Engineer
424250,Suzette,Wendorf,Senior Staff
424252,Shirish,Bernardinello,Senior Staff
424258,Stabislas,Redmiles,Senior Engineer
424259,Seongbin,Bennis,Senior Engineer
424261,Barton,Nannarelli,Senior Engineer
424262,Krassimir,Trelles,Senior Staff
424263,Martins,Schoegge,Staff
424264,Yucai,Woycyznski,Senior Staff
424267,Xianlong,Unni,Senior Engineer
424272,Bangqing,Ferretti,Staff
424274,KayLiang,Baaleh,Engineer
424279,Tsz,Ramalingam,Engineer
424283,Gal,Juneja,Senior Engineer
424284,Gilbert,Ramsey,Senior Engineer
424285,Jeanna,Gaughan,Senior Engineer
424288,Younwoo,Munos,Senior Staff
424293,Hinrich,Malabarba,Senior Engineer
424295,Sugwoo,Picel,Senior Staff
424298,Francesca,Chinin,Staff
424301,Christfried,Werthner,Senior Engineer
424302,Moie,Rissland,Senior Engineer
424304,Kokou,Deyuan,Senior Staff
424305,Licheng,Beeson,Senior Engineer
424306,Lena,Broder,Senior Engineer
424307,Piyawadee,Lubachevsky,Engineer
424309,Masoud,Chachaty,Senior Engineer
424310,Fumino,Usery,Senior Engineer
424312,Hilari,Mukaidono,Senior Engineer
424315,Kersti,Janetzko,Senior Engineer
424320,JoAnna,Cooke,Staff
424327,Chrisa,Unni,Senior Engineer
424328,Juyoung,Murtafg,Senior Staff
424331,Shahid,Rusmann,Senior Engineer
424332,Dhritiman,Beznosov,Staff
424336,Owen,Hiltgen,Senior Engineer
424339,Satoru,Morris,Engineer
424343,Tadahiro,Mersereau,Senior Engineer
424346,Hideo,Orlowska,Senior Engineer
424347,Basant,Schrift,Senior Staff
424354,Gennadi,Plessier,Senior Engineer
424355,Szabolcs,Garrabrants,Senior Engineer
424358,Remmert,Katalagarianos,Senior Engineer
424361,Salvador,Vieri,Engineer
424367,Kokou,Passino,Engineer
424371,Ung,Rothe,Engineer
424375,Pramod,Anily,Technique Leader
424378,Sanjiv,Varman,Senior Engineer
424379,Menkae,Murtagh,Staff
424382,Vishu,Capobianchi,Assistant Engineer
424386,Zongyan,Pettit,Senior Engineer
424389,Marsha,Oxenboll,Senior Staff
424391,Marc,Skogmar,Senior Staff
424393,Hironobu,Rosti,Senior Engineer
424399,Tamiya,Brattka,Senior Engineer
424404,Tokuyasu,Nannarelli,Engineer
424405,Cedric,Restivo,Senior Staff
424408,Shunichi,Heinisuo,Senior Engineer
424410,Mads,Jahnichen,Senior Engineer
424416,Geraldo,Showalter,Senior Staff
424422,Chirstian,Nicolson,Senior Engineer
424425,Fuqing,Isaac,Senior Staff
424426,Taegyun,Parhami,Senior Staff
424430,Pascal,DuCasse,Staff
424433,Debaprosad,Monkewich,Senior Engineer
424445,Jeong,Boreale,Engineer
424447,Irene,Miake,Senior Staff
424452,Shalesh,Pero,Senior Engineer
424453,Mooi,Pettit,Senior Staff
424455,Juichirou,Bahr,Engineer
424461,Nitsan,Snyers,Senior Engineer
424462,Taisook,Kabayashi,Senior Staff
424464,Jianhua,Deverell,Staff
424467,Udo,Hockney,Senior Staff
424468,Elrique,Pocchiola,Senior Staff
424471,Uriel,Barriga,Senior Engineer
424479,Shounak,Tsunoo,Engineer
424483,Dipankar,Zhiwei,Senior Staff
424486,Marit,Kolvik,Senior Engineer
424491,Caolyn,Munoz,Staff
424495,Adil,Negoita,Senior Staff
424496,Kellie,Comellas,Senior Engineer
424497,Shahab,Maccarone,Senior Engineer
424499,Kristine,Camurati,Staff
424505,Mabry,Chinen,Staff
424514,Sreenivas,Broomell,Senior Engineer
424518,Alagu,Ligten,Senior Staff
424524,Beshir,Detkin,Senior Staff
424525,Kenton,Krichel,Engineer
424529,Juichirou,Scallan,Senior Engineer
424532,Sachar,Brender,Senior Engineer
424534,Sariel,Matzat,Senior Staff
424536,Christoph,Feldhoffer,Senior Staff
424538,Kazuhisa,Claffy,Senior Staff
424540,Pranav,Merli,Assistant Engineer
424541,Mooi,Kawashimo,Staff
424542,Golgen,Hebert,Staff
424552,Hairong,Schlegelmilch,Senior Engineer
424557,Renny,Karcich,Staff
424558,Vojin,Casley,Senior Engineer
424563,Rosli,Pileggi,Senior Staff
424564,Kristina,Stasinski,Senior Staff
424565,Bartek,Plavsic,Engineer
424567,Mizuhito,Carrere,Senior Engineer
424570,Gil,Klyachko,Senior Staff
424571,Keiichiro,Tempesti,Senior Engineer
424576,Weiyi,Billingsley,Senior Engineer
424578,Ronghao,Basagni,Senior Engineer
424581,Turgut,Christianini,Senior Staff
424588,Ohad,Zirintsis,Engineer
424589,Remmert,Atchley,Engineer
424591,Abdelwaheb,Yeung,Senior Staff
424593,Mohammed,Serra,Senior Staff
424597,Wuxu,Hinsberger,Technique Leader
424603,Huican,Thiria,Senior Staff
424607,Gunilla,Kowalchuk,Senior Engineer
424609,Erzsebet,Reistad,Senior Staff
424614,Chaosheng,Luke,Senior Staff
424615,Gregory,Hasham,Senior Engineer
424619,Garnet,Kugler,Senior Staff
424625,JoAnna,Chleq,Senior Engineer
424627,Ewing,Manders,Staff
424628,Alexius,Hartvigsen,Senior Engineer
424629,Ranga,Milicia,Senior Engineer
424631,Naftali,Gajiwala,Staff
424634,Mooi,Basagni,Assistant Engineer
424635,Van,Akiyama,Engineer
424636,Domenick,Perl,Senior Engineer
424639,Harngdar,Lorys,Senior Staff
424647,Aruna,Lorho,Engineer
424651,Richara,Gente,Staff
424653,Haldon,Parfitt,Staff
424659,Mohd,Gyorkos,Senior Engineer
424660,Murthy,Ballarin,Engineer
424662,Jaewon,Swab,Senior Engineer
424672,Troy,Pietrzykowski,Senior Staff
424676,Froduald,Przulj,Staff
424677,Patricia,Karcich,Senior Staff
424686,Janche,Niizuma,Senior Staff
424694,Candido,Morris,Senior Staff
424695,Marl,Gente,Senior Staff
424696,Jacopo,Schnelling,Senior Staff
424698,Mabo,Munck,Senior Engineer
424700,Dietrich,Kossowski,Senior Engineer
424702,Mohit,Lichtner,Technique Leader
424703,Yolla,Niizuma,Senior Engineer
424704,Aimee,Mawatari,Senior Staff
424705,Achilleas,Falster,Staff
424719,Feixiong,Curless,Senior Engineer
424724,Suebskul,Angelopoulos,Senior Engineer
424726,Tzvetan,Norsworthy,Senior Staff
424734,Zhensheng,Babb,Senior Engineer
424735,Waiman,Hagimont,Technique Leader
424741,Remko,Reghbati,Senior Engineer
424742,Parto,Siepmann,Senior Engineer
424744,Qingxiang,Butterworth,Senior Engineer
424748,Kinh,Cooley,Senior Engineer
424755,Arco,Ranka,Senior Staff
424765,Lillian,Azevdeo,Senior Engineer
424769,Dinah,Baar,Engineer
424770,Gaurav,Sessa,Senior Staff
424786,Martins,Rosiles,Senior Staff
424794,Mara,Anger,Technique Leader
424795,Waiman,Kusakari,Engineer
424800,Aran,Famili,Engineer
424811,Tomokazu,Reutenauer,Senior Staff
424812,Martina,Taneja,Senior Engineer
424818,Brigham,Berendt,Engineer
424820,Perry,Serna,Senior Staff
424824,Heng,Plump,Staff
424826,Gadiel,Wursthorn,Senior Engineer
424830,Remmert,Lindenbaum,Senior Engineer
424837,Tayeb,Baak,Senior Engineer
424838,Kamakshi,Huxford,Senior Staff
424840,Mara,Bernardinello,Senior Engineer
424841,Heeju,Langford,Senior Engineer
424843,Reinhard,Kumaresan,Engineer
424849,Peer,Borovoy,Senior Staff
424852,Hugh,Samarati,Engineer
424863,Randi,Wixon,Engineer
424865,DeForest,Farrar,Senior Staff
424868,Akemi,Lorch,Senior Engineer
424869,Ortrud,Zwicker,Senior Staff
424870,Mingdong,Valette,Senior Engineer
424874,Bernd,Kinley,Senior Staff
424876,Kazuyasu,Seuren,Senior Engineer
424878,Shan,Bale,Engineer
424885,Zhensheng,Picco,Senior Engineer
424891,Yurii,Jervis,Senior Engineer
424892,Ingmar,Farrow,Senior Staff
424898,Fabrizio,Fiebach,Staff
424900,Aemilian,Siksek,Engineer
424907,Visit,Schwaller,Senior Engineer
424910,Weiye,Miara,Senior Staff
424913,Almudena,Ravishankar,Technique Leader
424928,Eben,Iisaka,Staff
424932,Pragnesh,Conte,Senior Staff
424936,Armond,Esposito,Engineer
424937,Teunis,Buchter,Senior Engineer
424938,Boriana,Limongiello,Staff
424941,Gonzalo,Alvarado,Senior Staff
424943,Yechezkel,Budinsky,Senior Staff
424944,Boaz,Lammel,Senior Engineer
424946,Gian,Benzmuller,Senior Staff
424950,Yuchang,Mundy,Senior Staff
424951,Qunsheng,Foong,Senior Staff
424961,Yaghout,Morris,Senior Staff
424979,Pohua,Rousseau,Senior Staff
424980,Dekang,Badr,Senior Engineer
424981,Naraig,Milicia,Technique Leader
424990,Mart,Rajcani,Technique Leader
424991,Aemilian,Hitomi,Senior Staff
424995,Jouni,Bale,Senior Staff
424997,Heekeun,Anger,Senior Engineer
424998,Demin,Schmezko,Senior Engineer
425003,Georgy,Masand,Engineer
425006,Satyanarayana,Wegerle,Engineer
425009,Kazuhide,Schaad,Staff
425011,Abdelwaheb,Prochazka,Senior Engineer
425013,Mariusz,Fargier,Technique Leader
425014,Marie,Cronin,Senior Engineer
425015,Bikash,Cannata,Senior Staff
425019,Barun,Capobianchi,Staff
425023,Shaowen,Krone,Senior Engineer
425033,Ekawit,Waleschkowski,Senior Staff
425035,Marsha,Czap,Staff
425039,Hilari,Lung,Assistant Engineer
425044,Dietrich,Manderick,Senior Engineer
425048,Pranav,Ginesta,Senior Staff
425050,Jingling,Vingron,Senior Staff
425055,Mooi,Weisert,Engineer
425057,Eckart,Detkin,Technique Leader
425058,Tetsurou,Busillo,Senior Engineer
425074,Monique,Coullard,Engineer
425078,Tommaso,Angiulli,Engineer
425086,Ramachenga,Zallocco,Technique Leader
425087,Hideyuki,Bernini,Senior Staff
425089,Jixiang,Matzel,Staff
425090,Marsha,Candan,Engineer
425092,Ebbe,Meszaros,Senior Staff
425102,Kristine,Kaminger,Senior Staff
425104,Billur,Zolotykh,Senior Staff
425106,Sakthirel,Bednarek,Senior Staff
425109,Lalit,Auyong,Senior Staff
425111,Bowen,Horswill,Technique Leader
425113,Dinkar,Copas,Senior Staff
425115,Naftali,Begiun,Senior Engineer
425116,Troy,Ramsak,Assistant Engineer
425123,Manton,Murillo,Technique Leader
425124,Lein,Merle,Staff
425125,Hongzhu,Rosenbaum,Engineer
425126,Margareta,Ishibashi,Senior Engineer
425128,Masato,Radhakrishnan,Senior Engineer
425131,Phule,Antonakopoulos,Senior Engineer
425132,Christoper,Perry,Senior Staff
425139,Frederique,Koshiba,Senior Engineer
425143,Diederik,Pluym,Assistant Engineer
425151,Gian,Schiper,Senior Staff
425160,Abdulla,Nishimukai,Senior Staff
425162,Mohamadou,Reutenauer,Senior Engineer
425169,Bernice,Vernadat,Engineer
425176,Stevo,Kropatsch,Engineer
425177,Khun,Bahk,Engineer
425178,Vishv,Kusakabe,Engineer
425181,Roselyn,Foote,Senior Engineer
425182,Urs,Shigei,Senior Engineer
425185,Fumino,Kroll,Technique Leader
425193,Thodoros,Cronau,Senior Engineer
425200,Moon,Cherinka,Senior Staff
425210,Hidekazu,Thisen,Senior Staff
425216,Rildo,Mahmud,Senior Engineer
425219,Martien,Macedo,Senior Engineer
425220,Xiadong,Anger,Senior Staff
425221,Honglan,Riesenhuber,Senior Staff
425222,Yakkov,Conti,Senior Engineer
425224,Uno,Jullig,Senior Engineer
425231,Zejun,Chachaty,Engineer
425232,Djenana,Hutter,Senior Engineer
425238,Eberhardt,Yetto,Senior Staff
425239,Bangqing,Milicic,Senior Engineer
425240,Jaideep,Escriba,Senior Engineer
425251,Nishit,Angel,Senior Staff
425252,Patricio,Baranowski,Senior Engineer
425261,Gunilla,Pramanik,Senior Staff
425262,Thanasis,Rahier,Senior Staff
425263,Shooichi,Wegerle,Senior Staff
425264,Jeanne,Shigei,Senior Engineer
425268,Khoa,Maccarone,Senior Staff
425271,Randi,Vendrig,Assistant Engineer
425280,Pranjal,Spelt,Engineer
425283,Jixiang,Spinelli,Engineer
425288,Flemming,Sherertz,Senior Engineer
425291,Basil,Schusler,Senior Staff
425297,Peer,Siksek,Technique Leader
425301,Sangeeta,Gien,Senior Staff
425304,Muzhong,McAffer,Senior Engineer
425310,Nirmal,Chenney,Engineer
425313,Marla,Skogmar,Senior Staff
425316,Reinhold,Chaudhuri,Staff
425317,Tesuya,Hettesheimer,Staff
425321,Dante,Anandan,Engineer
425325,Alejandro,Rullman,Senior Staff
425326,Shigehito,Roisin,Senior Staff
425328,Theron,Salvesen,Senior Staff
425336,Poorav,Gammage,Senior Engineer
425337,Taiji,Kusakabe,Senior Staff
425339,Shounak,Syrzycki,Senior Staff
425344,Christ,Nanard,Senior Staff
425345,Michaela,Georgatos,Senior Staff
425346,Boalin,Zultner,Staff
425348,Goa,Demian,Senior Engineer
425349,Adit,Schlegelmilch,Engineer
425352,Kamakshi,Gluchowski,Staff
425353,Yuichiro,Thombley,Senior Engineer
425359,Jaideep,Marchegay,Senior Staff
425364,Khalid,Gurbaxani,Senior Staff
425367,Pranav,Zockler,Senior Staff
425368,Takanari,Simkin,Engineer
425370,Zijian,Hebert,Senior Engineer
425371,Gita,Ariola,Senior Engineer
425373,Vidar,Aloia,Senior Engineer
425375,Tsvetan,Peir,Senior Staff
425388,Mohammad,Varker,Senior Engineer
425389,Zhaofang,Fiutem,Senior Staff
425391,Toshiki,Gulak,Senior Engineer
425400,Girolamo,Erdmenger,Senior Engineer
425402,Jenwei,Stamatiou,Senior Engineer
425405,Saeed,Swist,Senior Engineer
425410,Wuxu,Bratten,Senior Engineer
425413,Nigel,Mungall,Senior Staff
425415,Arra,Pietrzykowski,Senior Staff
425417,Ayakannu,Peris,Senior Engineer
425418,Malu,Hennings,Technique Leader
425419,Youngkon,Baezner,Senior Staff
425422,Christophe,Gruenwald,Senior Engineer
425431,Zhaofang,Monkewich,Senior Staff
425433,Susumu,Sury,Engineer
425436,Geoffry,Gammage,Engineer
425438,Uma,Kleiser,Senior Engineer
425442,Richara,Iacovou,Engineer
425449,Minghong,Goodrum,Engineer
425453,Jackson,Restivo,Senior Staff
425455,Chandrasekaran,Domenig,Engineer
425456,Junsik,Markovitch,Staff
425457,Palash,Hebert,Senior Staff
425458,Hidekazu,Honiden,Senior Engineer
425459,Arie,Peck,Assistant Engineer
425462,Keung,Sherertz,Senior Staff
425464,Ebbe,Garnick,Senior Engineer
425465,Sumali,Michaels,Engineer
425467,Sigeru,Argence,Technique Leader
425473,Giao,Cappelli,Senior Staff
425474,Vishwani,England,Senior Staff
425475,Subhankar,Zyda,Senior Engineer
425477,Florina,Serdy,Senior Staff
425482,Jongsuk,Cunliffe,Senior Staff
425484,Marsha,Stiles,Engineer
425487,Kellyn,Egerstedt,Staff
425489,Toshimi,Nicolson,Senior Engineer
425495,Serge,Michaeli,Senior Staff
425504,Insup,Hebert,Senior Staff
425511,Odysseas,Mahnke,Senior Engineer
425513,Danel,Schiper,Senior Staff
425515,Rimon,Luff,Staff
425516,Munir,Kroha,Engineer
425520,Oguz,Gini,Staff
425522,Sadun,Cannard,Senior Staff
425524,JoAnne,Makinen,Staff
425525,Yonghong,England,Engineer
425526,Tomofumi,Narlikar,Senior Engineer
425529,Lubomir,Luce,Engineer
425532,Pohua,Setia,Staff
425536,Sajjan,Denti,Senior Engineer
425538,Lobel,Mayerwieser,Senior Staff
425539,Tzvetan,Snedden,Senior Engineer
425546,Vishv,Flanders,Senior Staff
425547,Remko,Hasham,Senior Staff
425548,Geoff,Perfilyeva,Senior Engineer
425558,Mayumi,Baja,Staff
425560,Indrajit,Ginneken,Staff
425564,Doowon,Bamford,Senior Engineer
425568,Eran,Ruther,Staff
425575,Eldridge,Schahn,Senior Engineer
425577,Kinh,Harnett,Senior Engineer
425585,Mack,Heemskerk,Senior Engineer
425589,Boriana,Heiserman,Technique Leader
425592,Sverrir,Fadgyas,Senior Staff
425599,Faiza,Perz,Senior Engineer
425600,Panayotis,Benveniste,Senior Engineer
425601,Falguni,Miake,Engineer
425602,Shalesh,Wroclawski,Senior Engineer
425606,Hairong,Schiper,Senior Staff
425608,Krisda,Ratnakar,Senior Staff
425609,Jovan,Gonthier,Senior Staff
425610,Mahendra,Hebert,Senior Engineer
425611,Naftaly,Roisin,Senior Engineer
425612,Babette,Dredge,Senior Staff
425618,Shigehiro,Granlund,Senior Staff
425621,Suzette,Shumilov,Senior Engineer
425622,Huiqun,Kuhnemann,Engineer
425625,Surveyors,Morrow,Senior Staff
425627,Guadalupe,Sewelson,Senior Staff
425636,Danco,Picaronny,Staff
425637,Elrique,Kaelbling,Senior Engineer
425639,Odysseas,Engelmann,Senior Staff
425652,Tran,Birrer,Assistant Engineer
425659,Hirochika,Sinicrope,Engineer
425662,Mang,Hettesheimer,Staff
425667,Padma,Minakawa,Senior Staff
425669,Stabislas,Wrigley,Senior Engineer
425671,Kirk,Rande,Senior Engineer
425676,Masaru,Matzov,Senior Staff
425680,Anneke,Manderick,Engineer
425681,Sanjeeva,Skafidas,Senior Engineer
425683,Thodoros,Valiente,Engineer
425689,Arnould,Bernini,Senior Engineer
425690,Gadiel,Yavatkar,Engineer
425692,Prodip,Tomescu,Senior Engineer
425694,Shigehiro,Tsunoo,Assistant Engineer
425695,Susanna,Iisaku,Assistant Engineer
425703,Neelam,Toyoshima,Engineer
425713,Ymte,Orlowski,Senior Engineer
425715,Randy,Engberts,Assistant Engineer
425716,Khatoun,Merro,Assistant Engineer
425719,Leaf,Foote,Senior Staff
425722,Sugwoo,Schlumberger,Senior Engineer
425725,Mingsen,Osgood,Senior Staff
425729,Sreekrishna,Brickell,Engineer
425735,Jaewoo,Vanwelkenhuysen,Engineer
425738,Nechama,Rusmann,Senior Engineer
425740,Pranay,Murillo,Engineer
425742,Martins,Rindone,Senior Staff
425744,Kiam,Luiz,Senior Staff
425753,Niteen,Knightly,Senior Engineer
425758,Anneke,Perelgut,Staff
425759,Tiina,Molberg,Senior Staff
425760,Candido,Iisaka,Senior Staff
425764,Zine,Speel,Technique Leader
425768,Shahab,Anily,Staff
425771,Junichi,Ghandeharizadeh,Senior Staff
425772,Leandro,Verhaegen,Engineer
425775,Jahangir,Bridgland,Senior Staff
425777,Arup,Ranai,Engineer
425779,Rasiah,Bahk,Senior Engineer
425785,Przemyslawa,Rijsenbrij,Senior Staff
425787,Manu,Demeyer,Staff
425791,Keung,Ventosa,Senior Engineer
425792,Kiam,Streng,Engineer
425794,Chinhyun,Zucker,Staff
425795,Zine,Beetstra,Senior Engineer
425796,Billie,Erman,Senior Engineer
425803,Clyde,Baek,Engineer
425804,Stamatina,Lortz,Senior Engineer
425806,Aemilian,Limongiello,Staff
425808,Lakshmi,Miculan,Senior Engineer
425809,Piyawadee,Luan,Senior Engineer
425812,Toshiko,Azulay,Staff
425813,Gou,Hainaut,Senior Engineer
425817,Cedric,Berstel,Senior Engineer
425818,Aris,Shiratori,Senior Engineer
425819,Muzhong,Oberman,Senior Staff
425821,Vidar,Narwekar,Senior Staff
425822,Kayoko,Candan,Staff
425826,Mingzeng,Papsdorf,Senior Staff
425829,Falguni,Barriga,Staff
425831,Baocai,Mapelli,Senior Staff
425836,Alois,Schnabel,Senior Engineer
425840,Doohun,Hambrick,Engineer
425841,Emdad,Luders,Senior Staff
425846,Kazuhisa,Ambroszkiewicz,Engineer
425849,Elzbieta,Oskamp,Senior Engineer
425860,JoAnna,Bakhtari,Senior Staff
425863,Jasminko,Vingron,Staff
425864,Gro,Bellone,Senior Staff
425865,Yechezkel,Emmart,Senior Engineer
425866,Moti,Schonegge,Senior Staff
425868,Gita,Zwicker,Senior Engineer
425871,Weiye,Gimbel,Senior Staff
425873,Visit,Conti,Senior Staff
425876,Ingemar,Buescher,Senior Engineer
425880,Faiza,Mitzlaff,Engineer
425882,Akemi,DasSarma,Senior Staff
425886,Kirk,Solares,Staff
425889,Duri,Swift,Senior Engineer
425890,Arunas,Bolsens,Engineer
425893,Remco,Sadowski,Senior Engineer
425894,Miomir,Plessier,Engineer
425898,Domenick,Hardjono,Staff
425911,Tommaso,Gips,Senior Staff
425914,Ishfaq,Melter,Engineer
425916,Horward,Ramras,Senior Staff
425922,Arfst,Luks,Senior Staff
425923,Wuxu,Halloran,Engineer
425925,Utz,Speek,Engineer
425927,Aram,Wielonsky,Staff
425928,Arup,Shiratori,Engineer
425932,Saeed,Piancastelli,Staff
425939,Tokuyasu,Kolvik,Senior Engineer
425940,Dzung,Waymire,Engineer
425942,Frazer,Litvinov,Senior Staff
425946,Uma,Kilgour,Engineer
425948,Bikash,Matzke,Senior Engineer
425950,Khalil,Binkley,Senior Staff
425958,Pradeep,Duclos,Senior Staff
425959,Toshimori,Halevi,Engineer
425960,Elliott,Terkki,Senior Staff
425967,Aleksandar,Stanfel,Technique Leader
425972,Arch,Vrecion,Staff
425973,Satoru,Jeansoulin,Senior Staff
425976,Bikash,Dulay,Staff
425983,Anwar,Verhoeff,Senior Staff
425986,Rafael,Riefers,Staff
425990,Zhilian,Pell,Senior Staff
425992,Adam,Perz,Engineer
425993,Eben,Porotnikoff,Senior Staff
425994,Douadi,Baez,Senior Staff
425996,Marla,Welham,Senior Engineer
425998,Guiseppe,Brandsma,Senior Engineer
425999,Sudhanshu,Thisen,Senior Engineer
426006,Boutros,Serdy,Senior Staff
426009,Sugwoo,Shiratori,Senior Engineer
426010,Utpal,Koblitz,Senior Staff
426020,Rafail,Schaap,Engineer
426022,Goetz,Loncour,Engineer
426024,Oscal,Impagliazzo,Senior Staff
426028,Nimmagadda,Fasbender,Staff
426030,Prodip,Straney,Senior Engineer
426035,Odoardo,Vasanthakumar,Assistant Engineer
426043,Akeno,Jansch,Senior Staff
426048,Eran,Bultermann,Senior Engineer
426052,Manohar,Morrow,Senior Staff
426056,Werner,Ferriere,Staff
426058,Kristin,Sifakis,Senior Staff
426061,Mohan,Hutter,Technique Leader
426062,Shaowen,Zolotykh,Senior Staff
426068,Katsuyuki,Marsiglia,Senior Engineer
426073,Jingling,Driscoll,Senior Staff
426076,Rildo,Brodie,Senior Staff
426081,Zdislav,Cappelli,Senior Staff
426090,Weiru,Falck,Senior Staff
426091,Patricio,Raney,Senior Engineer
426092,Weijing,Delaune,Senior Engineer
426093,Yoshinari,Koshino,Staff
426098,Kaijung,Nitsche,Engineer
426099,Alair,Sherertz,Staff
426100,Zhenbing,Itzigehl,Engineer
426104,Zhenbing,Kobuchi,Senior Engineer
426111,Cordelia,Schoegge,Engineer
426112,Armond,Homond,Senior Staff
426118,Boalin,Rosaz,Staff
426119,Karsten,Herbst,Senior Staff
426120,Atilio,Hofman,Senior Staff
426121,Nikolaus,Joslin,Technique Leader
426124,Piyush,Range,Senior Engineer
426127,Martial,Waeselynck,Senior Staff
426128,Aron,Kermarrec,Engineer
426129,Nikolaus,Loncour,Senior Staff
426131,Giao,Miculan,Staff
426133,Jeanne,Roccetti,Staff
426134,Koichi,Schmittgen,Senior Engineer
426139,Aram,Scallan,Senior Engineer
426141,Kiyotoshi,Rettelbach,Senior Staff
426144,Yagil,Siksek,Engineer
426147,Arne,Viele,Staff
426152,Mansur,Laventhal,Senior Staff
426154,Fay,Schmittgen,Senior Staff
426163,Haldun,Babu,Engineer
426174,Youjian,Gips,Senior Staff
426178,Muzhong,Orlowska,Senior Staff
426182,Shuho,Malinowski,Staff
426186,Elzbieta,Peris,Staff
426187,Josyula,Mawatari,Senior Engineer
426193,Huiqun,Rattan,Senior Staff
426198,TRUE,Schwaller,Senior Staff
426205,Indrajit,Herath,Engineer
426209,Evgueni,Pelc,Senior Engineer
426211,Elrique,Naumovich,Engineer
426215,Shushma,Rajala,Senior Engineer
426218,Rosalyn,Baig,Engineer
426230,Ipke,Nannarelli,Engineer
426231,Hitomi,DuBourdieux,Staff
426233,Susanna,Sidje,Senior Engineer
426236,Gretta,Ambroszkiewicz,Senior Staff
426237,Geoff,Matzen,Technique Leader
426238,Ekawit,Pollock,Engineer
426243,Randi,Cummings,Senior Engineer
426248,Rosella,Luck,Staff
426250,Somnath,Hmelo,Engineer
426254,Jenwei,Kornyak,Senior Engineer
426256,Gregory,Binkley,Staff
426258,Ger,Kleiser,Assistant Engineer
426260,Yurii,Buescher,Staff
426263,Jungsoon,Rahier,Senior Staff
426264,Duri,Woycyznski,Senior Engineer
426267,Licheng,Beausoleil,Senior Engineer
426270,Gopalakrishnan,Sudkamp,Technique Leader
426274,Valdiodio,Pillow,Senior Engineer
426275,Froduald,Masada,Senior Engineer
426285,Giap,Capobianchi,Senior Staff
426289,Ute,Maginnis,Engineer
426290,Serenella,Slobodova,Engineer
426293,Marsha,Perz,Staff
426299,Chikako,Gulla,Senior Staff
426300,Xiadong,Claffy,Senior Engineer
426301,Vishu,Krichel,Senior Engineer
426304,Hauke,Frolund,Engineer
426305,Nitsan,Arlazarov,Staff
426309,Guangming,Junet,Senior Staff
426318,Zissis,Baak,Senior Engineer
426321,Dines,Ventosa,Senior Staff
426322,Abdulah,Farrag,Senior Engineer
426326,Kazuhiro,Bahr,Senior Engineer
426327,Aron,Norsworthy,Staff
426329,Jixiang,Morrin,Senior Engineer
426330,Mingzeng,Gimbel,Senior Staff
426332,Shih,Frijda,Senior Staff
426342,Uinam,Siepmann,Senior Engineer
426346,Ranga,Petersohn,Senior Engineer
426349,Alassane,Kaelbling,Senior Engineer
426351,Adam,Kakkar,Engineer
426352,Mandell,Feinberg,Staff
426360,Xuejia,Crouzet,Engineer
426366,Demos,Uhrig,Staff
426369,Gino,Papsdorf,Technique Leader
426370,Shugo,Kavanagh,Senior Engineer
426372,Shmuel,Jording,Senior Staff
426375,Suzette,Gerteisen,Senior Engineer
426376,Zhiguo,Mawatari,Staff
426382,Bernice,Bernardinello,Staff
426386,Filipp,Hutton,Senior Staff
426387,Filipe,Paludetto,Staff
426388,Yishai,Berstel,Staff
426389,Chuanyi,Ellozy,Engineer
426392,Urs,Perly,Senior Staff
426394,Margo,Pettit,Senior Staff
426396,Mrinalini,Bonifati,Senior Engineer
426399,Elvia,Heusch,Technique Leader
426400,Poorav,Huttel,Senior Staff
426401,Dmitri,Staelin,Senior Engineer
426405,Urs,Lorcy,Senior Engineer
426406,Irena,Ritzmann,Senior Staff
426408,Sadun,Anger,Assistant Engineer
426409,Sachin,Zaiane,Senior Engineer
426411,Renny,Kowalchuk,Senior Staff
426413,King,Benzmuller,Senior Engineer
426416,Dante,Hofting,Senior Engineer
426417,Alenka,Cardazo,Senior Staff
426425,Weidon,Sidou,Technique Leader
426428,Aloke,Bierbaum,Staff
426432,Marla,Nanard,Staff
426433,Danny,Welham,Senior Staff
426437,Isamu,Lanphier,Senior Engineer
426446,Weijing,Lung,Senior Staff
426449,Pragnesh,Waschkowski,Senior Engineer
426450,Aiman,Shackell,Senior Engineer
426451,Rosine,Lamba,Staff
426452,Valter,Khalil,Engineer
426453,Munir,Coorg,Engineer
426454,Sanjoy,Bahl,Senior Engineer
426457,Mohit,Benzaken,Senior Staff
426462,Premsyl,Paciorek,Senior Staff
426465,Radhika,Pollacia,Engineer
426466,Bikash,Andreotta,Senior Staff
426475,Cullen,Vuskovic,Senior Staff
426482,Waiman,Litzler,Senior Staff
426485,Satyanarayana,Lampe,Senior Engineer
426488,Anoosh,Brendel,Senior Staff
426489,Stepehn,Cronin,Engineer
426493,Pragnesh,Lanzelotte,Staff
426500,Gian,Hockney,Senior Engineer
426503,Janche,Herbst,Senior Engineer
426504,Ronghao,Lichtman,Senior Engineer
426505,Tommaso,Makinen,Senior Engineer
426510,Otilia,VanScheik,Senior Staff
426511,Oddvar,Polupanov,Senior Staff
426513,Shan,DuBourdieux,Engineer
426518,Marek,Turnbull,Senior Staff
426519,Kwee,Wossner,Senior Staff
426521,Denis,Akaboshi,Senior Staff
426528,Paraskevi,Basagni,Senior Staff
426529,Wayne,Zeidenstein,Senior Staff
426531,Ioana,Fujisawa,Senior Staff
426532,Palash,Zucker,Senior Staff
426533,Aleksandar,Steenbeek,Senior Staff
426542,Hein,Slaats,Senior Engineer
426544,Ortrun,Lores,Senior Engineer
426550,Zdislav,Tetzlaff,Senior Engineer
426554,Charmane,Veevers,Senior Staff
426556,Kotesh,Stanger,Staff
426560,Tremaine,Baar,Senior Engineer
426562,Boutros,Cherinka,Staff
426570,Tamiya,Koshino,Staff
426573,Hausi,Gonthier,Senior Staff
426574,Mariusz,Speckmann,Senior Staff
426576,Doohun,Kornyak,Staff
426579,Odinaldo,Anily,Senior Engineer
426583,Alexius,Chimia,Staff
426584,Niranjan,Flasterstein,Staff
426586,Uta,Camarinopoulos,Senior Staff
426589,Mana,Hofstetter,Senior Engineer
426592,Alois,Quaggetto,Senior Staff
426593,Masami,Fontan,Engineer
426595,Manton,Bolotov,Engineer
426597,Zeljko,Docker,Engineer
426598,Rance,Demizu,Senior Engineer
426606,Adhemar,Range,Senior Staff
426613,Parviz,Kruskal,Senior Engineer
426614,Elliott,Jullig,Senior Engineer
426623,Yifei,Cochrane,Senior Staff
426635,Augustine,Hashii,Engineer
426637,Willard,Kemmerer,Senior Staff
426645,Dietrich,Massonet,Engineer
426648,Masako,Vilarrasa,Senior Engineer
426650,Uzi,Lund,Senior Staff
426656,Itzchak,Pappas,Technique Leader
426662,Gino,Isaak,Senior Staff
426663,Palash,Fetvedt,Engineer
426664,Luisa,Hartvigsen,Senior Engineer
426665,Masanao,Chandrasekhar,Senior Staff
426666,Francesca,Willoner,Senior Engineer
426667,Mart,Varley,Senior Staff
426669,Arup,Blokdijk,Senior Staff
426670,Lenore,Oxenboll,Senior Engineer
426672,Hongzue,Yurov,Senior Engineer
426676,Billur,Baik,Senior Engineer
426677,Waiman,Lorie,Engineer
426679,Zita,Ranze,Engineer
426682,Przemyslawa,Ozeri,Assistant Engineer
426684,Neven,Sridhar,Senior Staff
426685,Taisook,Geffroy,Engineer
426686,Kazuhito,Lagarias,Engineer
426687,Gila,Spelt,Staff
426690,Aluzio,Klyachko,Senior Engineer
426699,Mountaz,Ratzlaff,Senior Engineer
426701,Shem,Mandelberg,Senior Engineer
426702,Gaurav,Dusink,Senior Staff
426704,Chandrasekaran,Brickell,Senior Engineer
426713,Shawna,Gomatam,Engineer
426720,Atreyi,Francisci,Senior Engineer
426723,Shmuel,Rosis,Staff
426729,Eldridge,Clemencon,Senior Engineer
426735,Dulce,Fujisaki,Staff
426736,Ortrud,Neimat,Senior Staff
426739,Chandrasekaran,Sigstam,Senior Staff
426740,Clyde,Brendel,Engineer
426742,Toshiko,Swick,Engineer
426743,Xiaoqiu,Msuda,Staff
426746,Maren,Servi,Staff
426755,Aron,Osgood,Assistant Engineer
426756,Nathalie,Kusakabe,Engineer
426758,Gift,Rouquie,Engineer
426760,Narain,Garnier,Engineer
426761,Stein,Figueira,Engineer
426772,Morris,Gunderson,Staff
426775,Munehiko,Rosaz,Engineer
426781,Reinhard,Setiz,Technique Leader
426782,Genki,Steinauer,Senior Staff
426783,Sahrah,Cyne,Senior Engineer
426786,Tesuro,Choobineh,Engineer
426787,Gro,Katiyar,Senior Engineer
426791,Alair,Irland,Senior Staff
426794,Gino,Silva,Engineer
426798,Adel,Himler,Senior Staff
426799,Hatim,Keirsey,Senior Staff
426800,Kwok,Kuhnemann,Senior Staff
426803,Lakshmi,Murthy,Senior Engineer
426804,Berni,Merle,Senior Engineer
426805,Henk,Marshall,Engineer
426807,Maik,Pramanik,Senior Engineer
426809,Jiann,Spieker,Senior Engineer
426810,Raimond,Piazza,Senior Engineer
426813,Guther,Dulli,Senior Staff
426815,Bowen,Eugenio,Staff
426817,Marlo,Deyuan,Engineer
426820,Masanao,Yemenis,Engineer
426828,Willard,Gomatam,Senior Staff
426836,Djenana,Fadgyas,Senior Staff
426837,Changho,Parhami,Senior Staff
426841,Otilia,Mondadori,Senior Engineer
426844,Yuichiro,Kaltofen,Senior Staff
426849,Dietrich,Suermann,Staff
426853,Denny,Ouhyoung,Staff
426858,Phillip,Isaac,Senior Staff
426859,Jeanne,Collavizza,Technique Leader
426863,Sajjad,Wielonsky,Senior Staff
426864,Dines,Rissanen,Senior Engineer
426865,Demos,Krohn,Senior Engineer
426866,Trygve,Masamoto,Staff
426870,Gao,Pavlopoulou,Senior Staff
426878,Valery,Akazan,Senior Engineer
426885,Oguz,Kroft,Senior Staff
426888,Lijie,Sadowsky,Senior Staff
426890,Tran,Karcich,Senior Staff
426891,Sibyl,Greenaway,Technique Leader
426893,Moon,Kornyak,Senior Engineer
426895,Xiaoshan,Francisci,Senior Engineer
426904,Yongmao,Serre,Engineer
426908,Christophe,Steenbeek,Staff
426911,Henk,Pfau,Engineer
426916,Sadun,Dredge,Senior Staff
426918,Gonzalo,Swan,Senior Staff
426922,Leucio,Cesareni,Senior Staff
426926,Khalil,Fioravanti,Senior Staff
426928,Kauko,Georgatos,Senior Staff
426934,Yannik,Papsdorf,Technique Leader
426936,Reinhold,Glowinski,Senior Engineer
426937,Utz,Peroz,Senior Engineer
426939,Mohammed,Michaeli,Senior Engineer
426947,Koichi,Chappelet,Senior Engineer
426948,Stella,Waymire,Senior Staff
426952,Susanne,Masada,Senior Engineer
426954,Radoslaw,Wilfing,Senior Staff
426963,Kwun,Cardazo,Engineer
426966,Martina,Vendrig,Staff
426971,Gro,Ellozy,Staff
426972,Kwangho,Morrin,Technique Leader
426974,Jixiang,Rohrbach,Senior Staff
426980,Dhritiman,Ushiama,Senior Staff
426982,Chuanyi,Lorch,Senior Staff
426988,Zito,Zucker,Technique Leader
426993,Matk,Luon,Engineer
426994,Zito,Nyanchama,Senior Staff
426995,Rasikan,Spelt,Senior Staff
426997,Naftaly,Chepyzhov,Staff
427000,Hercules,Kaltofen,Staff
427005,Geoffrey,Demian,Technique Leader
427006,Kenton,Kranzdorf,Engineer
427010,Mingsen,Frolund,Senior Staff
427014,Etsuo,Kandlur,Senior Engineer
427018,Rosine,Cesareni,Senior Staff
427019,Rosita,Remmers,Staff
427024,Munenori,Niizuma,Senior Staff
427028,Saddek,Bernardeschi,Senior Staff
427029,Samphel,Ramalingam,Senior Staff
427034,Amalendu,Yurov,Senior Engineer
427040,Alain,Asmuth,Senior Staff
427042,Mahmut,Czaja,Technique Leader
427050,Danny,Lieberherr,Senior Staff
427055,Toong,Rosis,Senior Engineer
427058,Weidon,Ranai,Senior Staff
427063,Juichirou,Worfolk,Senior Engineer
427069,Masanao,Luan,Technique Leader
427073,Wayne,Baby,Senior Staff
427074,Tomoyuki,Przulj,Senior Engineer
427075,Berry,Cunliffe,Engineer
427077,Fatemeh,Ranka,Senior Staff
427079,Kazuyasu,Ligten,Staff
427082,Atreyi,Remmers,Senior Engineer
427084,Mohammed,Berendt,Engineer
427086,Xiaoshan,Vecchi,Senior Engineer
427091,Udi,Cherinka,Senior Staff
427092,Munehiro,Fandrianto,Engineer
427096,Hongzhu,Wolniewicz,Engineer
427097,Eishiro,Socorro,Technique Leader
427099,George,Ratnaker,Senior Engineer
427104,Sanjiv,Solares,Senior Engineer
427109,Dmitry,Srimani,Engineer
427112,Baocai,Rathonyi,Senior Staff
427113,Susanta,Schieder,Engineer
427114,Akeel,Gustavson,Senior Staff
427120,Taegyun,Terlouw,Senior Engineer
427121,Jianhao,Bolsens,Senior Engineer
427122,Uli,Ladret,Staff
427125,Rosli,Kornyak,Senior Staff
427126,Remko,Serra,Senior Staff
427131,Susumu,Gaughan,Staff
427133,Kasturi,Honglei,Staff
427138,Bernd,Vidya,Senior Staff
427140,Jaideep,Jeong,Senior Staff
427141,Utpal,Rodite,Engineer
427151,Juichirou,Attimonelli,Senior Staff
427152,Arunachalam,Lung,Staff
427156,Kwun,Herbst,Staff
427157,Faiza,Werthner,Senior Staff
427159,Adib,Zockler,Technique Leader
427165,Toong,Radhakrishnan,Senior Engineer
427167,Kazuhito,Chachaty,Senior Staff
427168,Tommaso,Carrere,Senior Engineer
427171,Nigel,Rodham,Senior Staff
427176,Khue,Seuren,Senior Engineer
427177,Moto,Rosch,Senior Engineer
427180,Itzchak,Kitsuregawa,Senior Staff
427182,Moti,Petereit,Senior Staff
427183,Tua,Puoti,Senior Staff
427186,Feixiong,Vieth,Senior Engineer
427188,Sedat,Farrel,Senior Staff
427194,Tetsurou,Tsukuda,Senior Engineer
427200,Uno,Demos,Staff
427202,Rutger,Waeselynck,Engineer
427205,Heon,Magalhaes,Engineer
427208,Lillian,McConalogue,Assistant Engineer
427212,Nitsan,Dulin,Senior Staff
427218,Make,Birdsall,Senior Engineer
427219,Chenyi,Iisaka,Senior Staff
427220,Kankanahalli,Unno,Engineer
427224,Weiyi,Merli,Senior Engineer
427237,Zhigen,Pagter,Senior Staff
427244,Toshiko,Chenoweth,Senior Engineer
427247,Jianhao,Comte,Staff
427248,Sverrir,Schapire,Senior Engineer
427253,Georg,Kading,Senior Engineer
427260,Jianhao,Cooke,Senior Engineer
427261,Faiza,Beutelspacher,Engineer
427262,Dekang,Birge,Senior Staff
427263,Weiyi,Pramanik,Senior Staff
427264,Gen,Pocchiola,Senior Engineer
427269,Mark,Ginesta,Senior Engineer
427272,Sampalli,Busillo,Senior Engineer
427274,Xiaobin,Stellhorn,Staff
427276,Lidong,Zultner,Senior Staff
427278,Serap,Kobuchi,Staff
427280,Yurii,Waeselynck,Senior Staff
427283,Zhensheng,Foong,Engineer
427284,Takushi,Farrar,Engineer
427288,Kellyn,Murtagh,Senior Staff
427292,Arra,Ishibashi,Engineer
427296,Patricia,Marletta,Assistant Engineer
427298,Saniya,Serra,Senior Staff
427299,Marl,Vadhan,Engineer
427302,Zhigen,Silva,Engineer
427308,Nikolaos,Wolniewicz,Engineer
427314,Valeska,Rando,Senior Engineer
427316,Abdelwaheb,Breugel,Senior Staff
427319,Yuuichi,Deyuan,Technique Leader
427321,Arra,Hutton,Senior Engineer
427328,Yuuichi,Shimshoni,Technique Leader
427335,Duke,Ghemri,Senior Staff
427336,Ipke,Coney,Senior Staff
427346,Denis,Kropf,Senior Staff
427348,Chinhyun,Cronin,Senior Staff
427349,Ung,Lakshmanan,Senior Staff
427354,Bernt,Collavizza,Senior Engineer
427356,Tua,Clouatre,Engineer
427357,Alejandra,Felcyn,Senior Staff
427362,Chrisa,Melton,Senior Engineer
427363,Hsiangchu,Narahara,Engineer
427368,Marc,Glinert,Senior Engineer
427369,Kolar,Staelin,Staff
427370,Chinho,Slobodova,Senior Staff
427371,Emdad,Ballarin,Senior Engineer
427372,Achilleas,Angel,Engineer
427381,Lena,Pepe,Senior Staff
427383,Oddvar,Jullig,Senior Engineer
427384,Venkatesan,Kawashimo,Engineer
427385,Demin,Schwartzburd,Staff
427386,Lenore,Cronin,Senior Engineer
427392,Mark,Schwartzburd,Senior Engineer
427395,Leucio,Genther,Senior Staff
427398,Eberhardt,Eiron,Senior Staff
427399,Mario,McClurg,Engineer
427403,Aiman,Standera,Senior Staff
427407,Cullen,Hashii,Senior Engineer
427411,Zhonghui,Karcich,Senior Staff
427413,Kokou,Rusmann,Senior Staff
427417,Maik,Bhattacharjee,Senior Engineer
427418,Rayond,Baja,Staff
427419,Gian,Kinley,Engineer
427422,Tru,Msuda,Engineer
427425,Macha,Czaja,Senior Staff
427426,Vasilii,Dulin,Senior Staff
427427,Quingbo,Hanratty,Senior Engineer
427430,Maia,Porotnikoff,Senior Engineer
427439,Geraldo,Syrotiuk,Senior Engineer
427444,Arfst,Ventosa,Engineer
427449,Reuven,Hockney,Senior Engineer
427450,Anneli,Parfitt,Senior Engineer
427453,Jaewoo,Itzfeldt,Senior Engineer
427456,Arno,Harllee,Senior Engineer
427457,Parke,Harllee,Staff
427460,Rosella,Krichel,Engineer
427462,Mara,Barinka,Staff
427464,Nahid,Bale,Staff
427465,Uri,Huhdanpaa,Staff
427472,Kristina,Pfau,Senior Staff
427474,Pintsang,Aloia,Engineer
427486,Nitsan,Esteva,Staff
427488,Bingning,Norsworthy,Senior Staff
427491,Yinlin,Candan,Technique Leader
427492,Kousuke,Seiwald,Senior Engineer
427493,Selwyn,Dengi,Technique Leader
427498,Taisook,Foong,Staff
427503,Goetz,Kushner,Senior Engineer
427504,Janalee,Pauthner,Technique Leader
427505,Szabolcs,Dengi,Staff
427510,Deniz,Magliocco,Senior Staff
427513,Tsvetan,Gils,Staff
427520,Harngdar,Fortenbacher,Senior Engineer
427523,Mansur,Azumi,Senior Staff
427527,Shridhar,Sidje,Senior Staff
427529,Magy,Feldmann,Senior Staff
427534,Fox,Scharstein,Engineer
427537,Masami,Maraist,Senior Engineer
427539,Divine,Ebeling,Staff
427543,Pantung,Snedden,Engineer
427544,Kristin,Kalsbeek,Staff
427547,Roselyn,Bahi,Staff
427549,Tetsurou,Sifakis,Engineer
427552,Toshiki,Standera,Engineer
427554,Froduald,Francisci,Senior Staff
427556,Turgut,Brlek,Senior Engineer
427559,Remko,Harllee,Senior Engineer
427560,Mary,Burnard,Senior Engineer
427561,Mona,Henders,Senior Engineer
427569,Kagan,Hebert,Senior Staff
427572,Danae,Lambe,Staff
427573,Arco,Hooghiemstra,Senior Engineer
427574,Tristan,Zumaque,Engineer
427578,Pranas,Janetzko,Staff
427580,Uriel,Peac,Staff
427582,Lenore,Mansanne,Senior Engineer
427585,Monique,Argence,Engineer
427586,Danny,Kaiser,Senior Staff
427590,Kotesh,Manderick,Senior Engineer
427595,Noritoshi,Leijenhorst,Senior Engineer
427598,Quingbo,Czaja,Staff
427599,Kiam,Pashtan,Senior Staff
427613,Guttorm,Karunanithi,Senior Staff
427617,Rasiah,Kampfer,Senior Engineer
427620,Kousuke,Stentiford,Senior Engineer
427621,Ziya,Hofman,Senior Engineer
427622,Yunming,Peyn,Staff
427623,Shaunak,Itschner,Senior Staff
427629,Uli,Pezzoli,Engineer
427632,Gianluca,Ritzmann,Senior Engineer
427633,Denny,Limongiello,Engineer
427638,Tetsushi,Wuwongse,Technique Leader
427640,Jeanna,Chenoweth,Senior Engineer
427641,Mary,Lamparter,Senior Staff
427642,Richard,Boreale,Engineer
427644,Duangkaew,Goodrum,Senior Engineer
427645,Nalini,Jording,Technique Leader
427648,Weiye,Lunn,Senior Engineer
427650,Maya,Luck,Senior Engineer
427652,Heon,Wrigley,Senior Staff
427655,Doohun,Lamma,Technique Leader
427656,Xianlong,Bernatsky,Senior Staff
427658,Uriel,Foong,Senior Engineer
427660,Mayuko,Gils,Senior Staff
427664,Toshimo,Maccarone,Engineer
427665,Barry,Koshiba,Senior Engineer
427670,Dmitri,Setia,Staff
427680,Souichi,Underwood,Staff
427682,Boalin,Birta,Senior Staff
427683,Odysseas,Narwekar,Senior Engineer
427685,Jianhui,Petersohn,Engineer
427686,Sangeeta,Asser,Technique Leader
427687,Itzchak,Parveen,Assistant Engineer
427689,Elliott,Luit,Engineer
427693,Weiyi,Whitcomb,Senior Engineer
427695,Shalesh,Zeilberger,Senior Staff
427697,DeForest,Juneja,Senior Engineer
427698,Siddarth,Schapire,Senior Staff
427703,Hyuckchul,Loncour,Senior Engineer
427704,Atreyi,Lundstrom,Engineer
427709,Tsutomu,Candan,Staff
427710,Morris,Kavvadias,Staff
427713,Shigehito,Gronowski,Senior Engineer
427716,Masanao,Yurov,Senior Engineer
427717,Hironoby,Siprelle,Senior Engineer
427722,Vishwani,Crooks,Engineer
427723,Masasuke,Candan,Staff
427724,Steve,Khalid,Senior Staff
427726,Junichi,Sidhu,Senior Staff
427727,Ramzi,Melichar,Engineer
427732,Janalee,Pena,Technique Leader
427740,Adin,Felcyn,Senior Engineer
427741,Arra,Grandbois,Engineer
427742,Yongdong,Demke,Senior Staff
427744,Magy,Lunt,Senior Engineer
427746,Wanqing,Smeets,Senior Staff
427747,Chaosheng,Schlumberger,Senior Engineer
427749,Basant,Valtorta,Senior Staff
427752,Denny,Beeson,Engineer
427764,Shichao,Birdsall,Senior Staff
427768,Maya,Peha,Senior Staff
427769,Sreenivas,Rettelbach,Engineer
427771,Sanjai,Heuser,Senior Staff
427773,Sukumar,Gyorkos,Staff
427779,Idoia,Cardazo,Senior Staff
427780,Khue,Montresor,Senior Staff
427783,Gennady,Alameldin,Senior Staff
427786,Jiong,Ozery,Senior Staff
427791,Xiaopeng,Laurillard,Senior Staff
427795,Adam,Hofting,Senior Staff
427797,Elvis,Biran,Senior Engineer
427798,Djenana,Mullainathan,Senior Staff
427799,Aron,Gonthier,Senior Engineer
427800,Mori,Frolund,Engineer
427801,Christoper,Plump,Senior Engineer
427809,Dines,Giveon,Engineer
427814,Collette,Heystek,Engineer
427816,Mary,Speek,Assistant Engineer
427817,Vishv,Kading,Senior Engineer
427819,Shigehiro,Rohrbach,Engineer
427825,DAIDA,Llado,Engineer
427828,Tristan,Restivo,Technique Leader
427832,Yuichiro,Azadmanesh,Senior Staff
427833,Arun,Waymire,Senior Engineer
427836,Zhonghua,Khasidashvili,Senior Engineer
427841,Shaz,Schaad,Senior Staff
427842,Shirish,Gyimothy,Senior Staff
427845,Franziska,Murillo,Engineer
427848,Mikhail,Hutton,Senior Engineer
427849,Mayuri,Rindone,Senior Staff
427853,Sanjay,Bisiani,Engineer
427854,Marl,Msuda,Engineer
427856,Atreye,Kalafatis,Staff
427857,Huiqun,Kugler,Senior Engineer
427859,Berry,Trystram,Engineer
427860,Kiyokazu,Mondadori,Senior Staff
427862,Guoxiang,Valtorta,Senior Staff
427865,Ishfaq,Cyne,Engineer
427866,Vivian,Mahnke,Staff
427867,Gill,Morrow,Senior Engineer
427869,Marjo,Rubsam,Senior Staff
427872,Honesty,Bernatsky,Senior Engineer
427874,Zhiwei,Eiron,Senior Staff
427878,Toshimi,Beausoleil,Senior Staff
427879,Sashi,Rassart,Senior Staff
427883,Boriana,Vecchi,Senior Engineer
427884,Fai,Lundstrom,Engineer
427890,Aram,Rosin,Senior Engineer
427893,Martina,Lagarias,Engineer
427897,Kristina,Angot,Engineer
427899,Angus,Mitzlaff,Engineer
427900,Tse,Dredge,Senior Engineer
427902,Tamiya,Rosen,Senior Staff
427905,Chaitali,Birdsall,Senior Engineer
427913,Ute,Backhouse,Senior Staff
427916,Masaru,Kroha,Staff
427918,Billie,Llado,Senior Engineer
427924,Brendon,Msuda,Senior Staff
427925,Saniya,Delgrossi,Engineer
427932,Takahiro,dAstous,Senior Engineer
427933,Gladys,Engelmann,Staff
427934,Jayesh,Pelz,Engineer
427935,Xiaoshan,Jonsson,Senior Engineer
427936,Fay,Weisert,Staff
427937,Eishiro,Hitomi,Senior Engineer
427940,Jaewon,Molenaar,Senior Staff
427948,Uriel,Khalil,Engineer
427950,Yongmao,Quaggetto,Engineer
427954,Paloma,Kilgour,Engineer
427955,Dzung,Babb,Engineer
427959,Alassane,Ritzmann,Senior Engineer
427961,Serif,Karlin,Engineer
427964,Persi,Rosen,Senior Engineer
427966,Kazuhiro,Luft,Senior Engineer
427970,Prodip,Matteis,Engineer
427974,Atreye,Kemmerer,Staff
427975,Lucian,Biran,Senior Engineer
427976,Sanjit,Merey,Technique Leader
427977,Marit,Openshaw,Senior Staff
427979,Alselm,Serot,Senior Staff
427988,Martial,Barvinok,Senior Staff
427999,Steve,Serdy,Senior Staff
428003,Shirish,Yamaashi,Senior Engineer
428004,Weiye,Prenel,Senior Staff
428005,Torsten,Byoun,Senior Staff
428006,Mohamadou,Katiyar,Engineer
428012,Tuval,Merlo,Staff
428018,Vasilii,Rosti,Staff
428019,Kotesh,Genther,Engineer
428020,Toshimitsu,Tiemann,Senior Staff
428028,Lenore,Driscoll,Senior Engineer
428029,Toshiko,Narlikar,Staff
428033,Temple,Duclos,Senior Engineer
428040,Rasiah,Deyuan,Engineer
428042,Feixiong,Wegerle,Senior Engineer
428044,Abdelwaheb,Sommen,Senior Staff
428049,Souichi,Aumann,Technique Leader
428052,Aksel,Peroz,Senior Engineer
428053,Anyuan,Gilg,Senior Staff
428059,Cullen,Lunt,Senior Engineer
428062,Shirish,Byoun,Senior Staff
428064,Brigham,Larfeldt,Staff
428067,Arch,Lakshmanan,Engineer
428069,Moie,Alblas,Senior Staff
428073,Lech,Improta,Staff
428080,Moon,Nilsson,Senior Staff
428084,Yuping,Leijenhorst,Staff
428086,Boguslaw,Danecki,Senior Staff
428095,Navin,Bashian,Senior Engineer
428098,Erez,Unno,Senior Engineer
428103,Takanari,Khasidashvili,Senior Engineer
428104,Danco,Lalonde,Senior Staff
428105,Nakhoon,Suessmith,Staff
428108,Hinrich,Gniady,Senior Engineer
428122,Tooru,Georgatos,Senior Engineer
428123,Hironoby,Hofstetter,Staff
428125,Sadun,Zielinski,Staff
428126,Willard,Duclos,Senior Engineer
428127,Sorina,Flexer,Staff
428129,Rajmohan,Motley,Engineer
428134,Sadok,McDermid,Senior Staff
428135,Insup,Diderrich,Engineer
428140,Shir,Hennings,Staff
428151,Achilleas,Knightly,Staff
428153,Syozo,Koshiba,Senior Engineer
428156,Salvador,Dolinsky,Senior Staff
428157,JoAnna,Vrecion,Senior Engineer
428158,Masato,Horswill,Senior Staff
428164,Mohan,Molberg,Engineer
428166,Tzvetan,Mahnke,Technique Leader
428167,Udaiprakash,Beeson,Senior Staff
428170,Koichi,Kalefeld,Senior Engineer
428172,Genevieve,Murthy,Technique Leader
428175,Shin,Kumaresan,Senior Engineer
428178,Niclas,Peron,Senior Engineer
428180,Wilmer,Lindqvist,Senior Engineer
428183,Richard,Demri,Staff
428189,Mats,Noriega,Senior Engineer
428197,Malu,Billawala,Engineer
428198,Behnaam,Thibadeau,Senior Staff
428201,Chikako,Penz,Engineer
428203,Yifei,Peir,Senior Staff
428204,Sanjai,Delgrande,Senior Engineer
428207,Taizo,Beausoleil,Senior Staff
428212,Frederique,Schneeberger,Engineer
428213,Nahid,Rahimi,Engineer
428215,Mohan,Munawer,Engineer
428216,Olivera,Anandan,Senior Staff
428224,Michaela,Pollacia,Senior Staff
428232,Chanjung,Bazelow,Staff
428233,Xiaoqiu,Birke,Staff
428237,Itzchak,Passafiume,Senior Engineer
428241,Werner,Nergos,Senior Staff
428242,Shuichi,Choobineh,Staff
428243,Leif,Ghazalie,Senior Engineer
428244,Serenella,Mukaidono,Senior Staff
428245,Macha,Christianini,Senior Engineer
428246,Jaihie,Koshiba,Senior Staff
428256,Hideyuki,Trelles,Technique Leader
428257,Manohar,Swiler,Senior Staff
428260,Leszek,Binding,Senior Engineer
428261,Zhonghua,Georgatos,Staff
428265,Shuichi,Jahnichen,Engineer
428266,Fumiko,Junot,Senior Engineer
428267,Saeko,Rubsam,Senior Staff
428273,Shaleah,Thorensen,Senior Engineer
428279,Janalee,DuBourdieux,Staff
428282,Yifei,Ranon,Senior Staff
428293,Wanqing,Jarecki,Senior Staff
428298,Herb,Driscoll,Engineer
428299,Aimee,Detkin,Senior Engineer
428303,LiMin,Keohane,Staff
428313,Along,Terlouw,Senior Engineer
428314,Mario,Plotkin,Senior Engineer
428315,Mariusz,Birsak,Technique Leader
428318,Serenella,Sigstam,Staff
428320,Macha,Lorin,Assistant Engineer
428332,Nikolaus,Nyanchama,Senior Staff
428337,Aris,Silva,Assistant Engineer
428344,Fumitake,Stanger,Staff
428348,Khoa,Antonisse,Staff
428361,Qunsheng,Kamble,Senior Engineer
428363,Georg,Pettis,Senior Staff
428364,Arun,Georgatos,Senior Staff
428367,Elrique,Templeman,Senior Staff
428370,Dzung,Kropatsch,Senior Engineer
428372,Licheng,Neimat,Senior Engineer
428374,Oscal,Merel,Senior Engineer
428376,Shahaf,Ambroszkiewicz,Senior Staff
428381,Utz,Glowinski,Senior Engineer
428382,Stepehn,Baba,Senior Engineer
428387,Jaques,Pleszkun,Technique Leader
428392,Marko,Katzenelson,Senior Engineer
428394,Jessie,Menyhert,Senior Engineer
428397,Jeane,Khasidashvili,Senior Engineer
428402,Stein,Remmele,Staff
428412,Nalini,Carrere,Senior Engineer
428416,Narain,Murtha,Senior Staff
428417,Kendra,Reutenauer,Senior Staff
428419,Gila,Cichocki,Senior Engineer
428421,Arne,Shanbhogue,Senior Staff
428426,Prasadram,Bisiani,Staff
428433,Niteen,Strooper,Senior Engineer
428435,Parto,Itschner,Senior Engineer
428442,Margareta,Pavlopoulou,Senior Staff
428447,Palash,Gulak,Technique Leader
428453,Tuval,Boreale,Senior Staff
428459,Khoa,Pietrzykowski,Senior Staff
428460,Ramachenga,Decaestecker,Senior Staff
428461,Xiahua,Kornyak,Engineer
428465,Goetz,Journel,Senior Engineer
428466,Jianhua,Olano,Senior Staff
428468,Danny,Mamelak,Senior Staff
428472,Radoslaw,Azevdeo,Senior Staff
428474,Bluma,Kropf,Engineer
428476,Zvonko,Jakobus,Senior Engineer
428478,Gay,Auria,Senior Staff
428483,Marie,Murtha,Senior Staff
428489,Dulce,Cronin,Senior Staff
428491,Dinkar,Gornas,Engineer
428492,Danny,Schneeberger,Senior Engineer
428504,Jacopo,Montresor,Senior Engineer
428505,Niranjan,Giveon,Senior Staff
428506,Qiwen,Conte,Senior Staff
428507,Christophe,Luca,Senior Staff
428513,Uta,Luan,Senior Staff
428515,Itzchak,Honglei,Engineer
428516,Shaw,Barvinok,Senior Staff
428518,Miquel,Beetstra,Technique Leader
428519,Moti,Soloway,Senior Engineer
428523,Arvind,Ranft,Senior Engineer
428524,Shim,Barvinok,Senior Engineer
428528,Vishv,Leivant,Senior Engineer
428536,Lein,Merey,Technique Leader
428537,Fumitaka,Vecchi,Senior Staff
428543,Ziva,Serna,Senior Engineer
428551,Lucien,Back,Engineer
428552,Shigeaki,Berendt,Staff
428555,Rosli,Zedlitz,Engineer
428558,Kankanahalli,Keohane,Senior Engineer
428560,Francesca,Camarinopoulos,Staff
428561,Tru,Lupu,Senior Staff
428564,Indrajit,Chinen,Senior Engineer
428565,Huican,Mondadori,Senior Staff
428569,Aimee,Pollacia,Senior Staff
428571,Diederik,Leaver,Engineer
428575,Margo,Teitelbaum,Senior Staff
428580,Theron,Panienski,Technique Leader
428582,Vugranam,Uhrig,Senior Staff
428583,Ymte,Eastman,Senior Staff
428585,Sanjeeva,Selvestrel,Senior Staff
428592,Noritoshi,Diderrich,Senior Engineer
428593,Gita,Ozeki,Technique Leader
428594,Breannda,Aamodt,Senior Staff
428601,Chrisa,Biron,Engineer
428620,Yinghua,Demian,Senior Engineer
428621,Gro,Thebaut,Senior Staff
428625,Mohammad,Savasere,Senior Staff
428630,Jenwei,Orsini,Senior Staff
428631,Christ,Penn,Senior Engineer
428638,Margo,Crouzet,Engineer
428641,Keiichiro,Acton,Engineer
428645,Nadjib,Dechter,Staff
428646,Yefim,Radwan,Senior Staff
428649,Halsur,Raoux,Engineer
428650,Dharmaraja,Siepmann,Engineer
428653,Barton,Facello,Senior Staff
428654,Snehasis,Lienhardt,Senior Engineer
428657,Leon,Braunschweig,Engineer
428664,Gao,Petersohn,Staff
428666,Hisao,Chappelet,Senior Staff
428668,Erez,Farrow,Senior Staff
428672,Abdelaziz,Swiss,Senior Engineer
428675,Mountaz,Erol,Senior Staff
428678,Tomokazu,Kilgore,Senior Engineer
428682,Bojan,Halloran,Staff
428685,Fuqing,Roohalamini,Senior Staff
428686,Leaf,Denti,Engineer
428688,Alagu,Deville,Senior Staff
428692,Tse,Versino,Senior Engineer
428695,Luerbio,Harbusch,Engineer
428696,Maik,Rullman,Senior Engineer
428705,Tommaso,Adachi,Senior Engineer
428706,Hugh,Halloran,Senior Engineer
428708,Sachin,Pappas,Senior Staff
428709,Izaskun,Fandrianto,Engineer
428715,Kerhong,Pappas,Senior Engineer
428721,Gianluca,Vingron,Staff
428723,Huan,Koyama,Engineer
428725,Tonny,Berendt,Engineer
428726,Mechthild,Cesareni,Senior Engineer
428729,Lucian,Gopalakrishnan,Technique Leader
428732,Adamantios,Malabarba,Senior Engineer
428740,Jordanka,Servieres,Engineer
428742,Rasiah,Denny,Technique Leader
428748,Aran,Garrabrants,Senior Engineer
428754,Xinyu,Luck,Technique Leader
428761,Ayakannu,Biran,Senior Staff
428762,Chuanti,Berztiss,Senior Staff
428771,Shaunak,Gruenwald,Staff
428780,Waiman,Borovoy,Senior Engineer
428790,Junsik,Schach,Senior Staff
428792,Martial,Benveniste,Staff
428794,Krister,Comellas,Senior Staff
428795,Sachar,Curless,Engineer
428797,Zongyan,Compeau,Senior Staff
428798,Doohun,Sommer,Senior Engineer
428809,Gererd,Leijenhorst,Senior Staff
428810,Mani,Lowrie,Senior Staff
428820,Rimon,Bala,Assistant Engineer
428821,Gennady,Kropatsch,Senior Staff
428823,Gianluca,Dengi,Senior Staff
428825,Vishu,Pollacia,Staff
428826,Deniz,Miake,Senior Staff
428833,Weiwu,Wursthorn,Senior Engineer
428836,Weiru,Hennings,Senior Engineer
428837,Alois,Bojadziev,Senior Staff
428839,Matt,Arlazarov,Senior Engineer
428841,Petter,Staelin,Engineer
428842,Gennadi,Munch,Engineer
428851,Bilhanan,Berendt,Senior Engineer
428858,Tua,Lieblein,Senior Staff
428860,Mizuhito,Joslin,Senior Engineer
428865,Kotesh,Morrow,Senior Engineer
428869,Remko,Berztiss,Staff
428870,Przemyslawa,Mandell,Senior Engineer
428878,Yannis,Syrotiuk,Senior Engineer
428887,Yefim,Marzano,Staff
428888,Yakichi,Polupanov,Senior Engineer
428889,Perry,Brizzi,Engineer
428894,Huiqun,Sommen,Staff
428897,Randy,Emmart,Senior Staff
428902,Guozhong,Hempstead,Senior Engineer
428907,Trygve,Masaki,Senior Staff
428914,Maha,Bernini,Senior Engineer
428915,Nikolaus,Granlund,Senior Engineer
428916,Maris,Leivant,Senior Engineer
428921,Conal,Gien,Senior Staff
428923,Xiaoqiu,Hasenauer,Senior Engineer
428925,Hidekazu,Gubsky,Technique Leader
428926,Odoardo,Merle,Senior Staff
428929,Tesuro,Chinen,Senior Staff
428930,Herb,Pelc,Senior Staff
428933,Arup,Luke,Staff
428934,Juichirou,Rahier,Engineer
428937,Sudhanshu,Chappelet,Technique Leader
428940,Branimir,Decaestecker,Senior Engineer
428945,Sorina,Guting,Assistant Engineer
428951,Shigeaki,Angot,Senior Engineer
428953,Peer,Sichman,Senior Staff
428955,Kenroku,Randt,Senior Staff
428958,Huei,Rijckaert,Senior Staff
428959,DeForest,Prenel,Senior Staff
428961,Satoru,Vakili,Assistant Engineer
428969,Gil,Raoux,Senior Staff
428975,Toshimi,Validov,Senior Staff
428976,Harjit,Busillo,Senior Engineer
428978,Alair,Staudhammer,Staff
429008,Abdelwaheb,Rajala,Engineer
429010,Danco,Ramras,Senior Engineer
429013,Maren,Toyoshima,Engineer
429017,Sreenivas,Pettis,Staff
429020,Zorica,Iisaka,Senior Staff
429025,Alain,Kambil,Senior Engineer
429028,Ibibia,Seiwald,Staff
429035,Steve,Luef,Staff
429038,Beshir,Pauthner,Senior Engineer
429043,Heather,Neimat,Senior Engineer
429045,Pasqua,Dolinsky,Senior Engineer
429050,Brewster,Stroustrup,Senior Engineer
429051,Mihalis,Schiettecatte,Senior Engineer
429055,Masoud,Radivojevic,Senior Staff
429056,Eirik,Gils,Senior Staff
429059,Jinya,Saoudi,Engineer
429060,Mabry,Garrabrants,Senior Staff
429067,Kwan,Morrow,Senior Staff
429069,Berthier,Montresor,Senior Staff
429070,Kayoko,Vrecion,Senior Engineer
429071,Domenico,Baik,Technique Leader
429072,Fumiya,Poujol,Assistant Engineer
429078,Matk,Bahi,Staff
429079,Magdalena,Breugel,Staff
429082,Slavian,Hebden,Senior Staff
429086,Danil,McClurg,Senior Engineer
429100,Alois,Krupka,Senior Staff
429105,Lunjin,Denna,Senior Engineer
429106,Shuky,Badr,Senior Staff
429109,Basim,Glinert,Staff
429110,Isamu,Argence,Senior Staff
429115,Valery,Halevi,Senior Engineer
429120,Tsuneo,Passafiume,Senior Staff
429121,Nevio,Azuma,Senior Engineer
429122,Shigenori,McDermid,Senior Staff
429127,Sergi,Benzaken,Engineer
429128,Uno,Range,Staff
429130,Franziska,Zlotek,Engineer
429131,Shimshon,Rahimi,Staff
429135,Snehasis,Luke,Senior Engineer
429136,Emdad,Walston,Staff
429137,Krister,Kroft,Senior Engineer
429138,Kellyn,Ranum,Senior Staff
429144,Anyuan,Merks,Senior Staff
429147,Fuqing,Stanger,Senior Staff
429149,Bernt,Kushnir,Staff
429152,Sadun,Heijenga,Engineer
429158,Sadegh,Mahnke,Senior Engineer
429160,Barna,Heering,Engineer
429162,Boriana,Morrin,Staff
429163,Luise,Plotkin,Senior Engineer
429164,Duro,Wendorf,Staff
429167,Marke,Coorg,Senior Engineer
429172,Macha,Schaar,Staff
429183,Masako,Zielinski,Engineer
429188,Vesna,Passafiume,Senior Staff
429189,Sumant,Bressoud,Staff
429192,Heon,Marzano,Senior Staff
429193,Rayond,Benzmuller,Engineer
429194,Bingning,Scharstein,Senior Engineer
429201,Khue,Scharstein,Senior Staff
429211,Abdelghani,Tchuente,Senior Engineer
429213,Mingzeng,Matzat,Engineer
429219,Fabrizio,Katalagarianos,Senior Engineer
429220,Divine,Glinert,Senior Engineer
429221,Alain,Zykh,Technique Leader
429222,Boriana,Schmiedel,Senior Engineer
429230,Lalit,Bierbaum,Senior Staff
429235,Mohamadou,Heping,Engineer
429242,Arlette,Vandervoorde,Senior Engineer
429254,Giordano,Liedekerke,Senior Engineer
429256,Roselyn,Michaeli,Staff
429260,Byong,Guardalben,Senior Staff
429272,DeForest,Benantar,Senior Engineer
429273,Jaroslava,Lund,Senior Staff
429275,Garnik,Caine,Senior Staff
429276,Juyoung,Seghrouchni,Engineer
429279,Val,Biros,Senior Staff
429294,Weijing,Salinas,Senior Engineer
429296,Ebbe,Griswold,Senior Staff
429297,Becky,Acton,Senior Staff
429298,Pranay,Hiyoshi,Senior Engineer
429307,Mohan,Uchoa,Engineer
429310,Jeanna,Broomell,Senior Staff
429314,Shugo,Pargas,Engineer
429315,Khatoun,Wixon,Senior Staff
429319,Mitsuyuki,Falco,Senior Staff
429321,Lihong,Matzel,Technique Leader
429322,Sashi,Orlowska,Senior Engineer
429330,Hisao,Garnick,Engineer
429336,Tuval,Schapiro,Senior Staff
429339,Vishv,Peyn,Staff
429350,Heng,Iivonen,Senior Engineer
429359,Guangming,Gronowski,Senior Staff
429361,Heather,Barinka,Senior Engineer
429367,Kiyomitsu,Schlenzig,Senior Staff
429369,Yifei,Luit,Senior Engineer
429379,Tsutomu,Danecki,Senior Staff
429382,Domenico,Schwabacher,Staff
429383,Kellyn,Krogh,Senior Engineer
429384,Jayson,Schneeberger,Staff
429393,Premal,Dehkordi,Senior Staff
429394,Basim,Nanard,Senior Engineer
429396,Ung,Peyn,Engineer
429399,Chriss,Iivonen,Senior Staff
429400,Pradeep,Pollock,Technique Leader
429404,Lillian,Tischendorf,Senior Staff
429411,Pramod,Flowers,Senior Engineer
429412,Chriss,Pietrzykowski,Engineer
429414,Zongyan,Mahmud,Senior Staff
429417,Morris,Valette,Senior Engineer
429418,Supot,Kobuchi,Engineer
429422,Odinaldo,Janetzko,Senior Engineer
429423,Mabhin,Servi,Senior Staff
429425,Duke,Nanard,Senior Engineer
429427,Tsuneo,Carrere,Senior Engineer
429430,Vesna,Engelmann,Engineer
429431,Huiqun,Reutenauer,Engineer
429432,Froduald,Bugaenko,Staff
429434,Rutger,Sundgren,Staff
429435,Fay,Perin,Senior Staff
429438,Valery,Condotta,Senior Engineer
429443,Martial,Terekhov,Senior Engineer
429444,Peternela,Garigliano,Senior Engineer
429446,Otmar,Bamford,Senior Engineer
429458,Arie,Menhoudj,Senior Engineer
429462,Munehiko,Thambidurai,Engineer
429466,Shuichi,Guting,Engineer
429467,Kinh,Mitzlaff,Senior Staff
429468,Ennio,Walston,Senior Staff
429469,Elgin,Kowalchuk,Senior Engineer
429476,Pragnesh,Ossenbruggen,Senior Staff
429479,Miomir,Tetzlaff,Staff
429487,Reuven,Waymire,Senior Engineer
429488,Sadegh,Fordan,Staff
429492,Kensyu,Jonsson,Staff
429493,Adib,Motley,Senior Engineer
429494,Ipke,Puppe,Engineer
429496,Oddvar,Tokunaga,Senior Staff
429499,Shin,Tsukune,Senior Engineer
429507,Tsutomu,Kugler,Senior Staff
429509,Moss,Vickson,Senior Staff
429512,Fusako,Matzen,Senior Engineer
429514,Alair,Merkl,Senior Staff
429515,Peer,Skafidas,Senior Staff
429516,Malu,Plessier,Senior Staff
429518,Tomokazu,Poujol,Senior Staff
429524,Bernardo,Schapiro,Senior Engineer
429535,Hauke,Fetvedt,Technique Leader
429545,Atreye,Lubachevsky,Senior Engineer
429547,Branimir,Sankaranarayanan,Senior Engineer
429549,Eben,Selenyi,Senior Engineer
429556,Conrado,McAffer,Senior Engineer
429559,Guoxiang,Guting,Engineer
429564,JoAnne,Pulkowski,Technique Leader
429566,Utz,Ranta,Engineer
429568,Thanasis,Huxford,Staff
429570,Holgard,Anido,Senior Staff
429573,Samphel,Castellani,Senior Staff
429578,Shai,Parhami,Senior Staff
429579,Yifei,Kriebel,Engineer
429596,Xiahua,Zyda,Engineer
429600,Deniz,Mawatari,Technique Leader
429601,Stafford,Driscoll,Senior Staff
429604,Sashi,Plessier,Senior Engineer
429606,Inderjeet,Zeidenstein,Senior Engineer
429610,Taiji,Schapiro,Senior Engineer
429612,Tomokazu,Rosen,Senior Engineer
429617,Chriss,Joslin,Senior Engineer
429625,Evgueni,Hopewell,Senior Engineer
429627,Zhonghui,Rassart,Engineer
429628,Arunachalam,Perelgut,Senior Engineer
429629,Deborah,Vickson,Engineer
429631,Suebskul,Barvinok,Senior Engineer
429633,Kiyokazu,Masand,Staff
429634,Lidong,Azevdeo,Senior Staff
429635,Poorav,Auyong,Senior Staff
429642,Kagan,Slutz,Engineer
429644,Dayanand,Papadias,Engineer
429646,Cordelia,Fiutem,Staff
429648,Pranjal,Gaughan,Senior Staff
429649,Lijie,Krone,Senior Engineer
429650,Brewster,Loncour,Staff
429652,Woody,Denna,Engineer
429654,Shugo,Ponthieu,Staff
429656,Golgen,Gniady,Senior Staff
429659,Jongsuk,Francisci,Senior Engineer
429663,Yefim,Luks,Engineer
429665,Snehasis,Piazza,Senior Staff
429671,Srinidhi,Yoshimura,Engineer
429674,Kankanahalli,Demos,Senior Engineer
429680,Adas,Weiland,Senior Engineer
429684,Aksel,Back,Senior Engineer
429685,Uli,Moffat,Senior Engineer
429686,Sugwoo,Heinisuo,Engineer
429695,Hyuncheol,Angelov,Senior Staff
429696,Mohamadou,Cools,Senior Engineer
429701,Shin,Feldmann,Senior Engineer
429705,Sham,Ghazalie,Engineer
429706,Xianlong,Stavenow,Staff
429712,Aiman,Christ,Senior Engineer
429716,Steen,Salvesen,Senior Engineer
429722,Woody,Bharadwaj,Senior Engineer
429726,Shuho,Claffy,Staff
429734,Mihalis,Spelt,Senior Engineer
429738,Hilary,Poupard,Senior Engineer
429743,Sampalli,Argence,Senior Staff
429745,Krister,Boguraev,Senior Staff
429747,Sanjiv,Kavanagh,Senior Staff
429749,Georgy,Reeken,Senior Staff
429750,Miyeon,Herbst,Staff
429751,Arnould,Ushiama,Senior Engineer
429757,Kamran,Lalonde,Engineer
429758,Bezalel,Giarratana,Senior Engineer
429761,Gadiel,Auyong,Senior Engineer
429762,Leaf,Janetzko,Engineer
429763,Shahid,Nitta,Senior Staff
429764,Adamantios,Muniz,Senior Engineer
429766,Mandell,Lorin,Senior Staff
429767,Tuval,Wendorf,Senior Engineer
429772,Angel,Zucker,Technique Leader
429776,Gino,Perly,Engineer
429777,Odinaldo,Matzen,Senior Engineer
429781,Sailaja,Mellouli,Staff
429782,Jaewon,Sundgren,Senior Engineer
429783,Tesuro,Eldridge,Engineer
429785,Radhia,Iivonen,Senior Engineer
429799,Hyuncheol,Barbanera,Staff
429800,Licheng,Werthner,Senior Engineer
429801,Nahla,Angot,Senior Staff
429802,Xiaoheng,Birta,Engineer
429805,Shahar,Bellone,Senior Engineer
429811,Giao,Rettelbach,Senior Engineer
429814,Georg,Tischendorf,Senior Staff
429822,Tru,Jenevein,Engineer
429824,Adib,Cooley,Senior Engineer
429825,Sadegh,Claffy,Senior Staff
429827,Hercules,Pelz,Staff
429828,Martins,Khasidashvili,Engineer
429836,Arumugam,Kilgour,Senior Staff
429839,Dung,Schlumberger,Staff
429840,Khalid,Ozery,Assistant Engineer
429843,Chirstian,Lortz,Senior Staff
429851,Dulce,Manders,Senior Staff
429853,Akeel,Ernst,Staff
429858,Eric,Bisiani,Senior Staff
429860,Eben,Erdmenger,Engineer
429864,Shai,Quaggetto,Senior Staff
429868,Subbu,Debuse,Assistant Engineer
429869,Percy,Socorro,Assistant Engineer
429873,Shaleah,Stanger,Staff
429885,Leni,Homond,Engineer
429891,Irene,Jansen,Senior Engineer
429893,Wanqing,Guenter,Senior Engineer
429894,Breannda,Merkl,Engineer
429896,Kersti,Frijda,Assistant Engineer
429903,Taisook,Trystram,Senior Staff
429915,Barun,Figueira,Senior Staff
429917,Heejo,Gornas,Senior Engineer
429919,Mototsugu,Pashtan,Senior Engineer
429923,Basim,Whitcomb,Engineer
429926,Hidde,Haddadi,Engineer
429934,Tiina,Geffroy,Senior Staff
429937,Rutger,Duclos,Engineer
429939,Moie,Varker,Senior Staff
429944,Ziva,Uludag,Engineer
429945,Tadahiro,Kornatzky,Senior Engineer
429953,Adel,Schueller,Engineer
429955,Shiv,Tramer,Staff
429960,Jeane,Straney,Senior Engineer
429961,Houman,Swiss,Senior Staff
429973,Arie,Rouquie,Engineer
429974,Udo,Doering,Senior Staff
429978,Jayson,Magalhaes,Senior Engineer
429981,Rildo,Cyne,Senior Engineer
429984,Dhritiman,Lamparter,Senior Engineer
429987,Paddy,Auyong,Senior Engineer
429988,Jacopo,Riexinger,Senior Staff
429990,Kinh,Denti,Staff
429991,Rosine,Picco,Senior Staff
429992,Vishwani,Atrawala,Staff
429996,Sanjeeva,Holburn,Senior Staff
429997,Claude,Monkewich,Senior Staff
430000,Otmar,Genther,Engineer
430001,Lucien,Dalton,Engineer
430004,Morris,Orsini,Senior Staff
430005,Narain,Ranst,Technique Leader
430008,Subhada,Lieblein,Senior Engineer
430011,Pintsang,Candan,Engineer
430016,Adam,Randi,Senior Staff
430019,Zhaofang,Luders,Senior Staff
430020,Marc,Gustavson,Senior Engineer
430022,Shahaf,Iivonen,Engineer
430023,Florina,Viele,Senior Staff
430036,Becky,Swick,Staff
430041,Arfst,Suermann,Senior Engineer
430051,Muneo,Rodier,Senior Staff
430058,Shaibal,Restivo,Senior Engineer
430059,Yuguang,Bardell,Engineer
430070,Barna,Rettelbach,Senior Staff
430076,Luisa,Nitto,Senior Staff
430078,Kirk,Ginesta,Senior Staff
430079,Mikhail,England,Senior Staff
430082,Olivera,Penn,Senior Engineer
430086,Zhanqiu,Unni,Senior Engineer
430094,Shen,Krzyzanowski,Senior Staff
430098,Ymte,Rahier,Staff
430099,Xiping,Hebert,Engineer
430100,Theirry,Mayerwieser,Engineer
430101,Dekang,Veeraraghavan,Senior Staff
430105,Spyrose,Docker,Technique Leader
430111,Tadahiko,Borstler,Senior Engineer
430118,Venkatesan,Krybus,Senior Staff
430128,Becky,Berztiss,Senior Staff
430131,Sedat,Marletta,Senior Staff
430133,Fay,Gulik,Engineer
430142,Takahiro,Haddadi,Senior Engineer
430145,Tadanori,Feinberg,Engineer
430147,Tran,Jayawardene,Senior Staff
430149,Gill,Luon,Senior Staff
430150,Xiaopeng,Oppitz,Senior Staff
430151,Jixiang,Noriega,Senior Engineer
430152,Kersti,Tsukune,Senior Staff
430153,Kensei,Sommen,Senior Engineer
430162,Falguni,Crouzet,Senior Engineer
430164,Holgard,Parveen,Senior Staff
430166,Poornachandra,Ravishankar,Senior Staff
430171,Khoa,Peltason,Technique Leader
430177,Giap,Luon,Staff
430179,Neelam,Serna,Senior Staff
430182,Somnath,Terekhov,Senior Engineer
430184,Leszek,Cunliffe,Senior Staff
430190,Aloys,Flanders,Staff
430192,Martina,Ratnakar,Engineer
430193,Rafail,Peltason,Senior Engineer
430196,Mechthild,Fasbender,Staff
430199,Indrajit,Kemmerer,Senior Staff
430200,Kensyu,Vickson,Staff
430202,Gopalakrishnan,Pusterhofer,Senior Staff
430206,Xiaoqiu,Improta,Senior Staff
430208,Gunilla,Atrawala,Senior Staff
430212,Kwan,Toyoshima,Staff
430214,Zorica,Pokrovskii,Staff
430215,Heeju,Matzen,Senior Engineer
430220,Phuoc,Kroon,Senior Staff
430224,Noritoshi,Basawa,Senior Engineer
430225,Arif,Heemskerk,Engineer
430232,Harngdar,Sgarro,Assistant Engineer
430234,Toshimo,Gomatam,Engineer
430237,Huican,Falster,Senior Engineer
430238,Mariusz,Vuskovic,Senior Engineer
430239,Jinya,Segond,Senior Staff
430244,Halsur,Perng,Senior Engineer
430262,Mohit,Nitsche,Senior Engineer
430268,Menkae,Oberman,Engineer
430270,Zhenhua,Sommen,Assistant Engineer
430273,Roselyn,Koblick,Senior Engineer
430275,Babette,Isaac,Staff
430277,Uta,Sevcikova,Engineer
430280,Huai,Keohane,Senior Engineer
430282,Gou,Skrikant,Technique Leader
430283,Shir,Soicher,Engineer
430285,Nishit,Deville,Senior Engineer
430286,Masaru,Thorelli,Staff
430287,Susumu,Couchot,Engineer
430289,Marlo,Ravishankar,Staff
430292,Xudong,Sinicrope,Senior Staff
430300,Xuedong,Binkley,Staff
430302,Rildo,Miculan,Senior Engineer
430309,Yoshinari,Guting,Senior Staff
430310,Akeel,Collette,Staff
430312,Manibrata,Trumbly,Senior Staff
430314,Uma,Grabner,Senior Engineer
430315,Paloma,Engberts,Senior Engineer
430316,Otmar,Ellozy,Senior Engineer
430319,Peer,Fasbender,Engineer
430320,Bowen,Krogh,Engineer
430321,Boutros,Flexer,Technique Leader
430322,DAIDA,Beutelspacher,Assistant Engineer
430323,Isamu,Valette,Assistant Engineer
430329,Zeydy,Suri,Technique Leader
430338,Kiam,Kirkerud,Senior Staff
430339,Xianlong,Gubsky,Engineer
430340,Pasqua,Paludetto,Engineer
430347,Malu,Cyne,Senior Staff
430351,Owen,Cronan,Staff
430352,Baocai,Rande,Senior Staff
430358,Baziley,Ventosa,Senior Engineer
430360,Bokyung,Bardell,Staff
430362,Marc,Baranowski,Senior Staff
430364,Anestis,Prochazka,Senior Engineer
430376,Kristin,Stellhorn,Engineer
430384,Taiji,Masand,Senior Engineer
430390,Akeno,Negoita,Senior Engineer
430394,Vesna,Alpay,Assistant Engineer
430396,Mark,Furedi,Engineer
430399,Renee,Imataki,Senior Engineer
430400,Shahaf,Zwicker,Senior Engineer
430402,Ishfaq,Rahier,Senior Staff
430403,Bowen,Rissland,Senior Engineer
430405,Yifei,Coors,Senior Staff
430407,Panayotis,Macedo,Senior Engineer
430414,Marlo,Piazza,Staff
430416,Laurentiu,Malabarba,Senior Engineer
430417,Lalit,Ratzlaff,Technique Leader
430419,Basil,Dayana,Technique Leader
430430,Wayne,Erez,Technique Leader
430433,Goncalo,Rando,Engineer
430435,Masanao,Lortz,Senior Staff
430438,Leszek,Jullig,Senior Engineer
430442,Miomir,Cangellaris,Engineer
430443,Suvo,Openshaw,Senior Staff
430446,Guoxiang,Ghandeharizadeh,Assistant Engineer
430449,Kristen,Lundstrom,Senior Staff
430452,Bedrich,Veldwijk,Engineer
430459,Ziya,Roison,Senior Staff
430461,Fan,Lichtner,Senior Staff
430463,Gunilla,Zyda,Staff
430468,Chanjung,Peres,Senior Staff
430469,Miyeon,Perna,Senior Engineer
430470,Lene,Piveteau,Engineer
430472,Jungsoon,Kalefeld,Senior Engineer
430477,Subhrajyoti,Angelopoulos,Senior Engineer
430481,Woody,Pauthner,Senior Staff
430496,Kiam,Schwaller,Senior Engineer
430498,Danel,Krybus,Senior Engineer
430499,Izaskun,Pleszkun,Senior Engineer
430501,Candida,McConalogue,Engineer
430506,Toshimori,Krybus,Engineer
430512,Richara,Flanders,Senior Engineer
430513,Parto,Renear,Staff
430518,Boaz,Frijda,Senior Staff
430519,Vojin,Lanteri,Senior Engineer
430520,Mario,Berztiss,Staff
430523,Rosalyn,Validov,Staff
430524,Baoqiu,Schnabel,Engineer
430526,Hirochika,Kawashima,Staff
430534,Ghassan,Walston,Senior Engineer
430535,Georg,Fasbender,Senior Staff
430537,Shahaf,Goodrum,Senior Staff
430542,Parto,Speckmann,Engineer
430543,Toshimitsu,Zongker,Senior Engineer
430544,Valter,Karcich,Assistant Engineer
430546,Valdiodio,Matheson,Senior Engineer
430549,Vishv,Bael,Engineer
430559,Reinhard,Munck,Engineer
430562,Niclas,Lindenbaum,Technique Leader
430564,Yoshimitsu,Birke,Senior Engineer
430570,Adit,Papadias,Senior Staff
430576,Lihong,Peek,Engineer
430588,Larisa,Marakhovsky,Senior Staff
430589,Claudi,Linares,Staff
430595,Izaskun,Tanemo,Staff
430596,Gill,Stanger,Senior Engineer
430597,Kasidit,Lundstrom,Senior Engineer
430598,Garnik,Auria,Senior Staff
430604,Khue,Erie,Senior Staff
430606,Parto,Biron,Senior Engineer
430615,Babette,Stanfel,Senior Staff
430616,Ashish,Tchuente,Senior Engineer
430619,Poorav,Maierhofer,Senior Staff
430625,Horward,Baranowski,Engineer
430633,Margareta,Peek,Senior Staff
430634,Jouni,Giaccio,Senior Engineer
430649,Lorien,Quittner,Senior Staff
430655,Shigenori,Sluis,Technique Leader
430658,Masato,Portugali,Senior Engineer
430660,Chanjung,Hofman,Staff
430662,Zita,Vernadat,Senior Engineer
430672,Shuzo,Rabehasaina,Senior Engineer
430674,Volkmar,Cangellaris,Senior Staff
430675,Shiv,Comellas,Senior Engineer
430677,Phuoc,Kaelbling,Senior Staff
430683,Godehard,Braunmuhl,Senior Engineer
430684,Ewing,Birrer,Senior Staff
430685,Sergi,Jenevein,Senior Staff
430686,Udo,Taubman,Engineer
430690,Huican,Marquardt,Senior Engineer
430692,Arunachalam,Yemenis,Senior Staff
430694,Atreyi,Woycyznski,Staff
430698,Gadiel,Hatcliff,Senior Engineer
430708,Kinh,Melski,Engineer
430713,Khedija,Peac,Senior Engineer
430714,DAIDA,Bruckman,Senior Engineer
430715,Vasilii,Siepmann,Staff
430720,Arco,Peha,Technique Leader
430721,Boriana,Chachaty,Senior Staff
430724,Geoff,Gruenwald,Senior Engineer
430735,Atilio,Sadowsky,Senior Staff
430737,Jeane,Kadhim,Senior Staff
430742,Jiong,Scallan,Senior Engineer
430743,Kasturi,Smeets,Staff
430745,Georgy,Stellhorn,Senior Staff
430746,Shahar,DiGiano,Senior Staff
430752,Makato,Benveniste,Senior Staff
430753,Hongzue,Mitsuhashi,Staff
430754,Zengping,Langford,Senior Staff
430758,Torsten,Lorin,Senior Staff
430759,Fumiko,Buchter,Senior Staff
430761,Jovan,Gerlach,Engineer
430763,Hsiangchu,Iivonen,Senior Engineer
430765,Richard,Gladwell,Staff
430767,Gao,Uhrik,Senior Engineer
430770,Pranas,Gerlach,Senior Staff
430772,Stepehn,Haraldson,Senior Engineer
430773,Sadegh,Uchoa,Engineer
430774,Tsuneo,Quadeer,Senior Engineer
430777,Hailing,Feldmann,Senior Engineer
430781,Zine,Halloran,Engineer
430784,Manohar,Eickenmeyer,Assistant Engineer
430789,Nathan,Antonakopoulos,Technique Leader
430799,Yoshinari,Zhang,Senior Staff
430800,Deborah,Falco,Senior Engineer
430807,Suvo,Terwilliger,Senior Staff
430812,Takushi,Vernadat,Engineer
430813,Bodo,Carrere,Senior Staff
430814,Herb,Buchter,Senior Staff
430820,Tse,Snedden,Senior Staff
430830,Aris,Fadgyas,Senior Engineer
430832,Huican,Farrag,Staff
430833,Kirk,Radwan,Senior Engineer
430841,Wanqing,Menyhert,Senior Staff
430844,George,Mukaidono,Staff
430845,Stafford,Chappelet,Staff
430848,Xuejun,Shimshoni,Senior Engineer
430851,Jianhua,Ritzmann,Technique Leader
430854,Collette,Tsunoo,Engineer
430855,Kristin,Bisiani,Senior Engineer
430859,Gritta,Bakhtari,Senior Staff
430863,Arne,Frezza,Senior Staff
430865,Kristina,Vidal,Technique Leader
430870,Zhenhua,Murthy,Senior Engineer
430871,Vasiliy,Garnier,Senior Engineer
430875,Martijn,Champarnaud,Senior Staff
430877,Xiaobin,Vitiello,Senior Engineer
430878,Jinya,Siepmann,Senior Engineer
430880,Lene,Bennet,Senior Staff
430893,Oldrich,Couchot,Senior Staff
430895,Hilary,Savasere,Senior Engineer
430898,Kiyomitsu,Braunschweig,Senior Staff
430901,Alair,Vrecion,Engineer
430906,Christ,Cyre,Senior Staff
430910,Duro,Taneja,Engineer
430921,Paraskevi,Billawala,Senior Staff
430922,Marke,Matzen,Technique Leader
430926,Horward,Kroll,Engineer
430927,Haldon,Brlek,Senior Engineer
430928,Akhilish,Foote,Senior Staff
430929,Nectarios,Bodoff,Staff
430932,Kagan,Straney,Senior Engineer
430933,Sugwoo,Frolund,Senior Engineer
430936,Saddek,Deville,Senior Engineer
430943,Lokesh,Chvatal,Senior Staff
430948,Dannz,Cheshire,Staff
430950,Hsiangchu,Woycyznski,Senior Engineer
430956,Baoqiu,Shiratori,Senior Staff
430958,Denny,Isaac,Engineer
430960,Shahaf,Lorie,Senior Engineer
430961,Xuedong,Camarinopoulos,Senior Engineer
430966,Hidde,Pietracaprina,Staff
430977,Tse,Pavlopoulou,Engineer
430978,Boriana,Matzel,Senior Engineer
430982,Aamod,Oxman,Staff
430985,Marco,Baalen,Engineer
430990,Masamitsu,Acton,Senior Staff
430996,Mani,Talmon,Senior Engineer
430999,Khatoun,Ranon,Senior Staff
431001,Katsuo,Waleschkowski,Assistant Engineer
431003,Mara,Wixon,Engineer
431004,Horward,Syang,Staff
431008,Gennadi,Peac,Senior Staff
431009,Tremaine,Lamba,Senior Engineer
431014,Toney,Masamoto,Senior Engineer
431022,Randy,Improta,Senior Staff
431029,Georgy,Dymetman,Staff
431030,Doowon,Nilsson,Senior Staff
431032,Moni,Anick,Senior Engineer
431033,Jahangir,Matzke,Engineer
431035,Mitchel,Servieres,Senior Staff
431040,Henk,Perna,Staff
431044,Takanari,Hutton,Senior Staff
431048,Selwyn,Sluis,Senior Staff
431055,Rildo,Vilarrasa,Engineer
431056,Deborah,Pietracaprina,Senior Staff
431058,Shaibal,Denti,Engineer
431059,Hyuckchul,Przulj,Engineer
431062,Chikara,Magalhaes,Senior Staff
431068,Mary,Edelhoff,Senior Staff
431073,Demin,Savasere,Engineer
431078,Adib,Ananiadou,Senior Staff
431079,Divier,Erez,Engineer
431080,Shigehito,Pauthner,Senior Engineer
431083,Ibibia,Dulin,Senior Engineer
431089,Mart,Waeselynck,Senior Engineer
431090,Mooi,Radivojevic,Senior Engineer
431093,Aamod,Wolniewicz,Senior Staff
431099,Uta,Pietrzykowski,Senior Staff
431102,Haldun,Sidhu,Engineer
431104,Zongyan,Chorvat,Senior Engineer
431105,Masoud,Chaudhuri,Senior Engineer
431106,Aron,Sessa,Senior Engineer
431108,Yinghua,Rothe,Senior Staff
431109,Huei,Hagimont,Engineer
431110,Harjit,Marzano,Senior Engineer
431113,Marco,Isaac,Senior Engineer
431117,Jianhui,Clemencon,Staff
431118,Suzette,Vitiello,Engineer
431126,Claude,Kroon,Senior Engineer
431128,Odoardo,Esteva,Senior Engineer
431134,Kerryn,Landherr,Senior Staff
431137,Marla,Veevers,Senior Engineer
431143,Xianlong,Conry,Senior Staff
431144,Maia,Cannane,Staff
431145,Kristinn,Kavanagh,Senior Staff
431154,Saeed,Stassinopoulos,Senior Engineer
431155,Lillian,Castellani,Engineer
431157,Alexius,Bernick,Senior Engineer
431158,Chikako,Limongiello,Senior Engineer
431161,Troy,Rosin,Senior Staff
431167,Candida,Merle,Staff
431171,Marsha,Chaudhuri,Staff
431176,Kerryn,Miara,Senior Staff
431177,Basant,Cappelli,Senior Staff
431179,Shakhar,Ermel,Senior Staff
431183,Debaprosad,Flexer,Engineer
431189,Dulce,Rousseau,Senior Engineer
431194,Oscal,Nannarelli,Engineer
431195,Katsuo,Percebois,Senior Engineer
431197,Perry,Ferretti,Staff
431200,Masadi,Murillo,Staff
431202,Moriyoshi,Brattka,Staff
431207,Gou,Przulj,Senior Staff
431214,Navid,DuCasse,Senior Staff
431222,Anneli,Berendt,Senior Staff
431226,Isaac,Beausoleil,Senior Staff
431229,Kokou,Harbusch,Staff
431234,Stein,Antonisse,Technique Leader
431235,Utz,Klassen,Engineer
431238,Kwee,Busillo,Engineer
431245,Gina,Asser,Senior Engineer
431248,Reuven,Perri,Staff
431262,Indrajit,Zyda,Senior Engineer
431264,Arco,Jonsson,Staff
431266,Erez,Sridhar,Technique Leader
431272,Rasiah,Vesel,Assistant Engineer
431277,Luerbio,Ranon,Senior Staff
431278,Divier,Baalen,Senior Engineer
431280,Collette,Roison,Senior Staff
431281,Sukumar,Guerreiro,Senior Staff
431282,Trygve,Luck,Senior Staff
431284,Lorien,Liedekerke,Engineer
431285,Goo,Antonakopoulos,Engineer
431286,Woody,Coombs,Senior Staff
431287,Radoslaw,Maraist,Senior Engineer
431288,Itzchak,Ouhyoung,Senior Staff
431289,Teunis,Zongker,Senior Engineer
431292,Uli,Schaaf,Staff
431293,Tetsurou,Schlenzig,Senior Staff
431296,Udo,Radivojevic,Engineer
431304,Yuuichi,Zeleznik,Senior Engineer
431305,Masali,Riexinger,Senior Staff
431310,Michaela,Candan,Senior Staff
431311,Gritta,Birge,Senior Staff
431316,Xiaoheng,Krohm,Senior Staff
431321,Edwin,Oberman,Staff
431329,Palash,Lovengreen,Senior Engineer
431330,Zhensheng,Unni,Engineer
431333,Sven,Zambonelli,Senior Engineer
431334,Kwangsub,Setlzner,Engineer
431335,Sham,Marakhovsky,Senior Staff
431337,Niteen,Hasenauer,Engineer
431342,Yoshinari,Mapelli,Senior Staff
431350,Mototsugu,Peha,Senior Staff
431352,Masato,Piazza,Staff
431358,Leif,Sigstam,Senior Staff
431365,Mana,Karnin,Engineer
431367,Bilhanan,Bale,Senior Staff
431369,Baoqiu,Zockler,Senior Staff
431372,Bader,Rijsenbrij,Senior Engineer
431375,Surveyors,Atrawala,Senior Engineer
431378,Cristinel,Peyn,Senior Engineer
431379,Xiaoqiang,Neimat,Engineer
431382,Mohit,Eiron,Senior Engineer
431383,Guadalupe,Herber,Senior Staff
431387,Piyawadee,Bultermann,Engineer
431394,Michaela,Majewski,Senior Engineer
431395,Xuejun,Litzkow,Technique Leader
431400,Duke,Werthner,Senior Engineer
431405,Przemyslawa,Noriega,Senior Staff
431406,Goo,Stille,Staff
431407,Odinaldo,Serot,Senior Engineer
431410,Kensei,Nyanchama,Senior Engineer
431412,Horward,Luce,Senior Engineer
431413,Takahito,Slutz,Technique Leader
431421,Sasan,Viele,Senior Staff
431426,Elvia,Billingsley,Senior Staff
431428,Arne,Impagliazzo,Senior Staff
431430,Dannz,Rousseau,Senior Staff
431431,Jiakeng,Stentiford,Engineer
431432,Danel,Verhoeff,Engineer
431439,Christoper,Brlek,Senior Staff
431441,Fumiyo,Sinicrope,Staff
431442,Murthy,Baez,Staff
431443,Gio,Kemmerer,Senior Engineer
431446,Hidekazu,Cangellaris,Senior Engineer
431447,Shaz,Sridhar,Engineer
431450,Panayotis,Matheson,Engineer
431453,Demos,Ernst,Staff
431459,Van,Haraldson,Staff
431460,Roddy,Mitina,Senior Staff
431463,Maren,Bruckman,Senior Engineer
431465,Kristinn,Mahmud,Senior Staff
431467,Weijing,Schach,Senior Staff
431468,Genta,Pfau,Staff
431471,Thanasis,Rabejac,Staff
431478,Poornachandra,Ratnaker,Engineer
431480,Zhigen,Christ,Senior Staff
431481,Constantijn,Businaro,Senior Staff
431483,Sedat,Frijda,Engineer
431486,Augustine,Restivo,Technique Leader
431487,Conor,Angot,Staff
431490,Sangeeta,Sanella,Staff
431493,Giordano,Birsak,Senior Engineer
431494,Richara,Schnabel,Senior Staff
431495,Tadanori,Matzke,Senior Engineer
431496,Muneo,Kobuchi,Senior Engineer
431499,Heekeun,Suwa,Senior Staff
431500,KayLiang,Kroll,Senior Engineer
431504,Ioana,Levergood,Senior Staff
431509,Olivera,Nations,Senior Engineer
431510,Manu,Schiper,Senior Engineer
431512,Chaitali,Motley,Staff
431515,Udaiprakash,Whittlesey,Senior Staff
431518,Jovan,Mateescu,Senior Staff
431519,Douadi,Gerlach,Engineer
431521,Kwangjo,Braccini,Technique Leader
431523,Gurbir,Bage,Assistant Engineer
431527,Abdelaziz,Baak,Staff
431529,Ugo,Morrin,Senior Engineer
431530,Srinidhi,Steinauer,Engineer
431534,Goa,Neimat,Senior Staff
431536,Phillip,Panangaden,Staff
431539,Michaela,Mattern,Staff
431548,Jaques,Uchoa,Senior Staff
431549,Elzbieta,Pluym,Engineer
431552,Sandeepan,Gustavson,Staff
431553,Lijie,Azumi,Senior Staff
431556,Katsuyuki,Suermann,Senior Engineer
431557,Chiradeep,Plotkin,Senior Staff
431558,Brewster,Pews,Senior Engineer
431561,Bernd,Engberts,Staff
431571,Shounak,Kakkad,Senior Engineer
431574,Juyoung,Furudate,Engineer
431577,Lihong,Vesna,Senior Engineer
431582,Gaurav,Kambil,Senior Staff
431584,Filipp,Tokunaga,Senior Engineer
431586,Tran,Setia,Senior Engineer
431588,Kannan,Ranum,Senior Staff
431598,Gen,Eickenmeyer,Assistant Engineer
431599,Xiaoshan,Pettit,Senior Engineer
431600,Huei,Monkewich,Senior Staff
431603,Henk,Straney,Senior Staff
431609,Odinaldo,Ginneken,Engineer
431614,Piyawadee,Undy,Senior Staff
431615,Gou,Kakkar,Engineer
431618,Nimmagadda,Gyimothy,Staff
431624,Sanjiv,Niizuma,Senior Engineer
431628,Xiaoshan,Perez,Senior Staff
431630,Chaoyi,Murrill,Senior Engineer
431634,Parto,Solares,Staff
431636,Macha,Halevi,Senior Staff
431638,Jayson,Baby,Technique Leader
431639,Aris,Khasidashvili,Senior Staff
431640,Sailaja,Radwan,Senior Engineer
431641,Christfried,Nishimukai,Senior Staff
431645,Boriana,Rusterholz,Senior Staff
431648,Matk,Edelhoff,Engineer
431654,Bedrich,Gustavson,Engineer
431658,Kaijung,Cyre,Engineer
431659,Hironoby,Mahmud,Senior Engineer
431664,Bikash,Khasidashvili,Senior Engineer
431666,Gregory,Sluis,Assistant Engineer
431669,Tokuyasu,Skogmar,Staff
431672,Lalit,Eiter,Engineer
431674,Souichi,Francisci,Engineer
431675,Giao,Kroha,Senior Staff
431677,Dinkar,Piancastelli,Senior Staff
431682,Tremaine,Vesel,Staff
431686,Maria,Krichel,Staff
431690,Sudhanshu,Bhattacharjee,Senior Engineer
431691,Susanna,Steenbeek,Senior Engineer
431692,Houman,Lamparter,Senior Engineer
431693,Shaunak,Billingsley,Senior Staff
431695,Wonhee,Akazan,Senior Engineer
431696,Wuxu,Masand,Senior Staff
431701,Maya,Baca,Technique Leader
431705,Navin,Conde,Senior Engineer
431706,Remco,Heiserman,Senior Engineer
431709,Atreye,Paludetto,Engineer
431711,Heon,Collette,Senior Staff
431721,Aluzio,Anandan,Technique Leader
431731,Jianhao,Ermel,Engineer
431735,Waiman,Roccetti,Senior Engineer
431739,Stabislas,Petersohn,Senior Staff
431744,Mabo,Oxman,Senior Engineer
431745,Weiye,Tetzlaff,Technique Leader
431751,Isaac,Alpay,Senior Engineer
431757,Odysseas,Szemeredi,Senior Staff
431758,Huiqun,Suermann,Technique Leader
431760,Horward,Falster,Senior Staff
431761,Adib,Kinley,Senior Staff
431762,Hongzue,Kaiserswerth,Senior Staff
431769,Abdulla,Benaini,Senior Staff
431773,Chuanti,Montemayor,Senior Staff
431778,Marc,Ellozy,Senior Staff
431782,Uriel,Syrzycki,Engineer
431787,Lihong,Leuchs,Senior Staff
431794,Gritta,Crooks,Senior Engineer
431798,Masanao,Middleton,Technique Leader
431799,Boguslaw,Pouyioutas,Staff
431803,Jaideep,Ranon,Staff
431807,Jordanka,Pettit,Senior Engineer
431809,Sanjeeva,Burnard,Senior Engineer
431810,Tadahiro,Ushiama,Senior Staff
431813,Dines,Rahier,Engineer
431814,Shahab,Herber,Engineer
431816,Shietung,Stifter,Senior Engineer
431818,Chaitali,Ambroszkiewicz,Senior Staff
431819,Garnik,Piancastelli,Senior Engineer
431820,Yucel,Varley,Engineer
431823,Cristinel,Zschoche,Engineer
431824,Bodo,Rothenberg,Engineer
431833,Flemming,Bahk,Senior Staff
431834,Martins,Delgrange,Senior Staff
431836,Arne,Mahmud,Senior Engineer
431842,Chinya,Mikschl,Staff
431851,Roselyn,Ratzlaff,Senior Staff
431853,Doohun,Hooghiemstra,Senior Staff
431858,Constantine,Lung,Senior Engineer
431860,Kolar,Veeraraghavan,Senior Staff
431865,Hyuncheol,Khasidashvili,Engineer
431866,Raimond,Kranzdorf,Engineer
431869,Dietrich,Collette,Engineer
431872,Hatim,Valette,Senior Staff
431876,Yuchang,Whitcomb,Senior Engineer
431890,Boriana,Lorcy,Senior Engineer
431893,Lorien,Braunmuhl,Engineer
431895,Xiaoqiang,Speel,Senior Staff
431896,Tokuyasu,Miara,Senior Engineer
431901,Shahid,Kandlur,Staff
431909,Magdalena,Welham,Senior Engineer
431910,Premsyl,Schaap,Senior Engineer
431916,Theirry,Homond,Senior Staff
431917,Martijn,Gire,Senior Engineer
431922,Jungsoon,Brookman,Senior Engineer
431935,Jasminko,Miake,Senior Staff
431936,Tayeb,Cronau,Senior Engineer
431944,Serenella,Oskamp,Staff
431950,Kiyotoshi,Rullman,Senior Staff
431951,Boguslaw,Brobst,Senior Engineer
431954,Lalit,Murillo,Senior Engineer
431957,Shahab,Ghalwash,Engineer
431958,Falguni,Taneja,Senior Engineer
431961,Georgy,Ferriere,Engineer
431965,Gianluca,Melton,Senior Staff
431966,Byong,Fandrianto,Senior Engineer
431969,Uriel,Maksimenko,Senior Engineer
431972,Akeel,Sankaranarayanan,Senior Staff
431973,Sarita,Streit,Staff
431974,Aral,Kusakari,Technique Leader
431978,Uriel,Nations,Senior Engineer
431982,Randi,Parfitt,Senior Staff
431984,Djelloul,Kitai,Engineer
431985,Susanta,Munke,Senior Engineer
431989,Shaz,Baez,Senior Engineer
431996,Pascal,Nergos,Senior Staff
432003,Kersti,Auyong,Engineer
432007,Mats,Teitelbaum,Engineer
432008,Golgen,Masada,Senior Staff
432013,Kersti,Bahl,Senior Engineer
432016,Gay,Velasco,Senior Engineer
432018,Huai,Lamba,Senior Engineer
432027,Zhigen,Merli,Senior Engineer
432029,Domenick,Georgatos,Senior Engineer
432035,Fox,Plump,Technique Leader
432039,Mansur,Veeraraghavan,Senior Engineer
432044,Teiji,Maliniak,Senior Engineer
432048,Feipei,Fritzsche,Senior Engineer
432052,Harjit,Passafiume,Senior Staff
432054,Van,McAffer,Senior Engineer
432056,Jouko,Spinelli,Senior Engineer
432058,Mayumi,Slobodova,Staff
432059,Hairong,Magliocco,Senior Staff
432065,Gio,Perfilyeva,Senior Engineer
432068,Arif,Wegerle,Senior Engineer
432071,Weicheng,Bridgland,Senior Staff
432074,Mayumi,Sooriamurthi,Engineer
432076,Duke,Jumpertz,Staff
432081,Mayuko,Klerer,Engineer
432082,Mihalis,Rebaine,Senior Staff
432083,Xiaoqiang,Assaf,Senior Engineer
432087,Hidefumi,Garigliano,Technique Leader
432088,Tristan,Frezza,Engineer
432090,Chiradeep,Fetvedt,Staff
432094,Hausi,Camurati,Senior Engineer
432099,Xiadong,Wilharm,Technique Leader
432104,Mohamadou,Aumann,Staff
432106,Kirk,Thorelli,Senior Staff
432109,Lubomir,Skafidas,Senior Engineer
432110,Vasiliy,Debuse,Senior Staff
432116,Henk,Besselaar,Senior Engineer
432118,Iara,Warwick,Senior Engineer
432122,Alair,Poupard,Engineer
432125,Ramzi,Cincotta,Engineer
432130,Terresa,Vrecion,Senior Staff
432131,Goncalo,Boudaillier,Senior Engineer
432133,Yurij,Servi,Senior Engineer
432134,Froduald,Kieras,Senior Staff
432135,Vivian,Laventhal,Senior Engineer
432140,Danai,Chiola,Staff
432141,Marsha,Hebert,Senior Staff
432144,Yuping,Biros,Senior Engineer
432150,Zvonko,Schnabel,Engineer
432151,Zongyan,Kitai,Senior Staff
432153,Xiaoheng,Baek,Senior Engineer
432154,Nikolaus,Leivant,Engineer
432157,Torsten,Alencar,Senior Engineer
432158,Martial,Leslie,Engineer
432167,Peternela,Talmon,Senior Engineer
432178,Gonzalo,Wilharm,Engineer
432179,Dipayan,Ohori,Staff
432187,Feipei,Merro,Senior Staff
432188,Yishai,Haraldson,Senior Staff
432192,Shridhar,Ruemmler,Senior Staff
432200,Yucai,Merlo,Senior Engineer
432202,Shuichi,Halevi,Staff
432205,Manton,Murthy,Engineer
432207,Serge,Gips,Senior Engineer
432208,Bedrich,Heering,Engineer
432210,Gro,Casperson,Senior Engineer
432213,Gou,Sigstam,Staff
432214,Chaoyi,Gladwell,Technique Leader
432221,Aram,Plotkin,Staff
432228,Teruyuki,Parveen,Staff
432233,Goetz,Hitomi,Staff
432234,Margo,Koshiba,Senior Engineer
432235,Roddy,Irland,Engineer
432239,Ute,Jayawardene,Senior Staff
432241,Arun,Parhami,Engineer
432245,Shigeo,Hoppenstand,Staff
432246,Indrajit,Stiles,Senior Engineer
432247,Hein,Pouyioutas,Senior Engineer
432250,Zejun,Bernatsky,Staff
432256,Youssef,Aseltine,Senior Engineer
432262,Joydip,Gulla,Senior Staff
432267,Siddarth,Rosen,Senior Staff
432274,Jiang,Peac,Staff
432275,Lokesh,Paludetto,Senior Engineer
432278,Uri,Deverell,Staff
432284,Oksana,Dredge,Senior Engineer
432288,Yuuichi,Kroha,Senior Engineer
432289,Taisook,Farris,Engineer
432291,Gadiel,Matzel,Senior Engineer
432298,Xiaopeng,Sankaranarayanan,Engineer
432308,Masasuke,Roison,Senior Staff
432315,Marko,Rosis,Senior Engineer
432316,Yahiko,Gecsel,Senior Staff
432317,Lucian,Pluym,Senior Engineer
432318,Khedija,Krohm,Senior Engineer
432320,Luise,Bridgland,Staff
432324,TRUE,Fiebach,Engineer
432336,Parke,Famili,Engineer
432338,Yishay,Hofting,Engineer
432341,Saddek,Shihab,Senior Engineer
432344,Atreye,Ghandeharizadeh,Technique Leader
432351,Fumiya,Ushiama,Staff
432356,Yakichi,Viele,Technique Leader
432358,Jenwei,Zucker,Senior Engineer
432361,Sadegh,Kornyak,Senior Engineer
432364,Duro,Ramalingam,Engineer
432367,Huiqun,Bondorf,Senior Engineer
432377,Shigeaki,Tokunaga,Engineer
432380,Duro,Anick,Technique Leader
432381,Denny,Gronowski,Engineer
432385,Boutros,Rijckaert,Staff
432387,Shigeo,Kaiserswerth,Assistant Engineer
432394,Divine,Pettey,Senior Engineer
432395,Fox,Lindqvist,Staff
432400,Hirochika,Ecklund,Technique Leader
432402,Adib,Basagni,Senior Engineer
432405,Dipayan,Barbanera,Senior Staff
432412,Ibibia,Leonhardt,Senior Engineer
432419,Yifei,Brookner,Technique Leader
432420,Tooru,Landherr,Staff
432423,Jingling,Stifter,Senior Engineer
432426,Achilleas,Szemeredi,Senior Staff
432432,Xiong,Michaels,Engineer
432436,Leni,Ozeri,Senior Staff
432437,Menkae,Rajaraman,Engineer
432440,Nagui,Karlin,Senior Engineer
432441,Roddy,Ballarin,Senior Engineer
432442,Fabrizio,Azadmanesh,Senior Staff
432453,Mrinalini,Garnham,Senior Staff
432457,Charmane,Gadepally,Staff
432462,Quingbo,Eiter,Engineer
432468,Nalini,McAlpine,Senior Engineer
432470,Idoia,Thiria,Staff
432471,Aemilian,Iivonen,Staff
432474,Cathie,Mellouli,Senior Engineer
432475,Yinlin,Auria,Staff
432476,Seongbae,Mikschl,Senior Staff
432479,Baocai,Quaggetto,Engineer
432481,Zita,Jeong,Engineer
432483,Zhanqiu,Taneja,Senior Staff
432484,Guangming,Harbusch,Senior Engineer
432489,Shim,Krohm,Senior Engineer
432494,Ayonca,Toyoshima,Engineer
432497,Sreekrishna,Champarnaud,Senior Staff
432502,Kerhong,Kalefeld,Engineer
432503,Yongmin,Lortz,Senior Engineer
432507,Rosalie,Conia,Senior Engineer
432512,Pranjal,Colorni,Senior Staff
432516,Arlette,Karcich,Senior Staff
432525,Demin,Rotem,Senior Staff
432528,Lubomir,Terekhov,Senior Engineer
432532,Heejo,Skogmar,Senior Staff
432533,Kazuyasu,Pileggi,Senior Engineer
432534,Eran,Zeilberger,Engineer
432538,Isaac,Matzat,Senior Staff
432542,Hitofumi,Syang,Senior Staff
432544,Pradeep,Serdy,Senior Staff
432545,Chikako,Tanemo,Engineer
432547,Gretta,Waeselynck,Staff
432550,Sailaja,Streng,Senior Staff
432552,Xiahua,Erbe,Engineer
432554,Mana,Yemenis,Staff
432555,Herbert,Krybus,Staff
432556,Cheong,Schnelling,Senior Engineer
432557,Insup,Roisin,Assistant Engineer
432566,Dzung,Orlowski,Senior Staff
432572,Geoffrey,Ghelli,Senior Engineer
432573,Sumant,Henders,Engineer
432578,Danco,Khalid,Engineer
432579,Pasqua,Sadowski,Engineer
432581,Vivian,Perl,Senior Engineer
432583,Seongbin,Mitsuhashi,Senior Staff
432588,Matk,Krichel,Senior Staff
432589,Baziley,Alvarado,Senior Engineer
432590,Otilia,Ventosa,Engineer
432592,Chaosheng,Raney,Staff
432594,Shem,Cronin,Senior Staff
432596,Premsyl,Peng,Engineer
432600,Peternela,Senzako,Staff
432605,Shridhar,Badache,Technique Leader
432608,Sungwon,Bolsens,Staff
432609,Jinya,Foote,Senior Engineer
432611,Shuky,Mayerwieser,Staff
432612,Masaki,Sinitsyn,Senior Engineer
432620,Radhika,Brookner,Senior Engineer
432622,Stevo,Luke,Senior Engineer
432625,LiMin,Steinauer,Senior Staff
432627,Jamaludin,Usdin,Staff
432630,Heejo,Luef,Engineer
432632,Tru,Krohm,Senior Engineer
432637,Owen,Cappelletti,Senior Engineer
432640,Jiakeng,Alpay,Senior Staff
432647,Duro,Fandrianto,Engineer
432653,Nevin,Skrikant,Engineer
432658,Zhiguo,Demizu,Senior Engineer
432659,Luerbio,Cooke,Senior Engineer
432662,Paddy,Maierhofer,Senior Engineer
432663,Pohua,Delgrande,Senior Engineer
432668,Navin,Zultner,Engineer
432669,Mitsuyuki,Staudhammer,Senior Engineer
432671,Alain,Ushiama,Senior Engineer
432675,Kazunori,Veeraraghavan,Senior Staff
432676,Leaf,Borovoy,Senior Staff
432678,Kitty,Peak,Senior Engineer
432679,Kazunori,Penn,Senior Staff
432683,Gina,Nishimukai,Engineer
432684,Otilia,Fairtlough,Senior Staff
432685,Gopalakrishnan,Naudin,Senior Engineer
432687,Kamran,Christianini,Senior Engineer
432693,Zhaofang,Matzat,Senior Engineer
432696,Bernd,Covnot,Engineer
432700,Weicheng,Dechter,Engineer
432706,Yuichiro,Garnham,Senior Engineer
432710,Paraskevi,Bardell,Senior Engineer
432711,Yahiko,Schreiter,Technique Leader
432721,Weiyi,Polajnar,Senior Staff
432727,Sushant,Lovengreen,Senior Engineer
432728,Janalee,Schaap,Senior Engineer
432730,Nevio,Trystram,Engineer
432735,Shietung,Fandrianto,Senior Engineer
432741,Lene,Dratva,Senior Staff
432745,Dayanand,Merli,Senior Engineer
432749,Miomir,Heemskerk,Senior Staff
432751,Irena,Rosti,Senior Staff
432754,Masami,Bultermann,Senior Engineer
432755,Huan,Serov,Senior Staff
432756,Wonhee,Claffy,Senior Engineer
432757,Teiji,Erni,Senior Engineer
432762,Boalin,Perry,Senior Staff
432763,Ramalingam,Lanzelotte,Senior Staff
432764,Shigeu,Limongiello,Technique Leader
432765,Kellie,Flowers,Engineer
432769,Naraig,Strooper,Technique Leader
432776,Leszek,Kemmerer,Senior Staff
432780,Arra,Iacovou,Senior Engineer
432783,Ingmar,Morrow,Senior Engineer
432789,Leucio,Slaats,Senior Staff
432794,Hauke,Szmurlo,Senior Staff
432795,Toney,Schoegge,Staff
432798,Berry,Denna,Senior Staff
432804,Bluma,McDermid,Senior Staff
432807,Alenka,Oppitz,Senior Staff
432809,Aral,Zedlitz,Staff
432810,Sibyl,Fetvedt,Senior Staff
432818,Parviz,Escriba,Engineer
432820,Jordanka,Mellouli,Senior Engineer
432824,Tetsurou,Melter,Engineer
432825,Vasilis,Peak,Senior Staff
432828,Chikako,Malabarba,Senior Staff
432829,Kristine,Navazio,Senior Engineer
432838,Jeane,Pauthner,Engineer
432841,KayLiang,Kragelund,Engineer
432855,Kiyotoshi,Encarnacion,Technique Leader
432858,Matk,Chappelet,Senior Engineer
432859,Guther,Massonet,Senior Staff
432861,Kshitij,Morris,Senior Engineer
432863,Ingmar,Merro,Senior Staff
432865,Mitsuyuki,Serra,Staff
432869,Anestis,Liesche,Senior Staff
432870,Masali,Parfitt,Senior Staff
432879,Ebru,Besancenot,Senior Engineer
432880,Shalesh,Masand,Senior Staff
432881,Shan,Egerstedt,Senior Engineer
432893,Udo,Gomatam,Senior Engineer
432900,Jaana,Grospietsch,Engineer
432901,Constantine,Mundy,Staff
432906,Filipe,Streng,Engineer
432908,Faiza,Nyrup,Senior Staff
432909,Van,Farrar,Engineer
432912,Khosrow,Siepmann,Staff
432914,Martins,Rajaraman,Senior Engineer
432915,Guangming,Staudhammer,Senior Engineer
432918,Nechama,Ferretti,Senior Staff
432919,Yakkov,Ozery,Senior Engineer
432920,Samphel,Dechter,Senior Staff
432923,Arunachalam,Besselaar,Engineer
432930,Sakthirel,Nastansky,Engineer
432931,Martial,McAffer,Senior Staff
432939,Vishv,Bale,Senior Staff
432943,Mokhtar,Asser,Senior Engineer
432948,Barun,Kambil,Staff
432949,Aran,Heering,Senior Engineer
432953,Breannda,Wissmann,Senior Engineer
432955,Jungsoon,Kaelbling,Technique Leader
432957,Fabrizio,Quadeer,Senior Engineer
432960,Youpyo,Neiman,Senior Staff
432965,Basil,Pelc,Senior Engineer
432967,Suebskul,Mukaidono,Staff
432972,Halsur,Wallrath,Senior Engineer
432973,Zissis,Maccarone,Engineer
432976,Duke,Demizu,Senior Staff
432978,Pasqua,Herath,Senior Staff
432979,Ramalingam,Limongiello,Staff
432984,Nathalie,Kaelbling,Engineer
432988,Khatoun,Lindqvist,Senior Engineer
432990,Abdelaziz,Encarnacion,Engineer
432991,Eran,Kossowski,Staff
432997,Jiann,Junet,Staff
433001,Wilmer,Eickenmeyer,Senior Staff
433003,Vatsa,Navazio,Senior Staff
433004,Shuho,Khamsi,Senior Staff
433006,Nikolaus,Sethi,Staff
433012,Saddek,Lenart,Senior Staff
433015,Mohd,Braccini,Senior Engineer
433017,Hyuckchul,Famili,Engineer
433020,Adas,Rahimi,Engineer
433022,Hinrich,Yetim,Engineer
433023,Hidefumi,Zeleznik,Senior Engineer
433034,Zhenhua,Rosiles,Senior Engineer
433035,Reinhold,Kruskal,Senior Staff
433036,Anestis,Yeung,Senior Engineer
433038,Reinhard,Miake,Senior Engineer
433039,Pasqua,Borstler,Senior Staff
433042,Vatsa,Decleir,Senior Staff
433044,Neven,Setiz,Senior Staff
433045,Torsten,Woycyznski,Senior Engineer
433049,Navid,Sankaranarayanan,Staff
433054,Jiang,Magliocco,Engineer
433061,Weiwu,Masada,Senior Staff
433065,Luerbio,Hopewell,Technique Leader
433066,Remco,Hooghiemstra,Senior Engineer
433067,Aral,Puoti,Engineer
433073,Menkae,Dymetman,Senior Staff
433077,Zongyan,Mungall,Senior Staff
433083,Akhilish,Lipner,Engineer
433084,Geoffrey,Neimat,Staff
433085,Sanjay,England,Senior Staff
433094,Xinglin,Matzke,Senior Engineer
433095,Barton,Lally,Staff
433096,Palash,Brookman,Senior Engineer
433104,Florina,Gente,Engineer
433105,Leif,Cmelik,Senior Staff
433111,Apostol,Schmezko,Senior Staff
433112,Rosita,Luks,Senior Engineer
433116,Bojan,Bierman,Senior Staff
433117,Rosli,Yoshimura,Technique Leader
433121,Lidong,Pusterhofer,Assistant Engineer
433126,Utpal,Weisert,Technique Leader
433127,Masali,Hellwagner,Senior Engineer
433130,Mihalis,Itzfeldt,Engineer
433131,Abdulla,Papastamatiou,Senior Staff
433133,Feipei,Brodie,Senior Staff
433134,Isaac,Zirintsis,Senior Engineer
433139,Jaideep,Lemarechal,Senior Engineer
433143,Kwangyoen,Mersereau,Staff
433146,Larisa,Pettis,Senior Engineer
433148,Lech,Peek,Engineer
433151,Mrinalini,Pauthner,Senior Staff
433153,Tadahiko,Ramras,Senior Staff
433158,Abdelghani,Hagimont,Senior Engineer
433159,Sudharsan,Boissier,Senior Staff
433160,Bingning,Hutter,Staff
433166,Ult,Fabrizio,Senior Engineer
433168,Thodoros,Birch,Engineer
433169,Toshiko,Baar,Senior Engineer
433171,Filipp,Pappas,Senior Staff
433172,Nagui,Curless,Senior Staff
433180,Yuichiro,Panwar,Senior Engineer
433185,Idoia,Bojadziev,Senior Staff
433186,Suzette,Plessier,Senior Engineer
433188,Bernt,Petereit,Senior Staff
433190,Stabislas,Foong,Engineer
433192,Ashish,Sethi,Senior Staff
433193,Badri,Shihab,Senior Staff
433200,Hisao,Taneja,Senior Staff
433203,Shigenori,Cappelli,Senior Staff
433207,Yunming,Cangellaris,Senior Engineer
433208,Hidefumi,Erev,Senior Engineer
433211,Youssef,Sanella,Senior Engineer
433214,Girolamo,Hofmeyr,Senior Staff
433217,Ebbe,Valette,Staff
433219,Tristan,DuCasse,Senior Engineer
433221,Neelam,Biron,Senior Engineer
433228,Mohammed,Picaronny,Senior Staff
433230,Christ,Molenaar,Senior Staff
433233,Jessie,Hiyoshi,Senior Staff
433235,Premsyl,Serov,Senior Staff
433239,Marlo,Vadhan,Senior Staff
433241,Abdulla,Nations,Senior Engineer
433242,Shigenori,Haldar,Engineer
433245,Duangkaew,Pleszkun,Senior Engineer
433251,Yuriy,Fiutem,Senior Staff
433252,Hitomi,Lorie,Senior Staff
433258,Nahum,Borovoy,Staff
433262,Bogdan,Homond,Engineer
433265,Bangqing,Braunmuhl,Senior Engineer
433267,Soenke,Piancastelli,Senior Staff
433271,Freyja,Naumovich,Senior Engineer
433284,Erzsebet,Kuhnemann,Senior Engineer
433292,Wayne,Merli,Senior Staff
433293,Emran,Mansanne,Senior Engineer
433295,Manton,Comellas,Senior Engineer
433296,Ishfaq,Callaway,Technique Leader
433298,Henk,Nyanchama,Staff
433299,Arco,Melton,Engineer
433300,Tonia,Kleiser,Senior Engineer
433301,Moheb,Chelton,Staff
433304,Valdiodio,Demizu,Senior Engineer
433307,Filipp,Norsworthy,Staff
433308,Gudjon,Piveteau,Senior Staff
433309,Lucian,Tibblin,Engineer
433317,Arunachalam,Lorho,Senior Engineer
433318,Martien,Perz,Assistant Engineer
433320,Gunilla,Takkinen,Senior Engineer
433321,Mabo,Msuda,Senior Engineer
433326,Jianwen,Baby,Senior Engineer
433329,Minghong,Antonakopoulos,Senior Staff
433331,Yuichiro,Baumann,Senior Staff
433341,Fox,Rusterholz,Senior Staff
433343,Radhika,Cmelik,Senior Staff
433345,Jiann,Stentiford,Technique Leader
433347,Ingemar,Suwa,Senior Engineer
433350,Pasqua,Danner,Engineer
433351,Fumino,Giveon,Staff
433355,Hyuncheol,Penttonen,Assistant Engineer
433360,Chanjung,Setlzner,Senior Engineer
433364,Tadahiko,Krupka,Senior Engineer
433365,Gonzalo,Lanphier,Engineer
433372,Rasiah,Yemenis,Senior Staff
433373,Ute,Terkki,Senior Engineer
433375,Kazuhide,Suessmith,Senior Engineer
433378,Aria,Erva,Senior Engineer
433381,Nakhoon,Heering,Senior Staff
433385,Kazuhide,Cardazo,Senior Engineer
433387,Elvia,Beidas,Engineer
433389,Ottavia,Christ,Senior Engineer
433393,Fumitaka,Picco,Senior Engineer
433397,Abdulah,Pettit,Senior Engineer
433404,Niteen,Sullins,Technique Leader
433406,Mansur,Kulisch,Technique Leader
433408,DeForest,Gerteisen,Senior Engineer
433414,Juyoung,Brattka,Senior Engineer
433421,Marlo,Angelopoulos,Senior Engineer
433422,Tze,Oxenboll,Staff
433431,Baoqiu,Neiman,Engineer
433433,Shem,Koprowski,Staff
433435,Mario,Gustavson,Senior Engineer
433440,Younwoo,Straney,Senior Staff
433443,Janche,Kakkad,Senior Engineer
433447,Tsutomu,Slutz,Senior Staff
433455,Yannik,Eldridge,Senior Engineer
433456,Van,Ranta,Engineer
433460,Carrsten,Halevi,Staff
433462,Gladys,Perry,Senior Engineer
433466,Tse,Lowrie,Senior Staff
433469,Barna,Ambroszkiewicz,Senior Staff
433470,Jianwen,Schreiter,Senior Engineer
433471,Martien,Schaap,Senior Engineer
433473,Mechthild,Stasinski,Senior Engineer
433474,Vidar,Encarnacion,Engineer
433475,Ymte,Steinauer,Staff
433480,Lucien,Francisci,Assistant Engineer
433481,Fumino,Rouquie,Engineer
433483,Zine,Hambrick,Senior Engineer
433488,Wayne,Antonisse,Senior Staff
433495,Xiping,Snedden,Senior Staff
433498,Satoru,Kobara,Staff
433500,Spyrose,Selenyi,Engineer
433503,Satosi,Spataro,Senior Engineer
433509,Dzung,Demian,Senior Staff
433511,Leni,Usdin,Staff
433513,Make,Pagter,Senior Engineer
433514,Susanne,Mikschl,Senior Engineer
433520,Armond,Cairo,Senior Staff
433522,Mitchel,Feldhoffer,Assistant Engineer
433534,Filipe,Kleiser,Senior Engineer
433536,Mansur,Otillio,Staff
433537,Roselyn,Picel,Technique Leader
433538,Hidde,Vieth,Senior Engineer
433539,Jacopo,Sridhar,Senior Engineer
433540,Annemarie,Edelhoff,Senior Engineer
433543,Gor,Lanteri,Senior Engineer
433552,Christophe,Krzyzanowski,Senior Staff
433558,Subhash,Murtafg,Staff
433561,Basant,Edelhoff,Senior Engineer
433562,Chrisa,Gruenwald,Staff
433575,Mabo,Ventosa,Senior Staff
433576,Marsja,Portugali,Engineer
433581,Nahid,Fortenbacher,Assistant Engineer
433591,Jaihie,Georgatos,Staff
433595,Sergi,Nishimukai,Senior Staff
433601,Ute,Rouquie,Senior Staff
433602,Chirstian,Hanabata,Staff
433603,Angus,Fiebach,Senior Staff
433606,Taisook,Baba,Senior Engineer
433607,Marc,Tokunaga,Engineer
433608,Aruna,Simkin,Senior Engineer
433611,Armond,Swiss,Senior Engineer
433613,Ravishankar,Griswold,Senior Staff
433614,Gad,Hasham,Senior Staff
433621,Uwe,Schreiter,Senior Engineer
433623,Sven,Falco,Senior Engineer
433627,JoAnna,Katiyar,Senior Staff
433628,Vishu,Copas,Engineer
433631,Bodh,Luff,Senior Staff
433647,Shmuel,Pramanik,Senior Staff
433656,Pragnesh,Silva,Senior Engineer
433657,Marko,Prampolini,Senior Staff
433658,Jovan,Wilharm,Staff
433661,Kwee,McAlpine,Engineer
433663,Arnd,Francisci,Senior Engineer
433665,Aimee,Kusalik,Staff
433670,Mohamadou,Bresenham,Senior Staff
433676,Takahiro,Besancenot,Staff
433679,Serenella,Katzenelson,Senior Staff
433683,Hinrich,Henders,Senior Staff
433684,Qiwen,Quittner,Senior Staff
433687,Conrado,Giveon,Senior Staff
433689,Make,Borovoy,Technique Leader
433691,Sailaja,Rijsenbrij,Senior Staff
433692,Marjo,Bellmore,Engineer
433694,Khun,Openshaw,Senior Staff
433696,Prasadram,Fargier,Engineer
433697,Navin,Vilarrasa,Technique Leader
433699,Serif,Sifakis,Senior Staff
433700,Tamiya,Raczkowsky,Senior Staff
433701,Dante,Rando,Staff
433704,Jaewon,Verspoor,Senior Staff
433710,Gou,Baezner,Senior Engineer
433715,Mansur,Rabejac,Senior Engineer
433720,Georg,Carrera,Senior Staff
433721,Abdelwaheb,Zizka,Engineer
433723,Goh,Taneja,Senior Staff
433726,Kazuhira,Muntz,Engineer
433727,Shalesh,Rosch,Staff
433728,Denny,Snedden,Senior Engineer
433730,Peer,Fargier,Staff
433732,Miquel,Chepyzhov,Senior Staff
433737,Sajjan,McDermid,Staff
433738,Toshimi,Petersohn,Staff
433740,Collette,Heering,Engineer
433745,Saniya,Grandbois,Senior Staff
433747,Conal,Sidje,Senior Engineer
433748,Geoffry,Scallan,Senior Staff
433749,Marjo,Huhdanpaa,Senior Staff
433750,Barry,Valette,Staff
433752,Niteen,Miake,Senior Engineer
433754,Leon,Sommen,Engineer
433759,Ugo,Preusig,Staff
433760,TRUE,Zaccaria,Senior Staff
433764,Conrado,Zolotykh,Staff
433767,Luise,Wallrath,Senior Engineer
433776,Kauko,Castellani,Senior Engineer
433781,Vasilis,Chleq,Senior Staff
433789,Eishiro,Gini,Senior Staff
433790,Prodip,Rusmann,Staff
433794,Elvis,Michaeli,Senior Staff
433798,Arnd,Peck,Senior Staff
433799,Kwangsub,Luga,Senior Engineer
433802,Holgard,Stanger,Staff
433807,Yuguang,Ozeri,Senior Staff
433817,Sham,Gopalakrishnan,Senior Staff
433822,Lucien,Garnham,Senior Engineer
433825,Lillian,Szilard,Staff
433826,Cordelia,Danecki,Technique Leader
433828,Elzbieta,Matzov,Senior Engineer
433829,Mayumi,Murrill,Technique Leader
433831,Bokyung,Hofmeyr,Senior Staff
433833,Giap,Malabarba,Engineer
433837,Jaroslava,Bresenham,Staff
433841,Deborah,Imataki,Senior Staff
433848,Arun,Hanratty,Senior Engineer
433849,Nechama,Whitcomb,Engineer
433852,Arra,Biran,Senior Engineer
433854,Fuqing,Rehfuss,Senior Staff
433855,Aiichiro,Benantar,Senior Staff
433859,Padma,Isard,Engineer
433869,Mang,Kalorkoti,Senior Engineer
433872,Feiyu,Nannarelli,Senior Engineer
433873,Uwe,Alpin,Senior Engineer
433876,Mamdouh,Pepe,Engineer
433877,Kristine,Ramsak,Senior Staff
433879,Shigehito,Bennet,Engineer
433880,Arumugam,Peek,Senior Engineer
433882,Zejun,Jervis,Senior Staff
433883,Narain,Straney,Senior Staff
433885,Aksel,Rosca,Staff
433888,Armond,Sommen,Senior Engineer
433891,Samphel,Bamford,Senior Engineer
433892,Halsur,Wrigley,Senior Staff
433893,Zvonko,Setiz,Staff
433896,Jinxi,Carrera,Senior Staff
433900,Salvador,Varley,Senior Staff
433902,Nevin,Dusink,Senior Engineer
433906,Prodip,Speel,Senior Staff
433913,Holgard,Billawala,Senior Staff
433914,Dmitri,Heuter,Staff
433922,Owen,Brookner,Senior Staff
433924,Bikash,Sudkamp,Engineer
433925,Hausi,Varley,Senior Engineer
433926,Xiaobin,Alblas,Technique Leader
433927,Kenroku,Vecchio,Senior Staff
433928,Shiv,Szmurlo,Senior Staff
433931,Foong,Krone,Staff
433934,Moriyoshi,Heuser,Engineer
433936,Kyoichi,Reeken,Senior Engineer
433937,Annemarie,Randt,Senior Engineer
433938,Venkatesan,Azadmanesh,Senior Staff
433939,Valdiodio,Wrigley,Engineer
433941,Zejun,Ozeri,Senior Engineer
433946,Arnd,Cooley,Engineer
433949,Alejandra,Mondadori,Senior Engineer
433950,Xinyu,Heusch,Senior Staff
433954,Arif,Erev,Staff
433955,Niteen,Daescu,Senior Staff
433962,Mani,Waleschkowski,Senior Engineer
433966,Yannik,Bruckman,Senior Engineer
433967,Trygve,Kavanagh,Senior Engineer
433968,Shigehiro,Coombs,Staff
433970,Snehasis,Rubsam,Engineer
433971,Zhiguo,Gerlach,Staff
433972,Geoffry,Lanteri,Senior Staff
433973,Behnaam,Speek,Senior Staff
433984,Tomokazu,Melski,Senior Staff
433985,Adly,Reinhard,Senior Staff
433991,Freyja,Zaumen,Senior Engineer
433992,Isamu,Gien,Engineer
433998,Chiradeep,Pettis,Senior Staff
434004,Xiahua,Haddadi,Senior Staff
434012,Mohit,Baezner,Engineer
434013,Ewing,Chartres,Staff
434014,Moty,Sewelson,Assistant Engineer
434017,Wuxu,Radivojevic,Technique Leader
434019,Kristen,Swiler,Senior Engineer
434023,Kristian,Worfolk,Senior Staff
434027,Mircea,Gischer,Staff
434028,Shen,Biron,Senior Engineer
434033,Sedat,Itzfeldt,Engineer
434034,Yoshimitsu,Shihab,Senior Engineer
434036,Mingzeng,Suri,Senior Staff
434038,Chirstian,Kaiserswerth,Senior Staff
434042,Munenori,Serre,Staff
434051,Steve,Legleitner,Technique Leader
434058,Masami,Eterovic,Senior Staff
434059,Henk,Karner,Senior Engineer
434061,Pranas,Barriga,Staff
434062,Candido,Boyle,Senior Engineer
434065,Lucian,Dengi,Engineer
434066,Neelam,Pews,Staff
434068,Tuval,Tsukune,Senior Engineer
434078,Ronghao,Gulik,Engineer
434079,Gino,Montemayor,Senior Staff
434080,Tru,Pettis,Technique Leader
434082,Filipe,Swick,Senior Staff
434084,Abdelghani,Cappello,Senior Staff
434089,Mamdouh,Bratten,Senior Engineer
434092,Keiichiro,Waterhouse,Senior Engineer
434097,Luerbio,Berztiss,Engineer
434106,Muzhong,Simmen,Senior Staff
434108,Rosita,Strandh,Senior Staff
434109,Sajjad,Huttel,Senior Staff
434111,Satoru,Demeyer,Senior Staff
434112,Ebru,Roisin,Senior Engineer
434113,Miyeon,Walston,Senior Staff
434114,Nobuyoshi,Portugali,Senior Staff
434115,Yagil,Fortenbacher,Senior Staff
434117,Kokou,Lunt,Senior Engineer
434120,Dayanand,Baca,Senior Staff
434121,Tadahiro,Rabejac,Staff
434122,Juyoung,Kornyak,Engineer
434128,Vesna,Tomescu,Senior Staff
434131,Sachem,Kriebel,Staff
434142,Kenton,Lalonde,Senior Staff
434143,Barna,Zhiwei,Technique Leader
434146,Shooichi,Geffroy,Technique Leader
434152,Marsja,Naumovich,Senior Engineer
434153,Moon,Bamford,Senior Engineer
434158,Hiroyasu,Fasbender,Senior Staff
434165,Vesna,Christ,Senior Engineer
434168,Aiman,Alencar,Senior Staff
434173,Hitofumi,Munke,Senior Staff
434174,Dipayan,Usdin,Senior Engineer
434176,Shimshon,Frezza,Senior Engineer
434177,Rafael,McConalogue,Staff
434178,Lillian,Makinen,Technique Leader
434180,Stella,Mersereau,Engineer
434183,Radhika,Brizzi,Senior Staff
434184,Gianluca,Schonegge,Engineer
434185,Atreye,Morrey,Senior Engineer
434187,Gregory,Lamparter,Staff
434198,Hatem,Hiroyama,Senior Engineer
434200,Georg,Beutelspacher,Senior Engineer
434202,Lenore,Unno,Senior Staff
434208,Berry,Mondadori,Senior Engineer
434214,Oscal,Fabrizio,Technique Leader
434217,Jagoda,Kroha,Senior Engineer
434218,Gonzalo,Solovay,Senior Staff
434219,Pragnesh,Delgrossi,Senior Engineer
434222,Charmane,Wiegley,Senior Staff
434223,Radhakrishnan,Coombs,Staff
434226,Miquel,Gulla,Senior Staff
434228,Nectarios,Calkin,Staff
434229,Utpal,Dredge,Senior Staff
434234,Younwoo,Rothenberg,Staff
434236,Rosalie,Vilarrasa,Senior Engineer
434238,Stein,Frijda,Senior Engineer
434242,Bernt,Matzov,Senior Staff
434245,Toshiko,Schaaf,Senior Staff
434249,Malu,Bonifati,Senior Staff
434250,Ulises,Jansch,Senior Staff
434254,Xiaoshan,Marwedel,Assistant Engineer
434261,Doowon,Dulay,Senior Staff
434262,Kerryn,Peir,Senior Staff
434264,Chiranjit,Bamford,Senior Staff
434270,Fumiyo,Leonhardt,Engineer
434271,Ziva,Oehlmann,Senior Staff
434272,Woody,Roccetti,Senior Engineer
434274,Turgut,Katalagarianos,Senior Engineer
434276,Qunsheng,dAstous,Engineer
434277,Mary,Assaf,Senior Staff
434278,Sedat,Binding,Senior Engineer
434284,Sudharsan,Baranowski,Senior Staff
434286,Martijn,Riefers,Senior Staff
434287,Shigehito,McAlpine,Assistant Engineer
434289,Sajjan,Broomell,Senior Staff
434292,Mohammad,Atchley,Senior Engineer
434301,Candido,Roison,Senior Engineer
434305,Ziya,Perz,Senior Engineer
434306,Maja,Jervis,Senior Engineer
434309,Georgi,Tsukuda,Senior Staff
434310,Dmitry,Einsfeld,Senior Engineer
434316,Irena,Murillo,Senior Engineer
434317,Nathan,Baer,Staff
434318,Joydip,Taneja,Senior Engineer
434323,Bedir,Gaughan,Engineer
434326,Urs,Emmart,Staff
434327,Adhemar,Middleton,Engineer
434332,Parke,Muniz,Engineer
434333,Teiji,Spieker,Senior Engineer
434335,Naftali,Portugali,Engineer
434339,Danae,Lorch,Senior Staff
434340,Youjian,Erde,Senior Engineer
434346,Mariangiola,Heuser,Senior Engineer
434347,Mahmut,Androutsos,Engineer
434349,Denis,Skrikant,Engineer
434357,Chinya,Tomescu,Staff
434358,Fabrizio,Serot,Senior Engineer
434360,Aram,Zolotykh,Senior Engineer
434362,Guttorm,Demizu,Senior Engineer
434363,Zita,Ghelli,Senior Staff
434365,Takahira,Isard,Senior Staff
434374,Alper,Eickenmeyer,Staff
434377,Katsuo,Pollacia,Senior Engineer
434379,Mahendra,Wilharm,Senior Staff
434382,Monique,Sridhar,Senior Engineer
434385,Kerryn,Callaway,Senior Engineer
434388,Taiji,Gente,Staff
434391,Ulf,Schahn,Senior Engineer
434392,Yurij,Ozeri,Senior Engineer
434399,Shai,Hinsberger,Senior Staff
434401,Utz,Kamber,Engineer
434402,Huiqun,Bazelow,Staff
434409,Feipei,Adachi,Senior Staff
434416,Kousuke,Vieth,Engineer
434417,Van,Falster,Engineer
434419,Emran,Zeidenstein,Senior Staff
434428,Gad,Klassen,Technique Leader
434431,Berto,Hiroyama,Senior Staff
434434,Yucai,Kawashima,Senior Staff
434440,Youpyo,Schueller,Senior Staff
434442,Paraskevi,Ishibashi,Senior Engineer
434446,Shigeo,Yurek,Engineer
434449,Prasadram,Bain,Senior Engineer
434456,Maha,Picci,Senior Staff
434457,Siamak,Curless,Senior Engineer
434458,Mari,Stellhorn,Senior Staff
434460,Dines,Hebden,Senior Staff
434466,Geoff,Servieres,Senior Engineer
434474,Fabrizio,Isaak,Engineer
434475,Jiakeng,Lung,Senior Staff
434478,Yongmao,Bage,Staff
434483,Mahmut,Gyorkos,Senior Staff
434491,Rosli,Farrar,Senior Engineer
434493,Akeno,Rindone,Staff
434496,Rosalyn,Vecchio,Senior Engineer
434500,Kwee,Fadgyas,Staff
434505,Jianhua,Fritzsche,Engineer
434507,Baruch,Carrere,Senior Engineer
434508,Kendra,Birjandi,Senior Staff
434509,Conal,Delgrange,Technique Leader
434514,Brigham,Butterworth,Staff
434519,Zissis,Eiron,Senior Engineer
434523,Pintsang,Danecki,Senior Staff
434524,Frazer,Cronau,Senior Engineer
434531,Nevio,Baezner,Staff
434534,Marla,Naudin,Engineer
434536,Subhash,Einsfeld,Senior Engineer
434541,Gretta,Ramaiah,Senior Engineer
434546,Mahmut,Whitcomb,Staff
434547,Xinyu,Tetzlaff,Engineer
434549,Sachio,Quaggetto,Senior Staff
434550,Luerbio,Perko,Senior Engineer
434552,Shaibal,Setiz,Senior Engineer
434556,Khoa,Varley,Engineer
434557,Elgin,Perri,Senior Staff
434558,Shichao,Harllee,Senior Staff
434560,Gudjon,Petereit,Senior Staff
434569,Adel,Ramsey,Engineer
434570,Rosalie,Schapiro,Staff
434578,Rimon,Cangellaris,Senior Engineer
434579,Rafols,Keustermans,Senior Engineer
434580,Oscal,Saoudi,Senior Staff
434587,Fusako,Boudaillier,Staff
434595,Godehard,Ghazalie,Engineer
434602,Maja,Angel,Senior Engineer
434604,Ranga,Kossowski,Senior Staff
434606,Hugh,Krupka,Senior Engineer
434608,Vasilii,Blokdijk,Senior Staff
434613,Marie,Kemmerer,Staff
434614,Piyush,Kopetz,Senior Staff
434620,Mizuhito,Yetim,Senior Staff
434627,Yinghua,Muchinsky,Staff
434628,Abdelwaheb,Benzaken,Senior Engineer
434631,Arup,Cannane,Senior Engineer
434632,Gladys,Thombley,Engineer
434633,Roddy,Byoun,Senior Engineer
434638,Horward,Zobel,Senior Engineer
434640,Ult,Picaronny,Engineer
434646,Kensyu,Caine,Senior Engineer
434647,Aluzio,Ramsay,Engineer
434649,Xiping,Reghbati,Staff
434651,Yannik,Nourani,Senior Engineer
434652,Sariel,Middleton,Senior Staff
434653,Amstein,Cochrane,Engineer
434655,Zeydy,Wroclawski,Senior Engineer
434661,Samphel,Luca,Staff
434666,Kish,Speek,Senior Engineer
434670,Gilbert,Valette,Senior Staff
434673,Jeanne,Menhoudj,Technique Leader
434674,Shrikanth,Demeyer,Senior Engineer
434677,Remzi,Gulla,Senior Staff
434689,Lena,Veevers,Senior Engineer
434690,Zijian,Hammerschmidt,Senior Staff
434691,Raimond,Majewski,Engineer
434692,Shao,Manderick,Senior Staff
434700,Abdelwaheb,Botman,Senior Engineer
434704,Adin,Schaar,Senior Staff
434708,Maya,Feldmann,Senior Staff
434709,Premal,Rajaraman,Engineer
434710,Odysseas,Fiebach,Staff
434714,Fabrizio,Pintelas,Senior Engineer
434717,Muzhong,Khalid,Senior Engineer
434718,Mong,Bratten,Senior Engineer
434721,Djenana,Weedman,Staff
434725,Along,McClurg,Technique Leader
434729,Arve,Markovitch,Senior Staff
434735,Lenore,Antonisse,Engineer
434736,Francoise,Rajaraman,Staff
434742,Siamak,Levergood,Technique Leader
434752,Lidong,Heiserman,Engineer
434758,Alair,Tzvieli,Staff
434760,Fumitake,Gill,Engineer
434762,Shaibal,Dalphin,Engineer
434765,Kazunori,Fadgyas,Senior Engineer
434766,Basim,Babu,Senior Staff
434769,Kristian,Roccetti,Senior Engineer
434770,Aluzio,Mamelak,Engineer
434771,Dipankar,Poupard,Staff
434773,Reuven,Hutter,Senior Engineer
434776,Jungsoon,Chinen,Engineer
434777,Mihalis,Hartvigsen,Senior Engineer
434781,Guozhong,Rosay,Staff
434784,Hirochika,Templeman,Senior Engineer
434785,Sachin,Penn,Senior Staff
434787,Pasqua,Chleq,Senior Staff
434789,Heeju,Vuskovic,Senior Engineer
434790,Lorien,Baaz,Senior Engineer
434792,Wojceich,Veevers,Engineer
434794,Leni,Piazza,Senior Staff
434797,Sreekrishna,Anily,Senior Engineer
434806,Adam,Cooman,Senior Staff
434807,Licheng,Karner,Senior Engineer
434809,Stamatina,Peres,Senior Engineer
434820,Mingzeng,Falco,Senior Staff
434821,Nathalie,Kalsbeek,Senior Staff
434822,JoAnne,Bazzichi,Senior Engineer
434823,Xinan,Herber,Technique Leader
434824,Randy,Goodrum,Engineer
434825,Kerryn,Baaz,Senior Engineer
434831,Margo,Luke,Senior Staff
434832,Vojin,Mitzlaff,Senior Staff
434833,Uma,Shackell,Senior Staff
434834,Tse,Stasinski,Engineer
434837,Branimir,Dratva,Senior Engineer
434848,Siamak,Fioravanti,Engineer
434853,Kokou,Lyonns,Senior Engineer
434862,Udo,Quittner,Staff
434891,Youngkon,Kaiserswerth,Senior Engineer
434895,Dipankar,Backhouse,Senior Staff
434896,Zhensheng,Furudate,Technique Leader
434907,Zijian,Sigstam,Engineer
434911,Quingbo,Schauser,Engineer
434921,Kagan,Litzkow,Senior Engineer
434922,Syozo,Bugaenko,Senior Engineer
434923,Heather,Riefers,Senior Staff
434924,Feiyu,Morton,Senior Engineer
434931,JiYoung,Rosti,Senior Staff
434933,Palash,Itzigehl,Senior Staff
434937,Oscal,Birdsall,Senior Staff
434944,Magdalena,Kuzuoka,Staff
434949,Hausi,Lores,Senior Engineer
434950,Berto,Sadowski,Senior Engineer
434953,Hideo,Swen,Engineer
434957,Chandrasekaran,Munos,Senior Engineer
434958,Ayonca,Gyorkos,Senior Staff
434961,Rasiah,Montresor,Senior Staff
434968,Gritta,Takkinen,Senior Engineer
434974,Alper,Piveteau,Engineer
434976,Nitsan,Lorin,Engineer
434977,Arvin,Scallan,Senior Engineer
434980,Sanjit,Salvesen,Staff
434984,Geraldo,Garnick,Senior Engineer
434988,Adin,Cannata,Senior Engineer
434992,Tomokazu,Schwabacher,Senior Staff
434995,Mads,Yoshimura,Senior Staff
434997,Ranan,Taubman,Senior Engineer
435002,Pramod,Murillo,Assistant Engineer
435006,Panayotis,Thisen,Senior Engineer
435012,Abdelghani,Decaestecker,Senior Engineer
435016,Constantine,Bojadziev,Senior Engineer
435018,Arvind,Swan,Senior Engineer
435024,Sachio,Plotkin,Senior Engineer
435032,Spyrose,Linnainmaa,Senior Engineer
435037,Lech,Mikschl,Engineer
435040,Shaowen,Otillio,Senior Staff
435045,Yishay,Wixon,Engineer
435047,Danco,Hiyoshi,Senior Engineer
435048,Wonhee,Matheson,Senior Engineer
435063,Troy,Lenart,Senior Engineer
435064,Youjian,Miculan,Senior Staff
435065,Roddy,Denna,Senior Staff
435066,Gio,Ramaiah,Senior Engineer
435067,Tsvetan,Pramanik,Senior Engineer
435072,Lech,Pintelas,Senior Engineer
435073,Babette,Picco,Senior Engineer
435077,Dmitri,Stentiford,Senior Engineer
435078,Hatsukazu,Parfitt,Senior Staff
435087,Breannda,Cherinka,Senior Staff
435088,Bingning,Pardalos,Assistant Engineer
435089,Shaw,Gomatam,Senior Staff
435097,Deborah,Cappelli,Senior Staff
435101,Snehasis,Comellas,Senior Staff
435105,Ziyad,Radivojevic,Senior Engineer
435106,Otilia,Ratnaker,Senior Staff
435109,Keung,Rikino,Senior Engineer
435110,Lubomir,Gustavson,Senior Engineer
435111,Gully,Khasidashvili,Senior Staff
435112,Jiakeng,Mitchem,Senior Engineer
435113,Tianruo,Nastansky,Senior Engineer
435115,Vivian,Benveniste,Engineer
435116,Kamakshi,Skrikant,Senior Staff
435119,Marsal,Heiserman,Engineer
435124,Poornachandra,Greenaway,Technique Leader
435126,Zeydy,Bernardeschi,Senior Staff
435127,Pranas,Lovengreen,Senior Staff
435132,Saniya,Narahari,Senior Engineer
435135,Anoosh,Keirsey,Engineer
435138,Ult,Leppanen,Senior Engineer
435139,Nikolaos,Chinin,Engineer
435140,Rosine,Ponthieu,Senior Staff
435148,Gennady,Buchter,Staff
435153,Sanjit,Tramer,Engineer
435154,Shigenori,Vesel,Senior Staff
435156,Munir,Emmerich,Senior Engineer
435165,Freyja,Coors,Senior Engineer
435166,Shahid,Awdeh,Senior Staff
435169,Kshitij,Litzkow,Senior Engineer
435173,Koichi,Weedon,Engineer
435175,Jessie,Zirintsis,Senior Engineer
435183,Satoru,Gopalakrishnan,Engineer
435193,Kensei,Zaccaria,Senior Engineer
435196,Heeju,Manders,Engineer
435198,Krisda,Dengi,Senior Staff
435199,Pranay,Butterworth,Engineer
435210,Huiqun,Zongker,Senior Engineer
435220,Poorav,Basawa,Senior Engineer
435222,Shem,Ghandeharizadeh,Senior Engineer
435229,Toshiko,Vieri,Senior Engineer
435231,Matt,Schade,Engineer
435236,Bader,Zwicker,Senior Staff
435239,Lena,Gadepally,Senior Staff
435240,Cullen,Janetzko,Senior Staff
435241,Takahito,Ciolek,Senior Staff
435259,Gennadi,Otillio,Senior Staff
435269,Pragnesh,Pettey,Staff
435272,Junichi,Vendrig,Staff
435277,Sadegh,Prochazka,Staff
435279,Boguslaw,Ramamoorthy,Senior Staff
435283,Naftali,Lieblein,Senior Engineer
435298,Morris,Shackel,Staff
435303,Lijia,Schnabel,Engineer
435307,Hsiangchu,Baja,Senior Staff
435308,Yuguang,Chenney,Assistant Engineer
435311,Qunsheng,Hartvigsen,Senior Staff
435312,Hatsukazu,Kisuki,Senior Engineer
435313,Fun,Vitiello,Senior Staff
435315,Georgi,Turnbull,Senior Staff
435317,Naraig,Danner,Engineer
435318,Ute,Varley,Senior Engineer
435324,Werner,Gien,Staff
435326,Subir,Bonifati,Senior Staff
435327,Takahito,Geffroy,Staff
435330,Guadalupe,Savasere,Senior Staff
435336,Ghassan,Lorho,Engineer
435345,Karoline,Murtafg,Senior Engineer
435346,Zijian,Osgood,Senior Staff
435350,Abdulla,Debuse,Senior Staff
435354,Bowen,Bashian,Senior Staff
435360,Jixiang,Rassart,Senior Staff
435364,Nadjib,Suomi,Senior Engineer
435379,Subhada,Schrift,Senior Engineer
435381,Paloma,Chenney,Senior Engineer
435388,Monique,Birnbaum,Senior Engineer
435399,Theron,Auyong,Senior Staff
435403,Dharmaraja,Ghelli,Senior Engineer
435417,Ranga,Melski,Technique Leader
435426,Vasilis,Yeung,Senior Engineer
435427,Manibrata,Gewali,Senior Staff
435429,Filipe,Conta,Senior Staff
435432,Sarita,Goldhammer,Staff
435442,Yinghua,Shimshoni,Senior Engineer
435445,Thanasis,Schaaf,Engineer
435450,Tiina,Spinelli,Senior Staff
435452,Leaf,Encarnacion,Engineer
435456,Chiradeep,Bazzichi,Senior Engineer
435459,Arto,Heuser,Technique Leader
435465,Gio,Boguraev,Staff
435467,Duke,Lodder,Senior Staff
435470,Jianhui,Kavvadias,Senior Staff
435474,Shounak,Pagter,Staff
435476,Vasilii,Cheshire,Engineer
435478,Shaowei,Spataro,Senior Staff
435481,Aloke,Glinert,Senior Staff
435489,Dines,Foong,Technique Leader
435491,Kristinn,Bashian,Senior Engineer
435507,Sajjan,Pettis,Assistant Engineer
435512,Yakkov,Orsini,Senior Engineer
435514,Jaber,Giaccio,Senior Staff
435515,Gen,Brookner,Senior Engineer
435519,Nagui,Jahnichen,Engineer
435528,Stevo,Schach,Senior Engineer
435533,Stein,Giarratana,Engineer
435534,Hatsukazu,Halevi,Staff
435535,Stella,Bardell,Engineer
435536,Sanjit,Zykh,Engineer
435537,Mihalis,Coney,Engineer
435541,Gal,Quadeer,Assistant Engineer
435543,Maris,Ertl,Engineer
435544,Berni,Markovitch,Senior Engineer
435546,Bernice,Sidhu,Senior Staff
435551,Mayumi,Baar,Senior Staff
435553,Somnath,Moffat,Staff
435555,Along,Cairo,Staff
435556,Dinkar,Badr,Senior Engineer
435557,Mitsuyuki,Rouquie,Senior Engineer
435564,Hatim,Erez,Technique Leader
435566,Licheng,Kawashima,Senior Engineer
435567,Arun,Peha,Senior Engineer
435569,Basil,Ducloy,Senior Staff
435576,Urs,Felder,Senior Engineer
435587,Mohua,Narahari,Technique Leader
435590,Adel,Hardjono,Senior Engineer
435592,Barton,Yoshimura,Engineer
435595,Jianhui,Foote,Staff
435597,Khosrow,Jeansoulin,Senior Engineer
435598,Remko,Peltason,Senior Engineer
435599,Sumali,Rattan,Senior Engineer
435606,Kerhong,Aingworth,Senior Engineer
435611,Fabrizio,Shokrollahi,Senior Engineer
435613,Moheb,Grabner,Engineer
435617,Almudena,Broder,Senior Engineer
435618,Bouchung,Riesenhuber,Senior Engineer
435623,Paraskevi,Demos,Senior Staff
435630,Dines,Baer,Senior Staff
435634,Willard,Karner,Senior Staff
435635,Jiakeng,Ellozy,Senior Engineer
435640,Zdislav,Kitai,Senior Staff
435645,Branimir,Hennings,Senior Engineer
435646,Herbert,Luby,Senior Staff
435650,Idoia,Wendorf,Engineer
435666,Dmitry,Zhang,Technique Leader
435667,Kendra,Dusink,Staff
435672,Ortrun,Ernst,Senior Engineer
435674,Sanjay,Mandell,Staff
435679,Ravishankar,Herath,Senior Engineer
435685,Vasilii,Mattern,Technique Leader
435690,Zhonghua,Wynblatt,Senior Engineer
435691,Hinrich,Erev,Senior Engineer
435693,Shigeichiro,Koshiba,Senior Engineer
435697,Miquel,McDermid,Senior Engineer
435704,Kellie,Dayang,Engineer
435706,Heng,Roison,Senior Staff
435707,Radhika,Terekhov,Senior Engineer
435708,Sumali,Scallan,Engineer
435711,Emran,Alvarado,Senior Engineer
435713,Ortrun,Daescu,Technique Leader
435714,Sumant,Gluchowski,Senior Engineer
435719,Gritta,Sidou,Senior Staff
435720,Shahaf,Rijsenbrij,Engineer
435729,Yuuichi,Kroft,Senior Engineer
435742,Udi,Goldhammer,Senior Engineer
435743,Ibibia,Nanard,Technique Leader
435749,Ortrun,Binkley,Engineer
435753,Matk,Ratzlaff,Senior Engineer
435754,Radhakrishnan,Zeilberger,Staff
435759,Demos,Grospietsch,Senior Staff
435761,Ranga,Rahimi,Staff
435764,Koichi,Perri,Senior Staff
435766,Zhongwei,Murthy,Engineer
435775,Babette,Wiegley,Senior Engineer
435781,Apostol,Emiris,Staff
435782,Shugo,Bolotov,Staff
435783,Guozhong,Ghazalie,Senior Engineer
435785,Yongmin,Validov,Senior Staff
435788,Babette,Chenoweth,Engineer
435789,Jolita,Couchot,Staff
435798,Sorina,Merkl,Staff
435799,Gudjon,Kaiserswerth,Senior Staff
435806,Moie,Ventosa,Technique Leader
435810,Fumiya,Deyuan,Senior Engineer
435811,Tran,Riesenhuber,Engineer
435812,Kazuhisa,Rosca,Senior Engineer
435819,Manton,Merey,Senior Staff
435822,Adly,Shihab,Engineer
435827,Shimshon,Weisert,Senior Engineer
435830,Yechiam,Zaumen,Senior Engineer
435836,Basil,Delgrande,Senior Staff
435839,Byong,Pusterhofer,Technique Leader
435842,Nigel,Wroclawski,Senior Staff
435843,Fei,Gammage,Senior Staff
435850,Renee,Frijda,Technique Leader
435851,Tru,Asser,Senior Engineer
435852,Hauke,Azadmanesh,Senior Engineer
435854,Chrisa,Luef,Senior Engineer
435856,Yurij,Morrow,Senior Staff
435859,Sudhanshu,Rissanen,Senior Staff
435864,Jagoda,Lammel,Assistant Engineer
435877,Takahiro,Marsiglia,Senior Staff
435880,Kwangsub,Giarratana,Senior Engineer
435885,Tua,Petereit,Senior Engineer
435886,Tokuyasu,Fadgyas,Senior Engineer
435893,Charlene,Byoun,Engineer
435896,Kokou,Bade,Senior Engineer
435898,Alejandro,Perez,Senior Engineer
435902,Claude,Gill,Engineer
435904,Isaac,Szmurlo,Engineer
435906,Geoff,Birjandi,Technique Leader
435909,Chiradeep,Ruemmler,Engineer
435910,Abdelwaheb,Engelmann,Senior Engineer
435911,Patricia,Perez,Senior Staff
435912,Weiwu,Ohori,Engineer
435916,Cullen,Murtha,Senior Engineer
435917,Parviz,Yemenis,Staff
435924,Mariusz,Plessier,Senior Staff
435933,Kauko,Birdsall,Senior Staff
435935,Nidapan,Back,Engineer
435938,Kwan,Wilfing,Senior Staff
435952,Toshimi,Back,Senior Engineer
435956,Gal,Kushnir,Assistant Engineer
435966,Valeska,Luan,Engineer
435967,Izaskun,Schneeberger,Senior Engineer
435970,Rosine,Leijenhorst,Senior Engineer
435972,Tomofumi,Gaughan,Assistant Engineer
435973,Ramalingam,Luks,Staff
435977,Hausi,Khamsi,Senior Staff
435980,Toney,Rando,Senior Staff
435985,Shugo,Vuskovic,Senior Engineer
435989,Shen,Hinsberger,Engineer
435990,Keiichiro,Plotkin,Engineer
435991,Matt,Kornyak,Senior Engineer
435992,Kish,Herber,Senior Engineer
435993,Zhilian,Heuser,Senior Staff
435994,Tadahiro,Naudin,Staff
435995,Jovan,Anger,Senior Engineer
435998,Ymte,Wrigley,Technique Leader
436001,Guenter,Restivo,Senior Engineer
436002,Kazuyasu,Takanami,Senior Engineer
436005,Kristen,Poupard,Senior Engineer
436007,Wonhee,Soicher,Senior Staff
436008,Jordanka,Hasenauer,Staff
436012,Koldo,Shimshoni,Senior Staff
436016,Uma,Shokrollahi,Senior Engineer
436020,Rutger,Wielonsky,Senior Engineer
436025,Hugh,Doering,Senior Engineer
436026,Gritta,Keustermans,Senior Engineer
436031,Jaques,Schmezko,Senior Engineer
436036,Conrado,Litecky,Senior Staff
436039,Ravishankar,Attimonelli,Staff
436047,Billur,Oskamp,Senior Staff
436049,Golgen,Schmiedel,Staff
436050,Christophe,Emiris,Engineer
436051,Tristan,Staelin,Senior Staff
436054,Qunsheng,Wynblatt,Engineer
436055,Adam,Hofting,Technique Leader
436061,Ekawit,Ressouche,Senior Engineer
436062,Kshitij,Ibel,Senior Staff
436067,Marla,Passino,Engineer
436069,Xumin,Spieker,Senior Engineer
436073,Pranjal,Lyonns,Senior Engineer
436074,Jessie,Morrow,Senior Engineer
436077,Mabo,Macedo,Senior Staff
436079,Shigeichiro,Redmiles,Engineer
436088,Karsten,Kisuki,Senior Engineer
436094,Mads,McDermid,Senior Engineer
436096,Arvin,Baak,Technique Leader
436099,Yonghoan,Delgrange,Staff
436106,Kersti,Matzat,Senior Engineer
436111,Susumu,Avouris,Senior Staff
436114,Abdelkader,Brender,Engineer
436116,Saniya,Billawala,Senior Staff
436121,Shigeaki,Eiron,Senior Staff
436124,Padma,Binding,Senior Engineer
436125,Shahaf,Peron,Staff
436126,Janalee,Baek,Senior Staff
436128,Moon,Takkinen,Staff
436129,Domenico,Narwekar,Senior Engineer
436130,Guenter,Lorys,Senior Engineer
436139,Takahira,Krogh,Staff
436143,Serenella,Marchesini,Senior Staff
436144,Mark,Morrow,Senior Engineer
436145,Zeljko,Lung,Senior Staff
436147,Gadiel,Kalorkoti,Staff
436148,Basant,Cairo,Senior Staff
436149,Niteen,Bratsberg,Senior Staff
436150,Utpal,Whittlesey,Senior Staff
436151,Huai,Cmelik,Senior Engineer
436153,Hidefumi,Berztiss,Assistant Engineer
436154,Dayanand,Borovoy,Senior Engineer
436156,Nectarios,Benaini,Assistant Engineer
436157,Halsur,Haddadi,Senior Engineer
436175,Martien,Pouyioutas,Senior Engineer
436178,Venkatesan,Ozery,Technique Leader
436182,Matt,Dusink,Staff
436183,Geoffrey,Jakobus,Senior Staff
436184,Lokesh,Rahier,Senior Staff
436185,Danny,Axelband,Senior Staff
436188,Bedir,Bridgland,Technique Leader
436191,Aram,Rajcani,Senior Engineer
436192,Nikolaos,Uchoa,Senior Engineer
436195,Wilmer,Eppinger,Senior Staff
436196,Kolar,Cherinka,Senior Engineer
436197,Ramalingam,Mitina,Senior Staff
436205,Rosita,Zielinski,Senior Engineer
436209,Manton,Kermarrec,Senior Engineer
436214,Youssef,Giaccio,Senior Engineer
436218,Gladys,Bergere,Engineer
436220,Zongyan,Pelc,Senior Engineer
436225,Mani,Penz,Senior Engineer
436228,Aemilian,Chiola,Staff
436229,Danny,Spataro,Senior Engineer
436230,Niteen,Zykh,Engineer
436231,Pohua,Rusmann,Engineer
436239,Cristinel,Falster,Senior Staff
436242,Leen,Chiola,Staff
436243,Evgueni,Fujisaki,Senior Staff
436251,Shichao,Yeung,Engineer
436254,Tsutomu,Bellone,Senior Staff
436255,Manohar,Schusler,Senior Engineer
436266,Byong,Lampe,Engineer
436269,Bernd,Ressouche,Engineer
436270,Falguni,Melter,Senior Staff
436272,Chinho,Karlin,Staff
436284,Danai,Dahlbom,Staff
436285,Shahab,Lorin,Engineer
436287,Djenana,Bottner,Assistant Engineer
436298,Sham,Gluchowski,Staff
436302,Ymte,Schurmann,Senior Staff
436304,Mohammed,Sommer,Senior Engineer
436307,Parke,Sambasivam,Senior Engineer
436308,Jingling,Collavizza,Senior Engineer
436310,Conor,Cmelik,Technique Leader
436312,Tremaine,Bael,Staff
436313,Babette,Linnainmaa,Technique Leader
436316,Zeljko,Staudhammer,Technique Leader
436317,Nectarios,Schaap,Engineer
436319,Ramzi,Emmerich,Senior Engineer
436327,Make,Seuren,Senior Staff
436329,Sreenivas,Suessmith,Senior Staff
436334,Kinh,Delgrossi,Engineer
436339,Berthier,Koblitz,Senior Engineer
436341,Zhongwei,Pettit,Senior Engineer
436342,Sreenivas,Lorho,Senior Staff
436344,Manibrata,Anily,Senior Staff
436345,Serenella,Hopewell,Senior Staff
436346,Jenwei,Zykh,Senior Engineer
436348,Adib,Oberman,Senior Engineer
436362,Adamantios,Setia,Senior Engineer
436364,Zongyan,Danecki,Senior Staff
436372,Abdelkader,Leslie,Senior Staff
436376,Rimli,Muhling,Engineer
436377,Rimon,Undy,Senior Engineer
436384,Yuchang,Deville,Senior Staff
436387,Jaewoo,Stellhorn,Technique Leader
436388,Radhakrishnan,Middleton,Technique Leader
436393,Gretta,McFarlan,Senior Engineer
436394,Guther,Chappelet,Senior Engineer
436395,Percy,Meszaros,Senior Engineer
436396,Jordanka,Feinberg,Senior Engineer
436400,Heping,Lanzelotte,Senior Staff
436406,Hironoby,Penttonen,Senior Staff
436413,Xinan,Zschoche,Senior Engineer
436415,Fusako,Setlzner,Engineer
436417,Dinah,Pepe,Senior Engineer
436418,Adit,Yetim,Senior Engineer
436419,Randi,Schapiro,Senior Staff
436421,Pasqua,Rodite,Senior Staff
436422,Roded,Denna,Staff
436424,Mingsen,Maginnis,Senior Engineer
436427,Marko,Ratnaker,Senior Engineer
436431,Uriel,Hutton,Senior Staff
436433,Ibibia,Morrow,Senior Engineer
436438,Stevo,Gecseg,Senior Staff
436442,Mang,Takanami,Assistant Engineer
436446,Tze,Bazzichi,Senior Staff
436449,Tetsurou,Wilfing,Senior Engineer
436453,DAIDA,Bondorf,Senior Engineer
436457,Wilmer,Deville,Staff
436458,Kendra,Pearson,Engineer
436463,Genevieve,Schaap,Engineer
436467,Rafael,Edelhoff,Senior Staff
436472,Ranan,Ranai,Senior Staff
436473,Nakhoon,Braunmuhl,Senior Staff
436477,Golgen,Businaro,Senior Staff
436480,Conal,Meszaros,Engineer
436484,Florina,Dehkordi,Staff
436488,Eirik,Milicia,Senior Engineer
436490,Hsiangchu,Willoner,Senior Engineer
436491,Marsja,Jakobus,Senior Staff
436495,Fuqing,Thorensen,Technique Leader
436496,Chenye,Soloway,Staff
436498,Nathalie,Falco,Senior Staff
436499,Charlene,Trachtenberg,Senior Staff
436501,Demin,Baby,Staff
436508,Taegyun,Michaeli,Senior Staff
436510,Munehiko,Poulakidas,Senior Engineer
436514,Mahendra,Fritzsche,Senior Staff
436515,Djenana,Krone,Engineer
436518,Hercules,Lichtman,Senior Staff
436520,Martijn,Zolotykh,Staff
436525,Abdulah,Langford,Senior Engineer
436530,Marla,Bahk,Senior Staff
436536,Sudharsan,Nannarelli,Technique Leader
436540,Bedrich,Ishibashi,Senior Engineer
436541,Along,Bach,Staff
436545,Oscal,Chepyzhov,Technique Leader
436547,Keiichiro,Hofmeyr,Senior Engineer
436553,Shigehiro,Speer,Senior Staff
436561,Demin,Beidas,Engineer
436581,Yonghoan,Leijenhorst,Senior Engineer
436585,Adib,Pargas,Senior Staff
436587,Valeri,Compeau,Senior Staff
436592,Juyoung,Ciolek,Senior Staff
436596,Gou,Pearson,Engineer
436599,Parke,Zhang,Staff
436602,Woody,Demeyer,Senior Engineer
436603,Duro,Rodite,Senior Staff
436605,Piyawadee,Duclos,Senior Staff
436612,Koldo,Kumaresan,Senior Engineer
436613,Bernt,Molberg,Senior Staff
436614,Byong,Clouatre,Senior Engineer
436615,Jolita,Lortz,Engineer
436616,Aram,Rande,Senior Engineer
436623,Urs,Dengi,Staff
436625,Shim,Pluym,Senior Staff
436626,Werner,Horswill,Senior Engineer
436632,Xianlong,Dredge,Senior Staff
436635,Godehard,Levergood,Senior Staff
436636,Shigehito,Famili,Senior Engineer
436639,Lidong,Krogh,Technique Leader
436640,Mohammed,Seghrouchni,Engineer
436641,Flemming,Hatcliff,Engineer
436644,Boguslaw,Luks,Engineer
436645,Gil,Pouyioutas,Senior Engineer
436646,Dante,Rotem,Engineer
436649,Larisa,Bondorf,Engineer
436651,Weijing,Birnbaum,Senior Staff
436652,Marek,Anger,Senior Engineer
436653,Anoosh,Siepmann,Senior Engineer
436656,Rimon,Joslin,Engineer
436662,Mingzeng,Versino,Technique Leader
436667,Bezalel,Pollacia,Staff
436673,Lubomir,Socorro,Technique Leader
436675,Hein,Mayerwieser,Staff
436684,Alejandra,Molenkamp,Senior Engineer
436686,Yishay,Tiemann,Senior Engineer
436692,Yongdong,Kornatzky,Engineer
436693,JoAnna,Sherertz,Senior Staff
436694,Katsuo,Rothe,Senior Engineer
436695,Aral,Frolund,Senior Staff
436697,Xinan,Sanella,Senior Engineer
436698,Emdad,McClurg,Senior Staff
436705,Margareta,Spataro,Senior Staff
436706,Nevio,Kulisch,Staff
436708,Gill,Jiafu,Senior Engineer
436709,Hongzue,Danlos,Engineer
436714,Gill,Lores,Senior Engineer
436717,Yuchang,Rosenbaum,Engineer
436718,Poornachandra,Uchoa,Senior Engineer
436721,Fumiko,Ouhyoung,Staff
436723,Jianwen,Crouzet,Engineer
436730,Ute,Leaver,Staff
436731,Berni,Uhrig,Staff
436734,Gay,McFarlan,Senior Staff
436735,Nechama,Joslin,Senior Staff
436737,Chrisa,Pargas,Staff
436738,Shahaf,Rajcani,Senior Engineer
436743,Armond,Kobuchi,Senior Engineer
436744,Remzi,Luders,Senior Staff
436746,Gadiel,Nooteboom,Senior Engineer
436756,Faiza,Peek,Staff
436757,Guiseppe,Lunt,Senior Engineer
436759,Utz,Brookner,Senior Engineer
436763,Froduald,Nollmann,Senior Engineer
436772,Jaana,Godskesen,Senior Staff
436773,Shiv,Cooley,Senior Engineer
436781,Jeong,Viele,Staff
436792,Taizo,Luca,Senior Staff
436796,Karlis,Petersohn,Senior Staff
436798,Nidapan,Kusakabe,Senior Staff
436803,Mohua,Rothe,Engineer
436805,Moriyoshi,Garigliano,Senior Staff
436811,Mechthild,Gubsky,Senior Staff
436812,Francesca,Katiyar,Staff
436817,Ferdinand,Birge,Staff
436818,Aleksandar,Hofting,Staff
436819,Moni,Vadhan,Senior Engineer
436822,Nahid,Yavatkar,Technique Leader
436823,Temple,Rosiles,Senior Staff
436830,Akeel,Zambonelli,Senior Staff
436833,Owen,Boyle,Engineer
436836,Mads,Muchinsky,Senior Staff
436842,Tomofumi,Krzyzanowski,Senior Engineer
436847,Dinah,Noriega,Staff
436848,Nitsan,Naudin,Senior Staff
436858,Mayuri,Guenter,Engineer
436861,Sastry,Rettelbach,Senior Staff
436862,Marko,Peot,Technique Leader
436864,Chinho,Speer,Senior Staff
436867,Junichi,Mitina,Assistant Engineer
436869,Billie,Barinka,Senior Engineer
436870,Supot,Birnbaum,Senior Engineer
436876,Yannik,Zwicker,Senior Engineer
436883,Sergi,Ratnaker,Senior Engineer
436886,Martins,Benzmuller,Senior Engineer
436889,Yuguang,Birrer,Staff
436893,Duro,Perko,Engineer
436897,Shimshon,Gyorkos,Senior Engineer
436902,Sumali,Grospietsch,Technique Leader
436904,Tse,Fontan,Senior Staff
436909,Yuriy,Standera,Senior Engineer
436913,Kauko,Luders,Senior Engineer
436921,Werner,Tomescu,Staff
436922,Paraskevi,Dechter,Senior Staff
436927,Bogdan,Iisaka,Engineer
436933,Shaunak,Mateescu,Engineer
436935,Xiaobin,Gajiwala,Technique Leader
436939,Barun,Dulin,Senior Engineer
436942,Marsja,Bennis,Engineer
436944,Bedrich,Legleitner,Staff
436946,Apostol,Unno,Senior Staff
436957,Guenter,Nyanchama,Senior Engineer
436962,Youngkon,Muniz,Senior Engineer
436965,Falguni,Leijenhorst,Senior Engineer
436967,Shuji,Peak,Engineer
436969,Jianhua,Olano,Senior Engineer
436974,Kellie,Gilg,Senior Staff
436975,Pramod,Thorelli,Staff
436977,Heng,Giarratana,Senior Staff
436979,Tokuyasu,Gornas,Senior Staff
436981,Satoru,Champarnaud,Senior Engineer
436982,Xiaopeng,Itzigehl,Staff
436984,Pranav,Kowalchuk,Engineer
436989,Mohan,Lubachevsky,Senior Staff
436990,KayLiang,Wielonsky,Senior Engineer
436991,Nikolaos,Ratnakar,Senior Engineer
436993,Ingmar,Backhouse,Senior Staff
436994,Rosella,Laurillard,Senior Engineer
436998,Parke,Radhakrishnan,Technique Leader
437000,Xiaoqiang,Plotkin,Staff
437001,Moti,Motley,Staff
437004,Pascal,DiGiano,Senior Staff
437006,Alselm,Krogh,Engineer
437011,Kerryn,Ranft,Staff
437015,Steen,Basart,Senior Engineer
437024,Ioana,Jullig,Senior Staff
437027,Kwee,Kumaresan,Engineer
437033,Gregory,Tsunoo,Senior Engineer
437035,Lidong,Whitcomb,Senior Staff
437036,Weiru,Pettis,Technique Leader
437039,Kaijung,Godskesen,Senior Staff
437040,Moss,Alameldin,Senior Engineer
437045,Bojan,Yamaashi,Senior Engineer
437046,Alenka,Ghandeharizadeh,Technique Leader
437052,Baocai,Gill,Senior Staff
437055,Aluzio,Marletta,Engineer
437057,Waiman,Munos,Engineer
437059,Jouni,Mahnke,Senior Staff
437061,Hironobu,Mandell,Senior Engineer
437063,Kristina,Werthner,Staff
437064,Lakshmi,Emmerich,Senior Engineer
437074,Jiang,Falco,Engineer
437077,Demos,Kaltofen,Engineer
437082,Hinrich,Cyne,Senior Engineer
437088,Tesuya,Rubsam,Assistant Engineer
437089,Taegyun,Kitsuregawa,Staff
437090,Zhiwei,Fortenbacher,Senior Engineer
437092,Gal,Andreotta,Senior Staff
437093,Otmar,Barvinok,Technique Leader
437094,Zhenbing,Muniz,Senior Engineer
437096,Takushi,Krider,Engineer
437097,Salvador,Clemencon,Senior Staff
437098,Alassane,Gaughan,Engineer
437101,Ramachenga,Birrer,Senior Staff
437103,Uno,Thimonier,Senior Engineer
437104,Yechezkel,Pramanik,Senior Engineer
437105,Shigehiro,Slobodova,Senior Engineer
437112,Kolar,Gerlach,Senior Staff
437120,Valeri,Tagansky,Technique Leader
437121,Divine,Rehfuss,Senior Engineer
437123,Prodip,Shimshoni,Senior Engineer
437125,Ghassan,Lukaszewicz,Staff
437129,Shuho,Suessmith,Senior Engineer
437131,Duke,Veccia,Senior Staff
437137,Xiaoqiu,Lunn,Senior Staff
437138,Srinidhi,Hennebert,Senior Engineer
437148,Elvis,Sambasivam,Senior Engineer
437152,Kazuhito,Suppi,Staff
437157,Aiman,Peres,Senior Engineer
437159,Munehiko,Ritzmann,Senior Engineer
437163,Boguslaw,Busillo,Senior Staff
437166,Gennady,Ariola,Senior Engineer
437178,Radhika,Suwa,Senior Engineer
437181,Hiroyasu,Stellhorn,Senior Engineer
437182,Shigeaki,Vecchio,Senior Staff
437184,Jeane,Kabayashi,Senior Staff
437189,Rafols,Markovitch,Senior Staff
437191,Shmuel,Luca,Senior Staff
437195,Uno,Hettesheimer,Senior Engineer
437201,Denny,McDermid,Staff
437202,Yuguang,Walstra,Senior Staff
437204,Sigeru,Welham,Senior Engineer
437205,Godehard,Panangaden,Senior Engineer
437209,Nishit,Pero,Staff
437216,Sachem,Slutz,Senior Engineer
437217,Nidapan,Polajnar,Engineer
437222,Torsten,Chenney,Senior Staff
437223,Syozo,Lorin,Senior Staff
437226,Nikolaos,Ramamoorthy,Senior Staff
437229,Mohit,Lorin,Senior Engineer
437230,Theirry,Erie,Senior Staff
437231,Stepehn,Rahier,Engineer
437233,Beshir,Stroustrup,Senior Engineer
437234,Gil,Sgarro,Senior Staff
437235,Phuoc,Herber,Assistant Engineer
437236,Remmert,Asrin,Staff
437238,Berthier,Hartvigsen,Senior Engineer
437241,Angus,Moffat,Senior Staff
437247,Yefim,Grospietsch,Senior Engineer
437250,Zengping,Ratzlaff,Senior Staff
437259,Atreye,Lally,Engineer
437262,DAIDA,Pramanik,Senior Engineer
437264,Zijian,VanScheik,Senior Staff
437266,Mack,Biran,Engineer
437267,Seongbae,Dengi,Technique Leader
437271,Nikolaus,Beutelspacher,Senior Engineer
437273,Dannz,Gunderson,Engineer
437280,Khatoun,Khalil,Senior Engineer
437283,Sadun,Vuskovic,Engineer
437285,Yannik,Edelhoff,Senior Engineer
437289,Eirik,Makinen,Senior Engineer
437290,Fen,Wissmann,Senior Staff
437294,Magy,Rosiles,Senior Staff
437295,Shao,Solovay,Senior Staff
437296,Toney,Marrakchi,Staff
437297,Adib,Zweizig,Engineer
437298,Van,Msuda,Senior Staff
437299,Conrado,Rahier,Engineer
437301,Adil,Pehl,Engineer
437308,Leni,Honglei,Senior Staff
437309,Udi,Szilard,Senior Engineer
437316,Arun,Poujol,Senior Engineer
437317,Tonny,Terekhov,Staff
437324,Luisa,Seghrouchni,Staff
437329,Rasiah,Crooks,Staff
437330,Susumu,Ranai,Senior Staff
437331,Uri,Isard,Senior Staff
437337,Marko,Klassen,Staff
437341,Mooi,Kroon,Staff
437342,Sibyl,Mandell,Engineer
437345,Mats,Badr,Staff
437348,Deborah,Emden,Senior Engineer
437349,Adil,Munch,Engineer
437354,Gully,Lanteri,Senior Engineer
437357,Oscal,Baar,Technique Leader
437358,Sham,Rajcani,Assistant Engineer
437364,Peternela,Koyama,Senior Staff
437370,Nahid,Flexer,Staff
437371,Arve,Preusig,Staff
437372,Youngkon,Takkinen,Senior Staff
437375,Uma,Vitiello,Engineer
437376,Arunas,Iisaka,Staff
437378,Doowon,Demian,Senior Engineer
437385,Alejandra,Kalloufi,Staff
437389,Miomir,Ranft,Senior Engineer
437390,Taiji,Oxman,Senior Staff
437394,Krister,Bouloucos,Senior Engineer
437396,Filipe,Pocchiola,Senior Staff
437405,Takahira,Nitta,Senior Engineer
437409,Emdad,Emmerich,Senior Engineer
437411,Gererd,Genther,Engineer
437412,Shahab,Shinomoto,Senior Staff
437413,Yurii,Gaughan,Senior Staff
437417,Adil,Gadepally,Senior Engineer
437419,Navid,Ishibashi,Senior Engineer
437421,Rayond,Edelhoff,Senior Engineer
437422,Naftaly,Plavsic,Senior Engineer
437425,Ennio,Bardell,Senior Staff
437426,Lillian,Lenart,Senior Staff
437428,Guoxiang,Shobatake,Senior Engineer
437429,Nadjib,Guerreiro,Staff
437430,Sanjoy,Ducloy,Senior Engineer
437432,Moto,Argence,Engineer
437436,Filipp,Badr,Technique Leader
437442,Muzhong,Delaune,Senior Staff
437444,Ebru,Dratva,Engineer
437446,Huai,Ratnaker,Senior Staff
437447,Kirk,Solares,Assistant Engineer
437452,Chuanti,Baez,Staff
437453,Gladys,Sabnani,Senior Staff
437455,Nikolaos,Marwedel,Senior Engineer
437456,Wojceich,Ducloy,Senior Engineer
437468,Urs,Gargeya,Engineer
437470,Rasiah,Bouloucos,Assistant Engineer
437471,Zijian,Plesums,Senior Staff
437477,Yuping,Gihr,Engineer
437479,Niteen,Benantar,Senior Engineer
437483,Adin,Callaway,Senior Staff
437484,Khun,Mellouli,Engineer
437494,Atilio,Usdin,Staff
437497,Zhensheng,Staudhammer,Engineer
437498,Chenyi,Cappelli,Staff
437502,Naftali,Schreiter,Senior Engineer
437507,Hiroyasu,Stasinski,Senior Engineer
437519,Reinhard,Hockney,Senior Engineer
437522,Denny,Stroustrup,Senior Staff
437523,Nahum,Vakili,Senior Engineer
437527,Supot,Axelband,Senior Staff
437528,Pranay,Luff,Senior Staff
437530,Jessie,Azulay,Senior Staff
437531,Shen,Bennis,Senior Engineer
437534,Valeska,Peris,Staff
437539,Owen,Fioravanti,Senior Engineer
437541,Kasidit,Bernardeschi,Senior Staff
437542,Radhakrishnan,Czaja,Senior Staff
437543,Vugranam,Ruemmler,Technique Leader
437545,Alassane,Leijenhorst,Senior Engineer
437546,Kenroku,Cunliffe,Senior Staff
437551,Debaprosad,Merro,Staff
437553,Zeljko,Baranowski,Senior Staff
437561,Diederik,Douceur,Staff
437566,Chuanyi,Landherr,Senior Engineer
437568,Martijn,Demos,Senior Engineer
437570,Shridhar,Hutter,Engineer
437571,Heeju,Velasco,Senior Engineer
437588,Elgin,Selvestrel,Senior Engineer
437591,Shay,Kroll,Senior Staff
437592,Yongdong,Demir,Engineer
437596,Lakshmi,Assaf,Senior Engineer
437598,Younwoo,Ratnaker,Senior Staff
437599,Yuqun,Besancenot,Staff
437603,Poornachandra,Lemarechal,Senior Staff
437608,Marko,Montemayor,Senior Engineer
437614,Minghong,Hoogerwoord,Engineer
437620,Alenka,Crooks,Engineer
437625,Abdelaziz,Demos,Senior Engineer
437628,Aloke,Chiola,Senior Staff
437632,Zvonko,Gyorkos,Engineer
437635,Maya,Garnick,Senior Engineer
437637,Luigi,Schlumberger,Senior Staff
437639,Barun,Imataki,Senior Staff
437641,Jeane,Comellas,Staff
437645,Satyanarayana,Norsworthy,Senior Engineer
437647,Roded,Boudaillier,Senior Engineer
437649,Jiafu,Muhling,Senior Staff
437656,Willard,Ibel,Engineer
437659,Conor,Jervis,Staff
437660,Youngkon,Polajnar,Staff
437675,Suzette,Takanami,Senior Engineer
437678,Val,Pocchiola,Senior Engineer
437679,Boutros,Linares,Senior Engineer
437680,Tzu,Cyne,Senior Staff
437682,Charmane,Vecchi,Staff
437683,Yolla,Ranst,Senior Staff
437685,Alassane,Leivant,Technique Leader
437689,Taizo,Pargas,Technique Leader
437690,Elliott,Cronan,Staff
437691,Make,Sichman,Senior Engineer
437696,Shih,Flexer,Engineer
437698,Make,Murillo,Senior Staff
437706,Shen,Swick,Engineer
437712,Domenick,Angelopoulos,Senior Staff
437717,Christophe,Androutsos,Assistant Engineer
437729,Hiroyasu,Butner,Senior Staff
437737,Maja,Boyle,Senior Engineer
437750,Rosine,Karunanithi,Staff
437762,Mototsugu,Yetto,Senior Staff
437763,Nimmagadda,Munro,Staff
437767,Ung,Stentiford,Senior Staff
437768,Martial,Weedman,Senior Engineer
437776,Mitsuyuki,McClurg,Staff
437779,Tooru,Adachi,Senior Staff
437782,Sakthirel,Gubsky,Senior Staff
437785,Gennadi,Ghalwash,Engineer
437787,Bedir,Chelton,Senior Engineer
437794,Etsuo,Bage,Engineer
437804,Munehiko,Flanders,Senior Engineer
437806,Valdiodio,Benveniste,Senior Staff
437808,Nirmal,Yemenis,Senior Staff
437810,Gennadi,Gente,Senior Staff
437811,Moti,Zeleznik,Senior Engineer
437812,Waiman,Stroustrup,Senior Staff
437815,Eberhardt,Cangellaris,Staff
437818,Fayez,Figueira,Staff
437819,Teruyuki,Bierman,Staff
437824,Georg,Peral,Senior Engineer
437830,Bezalel,Plotkin,Senior Staff
437831,Gaetan,Sooriamurthi,Staff
437834,Nevio,Hennebert,Senior Staff
437838,Shooichi,Swiler,Staff
437841,Mokhtar,Versino,Senior Staff
437844,Marlo,Pero,Staff
437850,Ronnie,Vural,Senior Engineer
437852,Mingsen,Maliniak,Engineer
437854,Marco,Pargas,Engineer
437858,Jianhua,Rubsam,Senior Staff
437861,Moie,Esteva,Senior Staff
437865,Pascal,Noriega,Senior Staff
437867,Xiaoheng,Huxford,Staff
437868,Lunjin,Ibel,Senior Engineer
437875,Arun,Swick,Engineer
437880,Teiji,Schapiro,Senior Engineer
437882,Salvador,Osgood,Senior Engineer
437883,Pantung,Kalafatis,Senior Engineer
437888,Xiaopeng,Thebaut,Staff
437889,Dannz,Rosay,Senior Staff
437890,Tianruo,Bazzichi,Senior Engineer
437892,Sushant,Lampe,Engineer
437895,Kristen,Kavanagh,Technique Leader
437899,Rafols,Warwick,Staff
437905,Nikolaos,Melter,Technique Leader
437910,Padma,Dalphin,Staff
437915,Katsuo,Kroon,Technique Leader
437921,Brigham,Crelier,Assistant Engineer
437922,Marie,Stenning,Technique Leader
437927,Vishu,Brodal,Senior Staff
437931,Abdelaziz,Dalton,Senior Engineer
437938,Lena,Staelin,Senior Engineer
437939,Nigel,Gyimothy,Assistant Engineer
437940,Radhika,Axelband,Engineer
437950,Irena,Salinas,Senior Engineer
437953,Leandro,Besselaar,Senior Engineer
437954,Mong,Sinitsyn,Staff
437955,Kristin,Matteis,Engineer
437956,Kazuhisa,Czap,Senior Engineer
437974,Shounak,Fadgyas,Staff
437977,Reinhard,Halloran,Senior Engineer
437981,Chanjung,Muhling,Senior Staff
437985,Reuven,Munke,Senior Staff
437991,Luisa,Kavanagh,Staff
438007,Fumiya,Lanphier,Staff
438009,Augustine,Litvinov,Technique Leader
438010,Barna,Marsiglia,Senior Engineer
438011,Patricia,Brender,Engineer
438014,Wilmer,Plesums,Senior Staff
438016,Behnaam,Schaar,Senior Staff
438018,Fumiyo,Janetzko,Senior Engineer
438020,Yefim,Heinisuo,Engineer
438028,Djelloul,Haraldson,Staff
438029,Feiyu,Leaver,Senior Staff
438030,Hinrich,Marzano,Senior Staff
438033,Ashish,Rosiles,Engineer
438035,Boguslaw,Koblitz,Staff
438040,Kauko,Pelz,Senior Staff
438050,Foong,Waterhouse,Engineer
438052,Beshir,Legleitner,Engineer
438053,Rosalie,Gammage,Staff
438054,Sariel,Stentiford,Senior Staff
438055,Jamaludin,Thorelli,Staff
438062,Pramod,Oxenboll,Staff
438065,Urs,Khalid,Engineer
438066,Marjo,Michaeli,Engineer
438084,Bangqing,Kemmerer,Senior Engineer
438085,Khun,Ponthieu,Senior Engineer
438095,Tomokazu,Levergood,Senior Engineer
438096,Szabolcs,Szilard,Engineer
438104,Izaskun,Baaz,Senior Staff
438105,Shen,Montemayor,Senior Engineer
438109,Masato,Kadhim,Senior Staff
438110,Yurij,Srimani,Technique Leader
438113,Yuguang,Kamble,Staff
438123,Isamu,Marsiglia,Staff
438126,Duke,Krichel,Senior Engineer
438137,Manu,Lupu,Senior Staff
438142,Lucian,Veevers,Engineer
438144,Martial,Suri,Senior Staff
438146,Van,Erez,Senior Staff
438150,Sanjeeva,Schlenzig,Senior Staff
438153,Fan,Akazan,Senior Engineer
438154,Karsten,Kenevan,Senior Staff
438155,Arunachalam,Murtafg,Senior Staff
438160,Rayond,Pagter,Staff
438162,Mabry,Erdmenger,Senior Staff
438171,Oguz,Engberts,Senior Staff
438176,Alselm,Grandbois,Engineer
438177,Tomofumi,Siprelle,Senior Staff
438178,Stamatina,Denti,Senior Staff
438181,Reinhold,Dalphin,Engineer
438190,Sandeepan,Jakobus,Senior Engineer
438191,Atilio,Eterovic,Assistant Engineer
438192,Keiichiro,Showalter,Senior Staff
438193,Martial,Chandrasekhar,Senior Engineer
438194,Mack,Denny,Senior Staff
438196,Atreyi,Passino,Senior Staff
438197,Hideo,Stassinopoulos,Staff
438200,Lalit,Kakkad,Staff
438205,Serap,Spieker,Staff
438207,Elvis,Adachi,Senior Staff
438208,Tadahiro,Ranze,Engineer
438209,Lene,Feinberg,Senior Staff
438212,Fatemeh,Luce,Engineer
438214,Lokesh,Tokunaga,Senior Engineer
438216,Frazer,Szmurlo,Staff
438218,Divine,Gini,Senior Engineer
438223,Giri,Encarnacion,Technique Leader
438224,Valter,Benner,Senior Engineer
438225,Kristian,Bahl,Senior Staff
438235,Teiji,Pena,Senior Staff
438238,Tran,Breugel,Senior Engineer
438240,Yurii,Luce,Staff
438243,Hongzhu,Stranks,Engineer
438246,Syozo,Socorro,Senior Engineer
438253,IEEE,Crelier,Senior Engineer
438254,Maia,Ramsak,Staff
438258,Arlette,Aumann,Technique Leader
438260,Youjian,Comyn,Engineer
438262,Giao,Pauthner,Senior Engineer
438263,Jiakeng,Munos,Engineer
438266,Marjo,Gecsei,Staff
438267,Malu,Sichman,Senior Staff
438268,Hyuckchul,Mansanne,Senior Staff
438269,Percy,Castellani,Senior Engineer
438273,Shigeichiro,Minakawa,Staff
438284,Berry,Veccia,Senior Staff
438285,Alexius,Cooke,Assistant Engineer
438286,Chiradeep,Flexer,Engineer
438288,Kshitij,Riesenhuber,Engineer
438289,Kiyokazu,Collavizza,Staff
438292,Elliott,Pettey,Staff
438295,Koichi,Acton,Senior Staff
438296,Sajjad,Gist,Senior Staff
438298,Elrique,Asrin,Senior Engineer
438304,Jeane,Gilg,Senior Staff
438307,Ingemar,Rubsam,Senior Engineer
438310,Sanjit,Dredge,Senior Staff
438312,Menkae,Trachtenberg,Senior Engineer
438318,Saeed,Munawer,Staff
438324,Heeju,Binding,Staff
438325,Christophe,Hoppenstand,Senior Staff
438329,Byong,Iivonen,Staff
438330,Dinkar,Naumovich,Senior Engineer
438332,Poorav,Schaaf,Senior Engineer
438333,Tayeb,Pesch,Staff
438335,Richard,Kushner,Senior Engineer
438339,Susanta,Katiyar,Senior Staff
438340,Remco,Asser,Engineer
438342,Koldo,Wynblatt,Senior Staff
438348,Radhia,Dymetman,Engineer
438355,Oksana,Bodoff,Senior Staff
438357,Kotesh,Demir,Senior Staff
438358,Shigeo,Camurati,Staff
438362,Radhakrishnan,Gini,Engineer
438365,Zongyan,Colorni,Engineer
438366,Yechezkel,Gubsky,Senior Engineer
438369,Khedija,Jenevein,Senior Engineer
438371,Debatosh,Lamba,Senior Staff
438372,Youssef,Baak,Engineer
438375,Kwangyoen,Kulisch,Engineer
438385,Kazuhisa,Zhiwei,Senior Staff
438390,Shridhar,Leppanen,Senior Engineer
438393,Nahid,Pero,Senior Engineer
438395,Freyja,Danlos,Staff
438396,Gila,Vesel,Engineer
438397,Masanao,Schaap,Senior Staff
438404,Fumitake,Auria,Senior Staff
438405,Krassimir,Syang,Senior Staff
438406,Nakhoon,Linnainmaa,Engineer
438408,Sadegh,Genther,Senior Staff
438409,Snehasis,Duclos,Staff
438412,Juichirou,Ecklund,Staff
438414,Dung,Lienhardt,Engineer
438421,Danae,Pollacia,Senior Staff
438422,Sedat,Baby,Senior Engineer
438426,Achilleas,Lichtman,Staff
438428,Sadegh,Schicker,Senior Staff
438429,Jiang,Zockler,Senior Engineer
438430,Sachio,Feinberg,Senior Engineer
438437,Adib,Kowalchuk,Senior Staff
438440,Kankanahalli,Hanratty,Senior Engineer
438441,Kiyokazu,Mahmud,Senior Engineer
438442,King,Sessa,Senior Engineer
438445,Stabislas,Sommer,Staff
438454,Duro,Caine,Senior Engineer
438455,Sachar,Speel,Senior Engineer
438463,Alois,Hambrick,Senior Staff
438468,Peternela,Socorro,Senior Staff
438472,Kamakshi,Felder,Senior Engineer
438473,Mart,Haldar,Senior Engineer
438474,Taiji,Restivo,Senior Staff
438475,Raimond,Engelmann,Staff
438480,Hyuncheol,Taubenfeld,Senior Staff
438483,Steve,Pettis,Senior Staff
438486,Arve,Vesel,Engineer
438488,Aris,Wendorf,Senior Engineer
438489,Pragnesh,Schmiedel,Senior Engineer
438496,Dmitri,Argence,Technique Leader
438498,Adil,Brandsma,Staff
438499,Luise,Nitsche,Senior Staff
438501,Remko,Chenoweth,Senior Staff
438505,Bluma,Anick,Staff
438506,Serif,Perelgut,Engineer
438508,Lihong,Bruckman,Senior Engineer
438514,Abdelaziz,McClure,Engineer
438517,Matt,Uhrig,Senior Engineer
438518,Paddy,Kroon,Engineer
438519,Kyoichi,Fortenbacher,Senior Engineer
438520,Ibibia,Trystram,Engineer
438521,Khalil,Manderick,Engineer
438523,Tooru,Restivo,Senior Staff
438524,Mabry,Heystek,Senior Staff
438525,Theirry,Plessier,Senior Staff
438528,Bernt,Lowrie,Engineer
438529,Abdulla,Radivojevic,Senior Staff
438532,Gita,Holburn,Staff
438534,Luise,Shihab,Senior Staff
438535,Debaprosad,Halevi,Senior Staff
438536,Jaideep,Snyers,Senior Engineer
438538,Sarita,Valtorta,Senior Engineer
438541,Shichao,Waeselynck,Senior Staff
438542,Moriyoshi,Angiulli,Engineer
438544,Faiza,Lukaszewicz,Senior Engineer
438546,Seshu,Ozeri,Staff
438548,Kersti,Baak,Senior Staff
438551,Randy,Vingron,Senior Staff
438552,Perry,Kavvadias,Senior Staff
438553,Shakhar,Einsfeld,Senior Engineer
438563,Berni,DasSarma,Senior Staff
438564,Fay,Bodoff,Assistant Engineer
438570,Chikako,Androutsos,Senior Engineer
438572,Yechezkel,Heuter,Senior Engineer
438578,Xiaobin,Ruther,Senior Engineer
438579,Mang,Czaja,Staff
438582,Hausi,Perly,Engineer
438583,Tiina,Hambrick,Senior Engineer
438584,Sangeeta,Pero,Senior Staff
438586,Alejandra,Bade,Senior Staff
438593,Youssef,Miyakawa,Senior Staff
438596,Barun,Gelosh,Staff
438599,Uri,Gecsei,Senior Staff
438604,Ramzi,Coullard,Technique Leader
438608,Patricio,Lemarechal,Senior Engineer
438610,Soenke,Dulin,Senior Staff
438616,Ramya,Ciolek,Staff
438619,Chiranjit,Sichman,Staff
438623,Mandell,Nishimukai,Senior Staff
438626,Shaunak,Roohalamini,Senior Staff
438627,Eric,Comyn,Senior Engineer
438641,Katsuyuki,Brobst,Senior Engineer
438644,Lene,Selenyi,Senior Staff
438647,Itzchak,Driscoll,Senior Engineer
438648,Arumugam,Manderick,Senior Engineer
438657,Baziley,Bernatsky,Technique Leader
438658,Srinidhi,Bojadziev,Senior Engineer
438661,Sashi,Versino,Senior Staff
438662,Pramod,Busillo,Senior Staff
438665,Chriss,Chiola,Senior Engineer
438666,Udaiprakash,Morrey,Staff
438672,Phuoc,Murillo,Senior Engineer
438676,Conal,Mikschl,Senior Staff
438681,Roddy,Yeung,Staff
438685,Zhanqiu,Baumann,Senior Engineer
438693,Rildo,Solares,Senior Engineer
438699,Goncalo,Conti,Senior Staff
438701,Syozo,Gischer,Engineer
438703,Mohd,Remmers,Senior Staff
438704,Danai,Godskesen,Senior Engineer
438707,Valeri,Albarhamtoshy,Staff
438714,Yucai,Thimonier,Staff
438716,Marin,Schmiedel,Senior Staff
438718,Shin,Deville,Senior Staff
438721,Tsz,Spell,Engineer
438724,Eric,Puppe,Technique Leader
438726,Ewing,Serov,Staff
438728,Zhanqiu,Gente,Staff
438731,Odysseas,Mitzlaff,Senior Engineer
438733,Gil,Schmittgen,Senior Engineer
438737,Heping,Syrotiuk,Senior Engineer
438740,Naftali,Lamma,Engineer
438747,Xinglin,Bolotov,Senior Engineer
438748,Jeong,Selvestrel,Staff
438752,Boguslaw,Plumb,Senior Staff
438759,Khosrow,Montemayor,Engineer
438766,Kazuhisa,Verspoor,Senior Staff
438768,Toney,Comte,Senior Staff
438771,Basim,Barreiro,Senior Staff
438776,Taizo,Nishimukai,Staff
438781,Kiyokazu,Thambidurai,Senior Engineer
438782,Susuma,Peha,Senior Engineer
438784,Conrado,Conry,Staff
438787,Tomofumi,Wrigley,Senior Engineer
438792,Rasiah,Kawashimo,Engineer
438799,Peer,Dengi,Senior Staff
438804,Kinh,Pollock,Senior Engineer
438805,Eirik,Lalonde,Senior Engineer
438807,Arra,Chaudhuri,Engineer
438808,Marsja,Serna,Senior Engineer
438823,Goa,Murillo,Senior Engineer
438835,Constantijn,Penz,Senior Engineer
438840,Moto,Honiden,Senior Engineer
438842,Sahrah,Reeken,Senior Staff
438843,Luerbio,Lowrie,Senior Engineer
438847,Abdelkader,Kading,Senior Engineer
438848,Vishv,Marchesini,Senior Engineer
438853,Satoru,Grabner,Senior Engineer
438856,Sanjiv,Gronowski,Senior Engineer
438861,Kwun,McFarlan,Engineer
438862,Angus,Vrecion,Senior Engineer
438866,Teunis,Harnett,Engineer
438868,Aamer,Huhdanpaa,Senior Staff
438870,Szabolcs,Cromarty,Technique Leader
438871,Lein,Pettit,Senior Engineer
438872,Miquel,Boudaillier,Senior Engineer
438873,Geoffry,Feinberg,Senior Staff
438876,Manton,Anguita,Senior Engineer
438883,Renee,Kisuki,Senior Engineer
438889,Insup,Millington,Senior Staff
438897,Keung,Orsini,Senior Engineer
438902,Ziyad,Scharstein,Engineer
438903,Heping,Matzov,Senior Engineer
438907,Manibrata,Ecklund,Technique Leader
438909,Kish,Smailagic,Senior Engineer
438914,Heping,Cronan,Senior Staff
438915,Marsha,Szilard,Senior Staff
438917,Xiaoheng,Waleschkowski,Senior Staff
438919,Zeljko,Heping,Technique Leader
438922,Woody,Heijenga,Engineer
438923,Shahar,Miake,Engineer
438924,Frederique,Milicia,Senior Staff
438926,Gunilla,Anido,Staff
438930,Luerbio,Murtagh,Senior Engineer
438931,Shigenori,Vandervoorde,Senior Engineer
438932,Atreyi,Coorg,Senior Engineer
438934,Mads,Thisen,Senior Staff
438936,Ekawit,Busillo,Senior Staff
438937,Shaowei,Yoshimura,Senior Engineer
438940,Mayumi,Shackell,Senior Staff
438944,Florian,Anick,Senior Staff
438946,Lihong,Mitzlaff,Senior Engineer
438947,Vasilis,Stranks,Senior Staff
438948,Gunilla,Siepmann,Senior Staff
438955,Tetsurou,Merli,Senior Staff
438958,TRUE,Renear,Senior Staff
438960,Weiwu,Herber,Engineer
438962,Jinxi,Randi,Senior Engineer
438964,Gennadi,Highland,Senior Staff
438986,Kousuke,Velasco,Senior Engineer
438988,Gunilla,Heering,Senior Staff
438997,Yishai,Andreotta,Senior Staff
438999,Juichirou,Daescu,Staff
439000,Shin,Conry,Engineer
439004,Boriana,Linares,Senior Staff
439010,Woody,Dayang,Senior Staff
439011,Jiang,Rubsam,Staff
439014,Rayond,Falster,Staff
439015,Jolita,Gadepally,Senior Engineer
439017,Masami,Eastman,Senior Staff
439018,Gay,Scharstein,Senior Staff
439019,Volkmar,Levergood,Senior Staff
439027,Munir,Riexinger,Staff
439033,Mechthild,Taubenfeld,Senior Engineer
439036,Harngdar,Papsdorf,Senior Engineer
439039,Cedric,Ullian,Senior Engineer
439040,Nakhoon,Aloia,Senior Staff
439043,Domenico,Weiland,Senior Engineer
439045,Eldridge,Wiegley,Senior Engineer
439049,Tsuneo,Masada,Engineer
439054,Rosalie,Varker,Senior Engineer
439059,Kwangho,Lovengreen,Senior Staff
439062,Dhritiman,Streng,Staff
439064,Khalil,Rodham,Staff
439067,Minghong,Munke,Senior Engineer
439069,Sergi,Wendorf,Engineer
439071,Kokou,Woycyznski,Senior Staff
439072,Snehasis,Kavanagh,Senior Staff
439074,Gou,Plessier,Senior Staff
439078,Shahab,Gien,Senior Staff
439079,Jianhui,Eterovic,Engineer
439090,Hyuncheol,Tsunoo,Staff
439091,Lijia,Kumaresan,Senior Engineer
439094,Lunjin,Pauthner,Engineer
439095,Changho,Matzat,Senior Staff
439097,Jouko,Birsak,Senior Staff
439102,Kazuhito,Garigliano,Senior Engineer
439103,Tianruo,Baer,Senior Staff
439106,Guiseppe,Nivat,Staff
439108,Huiqun,Kawashima,Technique Leader
439115,Pohua,Backhouse,Senior Engineer
439116,Isaac,Perez,Senior Engineer
439118,Ult,Mitchem,Senior Staff
439119,Kshitij,Zeidenstein,Senior Staff
439121,Mari,Birsak,Senior Engineer
439123,Sham,Heinisuo,Engineer
439125,Nahid,Luff,Senior Staff
439129,Kauko,Birnbaum,Staff
439140,Chaosheng,Kumaresan,Senior Engineer
439147,Ebbe,Chiola,Senior Engineer
439148,Vidya,Penz,Engineer
439151,Jenwei,Aloia,Senior Engineer
439152,Guadalupe,Heemskerk,Senior Engineer
439156,Kenroku,Bala,Senior Engineer
439160,Pranay,Tchuente,Senior Staff
439162,Christophe,Rahier,Senior Engineer
439164,Cristinel,Takkinen,Engineer
439168,Fatemeh,Penn,Senior Staff
439169,Jaana,Streng,Senior Engineer
439175,Tomoyuki,Sifakis,Senior Staff
439178,Ronghao,Tramer,Engineer
439179,Yurii,Lanteri,Senior Staff
439180,Josyula,Fujisaki,Engineer
439185,Rosalyn,Yurek,Senior Staff
439195,Goncalo,Selenyi,Senior Engineer
439197,Gritta,Henders,Staff
439203,Tua,Molenkamp,Senior Staff
439204,Bluma,Ruther,Engineer
439207,Martins,Stranks,Senior Staff
439211,Hausi,Setia,Senior Staff
439212,Sangeeta,Goldhammer,Staff
439216,Aimee,Mateescu,Senior Engineer
439220,Youssef,Varker,Senior Staff
439225,Chenye,Kuszyk,Senior Engineer
439230,Etsuo,Baaz,Senior Engineer
439233,Yannis,Tyugu,Staff
439246,Alper,Colorni,Senior Engineer
439251,Navid,Cannane,Senior Engineer
439252,Fabrizio,Karnin,Senior Engineer
439254,Brigham,Lipner,Senior Engineer
439257,Khedija,Pluym,Senior Staff
439259,Surveyors,Cummings,Senior Engineer
439272,Aris,Nitta,Engineer
439276,Mayuko,Chappelet,Senior Engineer
439278,Sivanarayana,Chenney,Senior Engineer
439279,Sreekrishna,Baranowski,Senior Staff
439283,Ziya,Zolotykh,Staff
439286,Brigham,Tyugu,Senior Staff
439289,Kazuyasu,Morris,Senior Engineer
439292,Aruna,Hempstead,Senior Staff
439296,Navin,Shimshoni,Senior Engineer
439308,Cordelia,Siepmann,Staff
439309,Gila,Ligten,Engineer
439310,Xiaoqiu,Marsiglia,Senior Engineer
439313,Cathie,Wursthorn,Engineer
439318,Kinh,Cusworth,Senior Engineer
439322,Jaihie,Waeselynck,Senior Staff
439324,George,Pezzoli,Assistant Engineer
439328,Arie,Matzel,Engineer
439332,Mang,Munck,Senior Staff
439333,Huiqun,Benveniste,Engineer
439336,Domenico,Breugel,Engineer
439337,Alair,DiGiano,Senior Staff
439348,Shaz,Wissmann,Senior Engineer
439349,Yucai,Vingron,Staff
439350,Kerhong,Koblitz,Senior Engineer
439354,Xinan,Lorys,Senior Staff
439357,Srinidhi,Mukaidono,Technique Leader
439358,Shay,Heyers,Engineer
439359,Avishai,Sundgren,Senior Staff
439360,Conrado,Ozeki,Staff
439364,Gill,Luiz,Engineer
439366,Mario,Lichtner,Staff
439367,Peer,Biros,Senior Engineer
439369,Hironoby,Delgrande,Assistant Engineer
439371,Satoru,Pehl,Senior Engineer
439375,Duke,Schnabel,Staff
439376,Jinya,Fandrianto,Staff
439382,Almudena,Comellas,Senior Staff
439389,Douadi,Manderick,Senior Staff
439395,Chuanyi,Genther,Staff
439404,Piyawadee,Picci,Senior Engineer
439411,Troy,Garigliano,Technique Leader
439412,Baruch,Peyn,Senior Staff
439416,Naftaly,Matzen,Senior Engineer
439420,Xuedong,Dalton,Senior Staff
439422,Sachin,Savasere,Assistant Engineer
439425,Sudharsan,Raney,Assistant Engineer
439428,Hongzhu,Onuegbe,Staff
439432,Peer,Baba,Senior Staff
439436,Valter,Uhrig,Engineer
439437,Shuji,Randt,Staff
439440,Uma,Wossner,Senior Engineer
439455,Xumin,Cronau,Senior Engineer
439456,Remzi,Zallocco,Senior Staff
439463,Holgard,Luke,Senior Engineer
439465,Sanjay,Koshiba,Engineer
439468,Hailing,Pauthner,Engineer
439471,Kyoichi,Cyne,Senior Engineer
439473,Ronnie,Hanratty,Senior Engineer
439478,Leni,Marrevee,Senior Staff
439480,Sampalli,Rosch,Senior Engineer
439484,Muzhong,Seghrouchni,Technique Leader
439486,Armond,Heijenga,Senior Engineer
439493,Almudena,Bednarek,Senior Engineer
439495,Maris,Pettis,Senior Engineer
439501,Oscar,Falco,Senior Staff
439506,Tetsurou,Wursthorn,Staff
439511,Suzette,Cummings,Senior Engineer
439516,Marke,Sichman,Staff
439518,Kenroku,Homond,Senior Engineer
439519,Hidefumi,Chvatal,Senior Engineer
439520,Along,Kambil,Senior Engineer
439524,Ugo,Mellouli,Senior Engineer
439533,Kerryn,Bage,Senior Staff
439534,Leszek,Heuter,Staff
439541,Dines,Garnick,Senior Engineer
439543,Qingxiang,Miyakawa,Senior Staff
439544,Heping,Thiran,Senior Staff
439545,Nitsan,Mitchem,Senior Engineer
439549,Filipp,Azevdeo,Senior Engineer
439552,Pramod,Rando,Senior Staff
439558,Nakhoon,Peternell,Senior Staff
439560,Peternela,Legleitner,Senior Staff
439567,Weiyi,Ernst,Senior Engineer
439570,Hausi,Emden,Technique Leader
439572,Christoph,Bakhtari,Senior Staff
439573,Oddvar,Puoti,Senior Staff
439574,Xumin,Eldridge,Staff
439576,Elvis,Gihr,Staff
439577,Yannik,Schlumberger,Staff
439579,Stein,Hatcliff,Senior Staff
439580,Conal,Kalefeld,Engineer
439591,Leszek,Pokrovskii,Senior Engineer
439595,Anestis,Itzfeldt,Senior Engineer
439604,Bernd,Nations,Senior Staff
439608,Brendon,Suri,Engineer
439612,Bojan,Kalorkoti,Senior Engineer
439617,Youssef,Brlek,Senior Staff
439622,Vatsa,Vesna,Engineer
439627,Danai,Coors,Senior Staff
439628,Mototsugu,Sooriamurthi,Staff
439630,Ymte,Busillo,Senior Staff
439632,Foong,Deyuan,Senior Engineer
439634,Geoffrey,Benaini,Staff
439639,Vasilis,Halloran,Senior Engineer
439640,Lena,Plotkin,Staff
439644,Zeljko,Neimat,Engineer
439652,Josyula,Casperson,Senior Engineer
439659,Khalil,Lammel,Engineer
439660,Zhonghui,Budinsky,Senior Engineer
439662,Heejo,Erde,Staff
439663,Sadegh,Stentiford,Senior Engineer
439664,Keung,Litzler,Senior Staff
439665,Elvis,Kalafatis,Senior Engineer
439668,Goncalo,Chinin,Senior Engineer
439669,Subhrajyoti,Janetzko,Senior Staff
439675,Yuuichi,Atchley,Staff
439678,Adam,Encarnacion,Senior Engineer
439685,Tran,Krybus,Senior Staff
439686,Maia,Zeleznik,Senior Engineer
439687,Alejandra,Schlumberger,Technique Leader
439694,Eric,Aingworth,Senior Staff
439704,Youssef,Jording,Senior Engineer
439715,Xiaopeng,Brizzi,Senior Engineer
439716,Zsolt,Chleq,Senior Engineer
439717,Fei,Mundy,Senior Staff
439719,Uri,Schreiter,Engineer
439721,Douadi,Rassart,Senior Engineer
439722,Weicheng,Kaltofen,Senior Staff
439723,Marko,Vidya,Engineer
439729,Jongsuk,Ferriere,Senior Engineer
439735,Yishai,Knightly,Senior Engineer
439741,Kristian,Polupanov,Engineer
439743,Janalee,Ernst,Senior Engineer
439744,Saniya,Yetim,Staff
439748,Poorav,Soicher,Technique Leader
439749,Rimli,Jahnichen,Senior Engineer
439750,Gilbert,Masaki,Engineer
439757,Gunilla,Czap,Senior Engineer
439760,Tesuro,Dichev,Senior Engineer
439765,Ger,Templeman,Senior Staff
439769,Thanasis,Hennebert,Staff
439772,Roddy,Gide,Engineer
439774,Ayakannu,Verhoeff,Engineer
439780,Quingbo,Passafiume,Assistant Engineer
439781,Satosi,Ponthieu,Staff
439789,Almudena,Liedekerke,Senior Engineer
439792,Chenyi,Molenaar,Staff
439794,Eric,Koblick,Senior Engineer
439795,Sashi,Sullins,Senior Engineer
439798,Peer,Olano,Senior Engineer
439800,Beshir,Mellouli,Senior Staff
439803,Parke,Picht,Engineer
439807,Kotesh,Fraisse,Senior Staff
439815,Denis,Coombs,Engineer
439817,Zorica,Lowrie,Senior Engineer
439823,Remko,Erdi,Engineer
439827,King,Hammerschmidt,Senior Engineer
439829,Uta,Birjandi,Senior Engineer
439830,Shem,Ramamoorthy,Senior Engineer
439832,Ebbe,Pleszkun,Senior Staff
439834,Moriyoshi,Ducloy,Senior Engineer
439835,Yucai,Papadias,Senior Engineer
439837,Saniya,Matzel,Staff
439839,Jeanne,Kusakabe,Senior Engineer
439840,Yucel,Ratzlaff,Technique Leader
439849,Kamakshi,Undy,Engineer
439851,Aris,Godskesen,Senior Engineer
439853,Remzi,Luon,Engineer
439854,Hiroyasu,Atchley,Technique Leader
439855,Zhiguo,Cochrane,Engineer
439858,Janche,Manderick,Senior Engineer
439860,Kaijung,Munro,Senior Staff
439864,Izaskun,Spelt,Senior Engineer
439868,Toney,Gruenwald,Senior Staff
439869,Ziva,Schoegge,Senior Staff
439875,Domenick,Matzke,Senior Engineer
439877,Wojceich,Emiris,Senior Staff
439879,Tzvetan,Gente,Engineer
439885,Hongzhu,Schaaf,Senior Engineer
439886,Manton,Huhdanpaa,Engineer
439887,Fuqing,Dusink,Senior Staff
439889,Constantijn,Benaini,Senior Engineer
439896,Yahiko,Baaleh,Senior Staff
439899,Marie,Brandsma,Engineer
439903,Rosalie,Servieres,Staff
439911,Premal,Hebert,Senior Engineer
439922,Fei,Rosti,Staff
439923,Utz,Boudaillier,Senior Engineer
439925,Marla,Luga,Staff
439927,Fumiyo,Manders,Senior Engineer
439932,Uriel,Cappelletti,Staff
439937,Kersti,Glowinski,Engineer
439938,Eben,Soloway,Senior Staff
439939,Rasiah,Steenbeek,Senior Engineer
439941,Weiyi,Rathonyi,Staff
439948,Toshimitsu,Hatcliff,Staff
439953,Zhigen,Birnbaum,Staff
439954,Hitofumi,Fetvedt,Senior Engineer
439958,Kerhong,Ladret,Staff
439969,Ohad,Gini,Senior Staff
439978,Rosalie,Steenbeek,Senior Staff
439987,Shaibal,Rathonyi,Senior Engineer
439995,Demos,Zweizig,Engineer
439998,Huei,Tzvieli,Senior Engineer
440003,Arto,Grandbois,Assistant Engineer
440004,Remco,Bahr,Engineer
440006,Jinya,Lindenbaum,Senior Staff
440010,King,Lamma,Senior Engineer
440016,Aksel,Paciorek,Staff
440019,Jianhua,Ossenbruggen,Technique Leader
440020,Shawna,Codenie,Senior Staff
440024,Bernardo,Merlo,Senior Engineer
440026,Zorica,Kavanagh,Senior Staff
440034,Mohd,Rosti,Senior Staff
440035,Domenico,Thisen,Senior Engineer
440037,Tianruo,Veevers,Assistant Engineer
440039,Vesna,Crouzet,Senior Engineer
440043,Susumu,Brodie,Staff
440045,Dzung,Francisci,Senior Staff
440048,Marc,Reeker,Senior Engineer
440050,Gou,Wolniewicz,Senior Staff
440051,Koichi,Weisert,Engineer
440052,Eishiro,Steenbeek,Engineer
440056,Moni,Stanfel,Senior Engineer
440058,Taegyun,Cooley,Staff
440069,Stafford,Tyugu,Technique Leader
440072,Mingzeng,Schnelling,Senior Engineer
440073,Sachio,Azadmanesh,Senior Staff
440074,Gritta,Ghemri,Senior Staff
440075,Hatim,Turnbull,Senior Engineer
440076,Hailing,Schiettecatte,Engineer
440083,Heeju,Szemeredi,Senior Staff
440084,Mechthild,Gist,Senior Engineer
440085,Holgard,Demos,Senior Staff
440086,Hideyuki,Dulli,Staff
440087,Zhenhua,Bierman,Engineer
440088,Serge,Denny,Staff
440091,Jinpo,Bierman,Senior Engineer
440094,Bernice,Rabehasaina,Senior Staff
440097,Alselm,Junot,Senior Engineer
440103,Yishai,Weisert,Senior Engineer
440104,Martial,Setia,Staff
440106,Tuval,Famili,Senior Engineer
440107,Hirochika,Lindenbaum,Senior Engineer
440111,Martina,Sgarro,Senior Engineer
440113,Vasilii,Hashii,Assistant Engineer
440115,Atilio,Lalonde,Senior Engineer
440116,Shim,Seghrouchni,Senior Engineer
440120,Peternela,Strooper,Senior Staff
440124,Kwangyoen,Kaiserswerth,Senior Engineer
440128,Nirmal,Constantine,Senior Staff
440129,Fen,Wolniewicz,Staff
440132,Paris,Showalter,Senior Engineer
440136,Bowen,Jenevein,Senior Staff
440140,Baoqiu,Marakhovsky,Assistant Engineer
440145,Salvador,Ranft,Senior Engineer
440150,Luigi,Lorcy,Engineer
440152,Kirk,Ertl,Senior Staff
440156,Lein,Hartvigsen,Senior Staff
440157,Jingling,Nourani,Senior Staff
440160,Gudjon,Koblitz,Senior Staff
440163,Honglan,Theuretzbacher,Engineer
440166,Xiadong,Scallan,Senior Staff
440168,Jinpo,Christianini,Senior Engineer
440169,Munenori,Holburn,Senior Staff
440175,Babette,Demos,Senior Engineer
440179,Masali,Waschkowski,Senior Engineer
440180,Ashish,Jording,Senior Engineer
440182,Seongbin,Coorg,Engineer
440183,Golgen,Werthner,Senior Engineer
440189,Kiyomitsu,Falster,Senior Engineer
440190,Gaetan,Bazzichi,Senior Engineer
440192,Yefim,Bamford,Staff
440200,Annemarie,Marrevee,Senior Staff
440202,Sadegh,Daescu,Senior Engineer
440204,Shunichi,Albarhamtoshy,Senior Engineer
440205,Hideo,Hutter,Senior Engineer
440209,Zvonko,Rindone,Staff
440212,Christoph,Lambe,Staff
440215,Keiichiro,Dredge,Senior Engineer
440218,Shigeo,Simmen,Senior Staff
440224,Mansur,Iisaku,Senior Engineer
440230,Luise,Awdeh,Engineer
440234,Venkatesan,Morrey,Technique Leader
440236,Franziska,Caine,Senior Engineer
440247,Geoff,Ambroszkiewicz,Senior Engineer
440248,Danai,Erman,Senior Engineer
440250,Valeri,Granlund,Senior Engineer
440251,Josyula,Yurek,Staff
440255,Margareta,Schlenzig,Senior Staff
440256,Miyeon,Speer,Technique Leader
440257,Reinhold,Lammel,Staff
440258,Khalid,Schmiedel,Senior Engineer
440259,Changho,Farris,Staff
440262,Mack,Serra,Senior Engineer
440264,Izaskun,Biran,Senior Staff
440267,Shao,Busillo,Engineer
440271,Candida,Perfilyeva,Engineer
440275,Randi,Bernick,Senior Staff
440278,Yonghong,Ermel,Senior Engineer
440279,Gretta,Merlo,Staff
440282,Hairong,Maginnis,Technique Leader
440288,Along,Rissland,Senior Staff
440290,Jianhui,Polajnar,Senior Engineer
440291,Masasuke,Fujisaki,Senior Engineer
440293,Gro,Stentiford,Senior Staff
440294,Deniz,McConalogue,Senior Engineer
440295,Kinh,Crabtree,Senior Engineer
440300,Aloys,Thummel,Senior Staff
440301,Sven,Lanzelotte,Senior Engineer
440302,Subhrajyoti,Christ,Senior Staff
440303,Krisda,Mundy,Engineer
440305,Rosalie,Swab,Senior Staff
440306,Alper,Tramer,Senior Staff
440307,Hailing,Tetzlaff,Senior Engineer
440314,Shin,Merlo,Senior Engineer
440315,Martien,Hitomi,Senior Staff
440319,Qunsheng,Brookman,Technique Leader
440321,Mori,Begiun,Senior Staff
440323,Ravishankar,Radwan,Senior Staff
440324,Arvin,Veevers,Staff
440326,Elvis,Krogh,Engineer
440329,Valdiodio,Carrere,Senior Staff
440331,Adas,Szilard,Engineer
440333,Shawna,Cannane,Senior Engineer
440337,Terresa,Kitsuregawa,Senior Engineer
440338,Neelam,Radwan,Senior Staff
440343,Kasturi,Serov,Senior Engineer
440352,Tianruo,Ghalwash,Senior Staff
440353,Sigeru,Monarch,Senior Staff
440357,Eberhardt,Sidou,Senior Staff
440360,Gianluca,Junot,Technique Leader
440361,Shahaf,Skrikant,Senior Staff
440363,Lucian,Rothenberg,Senior Staff
440364,Xinan,Preusig,Engineer
440365,Zhaofang,Gien,Senior Engineer
440366,Babette,Armand,Senior Staff
440367,Ronnie,Krichel,Engineer
440370,Fumiya,Gunderson,Senior Staff
440372,Khosrow,Baar,Senior Engineer
440373,Xiaopeng,Constantine,Senior Engineer
440375,Mitsuyuki,Bojadziev,Staff
440376,Chikako,Vanwelkenhuysen,Engineer
440380,Ashish,Magliocco,Engineer
440381,Billie,Beerel,Technique Leader
440382,Reinhard,McDermid,Senior Staff
440383,Bezalel,Denny,Senior Engineer
440385,Koichi,Pokrovskii,Senior Staff
440387,Elgin,Weedman,Staff
440388,Behnaam,Deyuan,Senior Engineer
440389,Khalil,Grandbois,Technique Leader
440390,Girolamo,Crelier,Senior Engineer
440400,Vasiliy,Karlin,Senior Staff
440402,Seongbin,Zeleznik,Senior Engineer
440403,Spyrose,Baik,Engineer
440405,Vasilis,Servi,Senior Engineer
440407,Jixiang,Arlazarov,Staff
440412,Eberhardt,Radivojevic,Senior Staff
440414,Kolar,Meriste,Senior Engineer
440423,Fumino,Marquardt,Senior Engineer
440424,Roselyn,Wynblatt,Engineer
440426,Sanjay,Iisaku,Staff
440429,Alassane,Birjandi,Senior Staff
440431,Aria,Belinskaya,Staff
440434,Subhankar,Rosch,Engineer
440437,Tonia,Milicia,Senior Engineer
440441,Katsuo,Cusworth,Senior Staff
440445,Honglan,Kilgore,Engineer
440453,Elvis,Grandbois,Engineer
440456,Valter,Tchuente,Senior Engineer
440461,Bader,Stenning,Senior Staff
440462,Unal,Lukaszewicz,Senior Staff
440463,Rosine,Percebois,Staff
440465,Heeju,Magalhaes,Senior Staff
440468,Nathan,Selvestrel,Staff
440477,Akemi,Unni,Senior Staff
440478,Kamakshi,Haumacher,Senior Staff
440480,Stepehn,Luders,Staff
440486,Keiichiro,Fortenbacher,Senior Engineer
440487,Saeed,Perry,Senior Staff
440501,Magy,Swan,Senior Engineer
440506,Lene,Swan,Senior Engineer
440507,Ramalingam,Yamaashi,Senior Engineer
440509,Beshir,Hoogerwoord,Engineer
440516,Mamdouh,Matheson,Engineer
440518,Kensei,Claffy,Staff
440520,Berna,Sidje,Engineer
440523,Sanjai,Kuszyk,Senior Staff
440528,Mohd,Mondadori,Senior Engineer
440530,Morris,Linares,Technique Leader
440531,Goa,Kuhnemann,Senior Engineer
440534,Paris,Parveen,Senior Engineer
440536,Martijn,Khalil,Senior Engineer
440537,Oldrich,Versino,Senior Staff
440538,Mark,Kroha,Senior Staff
440539,Nahum,Pettis,Senior Engineer
440541,Subbu,Goodrum,Senior Engineer
440546,Takushi,Selvestrel,Assistant Engineer
440548,Szabolcs,Eastman,Senior Engineer
440549,Dietrich,Eldridge,Senior Engineer
440551,Unal,Frolund,Engineer
440560,Junichi,Mayerwieser,Senior Staff
440568,Fumiya,Perly,Engineer
440573,Kenton,Lubachevsky,Senior Engineer
440582,Elliott,Kawashima,Senior Staff
440584,Izaskun,Maccarone,Senior Engineer
440587,Lijia,Flasterstein,Senior Engineer
440588,Kien,Schmittgen,Senior Staff
440590,Nadjib,Baez,Senior Engineer
440591,Serif,Nitsch,Staff
440598,Dmitry,Kawashima,Technique Leader
440607,Kwangjo,Molberg,Engineer
440608,Kiyokazu,Kragelund,Senior Staff
440609,Fay,Schmezko,Engineer
440611,Peternela,Azevdeo,Engineer
440614,Naftali,McConalogue,Senior Engineer
440616,Naftaly,Syrotiuk,Staff
440617,Tsvetan,Khamsi,Senior Engineer
440619,Tzvetan,Lamba,Senior Engineer
440624,Nikolaus,Vesna,Staff
440627,Mingsen,Mitzlaff,Engineer
440630,Berhard,Bernick,Senior Staff
440633,Rosita,Rattan,Engineer
440640,Xiaoqiang,Vieri,Senior Staff
440641,Sajjan,Lyonns,Engineer
440646,Lalit,Vernadat,Engineer
440649,Leaf,Legleitner,Senior Engineer
440652,Nahum,Garnier,Senior Engineer
440653,Chenye,Denis,Senior Staff
440654,Kaijung,Berztiss,Senior Engineer
440660,Ennio,Schnabel,Senior Staff
440664,Mingsen,Neimat,Senior Engineer
440667,Martina,Rissanen,Senior Engineer
440668,Tokuyasu,Plotkin,Senior Engineer
440674,Mikhail,Pollacia,Senior Staff
440680,Vishu,Gammage,Technique Leader
440681,Phillip,Schusler,Senior Staff
440686,Kendra,Guardalben,Engineer
440689,Subhash,Maierhofer,Senior Engineer
440690,Arch,Cmelik,Senior Staff
440691,Pintsang,Bolotov,Assistant Engineer
440696,Kazuhiro,Shanbhogue,Senior Engineer
440697,Xiaocheng,Greenaway,Technique Leader
440698,Karsten,Stenning,Engineer
440699,Lucian,Rettelbach,Senior Staff
440704,Shigehiro,Bernatsky,Senior Staff
440706,Vidar,Schade,Assistant Engineer
440707,Xiaocheng,Dalphin,Staff
440709,Khedija,Yeung,Staff
440713,Eldridge,McClurg,Engineer
440714,Duro,Rosay,Senior Engineer
440719,Guozhong,Casperson,Senior Staff
440722,Mototsugu,Heystek,Senior Engineer
440734,Yuping,Schaar,Senior Staff
440738,Marko,Hoogerwoord,Staff
440740,Kinh,Kamber,Technique Leader
440743,Georgy,Oberman,Senior Staff
440744,Goetz,Rosca,Engineer
440745,Mona,Pappas,Staff
440746,Anneli,Ramsay,Technique Leader
440748,Herb,Plessier,Senior Engineer
440754,Adil,Bernatsky,Senior Engineer
440761,Marl,Munke,Technique Leader
440763,Siddarth,Heystek,Senior Staff
440764,Kankanahalli,Maquelin,Staff
440767,Adly,Narahari,Engineer
440774,Youjian,Nastansky,Senior Engineer
440776,Leon,Zedlitz,Senior Staff
440778,Berry,Genin,Senior Engineer
440783,Heon,Hiraishi,Senior Staff
440784,Subhada,Wolniewicz,Staff
440788,Zita,Mawatari,Senior Engineer
440789,Izaskun,Roohalamini,Senior Staff
440794,Emdad,Dalphin,Senior Engineer
440795,Malu,Hemaspaandra,Engineer
440796,Breannda,Thebaut,Senior Engineer
440798,Sanjai,Isaac,Assistant Engineer
440804,Fumiko,Harllee,Senior Staff
440811,Mohammed,Slaats,Engineer
440812,Yechiam,Baer,Senior Engineer
440814,Uzi,Taneja,Senior Staff
440817,Hidde,Francisci,Engineer
440820,Mircea,Uhrik,Senior Staff
440821,Guoxiang,Veevers,Senior Engineer
440829,Richara,Falco,Senior Engineer
440832,Abdulla,Guardalben,Senior Staff
440833,Etsuo,Siochi,Senior Engineer
440834,Taiji,Marakhovsky,Senior Staff
440836,Ziya,Lanzelotte,Senior Staff
440839,Ipke,Sidje,Senior Staff
440841,Elzbieta,Isard,Senior Staff
440848,Fen,Kropp,Senior Staff
440850,Utz,Langford,Senior Engineer
440853,Sivanarayana,Usery,Senior Staff
440854,Goetz,Veldwijk,Technique Leader
440861,Valeska,Mitzlaff,Senior Staff
440872,Vishwani,Nourani,Senior Engineer
440873,Baruch,Marletta,Staff
440877,Kerryn,Kuhnemann,Senior Staff
440878,Tonny,Akazan,Technique Leader
440879,Gift,Gewali,Senior Engineer
440882,Sverrir,Kushnir,Senior Engineer
440883,Caolyn,Szemeredi,Senior Staff
440889,Cathie,Murrill,Staff
440895,Godehard,Redmiles,Senior Staff
440898,Lobel,Furudate,Senior Staff
440901,Qiwen,Pintelas,Senior Engineer
440902,Satyanarayana,Ermel,Engineer
440904,Eran,Vickson,Senior Staff
440906,Mohua,Ouhyoung,Senior Engineer
440907,Toshiki,Prochazka,Senior Engineer
440911,Babette,Mundy,Staff
440914,Jaihie,Griswold,Senior Engineer
440917,Zorica,Cummings,Senior Engineer
440928,Tua,Thorelli,Assistant Engineer
440931,Yinghua,Dratva,Senior Staff
440932,Aron,Rijsenbrij,Senior Staff
440933,Xiadong,Kavanagh,Senior Engineer
440939,Masako,Maliniak,Staff
440944,Masoud,Peac,Senior Engineer
440948,Renny,Siepmann,Senior Staff
440956,Herbert,Wossner,Staff
440960,Moty,Zirintsis,Senior Engineer
440962,Angus,Stanfel,Senior Engineer
440966,Hairong,Fontet,Senior Staff
440973,Moti,Fargier,Senior Staff
440974,Mitsuyuki,Simmen,Staff
440978,Faiza,Braunschweig,Engineer
440979,Dante,Rosay,Senior Engineer
440980,Anestis,Zuberek,Staff
440981,Tomoyuki,Foong,Staff
440989,Maia,Cincotta,Senior Engineer
440995,Henk,Menhoudj,Engineer
440996,Xuejia,Rouquie,Senior Engineer
441007,Rosli,Nitta,Senior Engineer
441008,Dines,Weiland,Engineer
441013,Satoru,Rande,Senior Staff
441014,Sandeepan,Lunt,Engineer
441018,Bodh,Khalil,Staff
441022,Rajmohan,Argence,Technique Leader
441026,Takahito,Perna,Senior Staff
441027,Duangkaew,Rajaraman,Staff
441028,Bernd,Krychniak,Senior Engineer
441029,Mooi,Schnabel,Senior Staff
441030,Jovan,Trumbly,Senior Staff
441031,Stevo,Vandervoorde,Senior Engineer
441033,Tremaine,Chartres,Senior Engineer
441036,Aruna,Ernst,Senior Staff
441039,Chenyi,Pena,Staff
441043,Duangkaew,Heinisuo,Engineer
441044,Randi,Erman,Senior Engineer
441045,Sanjiv,Siksek,Staff
441051,Florina,Dymetman,Senior Engineer
441052,Martien,Menhardt,Senior Staff
441054,Richara,Belinskaya,Engineer
441055,Ramzi,Danner,Engineer
441059,Perla,Borstler,Technique Leader
441061,Ramalingam,Klyachko,Senior Staff
441066,Djelloul,Ghemri,Senior Engineer
441070,Luigi,Harllee,Senior Staff
441075,Heejo,Bresenham,Senior Engineer
441081,Shichao,Selenyi,Senior Staff
441084,TRUE,Garnham,Staff
441086,Jaideep,Anger,Senior Engineer
441091,Muneo,Ghelli,Senior Engineer
441092,Raimond,Peres,Senior Engineer
441093,Bikash,Doering,Senior Engineer
441100,Peternela,Litvinov,Senior Engineer
441103,Hongzhu,Norsworthy,Senior Engineer
441104,Adit,Krzyzanowski,Senior Engineer
441105,Amabile,Picci,Senior Staff
441106,Hilari,Rohrbach,Senior Engineer
441107,Anoosh,Maraist,Senior Engineer
441117,Xiahua,Mondadori,Senior Engineer
441118,Shridhar,Juneja,Senior Engineer
441127,Manu,Legleitner,Senior Engineer
441131,Mandell,Covnot,Senior Engineer
441132,Claude,Jansen,Technique Leader
441134,Insup,Bennet,Senior Staff
441137,Sanjit,Rajala,Senior Engineer
441144,Muneo,Bolsens,Senior Engineer
441151,Constantijn,Welham,Staff
441154,Lansing,Syang,Senior Engineer
441157,Barna,Tiemann,Senior Staff
441163,Shunichi,Turnbull,Senior Staff
441168,Nikolaos,Kenevan,Senior Staff
441172,Makato,Kadhim,Engineer
441174,Barun,Stille,Senior Staff
441179,Tommaso,Sgarro,Senior Staff
441182,Mayumi,Benantar,Senior Engineer
441184,Hein,Kadhim,Technique Leader
441188,Kwee,Zaumen,Senior Engineer
441190,Yuuichi,Dulay,Senior Engineer
441191,Subir,Quittner,Technique Leader
441200,Keung,Uhrig,Staff
441201,Slavian,Kampfer,Senior Engineer
441208,Nitsan,Murrill,Senior Engineer
441212,Sigeru,Picaronny,Senior Engineer
441214,Takushi,Crabtree,Engineer
441228,Kazuhiko,Winter,Senior Staff
441229,Nobuyoshi,Rosis,Senior Staff
441232,Chiradeep,Gerteisen,Engineer
441240,Shounak,Nicolson,Engineer
441241,Luisa,Dusink,Senior Engineer
441243,Boutros,Rijsenbrij,Senior Engineer
441250,Yuriy,Schlumberger,Engineer
441251,Chiranjit,Mullainathan,Senior Engineer
441258,Leon,Swen,Senior Staff
441263,Vivian,Coullard,Staff
441264,Chenye,Chinal,Senior Engineer
441267,Zita,Hebden,Senior Staff
441269,Arne,Hempstead,Senior Staff
441271,Mads,Esposito,Senior Engineer
441278,Chandrasekaran,Wallrath,Technique Leader
441280,Mohd,Stanger,Staff
441287,Reinhard,Asmuth,Engineer
441289,Angus,Luga,Staff
441293,Soenke,Backhouse,Senior Engineer
441303,Juyoung,Vilarrasa,Staff
441305,Toshimitsu,Thimonier,Engineer
441308,Sastry,Sankaranarayanan,Senior Staff
441309,Arco,Trystram,Senior Engineer
441313,Gio,Kroha,Senior Staff
441324,Ranan,Genther,Senior Engineer
441326,Rimli,Raczkowsky,Staff
441332,Sverrir,Bruckman,Senior Engineer
441333,Horward,Randi,Senior Engineer
441338,Maria,Thebaut,Senior Staff
441339,Barna,Bolotov,Senior Staff
441343,Yuping,Jiang,Senior Engineer
441346,Arvin,Birge,Staff
441349,Oscar,Merlo,Senior Staff
441352,Christoper,Menyhert,Senior Staff
441356,Doohun,Schnelling,Engineer
441361,Kasturi,Pollock,Engineer
441363,Wayne,Baalen,Senior Staff
441364,Weidon,Kilgore,Senior Staff
441366,Mabo,Azumi,Staff
441367,Sachio,Clouatre,Staff
441371,Vidya,Leppanen,Senior Staff
441373,Marjo,Marquardt,Senior Staff
441379,Adib,Tsukune,Senior Staff
441381,Sadok,Chorvat,Staff
441388,Sham,Kroft,Senior Staff
441391,Xiping,Coney,Senior Staff
441394,Nimmagadda,Iivonen,Senior Staff
441398,Chiradeep,Eiter,Senior Staff
441402,Etsuo,Yetto,Senior Engineer
441407,Atreyi,Roohalamini,Engineer
441409,Khalid,Serot,Engineer
441410,Alexius,Miyakawa,Technique Leader
441412,Mitchel,Luft,Senior Engineer
441416,Kiyotoshi,Sooriamurthi,Engineer
441421,Giao,Rosiles,Engineer
441425,Niteen,Famili,Senior Engineer
441429,Ewing,Akaboshi,Senior Staff
441443,Tsvetan,Assaf,Senior Staff
441444,Khoa,Mikschl,Senior Engineer
441446,Leaf,Boguraev,Senior Engineer
441449,Kiyokazu,Lally,Senior Engineer
441451,Fabrizio,Marletta,Senior Engineer
441453,Zhensheng,Kitai,Engineer
441459,Rosine,Schauser,Senior Engineer
441461,Mang,Nations,Senior Engineer
441477,Kerryn,Sevcikova,Senior Staff
441478,Mats,Camarinopoulos,Technique Leader
441480,Bezalel,Spataro,Senior Staff
441483,Mingsen,Marchesini,Engineer
441487,Przemyslawa,Dulli,Senior Engineer
441489,Jamaludin,Menhardt,Technique Leader
441493,Ger,Menhardt,Engineer
441495,Marie,Feldmann,Engineer
441503,Chuanti,Kaiserswerth,Staff
441506,Kwun,Underwood,Engineer
441510,Shichao,Tokunaga,Senior Staff
441515,Fox,Hasenauer,Senior Engineer
441516,Sanjai,Nitsch,Senior Engineer
441517,Christophe,Gischer,Senior Engineer
441519,Arun,Verspoor,Staff
441520,Shounak,Suermann,Senior Staff
441523,Kazuhira,Manders,Staff
441526,Joydip,Hitomi,Senior Staff
441529,Kazuhiko,Tasistro,Engineer
441531,Heekeun,Chandrasekhar,Senior Engineer
441534,Hitomi,Baby,Senior Staff
441537,Gianluca,Escriba,Senior Staff
441538,Douadi,Zaumen,Engineer
441552,Qiwen,Cronin,Staff
441560,Marl,Takanami,Senior Engineer
441561,Arif,Driscoll,Senior Engineer
441564,Aria,Portugali,Staff
441566,Kankanahalli,Androutsos,Engineer
441567,Zhenhua,Fraisse,Senior Staff
441570,Sangeeta,Knightly,Staff
441573,Bartek,Masada,Staff
441582,Munehiko,Schauser,Senior Engineer
441583,Sariel,Hanratty,Senior Engineer
441593,Amalendu,Lieblein,Staff
441597,Kwun,Luca,Senior Engineer
441598,Jingling,Siepmann,Staff
441600,Fay,Janetzko,Senior Staff
441604,Cullen,Suwa,Engineer
441606,Naftali,Sidhu,Engineer
441607,Susanna,Zumaque,Staff
441609,Martins,Swiss,Senior Engineer
441611,Paris,Besselaar,Senior Staff
441612,Hugo,Vural,Senior Staff
441613,Nectarios,Cannata,Engineer
441622,Suzette,Lamma,Senior Staff
441623,Chikako,Maccarone,Staff
441624,Kwangsub,Glowinski,Senior Staff
441626,Mohan,Pellegrinelli,Senior Staff
441628,Lubomir,Bazelow,Senior Staff
441632,Lokesh,Sundgren,Engineer
441635,Jinya,Perez,Engineer
441636,Volkmar,Gecsel,Senior Engineer
441645,Kamran,Stille,Staff
441650,Taegyun,Schmittgen,Engineer
441653,Moto,Kaminger,Engineer
441655,Nimmagadda,Buescher,Staff
441656,Elvis,Muntz,Senior Staff
441660,Cordelia,Rosen,Engineer
441665,Clyde,Comellas,Staff
441666,Mohammed,Jullig,Senior Staff
441668,Huiqun,Crelier,Technique Leader
441669,Raimond,Chimia,Senior Staff
441672,Inderjeet,Rabehasaina,Senior Staff
441673,Owen,Kushnir,Senior Staff
441674,Jiong,Heusch,Senior Staff
441675,Berthier,Demir,Technique Leader
441677,Beshir,Chenney,Senior Staff
441680,Pranas,Paciorek,Senior Engineer
441683,Sanjai,Andreotta,Senior Staff
441687,Becky,Dusink,Technique Leader
441688,Jayesh,Schwaller,Staff
441690,Tse,Bain,Engineer
441691,Uri,Oehlmann,Senior Staff
441693,Christ,Snyers,Senior Staff
441696,Steen,Xiaoshan,Senior Engineer
441698,Reinhard,Halloran,Senior Engineer
441703,Ortrud,Figueira,Senior Engineer
441708,Shaibal,Keirsey,Senior Engineer
441712,Koichi,Gente,Engineer
441713,Sugwoo,Karcich,Engineer
441714,Hisao,Cooke,Senior Staff
441715,Mana,Luft,Engineer
441719,Doowon,Slaats,Staff
441723,Houman,Granlund,Senior Engineer
441727,Leen,Mapelli,Senior Engineer
441728,Jaques,Chinin,Senior Engineer
441731,Lenore,Roisin,Senior Staff
441734,Constantijn,Hofman,Senior Engineer
441736,Shigehiro,Borstler,Senior Engineer
441737,Sverrir,Coombs,Senior Engineer
441738,Huei,Ramsak,Technique Leader
441739,Seongbin,Kuszyk,Staff
441747,Remmert,Nicolson,Engineer
441749,Siamak,Swen,Engineer
441757,Basil,Pargaonkar,Senior Staff
441762,Mircea,Delaune,Senior Staff
441769,Irena,Sundgren,Senior Staff
441771,Leucio,Kaelbling,Senior Staff
441773,Shigenori,Cesareni,Senior Staff
441774,Duri,Randi,Staff
441776,Weiye,Trachtenberg,Engineer
441778,Jacopo,Danecki,Senior Staff
441784,Vasilii,Peroz,Senior Engineer
441785,Aria,Bruckman,Technique Leader
441790,Adas,Bratsberg,Senior Engineer
441793,Isamu,Bodoff,Staff
441805,Debaprosad,Peng,Senior Staff
441806,Girolamo,Luders,Senior Engineer
441811,Salvador,Lichtner,Staff
441819,Slavian,Kampfer,Senior Staff
441820,Mori,Heiserman,Staff
441826,Leandro,Einsfeld,Senior Staff
441833,Hatem,Wiegley,Engineer
441836,Mayuri,Francisci,Senior Staff
441837,Byong,Suppi,Senior Staff
441839,Froduald,Christ,Senior Staff
441842,Freyja,Olivero,Senior Engineer
441844,Toshimitsu,Lieblein,Senior Staff
441845,Slavian,Merli,Engineer
441850,Woody,Stifter,Senior Engineer
441856,Przemyslawa,Dulay,Senior Staff
441857,Woody,Oberman,Senior Staff
441860,Marla,Seghrouchni,Senior Engineer
441861,Mantis,Gihr,Staff
441866,Kerhong,Garnham,Engineer
441870,Chiradeep,Hasham,Senior Engineer
441872,Mantis,Glowinski,Technique Leader
441873,Georg,Perri,Senior Staff
441874,Volkmar,Guerreiro,Staff
441875,Mingzeng,Reistad,Engineer
441880,Xiping,Mikschl,Senior Engineer
441882,Izaskun,Garnier,Senior Engineer
441885,Weiwu,Llado,Engineer
441892,Ronnie,Lorcy,Staff
441899,Shuichi,Schaaf,Senior Staff
441903,Heping,Kusakabe,Senior Engineer
441904,Rosalyn,Sambasivam,Staff
441909,Kendra,Goodrum,Engineer
441911,Susuma,Zweizig,Senior Staff
441912,Roded,Farrel,Senior Staff
441915,Temple,Lichtner,Engineer
441917,Chinho,Benaini,Technique Leader
441918,Bluma,Rettelbach,Senior Staff
441921,Jeanne,Hatcliff,Senior Engineer
441925,Kinh,Kusakabe,Senior Engineer
441927,Diederik,Oxman,Senior Engineer
441929,Tadahiko,Rothenberg,Senior Engineer
441930,Augustine,Fargier,Engineer
441932,Shir,Tyugu,Engineer
441934,Gurbir,Quittner,Staff
441936,Mitchel,Dolinsky,Senior Engineer
441937,Evgueni,Kuzuoka,Senior Staff
441939,Jayson,Hennings,Engineer
441940,Apostol,Pardalos,Senior Staff
441945,Emdad,Lorys,Senior Staff
441948,Josyula,Greibach,Senior Staff
441950,Maha,Lanphier,Engineer
441955,Sudhanshu,Sommer,Senior Staff
441962,Oscal,Sluis,Staff
441963,Shem,Vadhan,Senior Staff
441968,Gro,Stamatiou,Engineer
441970,Duangkaew,Puppe,Senior Engineer
441973,Hatsukazu,Egerstedt,Senior Engineer
441982,Subhash,Nicolson,Staff
441983,Yishai,Coorg,Engineer
441985,Xumin,Velardi,Technique Leader
441998,Aram,Hasenauer,Senior Staff
442008,Fen,Schach,Staff
442014,Radhakrishnan,Gajiwala,Senior Engineer
442016,Yuping,Breugel,Senior Staff
442021,Rance,Bala,Staff
442024,Berto,Raczkowsky,Senior Staff
442025,Herb,Demeyer,Engineer
442037,Christfried,Peek,Senior Engineer
442039,Nathalie,Hemaspaandra,Senior Engineer
442040,Siddarth,Kalefeld,Senior Staff
442042,Jungsoon,Shackel,Senior Staff
442044,Gift,Vural,Engineer
442048,Shigeu,Stassinopoulos,Technique Leader
442049,Chuanti,Rando,Staff
442054,Sachar,Vendrig,Engineer
442057,Hidde,Marciano,Staff
442063,Jaihie,Moehrke,Senior Engineer
442068,Emdad,Gammage,Staff
442071,Mandell,Smailagic,Senior Staff
442077,Sumant,Foote,Senior Staff
442078,Vishv,Georg,Senior Engineer
442080,Vidya,Jording,Senior Engineer
442083,Shridhar,Perly,Senior Engineer
442085,Jeong,Peha,Senior Staff
442088,Fumiya,Bonifati,Senior Staff
442089,Kien,Veeraraghavan,Engineer
442092,Tsz,Katalagarianos,Senior Engineer
442093,Arvind,Weisert,Senior Engineer
442099,Xuejun,Capobianchi,Engineer
442101,Martial,Vesel,Senior Engineer
442104,Nathan,Peak,Senior Staff
442107,Vasilii,Khasidashvili,Staff
442111,Munir,Cunliffe,Staff
442114,Ibibia,Mandell,Senior Staff
442116,Bilhanan,Steenbeek,Technique Leader
442118,Utz,Birsak,Senior Engineer
442119,Siddarth,Sudkamp,Staff
442124,Radoslaw,Wrigley,Engineer
442126,Cordelia,Encarnacion,Engineer
442129,Genki,Bruckman,Senior Staff
442131,Mark,Dredge,Senior Staff
442132,Faiza,Nitto,Senior Engineer
442133,Bernd,Angel,Senior Staff
442141,Eben,Serot,Senior Staff
442147,Sajjan,Ibel,Senior Staff
442149,Utpal,Bodoff,Senior Staff
442153,Abdelaziz,Coombs,Senior Staff
442154,Hidde,Kropf,Senior Engineer
442157,Youngkon,Nannarelli,Senior Staff
442160,Xudong,Schlegelmilch,Engineer
442161,Kauko,Condotta,Engineer
442162,Tadahiro,Claffy,Senior Staff
442164,Jixiang,Rouquie,Senior Staff
442167,Mohamadou,Vigier,Senior Engineer
442169,Joydip,Vidya,Engineer
442172,Subir,Murtafg,Engineer
442178,Saddek,Bednarek,Senior Staff
442182,Mabry,Peir,Engineer
442183,Chriss,Cullers,Senior Staff
442188,Lucian,Rahier,Staff
442191,Apostol,Shackell,Engineer
442193,Xiaoshan,Laurillard,Staff
442195,Gianluca,Brickell,Staff
442196,Muzhong,Hegner,Senior Engineer
442199,Arumugam,Kranzdorf,Senior Engineer
442203,DeForest,Biron,Technique Leader
442205,Sarita,Hambrick,Senior Engineer
442209,Shaunak,Solares,Engineer
442213,Masali,Hoogerwoord,Senior Staff
442215,Zongyan,Zaiane,Staff
442217,Junichi,Sommer,Staff
442218,Yechezkel,Krichel,Engineer
442223,Thodoros,Cappelli,Senior Staff
442225,Duangkaew,Denti,Senior Staff
442230,Anestis,Edelhoff,Senior Engineer
442233,Lene,Azuma,Senior Staff
442235,Avishai,Angelov,Engineer
442237,Aiichiro,Lunt,Senior Staff
442238,Shuichi,Tanemo,Staff
442243,Yishai,Syrzycki,Senior Engineer
442246,Richara,Linares,Senior Engineer
442249,Rimli,Champarnaud,Engineer
442260,Kayoko,Tokunaga,Senior Engineer
442265,Christophe,Navazio,Senior Staff
442271,Chinho,Speer,Senior Staff
442272,Stein,Varker,Staff
442273,Atreye,Mamelak,Engineer
442275,Eric,Kropf,Senior Engineer
442286,Adamantios,Montemayor,Technique Leader
442289,Alagu,Masand,Technique Leader
442298,Junichi,Kaiser,Staff
442310,Chuanyi,Tagansky,Senior Staff
442314,Miquel,Schwartzburd,Engineer
442316,Chiradeep,Melter,Engineer
442317,Jiong,Junet,Senior Engineer
442318,Lunjin,Kavanagh,Engineer
442319,Khue,Monkewich,Staff
442321,Toshimo,Hertweck,Staff
442322,Vitali,Keirsey,Staff
442326,Seshu,McFarlan,Senior Engineer
442328,Kazuhiro,Ellozy,Senior Engineer
442330,Quingbo,Veeraraghavan,Senior Staff
442341,Manton,Mawatari,Senior Engineer
442350,Kagan,Kriebel,Staff
442351,Yonghoan,Leuchs,Senior Staff
442363,Zhiwei,Spieker,Senior Staff
442364,Barton,Oxman,Senior Engineer
442367,Indrajit,Mellouli,Engineer
442369,Lunjin,Fiebach,Senior Staff
442372,Conal,Sundgren,Senior Engineer
442375,Huican,Gimbel,Senior Staff
442377,Pintsang,Kuzuoka,Senior Engineer
442381,Wayne,Krohm,Staff
442382,Masaki,Frezza,Senior Staff
442390,Hausi,Jeansoulin,Senior Engineer
442394,Patricio,Seuren,Senior Engineer
442398,Erez,Gornas,Senior Engineer
442405,Evgueni,Zielinski,Senior Engineer
442406,Bowen,Tischendorf,Staff
442408,Fumino,Chepyzhov,Senior Engineer
442413,Holgard,Sluis,Senior Staff
442421,Chanjung,Manders,Senior Engineer
442423,Bodh,Boguraev,Senior Staff
442424,Kayoko,Snedden,Engineer
442426,Fay,Coney,Senior Staff
442429,Souichi,Hanabata,Senior Engineer
442430,Tse,Baak,Senior Engineer
442433,Jingling,Roohalamini,Senior Staff
442436,Yishay,Luck,Senior Engineer
442437,Jianhua,Hartvigsen,Engineer
442441,Ipke,Rosin,Senior Staff
442445,Vivian,Ritzmann,Staff
442449,Bangqing,Kuhnemann,Staff
442450,Shaleah,Bugaenko,Senior Staff
442454,Jeanna,Strandh,Senior Staff
442455,Youngkon,Gihr,Senior Engineer
442456,Zhiguo,Thorensen,Staff
442457,Zhigen,Jahnichen,Senior Engineer
442458,Shichao,Rindone,Engineer
442460,Leon,Ranon,Senior Engineer
442464,Toshiko,Naudin,Senior Engineer
442467,Christoph,Sridhar,Senior Staff
442470,Kankanahalli,Schmittgen,Technique Leader
442471,Uzi,Setia,Staff
442473,Berna,Birch,Senior Staff
442474,Jamaludin,Stanfel,Staff
442478,Giap,Speek,Senior Staff
442479,Weicheng,Basart,Engineer
442482,Mark,Mundy,Staff
442487,Miomir,Speer,Senior Staff
442506,Hausi,Demizu,Assistant Engineer
442515,Abdelwaheb,Langford,Senior Engineer
442518,Franziska,Siochi,Senior Staff
442519,Shunichi,Stassinopoulos,Senior Engineer
442528,Shuho,Deville,Senior Engineer
442531,Chaitali,Hanratty,Senior Staff
442532,Marsal,Masamoto,Senior Staff
442533,Gianluca,Junet,Staff
442535,Mohua,Asmuth,Senior Engineer
442536,Venkatesan,Kushner,Staff
442539,Toshimori,Suri,Staff
442540,Leaf,Stroustrup,Senior Staff
442542,Mang,Thiran,Staff
442544,Sigeru,Haddadi,Senior Staff
442550,Adib,Vadhan,Senior Engineer
442557,Hausi,Peres,Engineer
442562,Masasuke,Backhouse,Senior Engineer
442565,Fei,Czap,Senior Engineer
442572,Lorien,Hellwagner,Senior Engineer
442573,Moni,Gist,Senior Engineer
442575,Sahrah,Jervis,Staff
442576,Shietung,Ramsey,Senior Engineer
442581,Christ,Mateescu,Assistant Engineer
442584,Ugo,Kushner,Staff
442585,Uri,Kossowski,Senior Staff
442587,Djenana,Flowers,Senior Engineer
442591,Mats,Sevcikova,Senior Engineer
442592,Ramzi,Beutelspacher,Engineer
442593,Geoffrey,Hockney,Engineer
442599,Nathan,Thombley,Senior Engineer
442603,Mahmut,Gerlach,Senior Engineer
442604,Adhemar,Schwartzburd,Senior Engineer
442608,Nigel,Melichar,Technique Leader
442610,Jaideep,Flexer,Staff
442611,Aram,Daescu,Senior Engineer
442612,Huiqun,Peron,Staff
442613,Tsz,Knightly,Senior Engineer
442618,Jaewon,Piancastelli,Senior Engineer
442629,Godehard,Meszaros,Senior Staff
442631,Ishfaq,Herbst,Senior Staff
442641,Remko,Lienhardt,Senior Engineer
442645,Elvis,Apsitis,Staff
442649,Utz,Vendrig,Senior Staff
442651,Bedrich,Debuse,Senior Staff
442656,Sven,Georgatos,Engineer
442657,Fumiko,Luca,Senior Staff
442659,Maja,Christianini,Senior Staff
442664,Shaz,Braccini,Senior Engineer
442665,Ghassan,Schauser,Senior Staff
442668,Khue,Sanella,Senior Staff
442669,Bedrich,Ebeling,Senior Engineer
442672,Nathan,Aloia,Senior Engineer
442679,Patricio,Foote,Engineer
442681,Chiranjit,Manderick,Engineer
442683,Changho,Boreale,Senior Engineer
442685,Jeane,Kirkerud,Staff
442687,Mari,Goodrum,Senior Engineer
442689,Sverrir,Zucker,Senior Staff
442690,Moon,Chiola,Senior Engineer
442691,Fox,Wroclawski,Staff
442692,Goh,Fontet,Senior Engineer
442693,Barun,McAffer,Senior Engineer
442694,Kazunori,Denti,Engineer
442699,Samphel,Baer,Assistant Engineer
442703,Parviz,Felder,Staff
442709,Akemi,Renear,Senior Staff
442713,Shiv,Braccini,Engineer
442714,Yifei,Yetto,Senior Staff
442715,Shimshon,Tsukune,Engineer
442717,Sangeeta,Kobara,Senior Staff
442720,Sivanarayana,Kieras,Senior Staff
442722,Fumiko,Zweizig,Senior Engineer
442727,Dietrich,Hopewell,Engineer
442729,Vatsa,Schicker,Senior Engineer
442731,Martine,Breugel,Senior Staff
442732,Yongmao,Soloway,Engineer
442733,Kristine,Staelin,Engineer
442734,Subhankar,Rebaine,Engineer
442736,Przemyslawa,Brandsma,Senior Engineer
442737,Heekeun,Butterworth,Senior Staff
442739,Jiann,Pusterhofer,Senior Staff
442746,Adin,Menhardt,Senior Engineer
442749,Gio,Rodiger,Senior Staff
442752,Vugranam,Luft,Senior Staff
442754,Adin,Fabrizio,Staff
442757,Noritoshi,Cannard,Engineer
442760,Manu,Whitcomb,Senior Staff
442761,Bangqing,Gornas,Technique Leader
442763,Weidon,Barriga,Senior Staff
442765,Mark,Yeung,Senior Staff
442767,Matt,Ouhyoung,Senior Staff
442775,Mingsen,Siochi,Senior Engineer
442777,Yannik,Mandell,Senior Staff
442780,Narain,Merle,Senior Engineer
442783,Hilary,Chaudhury,Senior Staff
442786,Jianhao,Lagarias,Senior Staff
442790,Genki,Schonegge,Staff
442796,Amalendu,Luders,Senior Engineer
442800,Herb,Azadmanesh,Senior Staff
442802,Angus,Bazelow,Staff
442808,Jordanka,Mawatari,Senior Engineer
442809,Jeanne,Shimshoni,Senior Staff
442812,Hugo,Rodiger,Senior Staff
442813,Barry,Steenbeek,Senior Engineer
442815,Kannan,Malinowski,Senior Staff
442827,Frederique,Veldwijk,Engineer
442830,Ramachenga,Ranka,Senior Engineer
442832,Weicheng,Hettesheimer,Senior Engineer
442833,Subhrajyoti,Seuren,Staff
442834,Inderjeet,Falco,Senior Staff
442838,Subhash,Millington,Senior Engineer
442840,Samphel,Malinowski,Senior Staff
442841,Mahendra,Guting,Senior Engineer
442844,Marit,Peak,Senior Engineer
442846,Vishv,Matteis,Senior Staff
442850,Constantijn,Vitiello,Senior Engineer
442856,King,Wursthorn,Staff
442862,Munehiro,Dayang,Senior Staff
442866,Aram,Wilharm,Engineer
442867,King,Vrecion,Senior Staff
442868,Fai,Czaja,Senior Staff
442871,Arlette,Thibadeau,Engineer
442878,Masaki,Takanami,Senior Engineer
442882,Sven,Weiland,Senior Engineer
442883,Yinlin,Vendrig,Staff
442886,Kendra,Katalagarianos,Senior Engineer
442888,Shmuel,Stranks,Senior Staff
442894,Bernice,Krychniak,Senior Staff
442896,Maja,Matzen,Staff
442900,Arnd,Underwood,Engineer
442901,Ziya,Feldhoffer,Senior Staff
442904,Tadanori,Rabejac,Technique Leader
442907,Nitsan,Percebois,Senior Engineer
442909,Augustine,Schwabacher,Senior Engineer
442910,Hatim,Ellozy,Senior Staff
442918,Nahum,Anandan,Engineer
442922,Nevin,Esposito,Technique Leader
442926,Chenxi,Merey,Staff
442929,Saniya,Klerer,Technique Leader
442938,Xiaoqiu,Cusworth,Senior Staff
442945,Guiseppe,Matzat,Senior Staff
442947,Houman,Brattka,Senior Staff
442949,Shuho,Millington,Engineer
442951,Sergi,Jeansoulin,Technique Leader
442952,Ramzi,Marchegay,Engineer
442957,Kotesh,Fasbender,Senior Staff
442958,Ibibia,Bierman,Senior Engineer
442959,Marl,Piveteau,Senior Staff
442960,Marsha,Huttel,Senior Engineer
442964,Zvonko,Georgatos,Senior Engineer
442966,Shaw,Ulupinar,Senior Engineer
442972,Arumugam,Rissland,Engineer
442973,Danai,Sudkamp,Technique Leader
442976,Mostafa,Zultner,Senior Engineer
442977,Marlo,Armand,Senior Staff
442979,Seshu,Standera,Senior Engineer
442981,Ingemar,Llado,Senior Staff
442984,Shaowen,Rossi,Technique Leader
442986,Nalini,Zeleznik,Technique Leader
442987,Sukumar,Sherertz,Senior Engineer
442993,Jeong,Falck,Engineer
442998,Karsten,Streit,Senior Staff
443002,Lene,Perry,Staff
443003,Turgut,Birsak,Senior Engineer
443010,Gen,Mitzlaff,Technique Leader
443018,Yifei,Pews,Engineer
443022,Alexius,Gyimothy,Staff
443023,Edwin,Range,Senior Staff
443025,Kristin,Sethi,Senior Engineer
443029,Mary,Bahk,Senior Engineer
443036,Guiseppe,Baez,Senior Engineer
443038,Douadi,Poujol,Senior Staff
443040,Arnd,Bail,Senior Staff
443044,Kousuke,Neiman,Staff
443046,Mooi,Brookman,Staff
443052,Chikara,Staylopatis,Senior Engineer
443054,Diederik,Baalen,Senior Engineer
443058,Kamakshi,Neiman,Senior Staff
443061,Masanao,Wegerle,Senior Engineer
443064,Kasturi,Alpay,Senior Engineer
443071,Manibrata,Billawala,Senior Engineer
443072,Anneli,Hempstead,Senior Engineer
443078,Ortrud,Hennebert,Senior Staff
443079,Aram,Penz,Senior Engineer
443088,Alejandra,Hainaut,Staff
443092,Xiaopeng,Imataki,Senior Engineer
443093,Theirry,Beutelspacher,Senior Staff
443097,Sudhanshu,Strandh,Senior Staff
443101,Pramod,Kavvadias,Senior Engineer
443102,Filipe,Honiden,Staff
443113,Kiam,Nannarelli,Senior Staff
443115,Babette,Cincotta,Senior Staff
443118,Saeed,Angel,Senior Staff
443121,Valdiodio,Goldhammer,Engineer
443126,Mayumi,Ranst,Senior Engineer
443129,Chaoyi,Baek,Senior Engineer
443135,Gudjon,Ghemri,Technique Leader
443139,Ferdinand,Fortenbacher,Staff
443140,Feixiong,Pramanik,Senior Staff
443147,Kristin,Shinomoto,Engineer
443156,Hinrich,Wixon,Staff
443159,Ferdinand,Rohrbach,Senior Staff
443160,Paloma,Vuskovic,Senior Engineer
443162,Shakhar,Kruskal,Senior Engineer
443166,Randi,Zwicker,Engineer
443168,Krisda,Gadepally,Senior Staff
443172,Matt,Yeung,Staff
443173,Yuping,Bondorf,Senior Engineer
443174,Alagu,Bahr,Engineer
443176,Gretta,Bael,Senior Engineer
443178,Kersti,Porenta,Senior Staff
443182,Heather,Luca,Senior Engineer
443183,Owen,Brodie,Senior Engineer
443184,Fai,Rusterholz,Senior Engineer
443189,Theirry,Toyoshima,Staff
443191,Theron,Poujol,Staff
443192,Rafols,Onuegbe,Technique Leader
443195,Manton,Bratten,Engineer
443197,Richard,Albarhamtoshy,Senior Engineer
443198,Vidya,Rosenbaum,Engineer
443203,Salvador,Bail,Engineer
443204,Lalit,Schapiro,Senior Engineer
443205,Volkmar,Bach,Senior Engineer
443206,Marco,Oppitz,Senior Staff
443207,Radoslaw,Weedman,Assistant Engineer
443208,Nakhoon,Nilsson,Senior Engineer
443210,Kazunori,Dusink,Staff
443211,Frazer,Buescher,Senior Engineer
443215,Masato,Giarratana,Senior Engineer
443218,Xiahua,Noriega,Engineer
443227,Nevio,Lovengreen,Staff
443228,Mohammad,Gecseg,Senior Staff
443233,Nahla,Heuter,Senior Staff
443236,Khue,Businaro,Senior Engineer
443239,Arunas,Quaggetto,Senior Staff
443240,Billie,Gimbel,Senior Engineer
443244,Xiaoqiang,Gerteisen,Engineer
443247,Adil,Duclos,Staff
443253,Abdulla,Tchuente,Staff
443255,Bowen,Kornyak,Senior Engineer
443258,Qiwen,Ramsak,Senior Engineer
443261,Ferdinand,Kropatsch,Engineer
443269,Luise,Ritzmann,Staff
443270,Vasiliy,Chvatal,Staff
443273,Tadahiko,Conia,Senior Staff
443279,Sadok,Rodite,Senior Staff
443280,Sibyl,Zeidenstein,Senior Engineer
443281,Tayeb,Walston,Senior Engineer
443283,Aluzio,Mamelak,Senior Staff
443284,Yoshimitsu,Frijda,Staff
443291,Susuma,Nitto,Staff
443297,Krister,Egerstedt,Senior Engineer
443298,Shaw,Weisert,Technique Leader
443301,Kristine,Ratnaker,Senior Engineer
443303,Nadjib,Fadgyas,Senior Staff
443306,Mechthild,Sifakis,Senior Engineer
443307,Alagu,Bennis,Senior Engineer
443311,Cordelia,Eickenmeyer,Staff
443313,Kayoko,Taubenfeld,Staff
443317,Yuriy,Chiola,Senior Staff
443320,Kenton,Bugrara,Senior Staff
443325,Rasiah,Stanger,Senior Staff
443332,Leandro,Birsak,Senior Engineer
443337,Lillian,Mungall,Engineer
443338,Shuji,Kirkerud,Technique Leader
443344,Shalesh,Gischer,Engineer
443346,Alair,Biros,Senior Staff
443348,Eben,Cardazo,Senior Engineer
443349,Pantung,Lorch,Senior Staff
443352,Barry,Luders,Staff
443359,Jackson,Facello,Engineer
443360,Remzi,Veccia,Engineer
443372,Kaijung,Engelmann,Staff
443373,Zdislav,Luit,Senior Engineer
443381,Seongbin,Pappas,Senior Staff
443382,Jamaludin,Poulakidas,Senior Staff
443388,Lena,Kroll,Senior Staff
443390,Arfst,Marwedel,Senior Staff
443391,Jolita,Yetto,Staff
443398,Zhilian,Erez,Senior Engineer
443404,Xiaoheng,Feldhoffer,Senior Staff
443409,Elliott,Krybus,Engineer
443411,Behnaam,Bahi,Senior Staff
443415,Murthy,Oxman,Staff
443416,Shounak,Warwick,Senior Staff
443419,Kazuyasu,Ernst,Senior Engineer
443433,Ekawit,Castellani,Engineer
443444,Lucien,Kavanagh,Senior Engineer
443449,Vasiliy,Hasenauer,Senior Engineer
443450,Shawna,Denti,Senior Staff
443452,Rosine,Lundstrom,Engineer
443457,Kazuhisa,Demke,Senior Staff
443464,Ziva,Michaeli,Senior Engineer
443470,Valeri,Murtha,Senior Staff
443471,Honesty,Tetzlaff,Staff
443484,Ferdinand,Vendrig,Staff
443486,Stein,Hinsberger,Staff
443500,Shih,Kavanagh,Senior Staff
443505,Ronghao,Pargas,Senior Staff
443510,Martial,Poupard,Senior Engineer
443533,Xuedong,Garnick,Senior Engineer
443536,Nahla,Molenaar,Senior Engineer
443537,Chenxi,Zaiane,Staff
443540,Tesuya,Lund,Engineer
443545,Claude,Avouris,Engineer
443552,Collette,Deyuan,Staff
443554,Yolla,Klyachko,Engineer
443557,Ute,Androutsos,Senior Staff
443559,Khaled,Comellas,Senior Staff
443560,Akeel,Trachtenberg,Senior Engineer
443562,Zorica,Panwar,Senior Engineer
443571,Siddarth,Garrabrants,Senior Staff
443573,Sanjiv,Rosiles,Engineer
443574,Duke,Denna,Senior Staff
443576,Uno,Brizzi,Senior Engineer
443582,Katsuo,Ernst,Senior Staff
443585,Ugo,Fiutem,Senior Staff
443590,Jiang,Gils,Senior Engineer
443591,Haldun,Lamparter,Senior Engineer
443592,Dante,Wursthorn,Senior Engineer
443596,Vishv,Egerstedt,Staff
443597,Prasadram,Showalter,Senior Staff
443600,Mingdong,Candan,Engineer
443603,Christfried,Poupard,Senior Staff
443617,Hercules,Molberg,Senior Staff
443620,Hauke,Dratva,Senior Staff
443626,Akeno,Collette,Staff
443628,Pranav,Antonakopoulos,Technique Leader
443629,Nidapan,Gils,Engineer
443631,Bingning,Braunmuhl,Staff
443634,Conor,Cusworth,Senior Engineer
443637,Mohua,Guenter,Senior Staff
443640,Martine,Rosaz,Senior Engineer
443647,Serif,Feldmann,Senior Engineer
443659,Roselyn,Sommer,Engineer
443662,Freyja,Mawatari,Senior Engineer
443663,Yonghong,Stasinski,Senior Staff
443666,Bluma,Cherinka,Senior Engineer
443668,Salvador,Bamford,Engineer
443671,Chaosheng,Schauser,Staff
443676,Masasuke,Gide,Senior Staff
443677,TRUE,Parfitt,Senior Staff
443678,Subhash,Conry,Senior Engineer
443681,Jaroslava,Marwedel,Senior Engineer
443686,Tokuyasu,Polajnar,Senior Engineer
443696,Henk,Douceur,Senior Staff
443697,Xinglin,Frijda,Engineer
443710,Margo,Stille,Engineer
443713,Susumu,Besancenot,Technique Leader
443715,Arif,Schonegge,Senior Engineer
443717,Hugh,Erdi,Senior Engineer
443720,Sreekrishna,Perfilyeva,Senior Engineer
443721,Kinh,England,Senior Engineer
443730,Jaihie,Ibel,Senior Staff
443733,Volkmar,Welham,Senior Staff
443735,Boriana,Guenter,Engineer
443737,Kazuhisa,Zolotykh,Senior Engineer
443738,Genki,Decleir,Senior Engineer
443743,Sadun,Lally,Engineer
443746,Nevio,Underwood,Engineer
443747,Sorina,Genther,Senior Staff
443749,Evgueni,Himler,Assistant Engineer
443752,Chinhyun,Rosiles,Technique Leader
443753,Dekang,Snyers,Senior Staff
443754,Mansur,Stranks,Assistant Engineer
443759,Branimir,Comte,Senior Staff
443761,Lucian,Pleszkun,Senior Staff
443762,Masamitsu,Suomi,Senior Staff
443763,Erzsebet,Pluym,Engineer
443766,Van,Peot,Senior Engineer
443770,Berry,Waymire,Engineer
443772,Remko,Delaune,Senior Staff
443773,Tsutomu,Bach,Senior Engineer
443774,Marsha,Beerel,Staff
443778,Piyush,Iisaka,Engineer
443779,Sudharsan,Bolsens,Engineer
443781,Dipankar,Pfau,Engineer
443794,Takahira,Kroll,Senior Staff
443797,Nirmal,Armand,Engineer
443801,Yefim,Gopalakrishnan,Senior Staff
443804,Kyoichi,Danley,Senior Staff
443817,Leen,Aumann,Technique Leader
443818,Arif,Schnelling,Staff
443823,Chaitali,Axelband,Senior Staff
443824,Toshimo,Passafiume,Staff
443829,Taiji,Baez,Senior Engineer
443835,Vatsa,Rosch,Technique Leader
443836,Teruyuki,Swiss,Engineer
443837,Jayson,Merks,Senior Staff
443838,Rimon,McClure,Senior Staff
443839,Takahito,Marchesini,Senior Engineer
443840,Oguz,Fairtlough,Staff
443846,Uwe,Junet,Senior Engineer
443847,Leucio,Ligten,Engineer
443852,Fay,Leppanen,Senior Engineer
443853,Jasminko,Ramaiah,Senior Staff
443860,Khatoun,Angelov,Technique Leader
443869,Shan,Litecky,Engineer
443871,Alagu,Alpin,Technique Leader
443872,Kersti,Gini,Staff
443877,Arvin,Melter,Senior Staff
443878,Oksana,Sifakis,Senior Staff
443894,Geraldo,Prochazka,Staff
443896,Renny,Denny,Engineer
443906,Bluma,Restivo,Staff
443909,Fumiya,Detkin,Senior Staff
443917,Amstein,Lores,Senior Staff
443918,Adas,Stenning,Senior Staff
443921,Otmar,Thimonier,Engineer
443922,Yechiam,Winter,Engineer
443924,Tooru,Luca,Senior Engineer
443925,Franziska,Jenevein,Senior Engineer
443927,Geoffrey,Codenie,Senior Staff
443928,Navid,Zschoche,Engineer
443930,Pramod,Schaft,Engineer
443931,Boriana,Eiter,Engineer
443934,Fatemeh,Cusworth,Senior Engineer
443936,Moni,Piazza,Engineer
443940,Tayeb,Soloway,Staff
443942,Kwan,Heystek,Senior Staff
443945,Shimshon,Meriste,Senior Staff
443952,Haldun,Krupka,Staff
443953,Bowen,Ladret,Senior Staff
443967,Valery,Nourani,Senior Staff
443968,Billie,Demizu,Assistant Engineer
443971,Dannz,Schreiter,Engineer
443972,Chiranjit,Flasterstein,Staff
443979,Wayne,Oaver,Senior Engineer
443980,Sibyl,Geffroy,Senior Staff
443983,Abdelaziz,Demos,Senior Staff
443986,Munenori,Tischendorf,Senior Staff
443987,Jinya,Holburn,Engineer
443993,Mircea,Narwekar,Assistant Engineer
443994,Subhash,Lorch,Senior Engineer
443995,Hidefumi,Ebeling,Senior Engineer
443996,JiYoung,Suomi,Senior Staff
443998,Aruna,Macedo,Staff
444004,Adit,Baig,Senior Engineer
444008,Munehiko,Stemann,Staff
444016,Dinah,Strehl,Senior Staff
444017,Geraldo,Strehl,Senior Engineer
444019,Mahendra,Monarch,Senior Engineer
444023,Mandell,Janocha,Staff
444026,Youssef,Poupard,Engineer
444028,Chuanyi,Rohrbach,Senior Engineer
444032,Yuchang,Shackell,Senior Engineer
444034,Jackson,Bernardeschi,Senior Staff
444039,Kasidit,Redmiles,Senior Engineer
444043,Deniz,Thiria,Technique Leader
444045,Xiadong,Hiltgen,Engineer
444049,Miyeon,Blokdijk,Senior Engineer
444052,Shuky,Brobst,Senior Staff
444054,Prodip,Godskesen,Senior Staff
444060,Niteen,Deyuan,Staff
444061,Gal,Merks,Senior Staff
444062,Moss,Jenevein,Senior Engineer
444073,Prasadram,Braunschweig,Senior Staff
444074,Achilleas,Sanella,Engineer
444075,Giri,Rijckaert,Staff
444077,Tayeb,Detkin,Senior Staff
444078,Hein,Horswill,Engineer
444084,Domenico,Bresenham,Senior Staff
444092,Mingzeng,Maccarone,Engineer
444093,Xinan,Malabarba,Senior Staff
444094,Radhakrishnan,Alvarado,Senior Staff
444097,Golgen,Uhrig,Engineer
444108,Ung,McClure,Senior Staff
444109,Oldrich,Gerlach,Senior Staff
444113,Terresa,Sury,Senior Engineer
444114,Ayakannu,Kisuki,Senior Staff
444116,Heejo,Pagter,Technique Leader
444118,Muzhong,Nitto,Senior Staff
444121,Takahito,Harllee,Senior Staff
444124,Danco,Massonet,Senior Engineer
444132,Dmitry,Bala,Engineer
444134,Berhard,Kushnir,Engineer
444135,Avishai,Marsiglia,Staff
444136,Qunsheng,Straney,Senior Engineer
444139,Mizuhito,Kawashimo,Senior Staff
444141,Kokou,Coombs,Senior Engineer
444142,Kenroku,Poulakidas,Engineer
444144,Mark,Denny,Senior Engineer
444148,Jamaludin,Wendorf,Senior Engineer
444150,Paloma,Etalle,Staff
444151,Nahum,Avouris,Senior Staff
444152,Nahum,Nastansky,Senior Engineer
444153,Heather,Zultner,Senior Staff
444155,Giap,Gluchowski,Senior Staff
444158,Toney,Barriga,Senior Engineer
444159,Gay,Werthner,Staff
444163,Uriel,Gente,Senior Staff
444164,Toshimo,Tiemann,Senior Engineer
444166,Shahid,Serot,Engineer
444167,Tremaine,Malabarba,Senior Engineer
444168,Nimmagadda,Eterovic,Engineer
444169,Kristine,Marrakchi,Staff
444171,Gunilla,Erez,Engineer
444173,Steve,Matteis,Senior Staff
444176,Roded,Luke,Engineer
444178,Guangming,Merks,Senior Engineer
444179,Saeed,Suessmith,Engineer
444183,Divier,Provine,Staff
444187,Waiman,Zyda,Staff
444188,Ramachenga,McClure,Senior Engineer
444189,Masami,Taubenfeld,Engineer
444195,Jayson,Rajcani,Senior Engineer
444201,Yuichiro,Constantine,Senior Engineer
444203,Parke,Stassinopoulos,Senior Engineer
444207,Eric,Landherr,Senior Staff
444209,Bluma,Shumilov,Senior Engineer
444212,Van,Porotnikoff,Senior Staff
444217,Vivian,Shobatake,Senior Engineer
444223,Krisda,Ramsay,Senior Staff
444237,Zito,Hoppenstand,Staff
444238,Zhenhua,Chiodo,Senior Engineer
444239,Kinh,Samarati,Assistant Engineer
444246,Arie,Gerlach,Senior Engineer
444248,Gianluca,Bonifati,Staff
444251,Magdalena,Morrow,Staff
444256,Lakshmi,Leonhardt,Technique Leader
444258,Doowon,Stassinopoulos,Senior Staff
444262,Tetsurou,Ramalingam,Senior Engineer
444267,Domenico,Kragelund,Senior Staff
444268,Raimond,Penttonen,Senior Engineer
444274,Bokyung,Uludag,Senior Staff
444278,Unal,Denti,Senior Staff
444279,Bluma,Litvinov,Senior Engineer
444281,Hatem,Kropf,Senior Engineer
444283,Boriana,Luke,Senior Staff
444286,Kien,Lamba,Senior Staff
444289,Masaru,Laurillard,Staff
444292,Macha,Silva,Engineer
444296,Mart,Iivonen,Senior Staff
444299,Moie,Cyre,Senior Staff
444301,Shigeaki,Azulay,Senior Engineer
444302,Tzu,Bharadwaj,Senior Engineer
444309,Frazer,Pauthner,Senior Staff
444310,Gian,Millington,Senior Staff
444311,Gladys,Zyda,Engineer
444312,Baocai,Polajnar,Senior Engineer
444313,Ohad,Shackell,Senior Staff
444316,Lech,Schwartzbauer,Senior Staff
444335,Kersti,Rande,Senior Staff
444336,Kristine,Pintelas,Senior Staff
444348,Radhakrishnan,Seghrouchni,Engineer
444349,Seongbae,Cromarty,Staff
444351,Kien,Yamaashi,Senior Engineer
444353,Mansur,Zeilberger,Engineer
444357,Parke,Muntz,Engineer
444370,Masanao,Genin,Senior Staff
444372,Filipp,Rosin,Senior Engineer
444373,Sastry,Hitomi,Senior Staff
444374,Shigehito,Swen,Senior Staff
444377,Pantung,Cyne,Senior Engineer
444378,Yefim,Godskesen,Senior Staff
444379,Atreye,Ranka,Senior Engineer
444380,Gor,Conta,Senior Engineer
444383,Renee,Lores,Senior Engineer
444387,Demin,Cappelletti,Senior Staff
444388,Gudjon,Flexer,Senior Engineer
444389,Goh,Marchesini,Senior Engineer
444396,Make,Highland,Senior Engineer
444399,Yahiko,Zallocco,Assistant Engineer
444400,Tiina,Streng,Senior Staff
444404,Arnd,Ducloy,Senior Engineer
444408,Oscal,Conde,Assistant Engineer
444410,Bingning,Ponthieu,Engineer
444416,Gift,Thorelli,Engineer
444420,Gita,Ramsay,Senior Engineer
444421,Chaoyi,Tsunoo,Senior Staff
444422,Rimon,Bauknecht,Senior Staff
444423,Giao,Yavatkar,Engineer
444426,Tristan,Perry,Senior Engineer
444427,Krassimir,Nooteboom,Senior Staff
444428,Martijn,Cairo,Senior Staff
444431,Kamakshi,Simkin,Staff
444435,Yahiko,Narwekar,Engineer
444437,Pranay,Rajcani,Engineer
444439,Mihalis,Murtafg,Staff
444441,Maik,Knightly,Engineer
444442,Poorav,Lamba,Senior Engineer
444447,Chuanti,Leuchs,Senior Staff
444450,Mohua,Terwilliger,Engineer
444451,Richara,Picco,Senior Engineer
444473,Alexius,Matzen,Engineer
444474,Weidon,Whittlesey,Engineer
444477,Koichi,Bolotov,Senior Engineer
444479,Manton,Murtafg,Assistant Engineer
444483,Naraig,Rahimi,Senior Engineer
444490,Augustine,Kermarrec,Staff
444493,Mana,Montresor,Senior Engineer
444494,Hugo,Merle,Senior Staff
444496,Yuriy,Jording,Senior Engineer
444498,Sajjan,Tomescu,Senior Staff
444501,Mostafa,Bernick,Technique Leader
444503,Koichi,Garnham,Engineer
444505,Hyuckchul,Auyong,Senior Engineer
444508,Kaijung,Bahl,Senior Staff
444518,Uwe,Kaelbling,Senior Staff
444520,Anyuan,Hatcliff,Engineer
444521,Lijie,Vecchi,Senior Engineer
444528,Xumin,Kandlur,Senior Staff
444529,Dung,Ermel,Senior Engineer
444530,Carrsten,Bael,Senior Engineer
444532,Shaunak,Fortenbacher,Senior Engineer
444534,Yolla,Badr,Senior Staff
444538,Fumiyo,Gunderson,Engineer
444543,Siddarth,Peres,Staff
444548,Sham,Rodiger,Engineer
444550,Aron,Matzen,Senior Staff
444551,Ipke,Gien,Senior Staff
444553,Nikolaus,Gluchowski,Senior Staff
444556,Aran,Camarinopoulos,Senior Engineer
444557,Chanjung,Tsukuda,Senior Engineer
444558,Ebru,Maliniak,Engineer
444560,Jeane,Kilgour,Senior Engineer
444567,Conor,Henseler,Engineer
444568,Valter,Kroll,Staff
444575,Masaru,Thummel,Senior Staff
444576,Jinya,Tagansky,Senior Staff
444579,Byong,Rosaz,Senior Staff
444590,Bouchung,Ranft,Senior Engineer
444595,Masako,Papadias,Senior Engineer
444605,Iara,Skafidas,Senior Staff
444606,Uta,Unno,Senior Staff
444612,Jeanna,Sury,Senior Staff
444621,Persi,Hardjono,Senior Staff
444625,Jessie,Bhattacharjee,Senior Staff
444626,Ingemar,Heiserman,Senior Staff
444627,Supot,Ebeling,Senior Engineer
444631,Sadun,Peak,Engineer
444633,Shaowei,Nollmann,Engineer
444637,Kellyn,Peot,Senior Staff
444641,Unal,Zallocco,Senior Engineer
444642,Shigehito,Stranks,Engineer
444647,Yurij,Schmiedel,Senior Staff
444650,Cristinel,Ghelli,Senior Engineer
444655,Rutger,Markovitch,Engineer
444656,Clyde,Nooteboom,Engineer
444659,Adit,Orsini,Senior Staff
444661,Malu,Jonsson,Staff
444662,Huan,Olivero,Engineer
444663,Sedat,Snedden,Assistant Engineer
444664,Odysseas,Horswill,Staff
444665,Fatemeh,Portugali,Assistant Engineer
444667,Raimond,Penttonen,Technique Leader
444673,Taisook,Kruskal,Senior Staff
444687,Mokhtar,Braccini,Engineer
444689,Akeel,Rijckaert,Senior Engineer
444691,Arunachalam,Boreale,Senior Staff
444694,Perry,Peac,Senior Staff
444697,Fuqing,Emden,Senior Engineer
444704,Martine,Cullers,Staff
444707,Brewster,Huhdanpaa,Senior Staff
444709,Jackson,Zlotek,Staff
444720,Junichi,Rosin,Senior Staff
444722,Ibibia,Hiraishi,Senior Engineer
444727,Jayson,Akaboshi,Senior Engineer
444732,Yunming,Cromarty,Staff
444734,Shietung,Ertl,Senior Engineer
444735,Phule,Hashii,Senior Staff
444736,Rosli,McClure,Engineer
444738,Takahira,Gargeya,Senior Staff
444739,Mads,Jumpertz,Assistant Engineer
444742,Moriyoshi,Fadgyas,Senior Staff
444744,Weijing,Farrar,Senior Staff
444752,Debatosh,Eiron,Senior Staff
444758,Waiman,Hashii,Senior Engineer
444760,Kazuhiko,Brodie,Senior Staff
444762,Sreenivas,Bala,Engineer
444766,Diederik,Koshiba,Engineer
444767,Richard,Magliocco,Engineer
444771,Manton,Preusig,Senior Engineer
444774,Remko,Benveniste,Senior Staff
444775,Satosi,Krider,Staff
444776,Goetz,Trumbly,Senior Engineer
444779,Francesca,Feinberg,Senior Staff
444781,Kasturi,Castellani,Senior Engineer
444782,Keung,Hellwagner,Senior Staff
444786,Arnd,Holburn,Engineer
444792,Dhritiman,Macedo,Senior Staff
444801,Kamran,Jayawardene,Senior Staff
444814,Perry,Detkin,Senior Engineer
444823,Adin,Nyrup,Senior Staff
444829,Shuji,Redmiles,Senior Staff
444830,Rasikan,Koprowski,Senior Staff
444831,Fay,Businaro,Staff
444832,Herbert,Conia,Senior Engineer
444835,Mayumi,Seiwald,Senior Engineer
444836,Adel,Beznosov,Senior Staff
444837,Hinrich,Ranka,Senior Engineer
444842,Adly,Schaap,Assistant Engineer
444850,Weiye,Schapiro,Staff
444853,Mahmut,Schoegge,Senior Staff
444854,Randi,Kossowski,Senior Engineer
444855,Kagan,Caine,Senior Staff
444857,Jessie,Hanabata,Technique Leader
444858,Rosli,Fandrianto,Senior Staff
444861,Zita,Quaggetto,Senior Staff
444865,Heng,Siprelle,Staff
444867,Valter,Marshall,Senior Staff
444871,Shao,Suppi,Senior Staff
444876,Arumugam,Makinen,Staff
444878,Vatsa,Moffat,Senior Staff
444882,Masoud,Cronau,Senior Engineer
444884,Leucio,Kusalik,Senior Engineer
444888,Takanari,Comyn,Engineer
444892,Eishiro,Stafford,Senior Engineer
444895,Junichi,Colorni,Senior Staff
444896,Kish,Lunt,Senior Staff
444897,Cathie,Luke,Staff
444899,King,Heemskerk,Senior Engineer
444903,Giao,Bazelow,Engineer
444907,Sigeru,Manders,Senior Engineer
444908,Vatsa,Baca,Engineer
444909,Younwoo,Theuretzbacher,Senior Engineer
444916,Rimon,Ananiadou,Engineer
444918,Dante,Ramamoorthy,Engineer
444921,Gully,DuCasse,Senior Staff
444922,Jordanka,Naudin,Senior Staff
444933,Gila,Rothenberg,Senior Engineer
444934,Oddvar,Attimonelli,Senior Staff
444938,Kwangsub,Bazelow,Senior Engineer
444939,Mani,Halloran,Senior Staff
444946,Toshimori,Erva,Engineer
444953,Anneli,Bage,Senior Staff
444955,Mircea,Provine,Engineer
444957,Anneke,Demeyer,Senior Engineer
444958,Maya,Skogmar,Engineer
444963,Mayumi,Marchesini,Staff
444964,Tiina,Lalonde,Engineer
444969,Sadun,Candan,Senior Staff
444971,Visit,Preusig,Senior Engineer
444974,Zorica,Khasidashvili,Senior Staff
444976,Ranan,Nitsche,Senior Engineer
444978,Subbu,Poupard,Senior Staff
444979,Takahira,Iisaku,Senior Engineer
444984,Mokhtar,Nittel,Engineer
444986,Masaki,Eldridge,Staff
444995,Suzette,Usdin,Staff
445010,Yuqun,Brobst,Senior Engineer
445011,Youjian,Henseler,Senior Engineer
445013,Douadi,Rodier,Senior Engineer
445020,Renny,Ligten,Senior Staff
445023,Tadahiro,Dredge,Senior Staff
445026,Kitty,Kohling,Senior Engineer
445035,Ugo,Brodal,Senior Engineer
445038,Mountaz,Ozeki,Staff
445039,Manu,Stemann,Senior Staff
445042,Remmert,Sankaranarayanan,Senior Staff
445046,Hercules,Kusakari,Senior Engineer
445048,Chinya,Klyachko,Technique Leader
445050,Yongmin,Condotta,Senior Staff
445054,Kankanahalli,Detkin,Engineer
445060,Shakhar,Rosis,Staff
445062,Mostafa,Bamford,Senior Staff
445065,Sandeepan,Heinisuo,Senior Engineer
445071,Eckart,Kirkerud,Staff
445073,Chenxi,Kroft,Senior Staff
445074,Nalini,Panienski,Senior Engineer
445076,Limsoon,Holburn,Senior Staff
445077,Parke,Marquardt,Senior Staff
445080,Toshimi,Takanami,Senior Engineer
445081,Boaz,Wixon,Senior Staff
445082,Gro,Iacovou,Senior Staff
445083,Ute,Cheshire,Staff
445084,Sasan,Bhattacharjee,Staff
445085,Chenxi,Chorvat,Senior Staff
445093,Masaru,Oskamp,Senior Staff
445095,Trygve,Shanbhogue,Staff
445097,Yoshimitsu,Georg,Engineer
445099,Troy,Jahnichen,Engineer
445102,Niteen,Baak,Senior Engineer
445110,Heeju,Beerel,Senior Engineer
445111,Christophe,Shokrollahi,Senior Engineer
445117,Wojceich,Jording,Senior Engineer
445118,Nikolaus,Szilard,Staff
445121,Gita,Beznosov,Senior Engineer
445122,Brendon,Farrow,Senior Staff
445124,Mariusz,Comyn,Engineer
445126,Sedat,Sadowski,Senior Engineer
445127,Eran,Toyoshima,Technique Leader
445132,Yinlin,Bisiani,Senior Engineer
445137,Uinam,Burnard,Senior Engineer
445138,Janalee,Muhling,Senior Engineer
445139,Yahiko,Oskamp,Senior Staff
445141,Vishv,Kinley,Senior Engineer
445143,Yuqun,Krybus,Senior Staff
445144,Mostafa,Ressouche,Senior Staff
445148,Urs,Schaar,Assistant Engineer
445154,Vatsa,Gunderson,Senior Engineer
445160,Rimli,Eiron,Senior Engineer
445161,Janalee,Menyhert,Staff
445162,Divine,Hofting,Senior Staff
445163,Saeed,Karunanithi,Senior Staff
445167,Gaetan,Wissmann,Staff
445171,Maren,Compeau,Technique Leader
445175,Sachio,Raney,Senior Staff
445176,Berni,Leuchs,Senior Engineer
445179,Yoshimitsu,Sidhu,Senior Staff
445181,Steve,Ranft,Engineer
445182,Subhankar,Kitai,Senior Staff
445183,Gita,Lemarechal,Senior Staff
445190,Nimmagadda,Millington,Senior Staff
445199,Ekawit,Piveteau,Senior Staff
445202,Gudjon,Sanella,Senior Engineer
445203,Khalil,Crelier,Technique Leader
445208,Chrisa,Karnin,Senior Engineer
445209,Suebskul,Fontet,Technique Leader
445210,Qingxiang,Biron,Technique Leader
445212,Arvin,Rodham,Staff
445217,Jinya,Zockler,Senior Staff
445218,Gino,Decaestecker,Staff
445220,Florina,Luft,Senior Staff
445221,Naftali,Hmelo,Engineer
445223,Sachin,Ruemmler,Senior Staff
445228,Yucel,Pietracaprina,Staff
445235,Taisook,Gajiwala,Assistant Engineer
445236,Bernd,Kemmerer,Staff
445237,Jongsuk,Lodder,Senior Engineer
445238,Huiqun,Impagliazzo,Staff
445239,Ebru,Schapiro,Senior Engineer
445240,Cordelia,Garnier,Senior Engineer
445242,Goh,Conia,Senior Staff
445246,Naftali,Legleitner,Engineer
445247,Anoosh,Bernick,Staff
445248,Leandro,Bellone,Technique Leader
445249,Nobuyoshi,Gargeya,Senior Staff
445250,Alenka,Zaiane,Senior Engineer
445251,Ingemar,Terekhov,Technique Leader
445253,Paloma,Wolniewicz,Senior Engineer
445257,Tamiya,Sinitsyn,Senior Staff
445264,Yannik,Masamoto,Senior Engineer
445265,Tomofumi,Grandbois,Assistant Engineer
445266,Pohua,Paciorek,Staff
445267,Dmitri,Koblitz,Senior Engineer
445274,Gou,Leonhardt,Senior Staff
445279,Zeydy,Bultermann,Senior Staff
445283,Dmitry,Attimonelli,Senior Engineer
445286,Mona,Chinal,Senior Staff
445293,Magy,Perl,Staff
445297,Byong,Lichtner,Engineer
445298,Sampalli,Neiman,Engineer
445302,Adel,Vandervoorde,Engineer
445303,Lillian,Angel,Senior Staff
445304,Francoise,Polupanov,Senior Staff
445305,Aral,Petersohn,Senior Engineer
445306,Arvind,Taubman,Staff
445307,Yannis,Gerlach,Senior Engineer
445309,Anyuan,Pearson,Senior Staff
445310,Leaf,Kossowski,Senior Engineer
445313,Martien,Shiratori,Staff
445314,Adel,Caine,Senior Engineer
445315,Otmar,Conde,Senior Staff
445316,Moni,Straney,Staff
445321,Zeljko,Katalagarianos,Technique Leader
445322,Ibibia,Rossi,Staff
445325,Vivian,Ghelli,Engineer
445327,Pramod,Attimonelli,Senior Engineer
445328,Aamod,Luce,Senior Staff
445330,Lijie,Mitina,Staff
445334,Perla,Sessa,Senior Engineer
445336,Fan,Delgrange,Senior Engineer
445341,Josyula,Miara,Senior Engineer
445355,Susanne,Dengi,Senior Engineer
445357,Chaosheng,Dredge,Senior Staff
445358,Tomoyuki,Rehfuss,Technique Leader
445366,Raimond,Panienski,Senior Staff
445368,Bouchung,Noriega,Staff
445369,Akemi,Rosiles,Senior Engineer
445370,Leaf,Shinomoto,Senior Engineer
445371,Phillip,Tempesti,Technique Leader
445373,Marl,Couchot,Senior Staff
445375,Christfried,Trogemann,Technique Leader
445377,Utpal,Erol,Senior Engineer
445381,Heekeun,Solovay,Senior Staff
445383,Wojceich,Hitomi,Technique Leader
445384,Hilary,Pearson,Senior Engineer
445389,Sariel,Begiun,Senior Engineer
445391,Tesuro,Hopewell,Senior Staff
445394,Danel,Peek,Engineer
445396,Arup,Auria,Technique Leader
445397,Stein,Servi,Senior Engineer
445399,Venkatesan,Menhardt,Staff
445402,Hatem,Perz,Senior Staff
445403,Vitaly,Demos,Senior Staff
445409,Youpyo,Belinskaya,Staff
445410,Elvia,Brodie,Senior Engineer
445411,Sven,Radhakrishnan,Engineer
445412,Odinaldo,Ratzlaff,Senior Staff
445414,Subhankar,Teitelbaum,Senior Staff
445416,Kasturi,Awdeh,Engineer
445429,Serge,Uchoa,Senior Staff
445434,Khalil,Schrift,Senior Staff
445436,Lobel,Schwaller,Senior Staff
445437,Heekeun,Honglei,Senior Staff
445438,Zhilian,Eldridge,Senior Engineer
445446,Manton,Merli,Senior Engineer
445460,Barna,Lamma,Technique Leader
445463,Gopalakrishnan,Perna,Senior Staff
445467,Sangeeta,Champarnaud,Engineer
445479,Urs,Porotnikoff,Engineer
445484,Yagil,Ventosa,Senior Engineer
445485,Nevin,Swiler,Senior Staff
445487,Margo,Vasanthakumar,Senior Staff
445493,Arvind,Ramsey,Senior Engineer
445494,Etsuo,Stifter,Senior Staff
445496,Juichirou,Makinen,Technique Leader
445497,Jouko,Hofmeyr,Senior Staff
445498,Tesuro,Oaver,Staff
445499,Shem,Shumilov,Senior Engineer
445501,Behnaam,Wolniewicz,Technique Leader
445505,Vugranam,Khalid,Senior Staff
445508,Moty,Lowrie,Senior Staff
445509,Hein,Templeman,Senior Staff
445513,Mamdouh,Radwan,Technique Leader
445522,Zhaofang,Picht,Senior Engineer
445524,Djelloul,Radivojevic,Senior Staff
445529,Surveyors,Salinas,Senior Staff
445531,Jamaludin,Randt,Senior Engineer
445534,Poorav,Picht,Senior Engineer
445535,Zsolt,Jeansoulin,Senior Staff
445536,Valery,Kumaresan,Senior Staff
445546,Mandell,Encarnacion,Senior Engineer
445547,Nechama,Macedo,Senior Engineer
445550,Shaz,Baik,Technique Leader
445552,Ziyad,Kleiser,Senior Staff
445553,Mayuri,Imataki,Staff
445556,Badri,Schaar,Senior Staff
445560,Ramya,Stamatiou,Senior Engineer
445562,Alair,Pietracaprina,Senior Staff
445574,Erzsebet,Murtha,Engineer
445576,Berthier,Narlikar,Senior Engineer
445580,Mori,Lung,Senior Staff
445581,Masasuke,Solares,Engineer
445586,Somnath,Veccia,Senior Staff
445587,Eric,Babu,Senior Staff
445589,Elliott,Plotkin,Senior Staff
445590,Michaela,Kushner,Senior Engineer
445593,Jovan,Eastman,Senior Engineer
445595,Marek,Hanabata,Senior Engineer
445596,Shay,Reinhard,Senior Engineer
445597,Thodoros,Murthy,Senior Engineer
445600,Patricia,Schlegelmilch,Senior Engineer
445602,Bingning,Stafford,Technique Leader
445604,Thanasis,Ouhyoung,Staff
445611,Chrisa,Murtafg,Senior Staff
445614,Xudong,Riexinger,Senior Staff
445618,Byong,Menyhert,Senior Engineer
445621,Shmuel,Impagliazzo,Senior Engineer
445622,Sasan,Iisaka,Senior Staff
445626,Satoru,Lanphier,Senior Staff
445630,Bangqing,Rosch,Engineer
445632,Zhiguo,Bressoud,Senior Staff
445633,Michaela,Barriga,Senior Engineer
445634,Erez,Chandrasekhar,Senior Staff
445645,Mart,Yeung,Senior Staff
445648,Perry,Speer,Senior Engineer
445651,Marla,Flexer,Senior Engineer
445652,Florina,Lamparter,Technique Leader
445654,Shietung,Hertweck,Staff
445656,Freyja,Ranka,Senior Engineer
445657,Junsik,Cromarty,Staff
445659,Jagoda,Bodoff,Senior Staff
445662,Saeko,Uehara,Senior Engineer
445666,Teiji,Showalter,Engineer
445667,Geoff,Back,Assistant Engineer
445669,Kazuhito,Callaway,Senior Staff
445670,Gio,Ratnaker,Senior Staff
445673,Yahiko,Rullman,Senior Engineer
445682,Jongsuk,Peha,Senior Staff
445683,Ziyad,Gilg,Senior Staff
445685,Jaana,Muntz,Technique Leader
445688,Gunilla,Carrere,Technique Leader
445689,Naraig,Shihab,Senior Engineer
445701,Luigi,Naumovich,Senior Staff
445703,Badri,Murtha,Senior Staff
445706,Goh,Jayawardene,Senior Engineer
445713,Kamakshi,Henders,Engineer
445714,Oguz,Yetto,Senior Engineer
445715,Shooichi,Schurmann,Senior Staff
445716,Sachio,Douceur,Engineer
445717,Ekawit,Dayana,Senior Staff
445718,Pranas,Steinauer,Senior Engineer
445721,Arra,Falby,Senior Engineer
445725,Gor,Ibel,Staff
445728,Herb,Lorin,Engineer
445732,Shirish,Lamparter,Technique Leader
445734,Selwyn,Heystek,Staff
445738,Sibyl,Ohori,Senior Engineer
445742,Ayonca,Teitelbaum,Senior Engineer
445743,Nagui,Clouatre,Engineer
445749,Rutger,Gecsel,Senior Engineer
445753,Saddek,Nannarelli,Engineer
445757,Heeju,Chiola,Assistant Engineer
445760,Pohua,Schicker,Senior Engineer
445762,Sadok,Thimonier,Assistant Engineer
445769,Theirry,Aingworth,Senior Engineer
445772,Tuval,Oehlmann,Senior Engineer
445781,Pantung,Nollmann,Senior Engineer
445787,Conrado,Cannard,Senior Engineer
445790,Visit,Luon,Senior Engineer
445793,Yinghua,Georg,Engineer
445800,Xiaopeng,Rosti,Senior Staff
445816,Yongmao,Leppanen,Engineer
445817,Sham,Peha,Staff
445827,Kamakshi,Nilsson,Senior Staff
445829,Itzchak,Perl,Senior Staff
445831,Utpal,Gente,Senior Staff
445832,Hideo,Muniz,Staff
445835,Mostafa,Heydon,Staff
445837,Supot,Barriga,Staff
445839,Berhard,Solovay,Staff
445840,Marko,Czaja,Senior Staff
445843,TRUE,Foong,Senior Staff
445844,Jeane,Slobodova,Senior Engineer
445846,Tomofumi,Chvatal,Senior Engineer
445848,Qunsheng,Emden,Senior Engineer
445852,Bernt,Doering,Staff
445857,Hisao,Decaestecker,Senior Staff
445868,Nadjib,Collette,Senior Staff
445874,Stamatina,Kowalchuk,Senior Engineer
445877,Adib,Worfolk,Senior Staff
445878,Toshimori,Schurmann,Staff
445880,Fei,Narwekar,Staff
445886,Kristin,Constantine,Senior Staff
445888,Munir,Geffroy,Senior Engineer
445889,Christophe,Standera,Senior Engineer
445892,Anestis,Lorch,Senior Staff
445895,Woody,Seghrouchni,Senior Engineer
445897,Oddvar,Krybus,Senior Engineer
445900,Zissis,Parfitt,Senior Engineer
445901,Tonia,Ramamoorthy,Senior Engineer
445902,Ziyad,Dulli,Senior Engineer
445904,Kiyotoshi,Mellouli,Senior Staff
445905,Alair,Beetstra,Senior Staff
445906,Arif,Lienhardt,Engineer
445907,Mohua,Zizka,Engineer
445908,Subhankar,Cheshire,Senior Staff
445910,Patricia,Fritzsche,Senior Staff
445911,JoAnne,Gide,Senior Engineer
445919,Jolita,Hasham,Staff
445927,Dekang,Nastansky,Senior Staff
445928,Abdulah,Ermel,Senior Engineer
445931,Amabile,Falster,Senior Staff
445932,Mariusz,Schrooten,Engineer
445933,Shridhar,Weiland,Staff
445934,Beshir,Casperson,Staff
445939,Niranjan,Porotnikoff,Staff
445942,Elzbieta,Mateescu,Senior Engineer
445956,Prodip,Walstra,Senior Staff
445959,Henk,Savasere,Staff
445961,Krister,Mandelberg,Senior Engineer
445964,Alagu,Kaelbling,Technique Leader
445970,Chuanti,Polajnar,Senior Staff
445971,Patricio,Einsfeld,Senior Engineer
445974,Susanta,Radhakrishnan,Technique Leader
445980,Anestis,Morrow,Senior Engineer
445983,Jasminko,Schlumberger,Engineer
445985,Van,Ginesta,Senior Engineer
445987,Xiping,Rando,Engineer
445988,Denny,Yetto,Senior Engineer
445995,Mabo,Denny,Senior Engineer
445997,Weiyi,Spataro,Senior Engineer
446002,Oscar,Randi,Senior Engineer
446003,Nirmal,Beznosov,Senior Staff
446005,Udaiprakash,Leijenhorst,Senior Engineer
446023,Susuma,Hellwagner,Assistant Engineer
446024,Susanna,Srimani,Engineer
446025,Gil,Walstra,Staff
446026,Bikash,Ritcey,Senior Staff
446027,Genta,Vecchio,Engineer
446028,Youssef,Cummings,Senior Staff
446030,Mahmut,Peris,Senior Engineer
446033,Jeanna,Koshino,Senior Staff
446034,Gad,Ertl,Senior Engineer
446036,Supot,McClurg,Senior Engineer
446038,Sangeeta,Ponthieu,Senior Engineer
446043,Uinam,Emmerich,Senior Engineer
446044,Lein,Cardazo,Senior Staff
446045,Margareta,Narwekar,Staff
446046,Serap,Kleiser,Senior Engineer
446047,Brendon,Schrift,Senior Engineer
446055,Torsten,Ambroszkiewicz,Senior Engineer
446057,Martien,Lorcy,Engineer
446058,Kaijung,Mahnke,Staff
446061,Moie,Koyama,Senior Engineer
446063,Mabhin,Farris,Engineer
446064,Pramod,Rissland,Senior Staff
446068,Nahum,Muniz,Technique Leader
446070,Koichi,Beetstra,Staff
446071,Rasiah,Danner,Senior Staff
446076,Hilary,Kropatsch,Senior Engineer
446080,Oksana,Boudaillier,Senior Staff
446083,Subir,Chiodo,Technique Leader
446086,Chrisa,Marzano,Engineer
446087,Samphel,Farris,Staff
446088,Nevin,Verspoor,Senior Engineer
446089,Junsik,Serov,Senior Engineer
446092,Mara,Chepyzhov,Senior Staff
446096,Gal,Gimbel,Senior Staff
446099,Aloys,Huttel,Senior Engineer
446100,Faiza,Mitina,Senior Engineer
446103,Sorina,Kinley,Engineer
446105,Yishay,Merey,Staff
446106,Margo,Toyoshima,Staff
446107,Leon,Ginesta,Engineer
446108,Georg,Reinhart,Senior Staff
446110,Berni,Linnainmaa,Senior Staff
446112,Kazuhide,Liesche,Technique Leader
446115,Marko,Heyers,Senior Engineer
446122,Yifei,Vieth,Engineer
446123,Chirstian,Velasco,Senior Engineer
446125,Huican,Setia,Senior Staff
446128,Filipe,Rajaraman,Senior Staff
446130,Sachar,Vickson,Engineer
446131,Carrsten,Desikan,Senior Engineer
446132,Vivian,Crabtree,Senior Engineer
446135,Masako,Ruther,Engineer
446137,Patricio,Beeson,Senior Staff
446139,Odoardo,Schlenzig,Senior Engineer
446145,Eran,Acton,Senior Engineer
446146,Gaetan,Jonsson,Staff
446147,Krassimir,Karunanithi,Senior Staff
446149,Dung,Doering,Senior Engineer
446150,Huan,Bugrara,Staff
446152,Zhiwei,Stentiford,Senior Engineer
446153,Niteen,Unno,Engineer
446159,Selwyn,Dengi,Senior Engineer
446160,Huei,Broder,Senior Engineer
446162,Toong,Ponthieu,Senior Engineer
446170,Mayuko,Lindqvist,Senior Staff
446171,Zhonghua,Narahara,Engineer
446178,Georg,Fiutem,Senior Engineer
446182,Xuejun,Baak,Technique Leader
446189,Kwangyoen,Muhlberg,Senior Staff
446190,Jaroslava,Baba,Engineer
446193,Yoshimitsu,Gimbel,Senior Engineer
446195,Licheng,Shimshoni,Senior Engineer
446198,Gita,Sinitsyn,Engineer
446200,Xiahua,Compeau,Senior Engineer
446203,Goetz,Benzmuller,Assistant Engineer
446205,Lijie,Kampfer,Senior Staff
446206,Jiafu,Legleitner,Assistant Engineer
446209,Arumugam,Iisaka,Senior Staff
446213,Arra,Schnabel,Senior Staff
446217,Visit,Genther,Senior Staff
446223,Gay,Perin,Senior Staff
446225,Uri,Varker,Staff
446241,Oscar,Schrooten,Senior Engineer
446243,Along,Schwartzbauer,Senior Staff
446244,Denis,Baez,Senior Staff
446248,Yishai,Szemeredi,Senior Engineer
446249,Ottavia,Thisen,Senior Staff
446252,Mahendra,Swan,Engineer
446253,Sedat,Rebaine,Senior Engineer
446254,Arve,Luit,Senior Staff
446256,Ekawit,Segond,Engineer
446259,Qingxiang,Birjandi,Senior Staff
446261,Zhilian,Acton,Engineer
446264,Kasturi,Barriga,Senior Engineer
446265,Narain,Bakhtari,Senior Engineer
446270,Sverrir,Litvinov,Staff
446271,Jiong,Shrader,Engineer
446272,Arne,McClure,Staff
446274,Lucian,Penttonen,Technique Leader
446276,Becky,Stroustrup,Senior Staff
446278,Kristin,Duclos,Engineer
446281,Lubomir,Walston,Senior Engineer
446283,Shrikanth,Wursthorn,Senior Engineer
446284,DAIDA,Ramsak,Engineer
446285,Arto,Shanbhogue,Senior Engineer
446287,Bilhanan,Nyrup,Senior Engineer
446290,Itzchak,Lortz,Senior Staff
446293,Zhonghui,Shokrollahi,Senior Staff
446297,Taegyun,Chiodo,Senior Staff
446302,Zhiguo,Siepmann,Senior Engineer
446304,Chikako,Koshino,Senior Engineer
446311,Matt,Underwood,Staff
446313,Howell,Benzmuller,Senior Engineer
446314,Yuguang,Speek,Engineer
446319,Adam,Siepmann,Senior Staff
446322,Kwun,Khalil,Staff
446323,Leszek,Peck,Engineer
446324,Marit,Matzov,Engineer
446326,Basem,Peak,Engineer
446328,Feixiong,Pehl,Engineer
446337,Tru,Savasere,Engineer
446338,Gonzalo,Coorg,Engineer
446348,Panayotis,Kalloufi,Senior Staff
446350,Marl,Zolotykh,Engineer
446352,Sariel,Muhlberg,Senior Engineer
446355,Kiam,Vieri,Engineer
446367,Achilleas,Ananiadou,Senior Staff
446369,Matt,Zolotykh,Staff
446370,Bedrich,Sewelson,Senior Staff
446373,Mizuhito,Rabehasaina,Senior Engineer
446376,Duangkaew,DeMori,Senior Staff
446377,Tadahiko,Hiraishi,Senior Staff
446379,Palash,Schwartzbauer,Staff
446380,Fumiyo,Egerstedt,Staff
446391,Kauko,Camarinopoulos,Senior Engineer
446392,Licheng,Bernardinello,Senior Engineer
446396,Sadegh,Masada,Senior Engineer
446398,Conor,Shiratori,Senior Engineer
446402,Goa,Snedden,Senior Engineer
446403,Nathan,Geffroy,Staff
446404,Malu,Luks,Senior Engineer
446411,Martial,Khalid,Staff
446419,Arto,Collette,Senior Staff
446421,Toshimori,Copas,Senior Engineer
446430,Tooru,Tramer,Senior Staff
446431,Youpyo,Foong,Senior Staff
446435,Zhaofang,Beetstra,Senior Staff
446439,Marko,Kuszyk,Senior Engineer
446442,Chenye,Levergood,Senior Staff
446443,Thodoros,Rathonyi,Staff
446448,Lobel,Gulla,Senior Staff
446453,Miomir,Salvesen,Senior Staff
446455,Mabhin,Honiden,Engineer
446456,Shimshon,Usery,Senior Engineer
446468,Kagan,Lanphier,Engineer
446469,Yucai,Krupka,Technique Leader
446471,Genevieve,Markovitch,Engineer
446480,Odinaldo,Lorys,Senior Engineer
446484,Flemming,Buescher,Senior Staff
446494,Edwin,Badr,Senior Staff
446497,Kyoichi,Bahi,Senior Staff
446498,Taisook,Bierbaum,Staff
446503,Udo,Stanger,Engineer
446505,Lubomir,Neimat,Senior Engineer
446510,Mara,Morrow,Engineer
446511,Guoxiang,Hennings,Senior Staff
446512,Chiranjit,Ruther,Technique Leader
446516,Kristin,Schlegelmilch,Engineer
446522,Bodo,Ratzlaff,Senior Engineer
446528,Itzchak,Jayawardene,Engineer
446529,Shan,Mitchem,Senior Engineer
446531,Yucai,Ushiama,Senior Engineer
446532,Jenwei,Vandervoorde,Engineer
446533,Xiaoshan,Kalorkoti,Senior Engineer
446536,Heng,Acton,Engineer
446538,Van,Simkin,Senior Staff
446544,Conal,Kumaresan,Senior Engineer
446548,Seongbin,Thummel,Senior Staff
446554,Utpal,Litvinov,Engineer
446558,Weiyi,Braunschweig,Staff
446561,Sivanarayana,Sridhar,Senior Engineer
446565,Phule,Passafiume,Senior Staff
446566,Barry,Hanabata,Staff
446574,Lijia,Vuskovic,Staff
446576,Basim,Schwartzbauer,Technique Leader
446578,Zine,Selenyi,Senior Engineer
446579,Odysseas,Sigstam,Senior Engineer
446581,Gonzalo,Quaggetto,Senior Staff
446584,Djelloul,Macedo,Senior Staff
446592,Gita,Ramamoorthy,Engineer
446594,Werner,Iwayama,Senior Staff
446602,Uzi,Reistad,Senior Staff
446604,Oscal,Chvatal,Engineer
446607,Urs,Hinsberger,Senior Staff
446611,Moto,Garigliano,Senior Staff
446613,Vishv,Pavlopoulou,Senior Engineer
446615,Bartek,Nivat,Staff
446624,Vasiliy,Brendel,Engineer
446628,Mitchel,McClurg,Senior Staff
446630,Erez,Usery,Engineer
446631,Nakhoon,Biros,Senior Staff
446633,Junichi,Zeidenstein,Senior Engineer
446636,Conrado,Felder,Staff
446640,Stevo,Crooks,Senior Staff
446641,Zhilian,Quaggetto,Assistant Engineer
446645,Ferdinand,Ranst,Senior Staff
446646,Tooru,Zaumen,Staff
446655,Shounak,Gihr,Senior Staff
446656,Reuven,Harllee,Senior Engineer
446660,Demos,Isard,Staff
446663,Elliott,Simmen,Senior Engineer
446669,Gor,Pezzoli,Senior Engineer
446670,Alejandro,Gerteisen,Senior Staff
446672,Godehard,Lichtman,Engineer
446673,Leucio,Oppitz,Senior Staff
446674,Kiyokazu,Vural,Senior Staff
446678,Gita,Suermann,Senior Engineer
446679,Serif,Stasinski,Senior Staff
446690,Kyoichi,Gargeya,Senior Staff
446691,Kristina,Cheshire,Staff
446695,Filipe,Einsfeld,Engineer
446697,Narain,Servieres,Senior Engineer
446698,Vincent,Stanfel,Engineer
446699,Oddvar,Isard,Senior Staff
446700,Hercules,Jording,Senior Staff
446705,Akemi,Joslin,Engineer
446712,Huai,Senzako,Senior Engineer
446727,Unal,Merks,Senior Staff
446728,Manibrata,Swan,Engineer
446735,Taizo,Tiemann,Senior Staff
446737,Shao,Porotnikoff,Technique Leader
446742,Adas,Rubsam,Senior Engineer
446744,Vishv,Rahier,Senior Engineer
446746,Lobel,Sgarro,Engineer
446747,Kiyomitsu,Condotta,Senior Staff
446758,Chaitali,Peha,Senior Staff
446759,Gadiel,Lichtner,Technique Leader
446760,Apostol,Pluym,Senior Staff
446764,Florian,Haumacher,Engineer
446766,Ronnie,Brandsma,Senior Staff
446768,Conor,Kroha,Senior Staff
446771,Elliott,Wallrath,Senior Staff
446772,Nathan,Pettis,Senior Engineer
446775,Maja,Tramer,Senior Staff
446776,Achilleas,Fontan,Senior Engineer
446779,Xinyu,Sidou,Engineer
446788,Peer,Chaudhury,Senior Staff
446791,Zhilian,Wolniewicz,Staff
446795,Cheong,Famili,Senior Engineer
446799,Shigeu,Awdeh,Senior Engineer
446801,Yolla,Kropp,Senior Engineer
446802,Parviz,Rosis,Senior Engineer
446804,Hilari,Iacovou,Senior Staff
446812,Zsolt,Bala,Senior Engineer
446815,Zhonghui,Badr,Senior Staff
446819,Houman,Swick,Senior Staff
446822,Patricio,Riefers,Engineer
446824,Hugo,Wossner,Senior Engineer
446829,Zhonghua,Gopalakrishnan,Senior Staff
446848,Lenore,Oskamp,Senior Engineer
446850,Franziska,Mahnke,Engineer
446851,Hercules,Radwan,Engineer
446853,Aral,Schwartzburd,Assistant Engineer
446857,Marco,Pettis,Engineer
446863,Haldon,Flowers,Senior Engineer
446864,Felicidad,Munoz,Senior Engineer
446871,Munenori,Brobst,Senior Engineer
446872,Ingemar,Compeau,Staff
446873,Lene,Perko,Senior Staff
446880,Ekawit,Danecki,Senior Engineer
446883,Geoff,Ishibashi,Senior Staff
446885,Takahira,Grabner,Engineer
446888,Ishfaq,Iisaku,Senior Staff
446890,Heekeun,Salverda,Staff
446891,Susanta,Heuser,Senior Staff
446894,Heather,Rousseau,Senior Staff
446895,Shahaf,Senzako,Technique Leader
446898,Lalit,DuBourdieux,Senior Engineer
446899,Hongzue,Pillow,Staff
446902,Martine,Ushiama,Senior Staff
446903,Mang,Sury,Engineer
446904,Eric,Pulkowski,Senior Engineer
446905,Oscal,Cools,Senior Staff
446910,Zhanqiu,Quadeer,Senior Engineer
446911,Yolla,Pepe,Senior Staff
446916,Samphel,Jiang,Engineer
446921,Shuky,Vidal,Senior Staff
446924,Mamdouh,Cairo,Senior Engineer
446925,Kiyokazu,Jansen,Senior Staff
446926,Changho,Panwar,Senior Engineer
446927,Ute,Motley,Staff
446931,Lihong,Openshaw,Senior Engineer
446932,Tokuyasu,Granlund,Senior Staff
446933,Fumitake,Coombs,Senior Engineer
446937,Maik,Lamba,Senior Staff
446947,Irene,Waeselynck,Staff
446954,Frazer,Kirkerud,Senior Engineer
446956,Eben,Yoshimura,Senior Staff
446962,Alagu,Cyne,Senior Staff
446965,Stevo,Tagansky,Senior Staff
446966,Shaowen,Tyugu,Senior Staff
446968,Chenyi,Schiper,Assistant Engineer
446977,Remmert,Rosin,Senior Staff
446978,Hyuckchul,Nollmann,Senior Staff
446980,Takahito,Kornatzky,Engineer
446981,Yannik,Chartres,Senior Staff
446982,Ipke,Siegrist,Engineer
446983,Oguz,Argence,Senior Staff
446985,Gino,Itschner,Engineer
446989,Serge,Eldridge,Senior Staff
446990,Zhanqiu,Streng,Senior Engineer
446991,Elgin,Polupanov,Senior Engineer
447000,Brigham,Katalagarianos,Staff
447001,Moty,Beetstra,Senior Engineer
447008,Zsolt,Cooman,Senior Staff
447009,Cheong,Olano,Senior Staff
447012,Kwangho,Mersereau,Senior Engineer
447016,Dzung,Duclos,Senior Engineer
447017,Ramachenga,Vecchi,Senior Engineer
447021,Shigeu,Denna,Senior Staff
447023,Masaki,Joslin,Technique Leader
447024,Ayakannu,Frezza,Senior Engineer
447025,Ferdinand,Veevers,Senior Engineer
447033,Phuoc,Hockney,Engineer
447039,Duangkaew,Stenning,Senior Staff
447043,Barry,Lubachevsky,Staff
447044,Xinyu,Rosen,Senior Staff
447045,Xiaocheng,Baak,Senior Staff
447049,Uma,Falck,Engineer
447052,Mokhtar,Moffat,Engineer
447056,Bedrich,Rosen,Engineer
447061,Ewing,Pluym,Senior Staff
447072,George,Mukaidono,Senior Engineer
447075,Charlene,Mellouli,Senior Engineer
447076,Teruyuki,Straney,Senior Staff
447079,Dante,Stanger,Senior Engineer
447080,Yuchang,Dichev,Senior Staff
447081,Chinhyun,Colorni,Senior Staff
447089,Kazuhira,Conry,Staff
447091,Suzette,Perfilyeva,Staff
447092,Inderjeet,Lorho,Senior Staff
447101,Tse,Parhami,Staff
447103,Uta,Takkinen,Senior Engineer
447110,Lena,Chaudhuri,Engineer
447116,Jingling,Aloia,Senior Engineer
447121,Girolamo,Giveon,Senior Staff
447122,Roded,Wallrath,Engineer
447124,Arunas,Gurbaxani,Staff
447127,Shigeaki,Delaune,Senior Engineer
447129,Munir,Reeken,Assistant Engineer
447130,Lech,Peyn,Senior Engineer
447131,Huan,Uhrik,Senior Engineer
447132,Masaru,Crelier,Senior Staff
447137,Theron,Escriba,Engineer
447138,Siamak,Soicher,Engineer
447142,Foong,McClurg,Engineer
447145,Fay,Cools,Senior Engineer
447146,Gonzalo,Itzfeldt,Senior Staff
447149,Teiji,Eppinger,Senior Staff
447150,Pranay,Slutz,Senior Staff
447152,Tetsushi,Swan,Senior Staff
447156,Randi,Joslin,Senior Engineer
447161,Vincent,Kobuchi,Senior Engineer
447164,Ulises,Deverell,Senior Engineer
447177,Dharmaraja,Kaiser,Engineer
447183,Nagui,Lakshmanan,Senior Engineer
447184,Piyush,Hambrick,Staff
447189,Arto,Falster,Staff
447190,Haldon,Panwar,Senior Engineer
447194,Anneke,Rando,Engineer
447195,Jaques,Ruemmler,Senior Staff
447199,Ingemar,Snyers,Senior Staff
447201,Tooru,Schapiro,Engineer
447203,Gila,Lienhardt,Senior Staff
447206,Keung,Merro,Senior Engineer
447213,Adas,Warwick,Senior Engineer
447215,Danae,Mullainathan,Senior Engineer
447218,Arto,Zuberek,Staff
447220,Inderjeet,Malinowski,Senior Engineer
447233,Anestis,Mitina,Engineer
447238,Shigehito,Comte,Senior Engineer
447240,Maja,Riefers,Senior Staff
447241,Satosi,Azevdeo,Senior Engineer
447242,Gino,Keustermans,Engineer
447254,Garnik,Karcich,Staff
447255,Shai,Budinsky,Staff
447260,Ramalingam,Kalorkoti,Senior Engineer
447261,Basil,Erdmenger,Senior Staff
447267,Kokou,Strehl,Staff
447270,Chuanti,Gubsky,Technique Leader
447271,Akeel,Potthoff,Senior Engineer
447274,Hongzhu,Journel,Senior Staff
447275,Ranga,Kenevan,Senior Staff
447280,Bartek,Luby,Senior Engineer
447284,Chinho,Birjandi,Staff
447294,Florian,Kitsuregawa,Senior Engineer
447296,Yefim,Pluym,Staff
447300,Gritta,Pena,Senior Engineer
447301,Koldo,Lupu,Senior Staff
447304,Neven,Kilgore,Staff
447307,Barton,Butterworth,Engineer
447308,Uwe,Driscoll,Senior Engineer
447309,Lijia,Penz,Staff
447312,Munenori,Bernick,Engineer
447318,Tuval,Hofman,Senior Staff
447320,Geoffrey,Anger,Staff
447322,Marc,Snedden,Senior Engineer
447335,Aron,Gini,Senior Engineer
447337,Ghassan,Ghazalie,Senior Staff
447339,Basant,Demos,Senior Engineer
447340,Navin,Skafidas,Engineer
447341,Kamakshi,Peng,Engineer
447342,Gererd,Strandh,Senior Engineer
447345,Shuho,Chaudhury,Senior Engineer
447346,Zine,Conta,Senior Staff
447349,Yinghua,Speel,Engineer
447352,Uma,Cronan,Senior Staff
447354,Valeska,Ghalwash,Senior Engineer
447355,Basil,Solares,Senior Staff
447372,Bouchung,Heijenga,Senior Staff
447379,Halsur,Varman,Senior Staff
447381,Seongbin,Serre,Senior Engineer
447385,Yongqiao,Skrikant,Staff
447386,Christ,Shokrollahi,Senior Engineer
447388,Stamatina,Peak,Assistant Engineer
447391,Sverrir,Muhlberg,Senior Staff
447395,Rosalyn,Quaggetto,Senior Staff
447396,Kazuyasu,Oberman,Senior Staff
447398,Billie,Versino,Senior Engineer
447399,Brewster,Murrill,Senior Engineer
447401,Perry,Feinberg,Senior Staff
447403,Hiroyasu,Schaft,Senior Engineer
447408,Ronghao,McAlpine,Staff
447409,Janalee,Bugaenko,Staff
447410,Jolita,Vingron,Senior Staff
447413,Jayson,Schach,Senior Staff
447420,Satoru,Peot,Senior Engineer
447429,Shen,Botman,Senior Engineer
447431,Kokou,Guting,Senior Engineer
447432,Roselyn,Whitcomb,Senior Engineer
447435,Lorien,Chiodo,Senior Staff
447437,Aris,Dolinsky,Senior Engineer
447440,Lillian,Luce,Engineer
447443,Dhritiman,Parveen,Assistant Engineer
447448,Ioana,Reinhart,Senior Staff
447449,Jordanka,Klyachko,Staff
447451,Yuqun,Taubenfeld,Technique Leader
447454,Niteen,Improta,Senior Engineer
447455,Yucai,Vrecion,Senior Staff
447462,Mart,Pileggi,Senior Engineer
447473,Moto,Fabrizio,Senior Staff
447480,Maik,Leppanen,Technique Leader
447481,Xiaoqiu,Lortz,Senior Engineer
447482,Angus,Bamford,Senior Staff
447489,Pranay,Stassinopoulos,Senior Engineer
447493,Carrsten,Schahn,Senior Engineer
447495,Luisa,Braunmuhl,Engineer
447497,Fei,Back,Senior Engineer
447502,Jeane,Serra,Staff
447505,Guenter,Gente,Staff
447507,Gro,Kaelbling,Senior Engineer
447509,Howell,Gimbel,Senior Engineer
447511,Shunichi,Erva,Senior Engineer
447512,Leif,Zuberek,Senior Engineer
447517,Boaz,Oskamp,Technique Leader
447524,Arch,Malinowski,Senior Staff
447525,Kensyu,Luca,Engineer
447526,Wojceich,Leonhardt,Senior Engineer
447530,Bodh,Zeidenstein,Senior Staff
447533,Toney,Warwick,Technique Leader
447534,Tommaso,Ducloy,Engineer
447537,Bowen,Chimia,Senior Staff
447542,Hisao,Binding,Staff
447545,Dayanand,Rouquie,Senior Staff
447548,Kazuhide,Cardazo,Senior Engineer
447554,Danny,Sigstam,Senior Engineer
447560,DeForest,Preusig,Senior Staff
447562,Fen,Dichev,Senior Staff
447564,Charmane,Kriebel,Engineer
447565,Qunsheng,Facello,Senior Engineer
447576,Siddarth,Trystram,Staff
447579,Ishfaq,Nitsch,Senior Staff
447584,Jouni,VanScheik,Senior Engineer
447586,Shichao,Molenkamp,Engineer
447591,Chanjung,Rajala,Engineer
447592,Candido,Muniz,Senior Staff
447593,Serif,Suwa,Staff
447600,Gao,Champarnaud,Engineer
447605,Hongzhu,Wissmann,Senior Engineer
447608,Yuguang,Ginneken,Senior Engineer
447614,Xinglin,Penn,Senior Engineer
447616,Lidong,Stafford,Senior Engineer
447618,Sachio,Tetzlaff,Staff
447622,Tokuyasu,Lipner,Senior Staff
447626,Ishfaq,VanScheik,Staff
447630,Mart,McDermid,Senior Staff
447632,Yucel,Paludetto,Engineer
447633,Aria,Kirkerud,Senior Engineer
447635,Kitty,Ranft,Senior Staff
447637,Ung,Liesche,Senior Staff
447646,Huican,Kavanagh,Senior Staff
447649,Shigehiro,Setiz,Senior Staff
447651,Adit,Ranst,Staff
447654,Padma,Guerreiro,Senior Engineer
447655,Lorien,Bergere,Senior Engineer
447656,Seongbae,Rissland,Senior Engineer
447657,Reuven,Milicia,Senior Staff
447658,Fen,Ossenbruggen,Senior Engineer
447659,Jenwei,Masand,Engineer
447660,Bokyung,Zockler,Senior Staff
447665,Martien,Schaar,Senior Staff
447671,Geoff,Buescher,Senior Engineer
447672,Alexius,Ferretti,Technique Leader
447675,Hitofumi,Brobst,Engineer
447678,Odinaldo,Fandrianto,Staff
447692,Yoshimitsu,Hellwagner,Engineer
447697,Masako,Schahn,Assistant Engineer
447701,Lucien,Etalle,Senior Staff
447705,Giordano,Docker,Senior Staff
447715,Martijn,Baezner,Engineer
447716,Subir,Lovengreen,Staff
447719,Jinya,Bernardeschi,Senior Staff
447727,Basem,Merel,Senior Engineer
447728,Aleksandar,Smailagic,Engineer
447739,Masamitsu,Pouyioutas,Senior Staff
447740,Honesty,Fairtlough,Senior Engineer
447743,Valery,Ferretti,Senior Engineer
447748,Shooichi,Hammerschmidt,Senior Engineer
447750,Fun,Engberts,Senior Engineer
447755,Kristin,Thiria,Senior Staff
447759,Bedrich,Deville,Senior Staff
447763,Xuejia,Apsitis,Staff
447764,Berna,Plotkin,Technique Leader
447765,Arie,Chachaty,Senior Staff
447770,Deborah,Salvesen,Senior Engineer
447773,Masato,Peot,Senior Engineer
447774,Lucien,Waymire,Technique Leader
447778,Xiaocheng,Plotkin,Senior Engineer
447791,Huei,Pluym,Staff
447795,Kousuke,Sidou,Staff
447799,Chikako,Perri,Senior Staff
447800,Xiaoshan,Polupanov,Staff
447801,Matt,dAstous,Senior Engineer
447808,Wanqing,Gimbel,Technique Leader
447809,Domenick,Terwilliger,Senior Engineer
447812,Kensyu,Chenney,Engineer
447816,Abdelwaheb,Buescher,Engineer
447820,Conor,Swist,Technique Leader
447822,Arvind,Suomi,Senior Engineer
447823,Lena,Reghbati,Senior Engineer
447825,Remmert,Schueller,Senior Staff
447826,Harjit,Morris,Senior Staff
447828,Jaroslava,Birrer,Senior Engineer
447835,Yongmin,Lubachevsky,Engineer
447840,Pranay,Schonegge,Senior Engineer
447849,Izaskun,Wissmann,Senior Staff
447850,Duke,Decleir,Senior Engineer
447854,Hideyuki,Nyrup,Staff
447857,Vitaly,Keustermans,Senior Engineer
447859,Zhenbing,Cincotta,Staff
447862,Babette,Strooper,Senior Staff
447868,Shaw,Reeker,Senior Staff
447873,Zongyan,Ertl,Senior Engineer
447879,Ramalingam,Radivojevic,Senior Staff
447881,Ioana,Schapiro,Senior Engineer
447882,Khedija,Gornas,Staff
447883,Tsuneo,Shackell,Senior Engineer
447884,Tsuneo,Bouloucos,Engineer
447886,Marsal,Conta,Senior Staff
447892,Kamran,Peng,Staff
447893,Munir,Hockney,Senior Staff
447898,Eberhardt,Henders,Senior Staff
447899,Nadjib,Schaar,Senior Staff
447901,Masanao,Vernadat,Senior Staff
447904,Sachem,Bahl,Senior Engineer
447906,Atilio,Schaft,Senior Engineer
447912,Yinlin,Bruckman,Staff
447924,Palash,Zedlitz,Senior Staff
447928,Jianhao,Spell,Staff
447930,Kagan,Poupard,Senior Engineer
447947,Garnik,Siegrist,Staff
447948,Juichirou,Gornas,Senior Staff
447952,Bedir,Schauser,Senior Engineer
447954,Taegyun,Manderick,Engineer
447955,Suvo,Diderrich,Engineer
447962,Seongbin,Linares,Staff
447964,Szabolcs,Tchuente,Senior Engineer
447967,Isamu,Kitai,Senior Staff
447972,Aimee,Pelc,Staff
447976,Bluma,Boreale,Senior Staff
447978,Freyja,Zaccaria,Technique Leader
447980,Kristinn,Nishimukai,Staff
447984,Zhiguo,Stranks,Senior Staff
447985,Sedat,Alencar,Senior Engineer
447989,Wojceich,Gini,Staff
448003,Hercules,Tomescu,Assistant Engineer
448008,Shem,Taubenfeld,Senior Engineer
448009,Alassane,Kroon,Engineer
448012,Zhanqiu,Bael,Engineer
448014,Kristof,Selenyi,Engineer
448017,Jiang,Attimonelli,Senior Staff
448025,Vitaly,Rosis,Staff
448026,Ramachenga,Loncour,Technique Leader
448030,Kagan,Serna,Senior Staff
448031,Morris,Kilgour,Senior Staff
448034,Juyoung,Kumaresan,Senior Staff
448037,Niclas,Trachtenberg,Senior Engineer
448043,Vasilii,Panienski,Technique Leader
448044,Yakkov,Stille,Senior Engineer
448047,Xinyu,Gini,Senior Engineer
448050,Filipe,Stifter,Senior Engineer
448053,Mingzeng,Kopetz,Senior Engineer
448054,Franziska,Imataki,Senior Engineer
448057,Kerryn,Chelton,Senior Engineer
448063,Ayonca,Antonisse,Staff
448064,Mong,Brattka,Senior Staff
448069,Kiyomitsu,Matzel,Staff
448073,Evgueni,Glinert,Senior Engineer
448074,Goncalo,Matteis,Senior Engineer
448076,Beshir,Larfeldt,Senior Engineer
448079,Ingmar,Benaini,Senior Engineer
448080,Trygve,Bade,Senior Engineer
448081,Lalit,Pehl,Engineer
448082,Fun,Erde,Senior Staff
448083,Perry,Akaboshi,Engineer
448086,Constantijn,Skrikant,Senior Staff
448089,Xiong,Kalloufi,Technique Leader
448090,Guenter,Kamble,Senior Staff
448095,Juyoung,Bednarek,Senior Engineer
448096,Aksel,Rouquie,Technique Leader
448098,Kasidit,Chartres,Staff
448102,Tamiya,Wissmann,Senior Engineer
448104,Arno,Buescher,Technique Leader
448112,Tetsushi,Hockney,Senior Engineer
448119,Nikolaus,Smeets,Senior Staff
448124,Hongzhu,Roohalamini,Senior Staff
448126,Dinah,Demeyer,Senior Staff
448131,Aloys,Akaboshi,Senior Staff
448135,Tsvetan,Steinauer,Senior Engineer
448136,Garnik,Ushiama,Senior Engineer
448138,Izaskun,Welham,Senior Engineer
448154,Nahid,Ramsay,Senior Engineer
448156,Xuejia,Spataro,Senior Staff
448157,Goo,Berendt,Senior Staff
448159,Ranan,DeMori,Senior Engineer
448166,Bangqing,Schneeberger,Senior Staff
448172,Jingling,Randt,Senior Staff
448173,Dines,Katalagarianos,Staff
448182,Kazuhisa,Whitcomb,Staff
448184,Sailaja,Felcyn,Senior Staff
448193,Zhenhua,Casley,Engineer
448204,Mani,Ebeling,Technique Leader
448205,Gino,Coorg,Staff
448206,Domenico,Diderrich,Engineer
448208,Ult,Picco,Engineer
448209,Werner,Salvesen,Senior Engineer
448210,Marc,Hoppenstand,Senior Engineer
448211,Shim,Dratva,Senior Engineer
448213,Leucio,Luks,Senior Engineer
448214,Sumant,Morton,Senior Engineer
448220,Nectarios,Schicker,Staff
448234,Nathalie,Gonthier,Senior Staff
448235,Giao,Flowers,Senior Staff
448236,Xudong,Magalhaes,Senior Engineer
448237,Chenxi,Tagansky,Senior Staff
448240,Shen,Minakawa,Senior Staff
448243,Mack,Fraisse,Staff
448246,Boaz,Zaccaria,Staff
448248,Juyoung,Arlazarov,Staff
448249,Takahiro,Shobatake,Senior Engineer
448250,Susumu,Teitelbaum,Senior Staff
448251,Genevieve,Bahk,Senior Staff
448254,Hironobu,Gischer,Senior Engineer
448255,Herbert,Szilard,Senior Staff
448256,Achilleas,Tsukuda,Engineer
448257,Sanjeeva,Mahmud,Senior Engineer
448258,Fatemeh,Rusterholz,Staff
448260,Gad,Garnick,Staff
448265,Abdelghani,Rodier,Senior Staff
448275,Constantijn,Radivojevic,Senior Staff
448277,Maha,Wrigley,Senior Engineer
448282,Rosine,Peek,Senior Engineer
448286,Radhia,Crouzet,Senior Staff
448287,Neven,Wynblatt,Senior Staff
448288,Berry,Kalefeld,Senior Staff
448292,Uinam,Jonsson,Engineer
448294,Arco,Kuszyk,Senior Staff
448297,Nahum,Ghelli,Senior Staff
448299,Herbert,Baumann,Engineer
448305,Temple,Vernadat,Senior Engineer
448307,Sibyl,Walstra,Staff
448309,Yahiko,Socorro,Senior Engineer
448311,Gladys,Fiutem,Engineer
448313,Chinhyun,Carrere,Senior Staff
448323,Dipayan,Kadhim,Engineer
448325,Szabolcs,Ratnakar,Engineer
448327,Zhonghui,Roccetti,Staff
448328,Dipayan,Kavraki,Senior Staff
448330,Teruyuki,Plesums,Senior Engineer
448334,Rasikan,Turnbull,Engineer
448342,Martina,Bolsens,Engineer
448345,Randi,Rodham,Technique Leader
448348,Shigenori,Mersereau,Staff
448349,Sangeeta,Murthy,Senior Engineer
448350,Stein,Range,Senior Engineer
448352,Arnould,Takanami,Engineer
448357,Parviz,Munch,Senior Engineer
448359,Nirmal,Comellas,Engineer
448362,Denis,Erol,Senior Staff
448363,Elrique,Duclos,Senior Engineer
448364,Xuedong,Sinitsyn,Senior Engineer
448365,Domenico,Bernatsky,Senior Staff
448369,Mohit,Ghelli,Senior Engineer
448372,Vishu,Rissland,Technique Leader
448373,Pragnesh,Litzler,Senior Engineer
448375,Fai,Kakkar,Senior Engineer
448378,Kwangho,Plumb,Engineer
448382,Oddvar,Heystek,Senior Staff
448383,Gad,Badr,Technique Leader
448388,Shaleah,Gluchowski,Senior Engineer
448389,Kazuhisa,Goodrum,Senior Staff
448392,Sampalli,Claffy,Senior Staff
448394,Parke,Atchley,Senior Staff
448396,Joydip,Rosiles,Senior Engineer
448400,Mokhtar,Kakkad,Senior Engineer
448401,Franziska,Kolinko,Staff
448405,Eishiro,Cesareni,Staff
448406,Masami,Kitsuregawa,Senior Engineer
448409,Persi,Speek,Senior Engineer
448414,Boutros,Bressoud,Engineer
448422,Adit,Rahier,Staff
448427,Yagil,Hellwagner,Senior Engineer
448428,Shahab,Huttel,Senior Staff
448431,Denny,Krohm,Senior Staff
448433,IEEE,Zastre,Senior Engineer
448436,Yannis,Baalen,Senior Staff
448438,Bangqing,Anguita,Senior Engineer
448439,Nishit,Heyers,Engineer
448440,Idoia,Bala,Senior Staff
448442,Bedrich,Lally,Senior Staff
448444,KayLiang,Armand,Senior Staff
448446,Serge,Buescher,Senior Staff
448452,Zsolt,Flowers,Senior Staff
448458,Guozhong,Millington,Technique Leader
448460,Selwyn,Kuszyk,Engineer
448465,Yucel,Angot,Senior Engineer
448466,Basil,Zockler,Senior Staff
448468,Hisao,Himler,Senior Engineer
448471,Piyawadee,Luks,Senior Engineer
448474,Tsutomu,Melski,Senior Engineer
448475,Marl,Braunmuhl,Senior Staff
448476,Domenico,Lipner,Senior Engineer
448478,Ulf,Stanger,Engineer
448482,Henk,Lodder,Senior Staff
448483,Snehasis,Tempesti,Senior Engineer
448485,Zeljko,Bael,Senior Engineer
448487,Alenka,Biran,Senior Staff
448491,Danil,Matzel,Senior Staff
448492,Shaz,Paciorek,Staff
448495,Goncalo,Scharstein,Senior Engineer
448496,Falguni,Farrar,Senior Engineer
448498,Ishfaq,Joslin,Senior Engineer
448507,Mohan,Heusch,Senior Engineer
448510,Candido,Bratsberg,Senior Engineer
448511,Jiakeng,Ertl,Senior Engineer
448514,Heather,Schaaf,Senior Engineer
448519,Atreyi,Granlund,Staff
448521,Katsuyuki,Sherertz,Senior Engineer
448524,Kwangsub,Akazan,Engineer
448529,Monique,Orsini,Senior Engineer
448530,Adit,Koblick,Senior Engineer
448532,Marke,Lodder,Senior Engineer
448535,Francesca,Hiroyama,Engineer
448554,Sushant,Swiss,Senior Engineer
448556,Morrie,Ushiama,Engineer
448557,Gadiel,Danner,Staff
448563,Kensei,Terlouw,Assistant Engineer
448564,Zorica,Alvarado,Engineer
448565,Herb,Linares,Senior Engineer
448566,Subhada,Milicia,Senior Engineer
448569,Ranan,Anger,Senior Engineer
448570,Yechiam,Figueira,Senior Staff
448572,Shigeu,Szilard,Senior Engineer
448575,Rimon,Reutenauer,Senior Staff
448577,Petter,Samarati,Engineer
448578,Angus,Monarch,Engineer
448583,Leon,Wolniewicz,Senior Engineer
448585,Shin,Makrucki,Senior Engineer
448588,Sukumar,Broder,Senior Staff
448592,Jouni,Curless,Senior Engineer
448594,Teiji,Osgood,Senior Engineer
448596,Ziyad,Schnabel,Senior Engineer
448598,Xudong,Morrin,Staff
448601,Marsal,Pardalos,Senior Staff
448604,Stafford,Granlund,Engineer
448605,Bowen,Haumacher,Senior Staff
448606,Khoa,Zastre,Senior Staff
448608,Marjo,Dahlbom,Senior Engineer
448610,Parke,Laventhal,Senior Staff
448611,Khun,Sewelson,Senior Engineer
448619,Olivera,Ratnaker,Senior Engineer
448623,Tetsurou,Taubman,Engineer
448625,Honesty,Matzke,Staff
448627,Jamaludin,Iivonen,Senior Staff
448628,Khedija,Kolinko,Senior Engineer
448630,Huai,Wuwongse,Senior Staff
448632,Chikako,Hiroyama,Senior Engineer
448633,Larisa,Suppi,Staff
448634,Elrique,Greibach,Technique Leader
448636,Leucio,Nooteboom,Engineer
448639,Pintsang,Zobel,Technique Leader
448647,Rosalie,dAstous,Senior Engineer
448649,Palash,Merks,Staff
448655,Sungwon,Khasidashvili,Senior Staff
448656,Moty,Kilgour,Senior Engineer
448661,Hideo,Muntz,Senior Staff
448664,Mori,Khamsi,Technique Leader
448672,Hongzue,Adachi,Staff
448677,Jinya,Nicolson,Senior Engineer
448681,Fayez,Gini,Senior Staff
448686,Kristina,Gajiwala,Senior Staff
448687,Amstein,Bernardeschi,Senior Engineer
448689,Harjit,Pettey,Senior Engineer
448690,Masasuke,Kornatzky,Senior Engineer
448692,Sukumar,Weisert,Senior Staff
448694,Constantijn,Luef,Senior Engineer
448697,Mototsugu,Pietracaprina,Technique Leader
448698,Falguni,Hofman,Senior Staff
448700,Weiwu,Lenart,Senior Staff
448706,Josyula,Gronowski,Staff
448707,Laurentiu,Basart,Senior Staff
448710,Rayond,Bellmore,Engineer
448718,Menkae,Lalonde,Senior Staff
448722,Kellyn,Lagarias,Assistant Engineer
448730,Sugwoo,Suessmith,Staff
448732,Saeed,Uludag,Senior Staff
448739,Martial,Ranze,Engineer
448744,Eishiro,Dichev,Senior Engineer
448747,Heekeun,Juneja,Staff
448749,Utz,Hasenauer,Senior Engineer
448755,Masaki,Reeker,Senior Engineer
448757,Jiafu,Beutelspacher,Senior Staff
448759,Luigi,Bojadziev,Senior Engineer
448762,Hirochika,Lakshmanan,Senior Staff
448763,Jeanna,Jiang,Senior Staff
448764,Collette,Guardalben,Engineer
448766,Yinghua,Fabrizio,Senior Engineer
448768,Xuejia,Rabehasaina,Engineer
448772,DeForest,Poehlman,Senior Staff
448774,Keiichiro,Gils,Staff
448775,Arnould,Buescher,Senior Engineer
448776,Ugo,Shimshoni,Engineer
448777,Perla,Driscoll,Engineer
448778,Xuejia,Duclos,Senior Engineer
448779,Alair,Gelosh,Senior Engineer
448781,Luigi,Heering,Senior Engineer
448782,Moie,Penttonen,Senior Staff
448785,Mostafa,Terwilliger,Senior Engineer
448787,Mabhin,Ullian,Technique Leader
448789,Lucian,Ranai,Senior Staff
448792,Srinidhi,Lamba,Engineer
448795,Jolita,Brlek,Senior Staff
448796,Basant,Rullman,Senior Engineer
448797,Oscal,Taubenfeld,Assistant Engineer
448799,Shahab,Socorro,Senior Staff
448807,Shietung,Sadowski,Senior Engineer
448808,Yannik,Adachi,Senior Engineer
448810,Tomofumi,Kropp,Senior Staff
448813,Khosrow,Mullainathan,Senior Staff
448818,Alejandra,Maginnis,Senior Staff
448833,Udo,Hatcliff,Senior Staff
448834,Florina,Lorie,Engineer
448835,Chikako,Benzmuller,Engineer
448845,Fusako,Kuhnemann,Senior Engineer
448846,Abdulla,Lipner,Senior Staff
448848,Yunming,Pelz,Senior Engineer
448851,Jiakeng,Leppanen,Engineer
448858,Takahiro,Emmart,Senior Staff
448860,Jixiang,Gecseg,Senior Engineer
448861,Odysseas,Noriega,Senior Engineer
448867,Yongmin,Boudaillier,Technique Leader
448870,Sadegh,Dymetman,Senior Staff
448875,Mokhtar,Bade,Senior Engineer
448877,Poornachandra,Pehl,Staff
448884,Gudjon,Picht,Senior Staff
448894,Rildo,Kugler,Technique Leader
448897,Theron,Dredge,Staff
448899,Rance,Mattern,Engineer
448908,Mountaz,Rehfuss,Senior Engineer
448912,Ioana,Godskesen,Senior Staff
448913,Susanne,Veevers,Engineer
448914,Vesna,Atrawala,Senior Staff
448919,Fun,Bojadziev,Senior Engineer
448921,Chuanti,Stellhorn,Senior Staff
448923,Ronghao,Monarch,Senior Staff
448925,Phuoc,Gopalakrishnan,Engineer
448928,Heon,Birch,Senior Engineer
448929,Dinkar,Tyugu,Senior Staff
448935,Tzvetan,Velasco,Engineer
448936,IEEE,Zongker,Senior Engineer
448938,Sadegh,Koshino,Senior Staff
448940,Yahiko,Matzov,Senior Engineer
448941,Pascal,Rothenberg,Senior Staff
448944,Keung,Ghelli,Technique Leader
448947,Lijie,Douceur,Senior Engineer
448950,Malu,Brodie,Senior Engineer
448952,Theirry,Pintelas,Senior Engineer
448957,Lene,Unno,Senior Staff
448964,Yannis,Casley,Senior Engineer
448967,Nidapan,Lindenbaum,Senior Staff
448974,Marlo,Vickson,Senior Engineer
448975,Ult,Shiratori,Engineer
448981,Ulf,Michaels,Staff
448984,Basil,Schwaller,Staff
448993,Dmitri,Rabejac,Technique Leader
449001,Masako,Georgatos,Engineer
449004,Filipe,Szmurlo,Engineer
449013,Xiping,Collette,Senior Staff
449018,Teiji,Walston,Senior Staff
449023,Jinpo,Kuhnemann,Senior Staff
449025,Shao,Levasseur,Senior Staff
449026,Geoff,Nergos,Senior Staff
449028,Xuedong,Bhattacharjee,Senior Engineer
449040,Parke,Irland,Staff
449042,Sushant,Serna,Technique Leader
449043,Eishiro,Awdeh,Senior Engineer
449044,Shahid,Terwilliger,Senior Staff
449053,Genki,Kragelund,Senior Staff
449055,Boriana,Carrere,Senior Staff
449058,Tsutomu,Coney,Senior Staff
449060,Erzsebet,Kroon,Senior Staff
449063,Zongyan,Itzfeldt,Senior Staff
449069,Gilbert,Gadepally,Engineer
449075,Aran,Lund,Senior Engineer
449076,Toshimi,Shanbhogue,Engineer
449077,Cathie,Molenaar,Senior Staff
449078,Gino,Akazan,Senior Engineer
449082,Barry,Merey,Senior Engineer
449083,Toshimi,Farrel,Senior Staff
449087,Khalid,Eppinger,Staff
449093,Baoqiu,Showalter,Senior Engineer
449098,Ult,Lanphier,Technique Leader
449100,Noritoshi,Panienski,Senior Engineer
449101,Susanta,Weisert,Senior Staff
449103,Minghong,Mandelberg,Senior Engineer
449104,Udi,Matzen,Senior Staff
449105,Jiakeng,Riesenhuber,Technique Leader
449108,Chiradeep,Baby,Senior Staff
449111,Syozo,Scharstein,Senior Engineer
449112,Dinkar,Aingworth,Senior Engineer
449114,Honglan,Panwar,Engineer
449115,Kellyn,Levasseur,Senior Staff
449116,Rosli,Ranft,Senior Engineer
449117,Fumitake,Genin,Senior Staff
449119,Tomofumi,Brickell,Senior Engineer
449121,Gil,Taubenfeld,Staff
449122,Marin,Alameldin,Staff
449124,Odoardo,Cummings,Senior Engineer
449127,Baziley,Zolotykh,Engineer
449129,Kamran,Kroft,Senior Engineer
449131,Duangkaew,Cappello,Staff
449137,Takushi,Orlowski,Staff
449138,Isaac,Oxenboll,Senior Staff
449139,Moni,Melton,Senior Engineer
449140,Hiroyasu,Gulik,Senior Staff
449141,Yuqun,Szmurlo,Senior Engineer
449144,Valeska,Falco,Staff
449146,Jeanne,Pettey,Senior Staff
449150,Xiaocheng,Schonegge,Technique Leader
449157,Mario,Stranks,Engineer
449158,Nirmal,Ferretti,Engineer
449159,Guozhong,Kakkad,Senior Engineer
449170,Serenella,Mellouli,Staff
449171,Divier,Luiz,Senior Staff
449175,Mantis,Dolinsky,Senior Staff
449181,Frederique,Tagansky,Senior Engineer
449182,Yuping,Trystram,Senior Staff
449185,Goncalo,Bernardinello,Senior Engineer
449186,Sachar,Loncour,Senior Staff
449188,Mingsen,Baba,Staff
449192,Basant,Setiz,Technique Leader
449194,Francesca,Sanella,Senior Engineer
449195,Vidar,Nittel,Senior Engineer
449196,Moriyoshi,Denos,Senior Engineer
449198,Heather,Lichtner,Technique Leader
449206,Shim,Pelz,Technique Leader
449207,Takanari,Quaggetto,Senior Engineer
449213,Jordanka,Swift,Senior Staff
449215,Arvind,Trumbly,Staff
449220,Hyuckchul,Rohrbach,Senior Engineer
449223,Gad,Peak,Senior Staff
449226,Shahid,Caine,Engineer
449231,Khatoun,McClure,Senior Engineer
449235,Jaewoo,Rodite,Senior Staff
449237,Conal,Beutelspacher,Staff
449242,Basant,Chinen,Senior Staff
449244,Kirk,Wossner,Assistant Engineer
449246,Bilhanan,Kamber,Staff
449250,Moni,Gelosh,Engineer
449253,Iara,Tiemann,Technique Leader
449255,Tokuyasu,Strandh,Senior Engineer
449257,Gaetan,Perez,Senior Staff
449260,Uzi,Maraist,Staff
449261,Hidefumi,Baaleh,Engineer
449262,Woody,Slobodova,Senior Engineer
449263,Aemilian,Leaver,Senior Staff
449264,Martins,Serra,Senior Staff
449265,Evgueni,Thiria,Senior Engineer
449267,Jeong,Speel,Staff
449268,Rajmohan,Kambil,Engineer
449270,Kazunori,Clemencon,Senior Engineer
449275,Cedric,Matzen,Engineer
449276,Geoff,Milicic,Senior Engineer
449277,Shim,Ishibashi,Senior Engineer
449285,Zhenhua,Lambe,Senior Engineer
449289,Rosalyn,Reeken,Senior Staff
449290,Snehasis,Comellas,Senior Engineer
449293,Tua,Dehkordi,Senior Engineer
449295,Chiranjit,Uehara,Technique Leader
449298,Brendon,Vural,Senior Engineer
449300,Uwe,Benaini,Senior Engineer
449301,Utpal,Marrakchi,Engineer
449302,Tokuyasu,Himler,Senior Staff
449304,Herb,Bernardinello,Senior Staff
449306,Hein,Gadepally,Senior Engineer
449311,Taiji,Snedden,Senior Engineer
449312,Shalesh,Shihab,Engineer
449318,Khue,DuBourdieux,Senior Engineer
449321,Ebbe,Gulik,Senior Staff
449323,Woody,Fujisawa,Engineer
449325,Xinan,Hebert,Senior Engineer
449329,Danai,Cunliffe,Senior Staff
449330,Abdelghani,Gide,Staff
449334,Xinan,Einsfeld,Senior Staff
449338,Tetsurou,Pargas,Staff
449339,Parke,Speer,Senior Staff
449351,Krister,Gadepally,Senior Engineer
449353,Olivera,Lally,Staff
449359,Arvind,Dratva,Engineer
449361,Wayne,Hutter,Staff
449363,Marco,Schahn,Senior Engineer
449365,Kazuhisa,Jansen,Senior Engineer
449369,Halsur,Litzler,Senior Engineer
449379,Val,Grandbois,Engineer
449381,Visit,Hennebert,Staff
449384,Adhemar,Vieri,Senior Engineer
449385,Kiyomitsu,Kading,Engineer
449386,Kwan,Montemayor,Senior Staff
449387,Mokhtar,Valette,Senior Engineer
449389,Anneke,Wilharm,Senior Staff
449390,Mayumi,Tsukuda,Senior Staff
449392,Ottavia,Munch,Technique Leader
449400,Jouko,Gluchowski,Senior Staff
449405,Hidekazu,Bahr,Senior Staff
449411,Sverrir,Kading,Engineer
449417,Tomokazu,Rosenbaum,Senior Engineer
449420,Shiv,Plotkin,Senior Staff
449422,Rutger,Matzat,Engineer
449426,Jongsuk,Conta,Engineer
449428,Arco,Roccetti,Senior Engineer
449430,TRUE,Hutton,Senior Staff
449434,Arumugam,Usdin,Senior Engineer
449436,Hitofumi,Paciorek,Senior Staff
449445,Tonny,Legleitner,Technique Leader
449446,Paloma,Samarati,Technique Leader
449448,Filipe,Roccetti,Senior Engineer
449450,Basim,Rijsenbrij,Staff
449459,Pohua,Bakhtari,Engineer
449460,Berry,Bennis,Senior Staff
449463,Yefim,Andreotta,Engineer
449464,Gadiel,Frolund,Senior Staff
449467,Kellyn,Asmuth,Engineer
449469,Deniz,Crooks,Senior Staff
449473,Magy,Gihr,Senior Engineer
449475,Toshimo,Kakkar,Senior Staff
449477,Jaroslava,Zykh,Senior Engineer
449478,Nikolaus,Hutton,Senior Engineer
449480,Faiza,Heusch,Senior Engineer
449485,Along,Murtafg,Senior Engineer
449487,Yonghong,Codenie,Senior Staff
449489,Naftaly,Hertweck,Senior Staff
449490,Weiru,Guting,Engineer
449491,Chinho,Farrel,Senior Staff
449493,Arno,Neimat,Engineer
449494,Demin,Lammel,Staff
449495,Lein,Moehrke,Staff
449496,Rimli,Hofmeyr,Senior Engineer
449504,Chaitali,Porenta,Senior Engineer
449505,Ferdinand,Shihab,Senior Staff
449506,Mohit,Nanard,Senior Engineer
449507,Teruyuki,Back,Senior Staff
449508,Pranay,Pargaonkar,Senior Engineer
449511,Bernt,Schaaf,Senior Staff
449514,Naftaly,Cannata,Senior Staff
449518,Berni,Krupka,Senior Staff
449519,Youjian,Zultner,Assistant Engineer
449520,Navid,Mansanne,Senior Staff
449521,Tristan,Kalloufi,Senior Engineer
449522,Yolla,Oppitz,Senior Engineer
449525,Jaewoo,Verhaegen,Senior Engineer
449526,Sham,Pargaonkar,Senior Engineer
449527,Ipke,Trystram,Assistant Engineer
449528,Feipei,Beilner,Senior Engineer
449530,Moni,Lamba,Senior Staff
449537,Nathalie,Bojadziev,Senior Staff
449538,Nevio,Swab,Senior Engineer
449540,Wayne,Millington,Engineer
449544,Dmitry,Sridhar,Staff
449547,Kristian,Showalter,Engineer
449552,Sampalli,Milicia,Senior Staff
449555,Jiafu,Ranai,Engineer
449560,Gennadi,Mattern,Engineer
449567,Danny,Panienski,Staff
449574,Zsolt,Pollacia,Assistant Engineer
449577,Serap,Brobst,Staff
449581,Chuanti,Stamatiou,Senior Staff
449586,Kensei,Marrevee,Senior Engineer
449592,Geoffrey,Madeira,Senior Engineer
449596,Shigeu,Ernst,Senior Staff
449598,Kshitij,McConalogue,Senior Staff
449599,Aloke,Baig,Senior Staff
449604,Ottavia,Varman,Senior Engineer
449607,Ziya,Vandervoorde,Staff
449609,Amabile,Kamble,Senior Staff
449621,Ashish,Noriega,Senior Staff
449626,Morrie,Hertweck,Engineer
449627,DeForest,Conia,Senior Staff
449641,Chiranjit,Demizu,Senior Staff
449643,Tadahiko,Felcyn,Technique Leader
449644,Nishit,Schade,Senior Engineer
449645,Gou,Kragelund,Senior Staff
449646,Selwyn,Bage,Senior Engineer
449648,Zijian,Murillo,Assistant Engineer
449650,Tze,Danley,Senior Staff
449655,Thodoros,Backhouse,Staff
449657,Cathie,Serre,Senior Staff
449658,Shimshon,Anger,Engineer
449661,Bartek,Raney,Senior Staff
449664,Toshimitsu,Wielonsky,Senior Engineer
449671,Mayuko,Georgatos,Engineer
449675,Ottavia,Frezza,Senior Staff
449684,Yinghua,Pleszkun,Senior Staff
449685,Tadahiro,Szemeredi,Engineer
449686,Hyuncheol,Fujisaki,Staff
449689,Arra,Demke,Senior Engineer
449690,Shahid,Kohling,Senior Staff
449692,Idoia,Vidya,Senior Staff
449693,Teruyuki,Angiulli,Senior Engineer
449694,Jiann,Bernardinello,Engineer
449695,Shahab,Viele,Senior Staff
449704,Ziyad,Garnier,Staff
449707,Masanao,England,Senior Staff
449710,Lokesh,Beznosov,Technique Leader
449711,Florina,Verhaegen,Senior Engineer
449712,Berhard,Kornyak,Staff
449715,Zhonghua,Rouquie,Senior Engineer
449718,Jiakeng,Beetstra,Senior Engineer
449726,Geoffry,Hofstetter,Engineer
449734,Sachio,Brendel,Senior Staff
449735,Sedat,Breugel,Engineer
449737,Supot,Mikschl,Engineer
449740,Sajjan,Dalphin,Senior Staff
449741,Lunjin,Zlotek,Senior Engineer
449745,Jeong,Imataki,Senior Staff
449756,Kamakshi,Heijenga,Engineer
449759,Kensei,Keustermans,Engineer
449762,Alenka,Kugler,Senior Engineer
449763,Raimond,Yurek,Senior Staff
449773,Kwangjo,Ghazalie,Staff
449774,Guttorm,Bahi,Senior Staff
449775,Srinidhi,Maginnis,Engineer
449778,Youjian,Bahr,Staff
449782,Amalendu,Solares,Senior Engineer
449783,Conal,Uhrig,Technique Leader
449784,Kersti,Zwicker,Senior Engineer
449791,Sanjai,Rabejac,Staff
449792,Leah,Ventosa,Senior Engineer
449793,Rafols,Guerreiro,Staff
449803,Ottavia,Landherr,Staff
449805,Wilmer,Peron,Senior Engineer
449810,Kayoko,Comyn,Senior Staff
449814,Arnould,McClure,Senior Staff
449816,Mariangiola,Lanzelotte,Senior Staff
449818,Stamatina,Hardjono,Senior Engineer
449824,Marco,Blokdijk,Senior Staff
449832,Xuejun,Molberg,Technique Leader
449835,Etsuo,Armand,Senior Engineer
449838,Abdelaziz,Cmelik,Senior Engineer
449840,Saddek,Condotta,Senior Staff
449842,Billie,Reinhart,Senior Staff
449847,Junichi,Garnier,Senior Engineer
449848,Goo,Chimia,Engineer
449853,Jaana,Stille,Senior Staff
449858,Yoshinari,Prochazka,Senior Staff
449865,Shalesh,Puppo,Senior Engineer
449866,Soenke,Serna,Senior Staff
449869,Bedir,Peroz,Senior Engineer
449880,Charlene,Ermel,Senior Engineer
449881,Koichi,Lorch,Technique Leader
449882,Soenke,Syang,Senior Staff
449887,Elzbieta,Lorcy,Senior Engineer
449888,Morrie,Dayana,Engineer
449890,Luerbio,Peres,Staff
449892,Percy,Cunliffe,Senior Engineer
449897,Navid,Dichev,Senior Staff
449900,Katsuyuki,Gunderson,Engineer
449902,Horward,Renear,Senior Engineer
449903,Teruyuki,Billingsley,Senior Staff
449907,Xuedong,Munch,Senior Engineer
449910,Jaewoo,Huxford,Senior Engineer
449913,Oscar,Linares,Staff
449915,Vasiliy,Maierhofer,Engineer
449916,Zhonghua,Leslie,Senior Engineer
449919,Sergi,Collette,Senior Engineer
449920,Domenico,Koblick,Senior Engineer
449921,Oksana,Schieder,Staff
449923,Nikolaus,Gischer,Senior Engineer
449924,Siddarth,Bade,Staff
449928,Muzhong,Malinowski,Senior Staff
449942,Dmitry,Lampe,Engineer
449945,Shuzo,Peris,Senior Engineer
449947,Wilmer,Guting,Senior Staff
449950,Shen,Rissland,Engineer
449951,Ioana,Zobel,Senior Staff
449955,Abdelkader,Baar,Staff
449957,Gen,Marrevee,Senior Staff
449960,Nahum,Luft,Senior Staff
449961,Diederik,Swist,Senior Engineer
449962,Marsal,Heystek,Staff
449965,Gaetan,Gilg,Senior Staff
449971,Avishai,Barvinok,Engineer
449972,Gen,Pokrovskii,Staff
449973,Honesty,Birnbaum,Senior Staff
449974,Ayakannu,Bruckman,Engineer
449976,Masaki,Merks,Staff
449979,Mayuko,Trumbly,Senior Staff
449981,Zito,Rikino,Staff
449985,Sasan,Borstler,Technique Leader
449988,Masami,Teitelbaum,Staff
449991,Yakkov,Delgrande,Senior Engineer
449992,Barry,Azevdeo,Senior Engineer
449994,Przemyslawa,Fabrizio,Senior Staff
449995,Chinhyun,Randi,Senior Staff
449996,Georg,Kavvadias,Engineer
449997,Raimond,Stassinopoulos,Staff
449999,Ashish,Rosen,Senior Staff
450002,Candido,Radhakrishnan,Senior Engineer
450003,Malu,Merlo,Senior Engineer
450010,Kazuhisa,Chaudhury,Engineer
450012,Byong,Ashish,Senior Engineer
450017,Hailing,Pell,Senior Engineer
450024,Alagu,Masand,Senior Engineer
450027,Kwangho,Oxenboll,Senior Staff
450031,Alain,Eldridge,Technique Leader
450032,Oguz,Weedon,Senior Engineer
450037,Tse,Kilgour,Senior Staff
450038,Godehard,Gecsei,Senior Staff
450039,Anyuan,Lunt,Senior Staff
450044,Steen,Broder,Senior Staff
450045,Zeljko,Koshino,Senior Staff
450046,Moss,Erez,Engineer
450047,Yonghong,Porenta,Senior Engineer
450048,Frazer,Bondorf,Staff
450054,Shigeichiro,Cronin,Engineer
450061,Deniz,Ferriere,Senior Staff
450062,Tonny,Kranzdorf,Senior Staff
450063,Xiaoshan,Rodier,Staff
450069,Piyush,Marchegay,Assistant Engineer
450075,Juyoung,Codenie,Senior Engineer
450078,Ranan,Itzigehl,Senior Staff
450086,Stamatina,Baer,Staff
450095,Kolar,Cheshire,Senior Staff
450098,Mingdong,Trogemann,Staff
450102,Udaiprakash,Boyle,Senior Engineer
450105,Clyde,Gargeya,Senior Staff
450106,Toshiko,Gajiwala,Senior Staff
450107,Yunming,Rosenbaum,Senior Engineer
450108,Sashi,Miculan,Engineer
450109,Adib,Baca,Senior Staff
450114,Duro,Erdmenger,Senior Staff
450117,Junsik,Pleszkun,Staff
450118,Theron,Masaki,Staff
450121,Charmane,Ritzmann,Technique Leader
450125,Zongyan,Kossowski,Senior Staff
450133,Masanao,Preusig,Staff
450138,Kensyu,Schueller,Senior Engineer
450143,Goetz,Benzaken,Senior Staff
450147,Yongdong,Farris,Senior Staff
450149,Nahum,Atrawala,Senior Engineer
450153,Zongyan,Lemarechal,Staff
450154,Ult,Hammerschmidt,Senior Engineer
450157,Radoslaw,Bugrara,Staff
450159,Froduald,Matzel,Staff
450161,Navid,Georg,Senior Engineer
450162,Stella,Winter,Engineer
450164,Akemi,Thimonier,Senior Staff
450170,Taiji,Constantine,Engineer
450174,Manohar,Gulik,Staff
450179,Seongbae,Hebert,Senior Staff
450183,Yishai,Baja,Staff
450186,Kotesh,Birke,Staff
450189,Rosli,Bail,Senior Staff
450192,Sachem,Ghalwash,Senior Staff
450194,Atreyi,Montresor,Senior Staff
450195,Mari,Oberman,Engineer
450196,Zeydy,Picht,Senior Engineer
450197,Macha,Schapire,Staff
450208,Rosalie,Leijenhorst,Senior Staff
450209,Shigeaki,Pelc,Senior Staff
450214,Mircea,Cmelik,Senior Engineer
450216,Ziya,Herath,Senior Engineer
450217,Petter,Gluchowski,Senior Engineer
450219,Xiaoheng,Gruenwald,Senior Staff
450223,Jouni,Munch,Engineer
450228,Conor,Gustavson,Engineer
450229,Elgin,Cannane,Senior Staff
450230,Godehard,Detkin,Senior Staff
450239,Tokuyasu,Pardalos,Senior Staff
450241,Arvin,Rohrbach,Senior Engineer
450243,Mayumi,Undy,Assistant Engineer
450248,Nigel,Zaiane,Engineer
450250,Abdelkader,Pokrovskii,Staff
450257,Yongmao,Comte,Engineer
450261,Samphel,Gomatam,Staff
450264,Aloke,Socorro,Technique Leader
450270,Wilmer,Rosenbaum,Technique Leader
450271,Huican,Auyong,Engineer
450284,Nathan,Erman,Senior Engineer
450287,Christophe,Kinley,Senior Staff
450288,Angus,Braunschweig,Senior Engineer
450289,Tonia,Doering,Engineer
450297,Guoxiang,Birjandi,Senior Engineer
450299,Ravishankar,Muhlberg,Senior Staff
450303,Dung,Gewali,Staff
450305,Janche,Ghelli,Senior Engineer
450306,Idoia,Gurbaxani,Senior Engineer
450310,Arra,Besselaar,Staff
450318,Willard,Schaap,Senior Staff
450319,Abdelwaheb,Panienski,Senior Engineer
450321,Mamdouh,Weisert,Senior Staff
450322,Hsiangchu,Melichar,Senior Engineer
450326,Moon,Limongiello,Engineer
450328,Lenore,Pauthner,Senior Staff
450329,Gou,Nitto,Engineer
450341,Sachio,Atrawala,Senior Engineer
450342,Lakshmi,Reinhard,Staff
450344,Subhankar,Templeman,Senior Engineer
450346,Haldon,Dalphin,Senior Staff
450347,Otilia,Lamba,Senior Engineer
450354,Yagil,Cesareni,Senior Staff
450360,Moriyoshi,Schmittgen,Senior Engineer
450366,Nevin,Gimbel,Engineer
450377,Bedir,Lamba,Senior Staff
450378,Masaki,Krone,Senior Engineer
450379,Christ,Dalphin,Senior Engineer
450384,Raimond,Anido,Senior Engineer
450387,Dannz,Zhang,Senior Staff
450390,Yurij,Gihr,Senior Staff
450392,Moheb,Mondadori,Engineer
450394,Sadok,Veccia,Senior Engineer
450400,Uriel,Wegerle,Senior Engineer
450401,Shaibal,Ashish,Staff
450405,Radoslaw,Grospietsch,Senior Engineer
450408,Filipp,Journel,Senior Staff
450409,Marla,Babb,Senior Engineer
450412,Kazuhiro,Raney,Senior Engineer
450413,Gilbert,Randt,Engineer
450420,Mohan,Bazzichi,Technique Leader
450422,Tayeb,Ebeling,Senior Engineer
450433,Alejandra,Kulisch,Engineer
450438,Anestis,Cooke,Senior Engineer
450444,Gil,Vakili,Senior Staff
450449,Saddek,Pagter,Senior Staff
450454,Shichao,Ranft,Senior Staff
450457,Fun,Ranka,Senior Staff
450459,Georgi,Lindqvist,Engineer
450460,Guangming,Narlikar,Senior Staff
450467,Sachin,Linares,Senior Engineer
450468,Aimee,Lakshmanan,Engineer
450477,Murthy,Matzke,Engineer
450479,Yonghong,Bressoud,Senior Staff
450480,Macha,Speer,Senior Engineer
450486,Jaewoo,Schwartzburd,Senior Staff
450487,Takushi,Zwicker,Staff
450491,Junsik,Gyorkos,Senior Engineer
450492,Margo,Schlegelmilch,Senior Staff
450495,Isaac,Boguraev,Assistant Engineer
450496,Shuji,Rosti,Senior Engineer
450497,Shietung,Molberg,Senior Engineer
450498,Reinhard,Ciolek,Engineer
450508,Sudhanshu,Camurati,Engineer
450512,Rildo,Michaeli,Senior Engineer
450518,Jessie,Szemeredi,Senior Engineer
450523,Vasilii,Nitta,Senior Engineer
450524,Pantung,Naumovich,Senior Staff
450529,Weiru,Marchegay,Senior Engineer
450535,Hauke,Beutelspacher,Engineer
450537,Yaghout,Zwicker,Senior Engineer
450538,Arch,Kakkar,Senior Engineer
450542,Hein,Encarnacion,Engineer
450543,Anyuan,Furudate,Senior Engineer
450545,Kasturi,Spelt,Engineer
450548,Samphel,Maquelin,Senior Engineer
450549,Hyuckchul,Sudbeck,Senior Staff
450550,Shigehito,Gornas,Staff
450551,Beshir,Gronowski,Senior Engineer
450556,Douadi,Zolotykh,Engineer
450559,Nobuyoshi,Iacovou,Senior Engineer
450562,Jiong,Suessmith,Senior Engineer
450563,Saddek,Ishibashi,Senior Engineer
450564,Ramalingam,Sluis,Engineer
450573,Jolita,Nyrup,Senior Staff
450583,Premsyl,Conti,Staff
450584,Dulce,Tzvieli,Senior Staff
450585,Gaetan,Remmele,Senior Staff
450587,Rance,Borovoy,Engineer
450589,Ziyad,Mitzlaff,Engineer
450591,Caolyn,Swiss,Senior Staff
450594,Torsten,Morrey,Senior Staff
450596,Dante,Jiafu,Engineer
450599,Kagan,Rahimi,Senior Staff
450609,Christophe,Luca,Senior Staff
450610,Wayne,Levergood,Staff
450611,Yuping,Siprelle,Senior Engineer
450613,Maik,Reinhard,Senior Staff
450619,Sampalli,Ponthieu,Engineer
450622,Xuejun,Undy,Senior Staff
450623,Mostafa,Schiper,Senior Staff
450625,Conrado,Calkin,Senior Engineer
450626,Otmar,Kohling,Staff
450629,Younwoo,Ashish,Staff
450631,Remzi,Kuszyk,Engineer
450636,Martina,Auria,Senior Engineer
450637,Alper,Schapiro,Senior Staff
450645,Niteen,Tsukuda,Senior Staff
450650,Soenke,Vecchi,Engineer
450657,Erez,Bruckman,Staff
450665,Navid,Oehlmann,Senior Staff
450666,Mohammad,Gustavson,Engineer
450667,Martine,Karner,Senior Engineer
450668,Subhrajyoti,Foong,Senior Staff
450670,Udo,Haumacher,Engineer
450671,Poorav,Rajcani,Staff
450672,Tzu,Stentiford,Senior Staff
450674,Yucel,Angelopoulos,Technique Leader
450675,Hironoby,Rassart,Technique Leader
450681,Shahaf,Herath,Senior Staff
450683,Kayoko,Genther,Senior Staff
450684,Elzbieta,Strandh,Senior Staff
450687,Tristan,Famili,Senior Engineer
450689,Sivanarayana,Gill,Senior Staff
450690,Feiyu,Antonisse,Staff
450700,Arunas,Ballarin,Senior Engineer
450707,Soenke,Eppinger,Engineer
450709,Shaz,Nooteboom,Senior Staff
450713,Huei,Kilgour,Senior Engineer
450714,Shigeu,Kropatsch,Senior Staff
450717,Uli,Erva,Senior Engineer
450723,Iara,Tzvieli,Senior Engineer
450725,Noritoshi,Zhiwei,Senior Engineer
450727,Yurij,Ullian,Staff
450735,Chaitali,Naumovich,Staff
450736,Masali,Heemskerk,Technique Leader
450737,Hailing,Krychniak,Senior Staff
450738,Kiyomitsu,Speek,Senior Engineer
450743,Nagui,Vigier,Senior Engineer
450748,Barun,Swist,Senior Engineer
450749,Tuval,Prochazka,Senior Staff
450759,Giri,Leijenhorst,Senior Staff
450763,Keiichiro,Hainaut,Engineer
450764,Jianhui,Ranum,Engineer
450768,Lech,Erdi,Senior Engineer
450771,Lillian,Shanbhogue,Senior Staff
450777,Koldo,Vidya,Senior Engineer
450779,Zhenbing,Copas,Senior Engineer
450783,Sigeru,Turnbull,Senior Staff
450785,Narain,Luga,Staff
450788,Dietrich,Hedayat,Assistant Engineer
450798,Margareta,Lorys,Engineer
450799,Sugwoo,Peac,Senior Staff
450802,Flemming,Zeidenstein,Senior Staff
450805,Lijia,Esposito,Senior Engineer
450809,Ziya,Mukaidono,Staff
450812,Feiyu,Gerteisen,Senior Engineer
450813,JiYoung,Klyachko,Senior Engineer
450822,Wuxu,Furedi,Engineer
450826,Guoxiang,Farrar,Senior Staff
450829,Along,Schiper,Senior Staff
450834,Boguslaw,Pelz,Senior Engineer
450836,Magy,Byoun,Staff
450838,Vasiliy,Demri,Senior Staff
450842,Charmane,Danner,Assistant Engineer
450847,Khoa,Roisin,Senior Staff
450848,Kaijung,Beetstra,Staff
450856,Gaetan,Driscoll,Assistant Engineer
450860,Angus,Billingsley,Senior Staff
450861,Arco,Anger,Senior Engineer
450864,Siamak,Pauthner,Engineer
450865,Arun,Niizuma,Senior Staff
450869,Apostol,Bultermann,Staff
450872,Denny,Lyonns,Senior Staff
450874,Sven,Rebaine,Senior Engineer
450878,Djelloul,Cannata,Senior Engineer
450892,Gad,Billingsley,Technique Leader
450893,Ulises,Gerlach,Senior Staff
450896,Yucel,Seghrouchni,Senior Staff
450900,Tristan,Mersereau,Staff
450905,Yakkov,Klassen,Senior Engineer
450908,Serenella,Sullins,Senior Engineer
450910,Niranjan,Bodoff,Senior Staff
450919,Hairong,Onuegbe,Engineer
450926,Saeed,Vieth,Senior Engineer
450927,Bernice,Hempstead,Senior Engineer
450928,Aris,Heusch,Engineer
450931,IEEE,Stentiford,Senior Staff
450932,Jinpo,Dehkordi,Engineer
450937,Mahendra,Ananiadou,Staff
450939,Herb,Vieth,Senior Staff
450944,Itzchak,Luff,Staff
450949,Zejun,Henders,Engineer
450951,Gunilla,Syrzycki,Engineer
450957,Kwangho,Zallocco,Engineer
450958,Ferdinand,Hardjono,Staff
450959,Premsyl,Kusalik,Engineer
450964,Srinidhi,Desikan,Senior Engineer
450965,Zeljko,Marletta,Senior Engineer
450966,Cathie,Hambrick,Senior Engineer
450969,Shaleah,Condotta,Engineer
450975,Yifei,Eterovic,Staff
450980,Luisa,Taneja,Technique Leader
450981,Nitsan,Ranst,Senior Staff
450982,Takahiro,Spieker,Senior Engineer
450984,Shigehiro,Beeson,Engineer
450985,Florian,Langford,Senior Engineer
450988,Khosrow,Copas,Engineer
450990,Randi,Ramras,Senior Staff
451001,Kitty,Bottner,Senior Staff
451002,Fumino,Bahk,Senior Engineer
451003,Isaac,Braunmuhl,Senior Engineer
451004,Aron,Pulkowski,Senior Staff
451006,Manibrata,Kawashimo,Senior Engineer
451007,Mingzeng,Jeong,Senior Staff
451009,Shmuel,Vilarrasa,Engineer
451010,Ger,Schusler,Senior Engineer
451011,Nathalie,Winter,Engineer
451013,Arto,Linares,Senior Engineer
451020,Abdelwaheb,Masada,Senior Staff
451023,Deborah,Bellone,Staff
451028,Zengping,Bahr,Senior Staff
451031,Tetsushi,Thimonier,Senior Staff
451038,Genki,Lorie,Staff
451039,Idoia,Mawatari,Staff
451040,Taisook,Backhouse,Engineer
451047,Erzsebet,Billawala,Senior Staff
451049,Udo,Melichar,Senior Staff
451056,Atreyi,Dalton,Engineer
451062,Badri,Narwekar,Engineer
451063,Sibyl,Irland,Engineer
451066,Mats,Zhiwei,Engineer
451068,Howell,Collavizza,Senior Staff
451071,Yoshimitsu,Sankaranarayanan,Senior Engineer
451073,Sedat,Couchot,Senior Staff
451074,Masaru,Kowalchuk,Senior Engineer
451076,Tremaine,Trystram,Staff
451085,Kamran,Plesums,Engineer
451087,Spyrose,Hiraishi,Senior Staff
451088,Constantine,Vuskovic,Senior Engineer
451090,Sajjad,Papadias,Senior Staff
451095,Duangkaew,Foote,Technique Leader
451097,Mabo,Ramsak,Engineer
451098,Pragnesh,Fujisaki,Assistant Engineer
451100,Moheb,Schlumberger,Senior Engineer
451103,Gil,Terwilliger,Senior Engineer
451105,Bikash,Kandlur,Senior Staff
451111,Masato,Chaudhury,Staff
451113,Zhaofang,Yetto,Senior Engineer
451114,Rimli,Horswill,Staff
451115,Zejun,Wrigley,Senior Engineer
451120,Moie,Welham,Engineer
451121,Nidapan,Stentiford,Senior Engineer
451125,Yuichiro,Binkley,Staff
451126,Fumitake,Speek,Senior Engineer
451131,Alejandra,Jervis,Senior Staff
451145,Etsuo,Michaels,Senior Engineer
451146,Pragnesh,Kushner,Senior Staff
451150,Hiroyasu,Greibach,Senior Staff
451152,Susanna,Auria,Senior Engineer
451154,Weidon,Gips,Technique Leader
451155,Kolar,Anguita,Senior Engineer
451161,Gay,Nittel,Engineer
451164,Shahaf,Pargaonkar,Senior Staff
451166,Kazuyasu,Spataro,Senior Engineer
451168,Licheng,Welham,Senior Staff
451173,Aloke,Lorie,Staff
451177,Roded,Katalagarianos,Senior Engineer
451180,JiYoung,Suppi,Senior Staff
451199,Masanao,Fraisse,Senior Staff
451204,Rutger,Ranon,Senior Staff
451207,Kristen,Decaestecker,Senior Staff
451208,Taegyun,Versino,Senior Engineer
451217,Changho,Nergos,Senior Staff
451228,Zhanqiu,Ghemri,Senior Staff
451230,Dipankar,Taubman,Senior Staff
451234,Jingling,Glowinski,Senior Staff
451242,Ronghao,Reutenauer,Senior Engineer
451244,Guttorm,Dayang,Senior Engineer
451246,Urs,Vrecion,Senior Engineer
451248,Mack,Rajaraman,Senior Engineer
451250,Kiyomitsu,Gammage,Senior Staff
451251,Anneli,Itschner,Senior Staff
451256,Phule,Engberts,Senior Engineer
451257,Foong,Muniz,Assistant Engineer
451267,Kwan,Birta,Senior Engineer
451270,Harngdar,Uludag,Senior Engineer
451271,Sachio,Fendler,Senior Engineer
451273,Marc,Pepe,Engineer
451278,Ebru,Rosca,Engineer
451282,Suzette,Fujisawa,Senior Engineer
451286,Karoline,Shigei,Engineer
451287,Kwangyoen,Lally,Senior Engineer
451288,Supot,Rassart,Senior Staff
451297,Gian,Suri,Engineer
451298,Tetsurou,Picco,Engineer
451299,Doowon,Kamber,Senior Engineer
451301,Byong,Erman,Engineer
451308,Bernice,Bellmore,Staff
451310,Renee,Stasinski,Senior Engineer
451313,Xiong,Chinin,Senior Engineer
451316,Alair,Marakhovsky,Senior Staff
451320,Makato,Peck,Staff
451328,Elgin,Stranks,Senior Engineer
451331,Janche,Whitcomb,Engineer
451334,Gil,Snedden,Senior Staff
451339,Thanasis,Vesel,Senior Engineer
451341,Kristinn,Cappelletti,Senior Engineer
451345,Gino,Lovengreen,Staff
451346,Vishv,Varley,Senior Engineer
451348,Mayuko,Vanwelkenhuysen,Senior Staff
451352,Arvin,Brattka,Engineer
451356,Moti,Servi,Senior Engineer
451358,Remko,Vigier,Senior Engineer
451361,Kristen,Petersohn,Senior Staff
451364,Maia,Raney,Senior Engineer
451365,Akhilish,Kusakabe,Technique Leader
451366,Sudhanshu,Heystek,Technique Leader
451375,Claudi,Cronin,Technique Leader
451376,Branimir,Steinauer,Senior Staff
451389,Maik,Vakili,Engineer
451390,Youngkon,Itzigehl,Senior Staff
451392,Sachar,Sadowski,Senior Staff
451395,Garnik,Conte,Engineer
451396,Ipke,Kuhnemann,Staff
451399,Marla,Kalsbeek,Senior Staff
451402,Rosella,Herber,Senior Engineer
451403,Kristen,Heuser,Senior Engineer
451404,Kwangjo,Koyama,Senior Engineer
451407,Maren,Douceur,Senior Staff
451416,Tru,Baig,Senior Staff
451422,Ranga,Mundy,Staff
451424,Masato,Baranowski,Engineer
451426,Tetsushi,Nitsche,Senior Engineer
451434,Chikara,Angiulli,Senior Staff
451441,Sahrah,Rijckaert,Senior Staff
451442,Martine,Copas,Senior Staff
451444,Mitsuyuki,Wixon,Staff
451445,Stepehn,Magalhaes,Staff
451448,Vitaly,Domenig,Senior Engineer
451454,Vishu,Middleton,Senior Engineer
451455,Supot,Wallrath,Senior Staff
451467,Tesuya,Capobianchi,Senior Engineer
451468,Ramalingam,Murrill,Senior Engineer
451473,Xiadong,Luon,Senior Engineer
451482,Cathie,Molenkamp,Engineer
451487,Shunichi,Iivonen,Senior Staff
451488,Kshitij,Shackel,Senior Engineer
451493,Kazunori,Birch,Senior Staff
451495,Kristin,Schrift,Staff
451497,Jayson,Haraldson,Senior Staff
451499,Ramya,Porenta,Staff
451501,Rance,Bierman,Technique Leader
451504,Ortrun,Kalsbeek,Technique Leader
451510,Ebru,Dayang,Senior Engineer
451514,Udi,Rajaraman,Senior Staff
451518,Venkatesan,Unni,Senior Staff
451521,Paddy,Speckmann,Engineer
451524,Patricio,Chartres,Staff
451526,Gennady,Georg,Senior Engineer
451527,Baoqiu,Matzov,Senior Staff
451528,Anoosh,Gargeya,Assistant Engineer
451533,Felicidad,Zaumen,Staff
451534,Shahid,Vrecion,Senior Staff
451537,Krassimir,Bamford,Engineer
451544,Yongmin,Schauser,Senior Engineer
451547,Arvind,Redmiles,Senior Engineer
451548,Mari,Sridhar,Senior Staff
451549,Jordanka,Garnier,Senior Engineer
451555,Urs,Azumi,Senior Staff
451565,Vishv,Shimshoni,Senior Engineer
451567,Utz,Barreiro,Senior Staff
451571,Ravishankar,Sankaranarayanan,Senior Staff
451579,Hyuncheol,Narahari,Senior Engineer
451582,Snehasis,Ventosa,Assistant Engineer
451584,Geoffrey,Shackel,Senior Engineer
451588,Valeri,Kamble,Senior Engineer
451589,Angus,Naudin,Senior Staff
451591,Elgin,Merey,Staff
451595,Kersti,Przulj,Senior Staff
451600,Abdelaziz,Thisen,Senior Engineer
451606,Tesuro,Rosenbaum,Senior Staff
451611,Dulce,Rouquie,Senior Engineer
451621,Premsyl,Shimshoni,Senior Engineer
451626,Tommaso,Bazzichi,Senior Engineer
451635,Bangqing,Pehl,Staff
451637,Gudjon,Polajnar,Technique Leader
451639,Arun,Litvinov,Senior Engineer
451641,Elzbieta,Ullian,Senior Staff
451642,JoAnne,Hiyoshi,Senior Engineer
451651,Margareta,Angel,Senior Staff
451656,Shem,Armand,Senior Staff
451657,Parke,Gronowski,Senior Engineer
451659,Luigi,Stiles,Technique Leader
451665,Jingling,Berstel,Staff
451666,Munehiro,Schlumberger,Senior Staff
451674,Jianhao,Lindenbaum,Staff
451676,Kazuhisa,Camurati,Senior Engineer
451679,Elvia,Dratva,Senior Staff
451682,Fumiyo,Ariola,Assistant Engineer
451683,Ipke,Perng,Senior Staff
451685,Jiang,Madeira,Senior Engineer
451688,Ekawit,Sgarro,Senior Engineer
451701,Marsal,Hardjono,Engineer
451707,Sampalli,Conte,Senior Staff
451710,Martina,Gaughan,Staff
451712,Poorav,Eldridge,Senior Staff
451717,Shounak,Strehl,Senior Engineer
451722,Honesty,Gruenwald,Senior Engineer
451729,Huai,Weiland,Senior Engineer
451730,Arno,Beznosov,Engineer
451744,Arun,Vecchi,Senior Engineer
451748,Arch,Koblitz,Engineer
451750,Kazuhira,Nicolson,Senior Engineer
451751,Kwan,Hasham,Staff
451752,Akeno,Cangellaris,Senior Staff
451754,Arnould,Krupka,Senior Engineer
451756,Huiqun,Fasbender,Senior Staff
451759,Josyula,Ressouche,Staff
451760,Dulce,Peral,Technique Leader
451768,Jianhao,Pettey,Senior Staff
451769,Ronghao,Sankaranarayanan,Engineer
451771,Sarita,Prochazka,Senior Engineer
451775,Mansur,Schade,Engineer
451776,Ravishankar,Coombs,Senior Staff
451778,Fei,Azumi,Staff
451784,Yagil,Birge,Staff
451789,Uta,Kitsuregawa,Senior Engineer
451790,Mabry,Neiman,Senior Staff
451794,Masali,Constantine,Engineer
451795,Nirmal,Rosaz,Senior Engineer
451797,Berhard,Hertweck,Senior Engineer
451798,Kendra,Khalid,Staff
451799,Aiman,Anick,Senior Engineer
451801,Owen,Rikino,Engineer
451803,LiMin,Seghrouchni,Technique Leader
451809,Stella,Glowinski,Senior Engineer
451811,Nalini,Rabehasaina,Staff
451818,Faiza,Cincotta,Senior Staff
451823,Alejandro,Janocha,Senior Engineer
451827,Elgin,Lupu,Senior Staff
451828,Pintsang,Peng,Senior Engineer
451830,Masanao,Lamba,Senior Engineer
451851,Jiafu,Fabrizio,Senior Engineer
451856,Arto,Brlek,Staff
451858,Moon,Mateescu,Senior Engineer
451861,Younwoo,Zumaque,Engineer
451862,Mahmut,Dredge,Staff
451866,Maris,Tokunaga,Senior Staff
451867,Alair,Gecseg,Senior Engineer
451868,Marlo,Piveteau,Staff
451870,Parviz,Improta,Senior Staff
451874,Inderjeet,Khalid,Senior Engineer
451877,JiYoung,Litzkow,Technique Leader
451878,Kshitij,Hasenauer,Senior Engineer
451884,Slavian,Kropatsch,Staff
451890,Elrique,Godskesen,Senior Engineer
451896,Nevio,Pauthner,Senior Staff
451907,Jayesh,Taubenfeld,Senior Staff
451908,Xinglin,Polajnar,Senior Staff
451910,Udi,Barinka,Staff
451917,Van,Gammage,Engineer
451920,Shigeichiro,Luck,Engineer
451921,Jayesh,Radhakrishnan,Senior Engineer
451922,Chinho,Spinelli,Senior Staff
451924,Lucian,Unno,Engineer
451925,Marc,Yetto,Senior Staff
451930,Remco,Hashii,Staff
451933,Jungsoon,Papadias,Technique Leader
451940,Tomoyuki,Litecky,Engineer
451941,Pranav,Morrin,Senior Staff
451944,Kerhong,Swiss,Senior Staff
451948,Luise,Socorro,Senior Staff
451952,Ortrud,Spelt,Senior Staff
451954,Shushma,Ozeri,Technique Leader
451957,Kenroku,Emden,Staff
451958,Tomofumi,Hofmeyr,Staff
451962,Susuma,Pelz,Staff
451964,Shaibal,Suomi,Senior Staff
451969,Alejandro,Puppo,Senior Engineer
451970,Jeanna,Chandrasekhar,Senior Staff
451973,Tru,Ulupinar,Technique Leader
451977,Jacopo,Ellozy,Assistant Engineer
451979,Hairong,Caine,Senior Engineer
451991,Vishv,Parveen,Senior Engineer
451992,Yuriy,Hagimont,Engineer
451993,Hiroyasu,Hiroyama,Senior Engineer
451995,Mohua,Serre,Senior Engineer
452001,Akeno,Malabarba,Senior Staff
452004,Somnath,Gaughan,Technique Leader
452013,Susanne,Merel,Senior Staff
452017,Abdelwaheb,Krider,Senior Engineer
452019,Uma,Staylopatis,Staff
452021,Karoline,Kobuchi,Senior Staff
452024,Jaideep,Haldar,Senior Staff
452029,Genki,Narwekar,Senior Staff
452035,Idoia,Ghelli,Senior Engineer
452041,Abdelaziz,Rosin,Engineer
452045,Narain,Rissanen,Senior Staff
452050,Matt,Pluym,Engineer
452053,Itzchak,Marsiglia,Staff
452057,Srinidhi,Chappelet,Engineer
452058,Hugh,Gaughan,Senior Staff
452060,Aamer,Perko,Staff
452061,Ramya,Tramer,Senior Staff
452065,Odinaldo,Billingsley,Senior Staff
452066,Surveyors,Zucker,Technique Leader
452069,Nahum,Hiyoshi,Senior Engineer
452070,Claudi,Bottner,Senior Engineer
452075,Phuoc,Wallrath,Senior Engineer
452077,Stevo,Zumaque,Senior Staff
452078,Hugh,Tramer,Staff
452079,Anneli,Avouris,Senior Staff
452081,Yefim,Radwan,Senior Engineer
452083,Mechthild,Feinberg,Staff
452086,Tsutomu,Otillio,Senior Engineer
452093,Fun,Menhoudj,Senior Engineer
452096,Jahangir,Foong,Staff
452099,Gian,Improta,Senior Engineer
452109,IEEE,Ghalwash,Senior Staff
452113,Sanjeeva,Greenaway,Technique Leader
452115,Barun,Sessa,Senior Engineer
452117,Mara,Suwa,Senior Staff
452118,Guangming,Matzov,Staff
452119,Dayanand,Kuhnemann,Senior Staff
452139,Mizuhito,Ernst,Senior Engineer
452141,Herbert,Slaats,Staff
452146,Saeed,Limongiello,Engineer
452148,Dipankar,Choobineh,Senior Staff
452149,Steen,Chinin,Technique Leader
452158,Sugwoo,Sullins,Engineer
452162,Girolamo,Vecchi,Senior Staff
452163,Tesuro,Koprowski,Senior Engineer
452164,Masanao,Salinas,Engineer
452165,Jayson,Guenter,Senior Staff
452168,Girolamo,Esteva,Staff
452173,Tsz,Swick,Senior Staff
452177,Chaosheng,Bernatsky,Senior Staff
452178,Niteen,Vieth,Senior Engineer
452181,Fatemeh,Trachtenberg,Engineer
452186,Doowon,Marrevee,Senior Staff
452187,Tooru,Vilarrasa,Engineer
452193,Stabislas,Kamber,Senior Engineer
452199,Mostafa,Thibadeau,Senior Staff
452201,Guenter,Piveteau,Senior Engineer
452204,Aria,Penz,Engineer
452207,Pranay,Marrevee,Senior Staff
452210,Waiman,Kavanagh,Senior Engineer
452212,Mario,Magliocco,Engineer
452214,Yifei,Neimat,Senior Engineer
452215,Arun,Macedo,Senior Engineer
452216,Pranav,Heemskerk,Staff
452218,Stafford,Milicia,Senior Staff
452220,Ingemar,Schahn,Engineer
452221,Xinyu,Hainaut,Senior Staff
452225,Fox,Vrecion,Technique Leader
452230,Kaijung,Farrel,Senior Staff
452231,Mohd,Genther,Senior Staff
452232,Baziley,Masada,Staff
452233,Shigenori,Toyoshima,Staff
452235,Mabhin,Serot,Senior Staff
452239,Stevo,Vendrig,Senior Engineer
452241,Mohd,Ghalwash,Engineer
452245,Jaroslava,Bratsberg,Senior Engineer
452248,Howell,Halloran,Senior Engineer
452249,Basem,Klyachko,Engineer
452250,Kensyu,Garrabrants,Engineer
452254,Marco,Kowalchuk,Staff
452255,Dmitri,Zwicker,Senior Engineer
452256,Kazuhira,Zolotykh,Senior Staff
452260,Ebru,Zyda,Senior Engineer
452261,Khedija,Prenel,Senior Engineer
452263,Jaewon,Braccini,Senior Engineer
452265,Hisao,Nastansky,Senior Engineer
452267,Udaiprakash,Melichar,Senior Engineer
452270,Hatem,Maliniak,Senior Staff
452275,Sachar,Penttonen,Senior Staff
452281,Soenke,Burnard,Senior Staff
452283,Hidekazu,Decleir,Senior Staff
452286,Vojin,Lichtman,Senior Staff
452287,Hyuckchul,Senzako,Technique Leader
452294,Lakshmi,Samarati,Staff
452295,Remko,Haraldson,Senior Engineer
452296,Yucai,Stemann,Senior Engineer
452301,Basim,Erva,Senior Engineer
452302,Toong,Maliniak,Senior Engineer
452303,Basem,Suri,Senior Engineer
452306,Lenore,Butner,Senior Engineer
452312,Kaijung,Portugali,Staff
452315,Gio,Peral,Senior Engineer
452316,Oksana,Wegerle,Assistant Engineer
452319,Yagil,Petereit,Engineer
452323,Tianruo,Sichman,Senior Engineer
452324,Mokhtar,Wielonsky,Senior Staff
452326,Sugwoo,Fontet,Senior Staff
452327,Shan,Carrera,Senior Engineer
452332,Shir,Leonhardt,Senior Staff
452335,Aloke,Brookman,Senior Engineer
452336,Oguz,Buescher,Senior Staff
452342,Premal,Crooks,Engineer
452346,Denny,Zielinski,Engineer
452350,Heping,Erbe,Senior Engineer
452351,Vidya,Coors,Engineer
452354,Becky,Luan,Engineer
452367,Martina,Georgakopoulos,Senior Engineer
452370,Arco,Preusig,Staff
452378,Kersti,Erde,Senior Engineer
452382,Bokyung,Rahier,Senior Staff
452383,Tzvetan,Sadowski,Senior Staff
452388,Ung,Maraist,Staff
452389,Yishai,Shackell,Senior Engineer
452393,Hisao,Openshaw,Senior Engineer
452398,Kinh,Ariola,Engineer
452399,Ugo,Furudate,Senior Engineer
452403,Angel,Arlazarov,Senior Engineer
452405,Shawna,Ulupinar,Senior Engineer
452406,George,Chartres,Senior Engineer
452407,Hirochika,Nations,Senior Engineer
452409,Jaihie,Szmurlo,Senior Staff
452412,Kazuhide,Murtha,Senior Engineer
452413,Erez,Ozeki,Senior Staff
452418,Jeong,Bale,Senior Staff
452423,Stevo,Etalle,Senior Engineer
452426,Claudi,Onuegbe,Senior Engineer
452427,Jianwen,Bierman,Technique Leader
452430,Mohamadou,Wossner,Engineer
452431,Hidekazu,Janocha,Engineer
452432,Sibyl,Perfilyeva,Senior Staff
452436,Shahab,Businaro,Senior Engineer
452441,Toshiki,Godskesen,Technique Leader
452444,Fatemeh,Uludag,Engineer
452446,Shan,Ozeki,Engineer
452451,Duro,Matzen,Engineer
452455,Yucel,Boyle,Staff
452459,Janalee,Pagter,Senior Engineer
452461,Suvo,Heijenga,Senior Engineer
452462,Demos,Esposito,Senior Engineer
452467,Erzsebet,Keohane,Assistant Engineer
452471,Dhritiman,Rosch,Senior Engineer
452472,Sreenivas,Zaiane,Engineer
452479,Karlis,Reinhard,Senior Engineer
452481,Kazunori,Kavanagh,Senior Staff
452482,Atreyi,Taneja,Staff
452484,Tonny,Staudhammer,Engineer
452492,Shichao,Speer,Senior Engineer
452493,Feiyu,Besancenot,Assistant Engineer
452499,DAIDA,Kitai,Senior Engineer
452503,Fumino,Porotnikoff,Senior Staff
452511,Radhia,DeMori,Senior Engineer
452512,Jeong,Domenig,Senior Staff
452513,Yonghong,Petersohn,Senior Engineer
452519,Chinho,Ramalingam,Senior Engineer
452521,Richard,Rossi,Engineer
452523,Stella,Ramsak,Technique Leader
452526,Giap,Ranon,Staff
452527,Adamantios,Nourani,Senior Staff
452529,Shigehito,Foong,Senior Staff
452535,Xiping,Pouyioutas,Senior Engineer
452538,Eben,Bressoud,Engineer
452540,Garnet,Willoner,Staff
452541,Morris,Strandh,Senior Staff
452550,Thanasis,Perez,Technique Leader
452551,Shahid,Crelier,Staff
452553,Jagoda,Baalen,Staff
452554,Kolar,Feldhoffer,Staff
452556,Rance,Parveen,Senior Staff
452565,Shan,Kuszyk,Senior Staff
452568,Kotesh,Mitzlaff,Senior Engineer
452569,Perla,Oxman,Senior Staff
452573,Phule,Szmurlo,Senior Staff
452574,Abdelaziz,Kampfer,Senior Engineer
452576,Abdelkader,Chvatal,Senior Staff
452577,Huican,Highland,Senior Engineer
452579,Zhanqiu,Azulay,Staff
452584,Hiroyasu,Prampolini,Senior Engineer
452585,Shawna,Perry,Senior Staff
452589,Ebru,Tasistro,Technique Leader
452595,Paraskevi,Kadhim,Senior Engineer
452597,Urs,Ermel,Senior Engineer
452608,Aimee,Yeung,Senior Engineer
452610,Ayonca,Krohm,Engineer
452613,Jaewoo,Stellhorn,Senior Engineer
452616,Nathan,Escriba,Senior Engineer
452617,Somnath,Casley,Staff
452620,Ramachenga,Ranft,Senior Engineer
452621,Werner,Dolinsky,Staff
452624,Moheb,Granlund,Senior Engineer
452626,Adas,Ertl,Senior Engineer
452629,Holgard,Rouquie,Senior Staff
452630,Girolamo,Stenning,Senior Engineer
452632,Lunjin,Vasanthakumar,Senior Engineer
452634,Seongbae,Iacovou,Senior Staff
452639,Terresa,Domenig,Senior Staff
452642,Takahiro,Schiettecatte,Senior Engineer
452645,Quingbo,Ghalwash,Assistant Engineer
452647,Masasuke,Demian,Senior Engineer
452648,Xiahua,Shokrollahi,Staff
452650,Qiwen,Farris,Staff
452656,Fusako,Navazio,Engineer
452658,Zhongwei,Merli,Engineer
452663,Oksana,Angelov,Engineer
452666,Danai,Percebois,Senior Staff
452669,Khatoun,Matzat,Senior Engineer
452670,Kousuke,Kenevan,Senior Staff
452674,Tiina,Glowinski,Staff
452675,Leszek,Lemarechal,Senior Staff
452681,Shiv,Mitzlaff,Senior Engineer
452682,Shounak,Wixon,Engineer
452684,Berto,Luks,Engineer
452686,Tadanori,Falco,Engineer
452687,Moss,Wissmann,Senior Staff
452688,Richard,Basagni,Engineer
452690,Maia,Hempstead,Senior Staff
452691,Magy,Renear,Senior Engineer
452697,Munehiko,Morris,Staff
452700,Aral,Minakawa,Technique Leader
452702,Kankanahalli,Riexinger,Engineer
452705,Takanari,Wursthorn,Senior Engineer
452714,Saniya,Ohori,Senior Staff
452715,Taegyun,Marshall,Engineer
452723,Etsuo,Ambroszkiewicz,Technique Leader
452726,Yannis,Colorni,Staff
452727,Yakkov,Nannarelli,Engineer
452739,Yinghua,Thombley,Engineer
452741,Apostol,Warwick,Engineer
452743,Jaques,Luff,Assistant Engineer
452744,Huican,Nitta,Technique Leader
452745,Naftali,Chinin,Senior Staff
452747,Moti,Yurov,Senior Engineer
452751,JiYoung,Erie,Senior Staff
452759,Kazuhide,Uehara,Senior Staff
452761,Vishwani,Hellwagner,Staff
452763,Lillian,Perry,Senior Staff
452767,Augustine,Majewski,Engineer
452769,Domenick,Huhdanpaa,Senior Engineer
452777,Rance,Chiola,Senior Engineer
452778,Christ,Chandrasekhar,Staff
452779,Berto,Verhaegen,Senior Engineer
452780,Jinpo,Narwekar,Technique Leader
452781,Uriel,Sgarro,Technique Leader
452783,Prodip,Skrikant,Staff
452785,Honglan,Cusworth,Engineer
452787,Ramzi,Samarati,Senior Engineer
452791,Adel,Ratnakar,Senior Staff
452792,Dmitry,Bade,Senior Staff
452796,Xinan,Flexer,Senior Staff
452797,Gritta,Badache,Senior Staff
452798,Bezalel,Tsukune,Senior Engineer
452799,Akhilish,Otillio,Staff
452800,Florina,Cromarty,Senior Staff
452809,Tzvetan,Picel,Engineer
452816,Renee,Francisci,Engineer
452818,Hatem,Bala,Senior Staff
452824,Supot,Kulisch,Staff
452828,Kolar,Remmele,Senior Staff
452829,Pohua,Businaro,Senior Engineer
452830,Zhaofang,Lienhardt,Staff
452836,Magy,Kawashimo,Senior Engineer
452837,Muzhong,Garnham,Assistant Engineer
452841,Mana,Ashish,Engineer
452846,Phule,Dengi,Staff
452851,Khatoun,Bouloucos,Senior Engineer
452855,Xiong,Edelhoff,Technique Leader
452858,Tiina,Bage,Technique Leader
452869,Abdulla,Klassen,Senior Engineer
452876,Mokhtar,Farris,Engineer
452877,Florina,Plump,Senior Engineer
452885,Guadalupe,Eickenmeyer,Engineer
452891,Abdelaziz,Bennet,Senior Staff
452898,Dante,Kulisch,Senior Engineer
452903,Golgen,Socorro,Senior Staff
452906,Phillip,Krzyzanowski,Senior Engineer
452909,Mokhtar,Nourani,Engineer
452911,Augustine,Bael,Senior Staff
452912,Xiaoqiang,Rahimi,Senior Engineer
452925,Shim,Reeken,Senior Engineer
452926,Jaihie,Chepyzhov,Staff
452928,Etsuo,Bondorf,Senior Staff
452931,Willard,Muhling,Senior Engineer
452940,Bernt,Kandlur,Senior Engineer
452941,Rosita,Rodiger,Senior Staff
452947,Qingxiang,Gajiwala,Staff
452953,Ashish,Botman,Senior Engineer
452954,Honesty,Buchter,Staff
452958,Ult,Prampolini,Senior Engineer
452959,DeForest,Waleschkowski,Senior Staff
452960,Unal,Kusakabe,Technique Leader
452962,Vasilis,Nittel,Engineer
452965,Lucian,Bamford,Engineer
452966,Gro,Baaz,Senior Staff
452967,Tuval,Rissanen,Senior Engineer
452971,Kshitij,Ratzlaff,Senior Staff
452975,Mari,Honglei,Senior Engineer
452976,Nadjib,Picht,Senior Staff
452983,Leen,Thimonier,Senior Staff
452986,Xiping,Kobara,Staff
452988,Henk,Picaronny,Senior Staff
452997,Jayson,Kilgour,Senior Staff
453003,Xiaoheng,Attimonelli,Senior Engineer
453005,Hitofumi,Khalid,Senior Engineer
453007,Duro,Beidas,Senior Engineer
453009,Annemarie,Vitiello,Senior Staff
453014,Josyula,Zeidenstein,Senior Engineer
453017,Makato,Etalle,Senior Engineer
453019,Gregory,Eiron,Senior Engineer
453023,Bedir,Markovitch,Senior Staff
453025,Junichi,Laurillard,Senior Staff
453026,Oscar,Welham,Senior Engineer
453027,Masasuke,Lichtman,Senior Staff
453033,Mong,Erdmenger,Senior Engineer
453034,Basil,Velasco,Senior Engineer
453039,Yoshimitsu,Seuren,Senior Staff
453041,Hugo,Servi,Senior Engineer
453043,Oscal,Ressouche,Senior Engineer
453047,Fox,Wossner,Staff
453050,Arif,Ranai,Staff
453058,Somnath,Papastamatiou,Senior Engineer
453059,Chriss,Broder,Engineer
453066,Tamiya,Broder,Engineer
453069,Bowen,Marzano,Senior Staff
453072,Xinglin,Muntz,Engineer
453074,Anyuan,Weiland,Engineer
453076,Gunilla,Azuma,Engineer
453079,Fatemeh,Rijckaert,Engineer
453081,Seongbin,Penn,Engineer
453082,Etsuo,Perna,Engineer
453084,Serap,Soicher,Senior Engineer
453087,Tze,Christ,Engineer
453088,Lijia,Gien,Senior Engineer
453093,Tonny,Khamsi,Engineer
453095,Minghong,Hopewell,Senior Engineer
453100,Srinidhi,Serna,Senior Engineer
453104,Honglan,Pokrovskii,Senior Engineer
453106,Hilari,Isaak,Senior Engineer
453108,Padma,Sevcikova,Senior Staff
453113,Achilleas,Jakobus,Senior Engineer
453119,Sadun,Claffy,Senior Staff
453126,Jeanna,Lowrie,Senior Engineer
453128,Bogdan,Pargaonkar,Senior Engineer
453129,DAIDA,Rajcani,Senior Staff
453133,Mani,Terekhov,Staff
453137,Krisda,Caine,Engineer
453140,Babette,Vigier,Senior Engineer
453141,Hironoby,Yoshizawa,Senior Staff
453148,Masato,Koblitz,Staff
453150,Shahid,Deville,Engineer
453151,Yuping,Rosiles,Senior Staff
453152,Sasan,Caine,Engineer
453153,Luise,Piancastelli,Staff
453155,Rosella,Matzov,Senior Staff
453161,Shuho,Mondadori,Senior Engineer
453174,Hongzue,Rusmann,Senior Staff
453177,Lokesh,Ranai,Senior Engineer
453181,Vasilii,Schaar,Senior Staff
453183,Maha,Ventosa,Senior Staff
453184,Yonghoan,Mersereau,Staff
453185,Yongmao,Zuberek,Engineer
453186,Gad,Nittel,Senior Staff
453190,Kiam,Danley,Senior Engineer
453201,Denis,Garnier,Engineer
453204,Junichi,Schaaf,Technique Leader
453206,Marsja,Schaft,Senior Engineer
453207,Arch,Schneeberger,Assistant Engineer
453208,Shooichi,Maraist,Senior Engineer
453211,Tayeb,Merro,Senior Engineer
453213,Shahid,Skrikant,Staff
453214,Xiaoheng,Hennebert,Senior Engineer
453215,Rajmohan,Hasenauer,Technique Leader
453217,Duro,Oppitz,Senior Engineer
453220,Munehiko,Waleschkowski,Senior Staff
453222,Mohammad,Argence,Senior Engineer
453223,Tomofumi,Versino,Technique Leader
453225,Etsuo,Redmiles,Senior Engineer
453235,Unal,Harbusch,Staff
453237,Aamer,Puoti,Engineer
453240,Stepehn,Bolsens,Senior Staff
453241,Utpal,Openshaw,Senior Engineer
453244,Pranay,Pusterhofer,Senior Staff
453245,Shir,Reinhart,Technique Leader
453251,Marl,Muniz,Senior Engineer
453254,Otmar,Luders,Senior Staff
453259,Premsyl,Underwood,Senior Staff
453262,Manohar,Eiron,Technique Leader
453265,Kauko,Auria,Senior Engineer
453268,Debaprosad,Michaeli,Senior Engineer
453273,Sandeepan,Lanteri,Senior Staff
453274,Kien,Kitsuregawa,Staff
453275,Sanjay,Bernini,Senior Engineer
453277,Rosalie,Gischer,Senior Engineer
453278,Fumiyo,Camurati,Senior Staff
453282,Elgin,Kawashima,Technique Leader
453283,Heng,Thambidurai,Senior Engineer
453285,Marit,Ferriere,Senior Engineer
453289,Maia,Schwartzbauer,Engineer
453290,Susumu,Plotkin,Senior Staff
453294,Stafford,Murthy,Senior Staff
453296,Guttorm,Garrabrants,Senior Staff
453298,Navin,Juneja,Engineer
453301,Sigeru,Gimbel,Staff
453308,Claude,Zeleznik,Senior Staff
453310,Arra,Marletta,Staff
453314,Jinpo,Brickell,Senior Engineer
453316,Gennady,Conde,Senior Engineer
453318,Tua,Camarinopoulos,Senior Staff
453319,Gen,Deyuan,Staff
453325,Yahiko,Terwilliger,Engineer
453334,Geoffrey,Desikan,Staff
453342,Sashi,Matzel,Senior Staff
453355,Valeri,Unno,Senior Staff
453358,Gonzalo,Bolsens,Senior Engineer
453360,Jianhao,Perfilyeva,Senior Engineer
453367,Ashish,Gips,Staff
453373,Zhaofang,Fujisaki,Senior Staff
453379,Aron,Beausoleil,Senior Engineer
453381,Francoise,Erie,Senior Engineer
453384,Sanjoy,Brender,Engineer
453385,Claude,Hellwagner,Engineer
453388,Yonghoan,Irland,Engineer
453395,Kristian,Vidya,Senior Staff
453403,Tua,Flowers,Senior Staff
453405,Takushi,Merli,Senior Engineer
453406,Nalini,Itzfeldt,Senior Engineer
453413,Hsiangchu,Gils,Senior Engineer
453415,Ziyad,Perri,Senior Staff
453421,Charmane,Cools,Staff
453426,Mokhtar,Waymire,Senior Engineer
453433,Xiaoheng,Gomatam,Senior Engineer
453435,Maik,Rijckaert,Engineer
453437,Poornachandra,Solovay,Senior Engineer
453438,Manibrata,Ramsak,Senior Engineer
453439,Marke,Snedden,Senior Staff
453443,Parke,Lowrie,Staff
453448,Nahum,Coorg,Senior Staff
453452,Shir,Codenie,Staff
453463,Nirmal,Picel,Staff
453464,Ferdinand,Tokunaga,Staff
453466,Tonny,Stellhorn,Senior Engineer
453469,Herbert,Scallan,Senior Staff
453473,Jixiang,Gaughan,Senior Staff
453474,Kristian,Boyle,Staff
453477,Pantung,Perl,Senior Staff
453479,Zhensheng,Sudbeck,Senior Staff
453483,Huican,Erde,Staff
453484,Mohit,Magliocco,Senior Engineer
453486,Kitty,Fendler,Senior Staff
453488,Aral,Hiyoshi,Technique Leader
453491,Theirry,Aloisi,Technique Leader
453501,Yishai,Pocchiola,Senior Engineer
453502,Bojan,Stentiford,Engineer
453504,Selwyn,Demke,Senior Staff
453509,Douadi,Fiebach,Senior Engineer
453510,Jaihie,Veevers,Engineer
453512,Mingzeng,Murrill,Senior Staff
453515,Khaled,Seghrouchni,Senior Staff
453516,Kien,Narwekar,Technique Leader
453527,Mohd,Tagansky,Engineer
453529,Lokesh,Journel,Senior Engineer
453531,Basim,Hennings,Assistant Engineer
453533,Sariel,Hockney,Senior Staff
453535,Uno,Famili,Senior Engineer
453537,Mohan,Glinert,Technique Leader
453541,Fumitake,Stasinski,Senior Engineer
453542,Shuichi,Serdy,Senior Staff
453547,Pranas,Rodham,Senior Staff
453551,Edwin,Veccia,Senior Engineer
453557,Brendon,Salvesen,Senior Engineer
453559,Ramalingam,Crabtree,Staff
453562,Yaghout,Teitelbaum,Senior Engineer
453574,Kenroku,Ranze,Engineer
453577,Alexius,Erie,Senior Staff
453579,Achilleas,Lamma,Assistant Engineer
453582,Hirochika,Shigei,Senior Engineer
453587,Aluzio,Thiran,Senior Engineer
453591,Odoardo,Cullers,Senior Staff
453593,Sham,Lally,Senior Staff
453594,Halsur,Vigier,Senior Engineer
453595,Ewing,Rubsam,Senior Engineer
453596,Boutros,Petersohn,Senior Staff
453597,Parviz,Rosar,Senior Engineer
453600,Billie,Bahk,Senior Engineer
453603,Dietrich,Syang,Senior Staff
453604,Kendra,Fendler,Engineer
453606,Teunis,Puoti,Senior Staff
453614,Jouni,Rullman,Staff
453615,Sanjit,Antonakopoulos,Senior Staff
453619,Wayne,Baranowski,Senior Engineer
453621,Nobuyoshi,Dahlbom,Senior Staff
453623,Leah,Hiroyama,Technique Leader
453626,Basem,Swiss,Senior Staff
453635,Xiaoheng,Soloway,Senior Staff
453636,Jordanka,Serra,Senior Staff
453638,Ferdinand,Lichtner,Senior Staff
453639,Magy,Fujisaki,Assistant Engineer
453645,Taegyun,Chvatal,Staff
453647,Susanna,Rossi,Senior Engineer
453652,Shaw,Baba,Senior Engineer
453654,Thodoros,Warwick,Senior Staff
453658,Gao,Thorelli,Senior Staff
453660,Supot,Lueh,Senior Staff
453661,Yifei,Stanger,Senior Engineer
453667,Takahiro,Swan,Senior Engineer
453669,Faiza,Passino,Technique Leader
453677,Narain,Koshiba,Engineer
453686,Larisa,Lund,Engineer
453693,Mototsugu,Shinomoto,Senior Staff
453695,Zhensheng,Cappello,Senior Engineer
453698,Waiman,Garnier,Senior Staff
453704,Alper,Murtafg,Senior Engineer
453706,Masoud,Ritcey,Engineer
453708,Brigham,Encarnacion,Senior Engineer
453711,Heekeun,Aloisi,Senior Engineer
453716,Kiyomitsu,Tsukuda,Senior Staff
453717,Roselyn,Kalafatis,Senior Staff
453718,Mohan,Kumaresan,Senior Staff
453719,Arie,Kranzdorf,Senior Engineer
453722,Maja,Ushiama,Senior Staff
453725,Mark,Zweizig,Engineer
453726,Yakkov,Gadepally,Senior Engineer
453730,Mizuhito,Barbanera,Senior Engineer
453732,Mircea,Shackell,Engineer
453734,Junsik,Aloisi,Senior Engineer
453736,Siamak,Schmiedel,Senior Staff
453738,Aran,Katalagarianos,Senior Engineer
453740,Augustine,Bruckman,Engineer
453746,Alenka,Honiden,Senior Engineer
453749,Magy,Braunmuhl,Senior Staff
453754,Lidong,Rathonyi,Staff
453759,Abdelkader,Desikan,Senior Engineer
453764,Breannda,Staelin,Senior Staff
453765,Ioana,Giveon,Engineer
453766,Vatsa,Begiun,Staff
453775,Gennady,Munawer,Technique Leader
453781,Krisda,Demri,Senior Engineer
453784,Toshimo,Auyong,Senior Engineer
453789,Fen,Rosay,Senior Staff
453793,Mario,Neiman,Senior Staff
453798,Sangeeta,Chorvat,Engineer
453800,Berry,Rosiles,Senior Staff
453802,Leandro,Trystram,Senior Engineer
453805,Ziyad,Selvestrel,Senior Engineer
453807,Arvin,Ratnaker,Senior Engineer
453808,Hidefumi,Ruemmler,Engineer
453809,Mang,Chelton,Senior Engineer
453811,Mountaz,Shimshoni,Senior Staff
453813,Premsyl,Babb,Senior Engineer
453817,Saniya,Slobodova,Senior Engineer
453822,Claude,Piancastelli,Senior Staff
453823,Halsur,Imataki,Engineer
453829,Yuichiro,Kamber,Senior Staff
453837,Shrikanth,Basawa,Senior Staff
453842,Satoru,Guerreiro,Technique Leader
453844,Geraldo,Kirkerud,Staff
453847,Bouchung,Hiltgen,Senior Engineer
453848,Claude,Isaak,Senior Staff
453861,Ronnie,Honglei,Senior Engineer
453869,Chinya,Badache,Senior Staff
453874,Arnould,Erol,Senior Engineer
453878,Yuuichi,Jeansoulin,Senior Engineer
453879,Oscal,Massonet,Engineer
453883,Wonhee,DuBourdieux,Engineer
453884,Houman,Camarinopoulos,Senior Engineer
453887,DeForest,Hooghiemstra,Senior Engineer
453890,Wojceich,Paludetto,Senior Engineer
453893,Leszek,Jenevein,Senior Engineer
453899,Vasiliy,Peot,Senior Staff
453902,Saeko,Klyachko,Senior Staff
453904,Almudena,Range,Senior Staff
453905,Martina,Swift,Staff
453912,Inderjeet,Osgood,Staff
453915,Hein,Shinomoto,Senior Engineer
453916,Shichao,Speek,Staff
453917,Raimond,Morrow,Technique Leader
453918,Michaela,Tchuente,Senior Engineer
453920,Arra,Streit,Senior Staff
453922,Yuguang,Couchot,Engineer
453924,Franziska,Liedekerke,Senior Staff
453926,Kwee,Ginneken,Senior Engineer
453928,Constantino,Underwood,Senior Staff
453931,Udaiprakash,Glinert,Senior Staff
453937,Zita,Standera,Senior Staff
453944,Uma,Angiulli,Engineer
453950,Halsur,Gornas,Engineer
453952,Constantino,Callaway,Staff
453954,Leaf,Bressoud,Senior Engineer
453955,Abdelghani,Covnot,Senior Engineer
453956,Salvador,Heystek,Senior Staff
453959,Juyoung,Krogh,Staff
453968,Sachin,Rissanen,Engineer
453971,Berry,Dichev,Senior Staff
453972,Shem,Molenaar,Senior Staff
453981,Kwee,Nanard,Senior Staff
453985,Kenton,Merle,Senior Engineer
454010,Kinh,Ishibashi,Senior Staff
454012,Yonghoan,Waeselynck,Staff
454013,Vidar,Bressoud,Senior Staff
454014,Nectarios,Bonifati,Senior Staff
454025,Arif,Rosenbaum,Senior Staff
454029,Stamatina,Randi,Senior Engineer
454032,Visit,Lipner,Senior Staff
454038,Doohun,Anido,Staff
454039,Kwangjo,Cromarty,Staff
454049,Ramzi,Uhrig,Technique Leader
454053,Mostafa,Raoux,Senior Engineer
454057,Jianwen,Sabnani,Senior Staff
454061,Maren,Selvestrel,Staff
454062,Anneke,Brookman,Senior Engineer
454067,Uma,Lindenbaum,Senior Staff
454070,Shay,Lunt,Senior Engineer
454074,Heng,Solares,Senior Staff
454076,Pantung,Baranowski,Senior Staff
454077,Zissis,Kilgore,Engineer
454081,Paddy,Angiulli,Senior Staff
454082,Younwoo,Bolotov,Staff
454087,Arto,Iwayama,Engineer
454091,Pranav,Meriste,Staff
454092,Duangkaew,Syrotiuk,Senior Engineer
454093,Leen,Taubenfeld,Senior Staff
454095,Keiichiro,Kalefeld,Senior Staff
454098,Alper,Alblas,Senior Engineer
454100,Guadalupe,Chaudhury,Senior Engineer
454101,Anneke,Leslie,Senior Staff
454104,Karoline,Aloisi,Engineer
454108,Kenton,Panienski,Senior Staff
454110,Franziska,Ramalingam,Senior Engineer
454112,Hairong,Pollacia,Staff
454114,Yuichiro,Openshaw,Senior Engineer
454117,Pohua,Gornas,Engineer
454120,Eben,Luft,Engineer
454124,Bojan,Remmers,Senior Staff
454126,Salvador,Khasidashvili,Senior Engineer
454132,Ugo,Boreale,Senior Engineer
454134,Gaurav,Ligten,Senior Engineer
454136,Vishwani,Leaver,Senior Staff
454137,Ioana,Schwaller,Staff
454150,Halsur,Thibadeau,Engineer
454153,Sibyl,Gini,Technique Leader
454154,Nevin,Jahnichen,Senior Engineer
454156,Nobuyoshi,Hiltgen,Staff
454165,Patricia,Kornatzky,Senior Engineer
454168,Anoosh,Munch,Senior Engineer
454178,Yoshimitsu,Genin,Senior Engineer
454180,Masasuke,Karcich,Staff
454182,Mack,Cooke,Senior Staff
454185,Tsutomu,Zeilberger,Senior Engineer
454192,Chuanyi,Zaumen,Staff
454195,Dmitry,Pettit,Senior Staff
454198,Guenter,Murrill,Senior Staff
454199,Evgueni,Pezzoli,Senior Engineer
454200,Ashish,Ressouche,Engineer
454201,Xumin,Sullins,Senior Engineer
454211,Rutger,Jumpertz,Senior Engineer
454215,Koichi,Brender,Senior Staff
454218,Mokhtar,Ducloy,Senior Engineer
454221,Emdad,Porotnikoff,Senior Staff
454222,Karsten,Falster,Staff
454226,Takahira,Luca,Staff
454228,Lansing,Zlotek,Staff
454231,Giordano,Schoegge,Senior Staff
454233,Ewing,Bruckman,Senior Staff
454235,Jaihie,Lanzelotte,Senior Engineer
454239,Aemilian,Oehlmann,Senior Staff
454241,Harngdar,Luff,Senior Staff
454242,Shigeaki,Glinert,Engineer
454246,Niclas,Gurbaxani,Senior Engineer
454247,Xinan,Perfilyeva,Senior Staff
454248,Wuxu,Gornas,Senior Staff
454253,Kensyu,Gargeya,Senior Staff
454257,Yechezkel,Pelz,Technique Leader
454259,Kazuhito,Seiwald,Senior Staff
454260,Jinya,Heuser,Senior Engineer
454261,Gor,Schaaf,Staff
454264,Teruyuki,Whittlesey,Senior Engineer
454270,Mani,Worfolk,Staff
454271,Uta,Sullins,Senior Engineer
454274,Masali,Bamford,Senior Engineer
454276,Stamatina,Cyne,Staff
454279,Yefim,Gewali,Senior Staff
454280,Marsal,Stamatiou,Senior Staff
454282,Rafols,Pepe,Staff
454288,Mitchel,Marchesini,Staff
454292,Feixiong,Schapiro,Senior Engineer
454293,Mohua,Underwood,Senior Staff
454296,Yuriy,Gischer,Senior Engineer
454304,Howell,Collavizza,Senior Staff
454310,Khue,Speckmann,Senior Engineer
454311,Fei,Openshaw,Engineer
454312,Fayez,Calkin,Engineer
454315,Mingdong,Matzel,Staff
454322,Dulce,Delaune,Senior Staff
454323,Serenella,Willoner,Senior Staff
454325,Shaw,Assaf,Staff
454337,Marc,Wiegley,Technique Leader
454340,Amabile,Alencar,Technique Leader
454342,Tonia,Jording,Staff
454344,Sasan,Binkley,Senior Staff
454349,Girolamo,Kolvik,Staff
454354,Hugo,Vilarrasa,Senior Engineer
454358,Emdad,Maquelin,Staff
454361,Mahmut,Bresenham,Senior Engineer
454364,Neven,Giveon,Senior Engineer
454365,Kazuhisa,Koshino,Senior Engineer
454366,Shigeichiro,Ranta,Staff
454368,Billur,Merey,Engineer
454369,Gay,Uehara,Assistant Engineer
454371,Mayumi,Jakobus,Senior Staff
454375,Nevio,Paludetto,Senior Staff
454376,Fabrizio,Rosaz,Senior Staff
454379,Bogdan,Gulak,Senior Engineer
454383,Jungsoon,Beerel,Senior Engineer
454389,Nathan,Garnick,Engineer
454390,Manu,Luby,Engineer
454398,Qunsheng,Braunmuhl,Senior Staff
454400,Gen,Vecchi,Senior Staff
454408,Steen,Schapiro,Senior Engineer
454418,Mart,Mungall,Senior Engineer
454419,Vasilii,DeMori,Senior Engineer
454423,Dines,Hanratty,Engineer
454426,Lidong,Lalonde,Senior Engineer
454431,Jayesh,Welham,Senior Engineer
454432,Subbu,Lyonns,Senior Staff
454433,Baruch,Bhattacharjee,Staff
454434,Odysseas,Chartres,Engineer
454444,Mamdouh,Wynblatt,Staff
454449,Jasminko,Wilfing,Senior Engineer
454450,Mandell,Hanabata,Senior Staff
454452,Geraldo,Matzat,Senior Engineer
454455,Heekeun,Valtorta,Assistant Engineer
454458,Boriana,Vesna,Senior Engineer
454461,Gunilla,Perl,Engineer
454464,Hisao,Rothe,Senior Engineer
454466,Manohar,Vernadat,Senior Engineer
454469,Ranan,Matteis,Senior Staff
454473,Oscal,Bernini,Engineer
454474,Mohan,Gniady,Assistant Engineer
454479,Hitomi,Cromarty,Senior Staff
454488,Abdulla,Motley,Engineer
454492,Aleksandar,Neimat,Senior Staff
454497,Gaetan,Kakkar,Senior Staff
454501,Hauke,Iivonen,Senior Engineer
454504,Huei,Luks,Engineer
454505,Xiaopeng,Vendrig,Technique Leader
454510,Dulce,Sankaranarayanan,Senior Staff
454512,Isaac,Conti,Senior Staff
454514,Dung,Rosis,Technique Leader
454516,Mariusz,Delgrande,Senior Staff
454519,Nobuyoshi,Rijsenbrij,Assistant Engineer
454531,Jasminko,Ushiama,Staff
454540,Karoline,Monarch,Senior Staff
454541,Gill,Valtorta,Senior Staff
454542,Manton,Srimani,Engineer
454550,Ravishankar,Zweizig,Senior Staff
454552,Chenyi,Pavlopoulou,Senior Engineer
454553,Keiichiro,Demos,Engineer
454557,Chirstian,Litzkow,Staff
454560,Ziyad,Randt,Senior Engineer
454567,Chandrasekaran,Jeong,Staff
454568,Emran,Yurov,Staff
454573,Jaroslava,Flexer,Senior Staff
454575,Parto,Nivat,Senior Staff
454578,Leaf,Takanami,Senior Staff
454580,Leon,Ruther,Engineer
454583,Karlis,Mansanne,Engineer
454592,Jixiang,Malinowski,Senior Staff
454597,Reinhard,Wuwongse,Senior Staff
454598,Uinam,Ramsay,Senior Staff
454607,Elgin,Unno,Engineer
454612,Gor,Pell,Staff
454617,Dmitry,Schrift,Senior Engineer
454623,Bernice,Eiter,Staff
454626,Aran,Angelopoulos,Staff
454627,Nathan,Foote,Senior Staff
454629,Subhash,Deverell,Senior Staff
454633,Gil,Ariola,Senior Staff
454636,Fumiko,Francisci,Senior Engineer
454639,Xudong,Eugenio,Staff
454642,Shmuel,Marakhovsky,Senior Engineer
454643,Woody,Apsitis,Engineer
454649,Jovan,Crouzet,Senior Engineer
454659,Xiahua,Kamber,Senior Engineer
454660,Ronghao,Engberts,Engineer
454662,Selwyn,Sinitsyn,Senior Engineer
454663,Claudi,Koshiba,Senior Engineer
454669,Jessie,Zeilberger,Technique Leader
454670,Rance,Gecsel,Senior Engineer
454674,Oldrich,Puppe,Staff
454678,Duke,Shigei,Senior Staff
454680,Otilia,Pollock,Senior Engineer
454681,Leen,Eugenio,Senior Staff
454689,Sanjeeva,Granlund,Engineer
454693,Fan,Famili,Engineer
454694,Nahid,Garnick,Engineer
454699,Huai,Jiafu,Senior Engineer
454704,Mabo,Pavlopoulou,Staff
454708,Saeko,Lunn,Senior Staff
454709,Serap,Haldar,Senior Engineer
454710,Shigehito,Rissanen,Senior Staff
454713,Dulce,Reeker,Staff
454717,Ymte,Spinelli,Staff
454720,Masamitsu,Camarinopoulos,Engineer
454721,Mohammed,Ecklund,Staff
454729,Parto,Gulak,Senior Staff
454733,Peer,Milicia,Senior Engineer
454734,Udi,Servieres,Senior Staff
454739,Paddy,Rikino,Senior Engineer
454743,Neelam,Siprelle,Staff
454744,Martine,Poehlman,Technique Leader
454745,Marjo,Vigier,Senior Engineer
454746,Danel,Alpay,Engineer
454749,Almudena,Roohalamini,Senior Staff
454750,Fumitake,Naudin,Senior Engineer
454754,Bernd,Skogmar,Senior Staff
454755,Satoru,Gist,Engineer
454757,Gonzalo,Weedman,Senior Engineer
454759,Arumugam,Comyn,Senior Engineer
454761,Sumant,Hmelo,Senior Engineer
454763,Giap,Spinelli,Engineer
454764,Phillip,Khamsi,Senior Staff
454765,Sachin,Negoita,Staff
454767,Kerryn,Merey,Senior Engineer
454768,Shahid,Kugler,Senior Staff
454769,Rafols,Peral,Staff
454774,Niranjan,Bugrara,Senior Engineer
454776,Kagan,Delgrande,Staff
454777,Theirry,Weedon,Senior Staff
454787,Heeju,Ramsay,Engineer
454789,Ramachenga,DuBourdieux,Senior Staff
454798,Richara,Bazzichi,Senior Staff
454801,Kristin,Cronin,Senior Staff
454803,Nahla,Parfitt,Senior Engineer
454812,Bokyung,Rahimi,Engineer
454813,Mayumi,Kilgour,Senior Staff
454816,Mari,Pavlopoulou,Senior Staff
454828,Udo,Demian,Senior Engineer
454830,Ottavia,Dehkordi,Senior Engineer
454834,Teiji,Unni,Senior Staff
454836,Kazuyasu,Siprelle,Senior Engineer
454844,Nikolaos,Itzfeldt,Senior Engineer
454855,Ult,Keirsey,Staff
454862,Taiji,Mukaidono,Staff
454863,Abdelghani,Krichel,Senior Engineer
454864,Gad,Leonhardt,Senior Staff
454866,Augustine,Thimonier,Staff
454869,Zine,Solares,Senior Engineer
454876,Xiahua,Granlund,Staff
454881,Wilmer,Trelles,Senior Staff
454891,Ugo,Simmen,Senior Staff
454894,Elrique,Quadeer,Engineer
454897,Chikako,Hertweck,Senior Engineer
454899,Oguz,Cronin,Engineer
454900,Shalesh,Malabarba,Senior Engineer
454906,Subbu,Cannard,Senior Staff
454911,Krister,Herath,Senior Staff
454912,Roded,Hatcliff,Staff
454913,Gilbert,Itzfeldt,Senior Engineer
454916,Kwan,Thummel,Staff
454919,Iara,Figueira,Senior Engineer
454925,Aran,Gaughan,Senior Staff
454927,Persi,Birsak,Senior Staff
454928,Radhakrishnan,Avouris,Engineer
454929,Pintsang,Mateescu,Senior Engineer
454931,Duangkaew,Salvesen,Engineer
454932,Sampalli,Zaiane,Senior Staff
454933,Werner,Munke,Engineer
454935,Lillian,Angel,Senior Staff
454936,KayLiang,Fargier,Senior Staff
454944,Nigel,Acton,Senior Engineer
454948,Emran,Setia,Senior Staff
454950,Kayoko,Ducloy,Engineer
454951,Weiye,Bauknecht,Senior Staff
454952,Martijn,Kroft,Senior Staff
454954,Elrique,Terwilliger,Senior Engineer
454963,Mabo,Weedon,Senior Staff
454964,Akeno,Hofmeyr,Senior Staff
454966,Genta,Goodrum,Senior Staff
454973,Shan,Gini,Senior Engineer
454974,Kristinn,Milicia,Senior Staff
454979,Alagu,Milicic,Senior Engineer
454983,Sedat,Yamaashi,Senior Staff
454987,Akemi,Fontet,Senior Engineer
454989,Jinxi,Sidou,Senior Staff
454990,Shooichi,Alameldin,Staff
454991,Haldon,Koblick,Senior Staff
454996,Feiyu,Czap,Senior Engineer
455006,Brendon,Lichtner,Senior Engineer
455009,Udaiprakash,Birta,Senior Staff
455015,Sachin,Rohrbach,Senior Engineer
455022,Hairong,Jonsson,Technique Leader
455024,Reinhold,Munck,Staff
455026,Falguni,Paludetto,Staff
455029,Somnath,Matteis,Senior Staff
455030,Christoph,Kragelund,Engineer
455034,Irene,Yoshimura,Senior Engineer
455038,Bernardo,Kermarrec,Senior Engineer
455044,Marsal,Schnelling,Senior Engineer
455045,Adib,Pews,Engineer
455053,Uri,Zultner,Assistant Engineer
455054,Ingemar,Lores,Senior Staff
455056,Yuguang,Ponthieu,Staff
455059,Kish,Kulisch,Senior Staff
455061,Bojan,Papsdorf,Technique Leader
455067,Nishit,Siprelle,Senior Engineer
455076,Fabrizio,Pulkowski,Senior Staff
455077,Jiafu,Atchley,Senior Staff
455084,Clyde,Hanratty,Senior Engineer
455086,Vasilii,Bernini,Staff
455088,Alenka,Sevcikova,Engineer
455090,Jaana,Azuma,Senior Staff
455091,TRUE,Hennings,Senior Engineer
455092,Seshu,Serov,Engineer
455094,Miomir,Petersohn,Engineer
455096,Masanao,Zaiane,Senior Engineer
455098,Seshu,Kambil,Senior Engineer
455103,Tremaine,Docker,Senior Engineer
455104,Duro,Felcyn,Senior Engineer
455106,Susuma,Porotnikoff,Senior Staff
455108,Berto,Mitchem,Engineer
455110,Rutger,Hardjono,Engineer
455112,Chaoyi,Rosen,Senior Staff
455119,Mani,Aamodt,Senior Engineer
455122,Chaosheng,Molenkamp,Senior Engineer
455123,Satoru,Lamparter,Senior Engineer
455129,Berni,Preusig,Senior Staff
455132,Uriel,Danley,Senior Staff
455133,Aran,Erva,Senior Engineer
455134,Yinlin,Bergere,Engineer
455138,Fatemeh,Choobineh,Senior Engineer
455142,Youssef,Bashian,Senior Engineer
455143,Changho,Kolvik,Senior Engineer
455145,Tsuneo,Papsdorf,Technique Leader
455148,Mototsugu,Kilgour,Staff
455154,Yannik,Molberg,Senior Staff
455157,Ravishankar,Setiz,Senior Staff
455159,Demin,Benantar,Senior Staff
455160,Mahendra,Cooley,Senior Engineer
455163,Rafols,England,Senior Engineer
455164,Khosrow,Wilfing,Senior Staff
455165,Snehasis,Pargas,Senior Staff
455167,Irene,Schach,Staff
455171,Navin,Wolniewicz,Engineer
455172,Chiradeep,Litecky,Senior Engineer
455173,Takahira,Poehlman,Staff
455179,Seongbin,Varman,Staff
455180,Mandell,Llado,Senior Staff
455181,Vugranam,Kakkar,Staff
455182,Khoa,Hofman,Senior Staff
455186,Shounak,Lortz,Staff
455188,Kish,Brandsma,Staff
455191,Debaprosad,Schauser,Senior Staff
455192,Shigeichiro,Schwartzbauer,Engineer
455203,Brewster,Karcich,Senior Engineer
455204,Eckart,Conte,Senior Staff
455206,Ult,Erdi,Staff
455208,Renny,Apsitis,Engineer
455209,Shrikanth,Rassart,Senior Engineer
455211,Mohit,Olivero,Staff
455213,Tomokazu,Narahari,Engineer
455218,Lech,Paludetto,Technique Leader
455219,Kazuhiro,Chelton,Senior Staff
455220,Raimond,Gadepally,Engineer
455223,Sariel,Fabrizio,Senior Engineer
455230,Manohar,Baranowski,Staff
455233,Ronnie,Simmel,Staff
455237,Kotesh,Walston,Senior Engineer
455238,Dayanand,Hanabata,Senior Engineer
455240,Yishai,Speckmann,Senior Engineer
455244,Moriyoshi,Eldridge,Senior Staff
455251,Kristinn,Jiafu,Senior Engineer
455258,Vatsa,Leuchs,Senior Engineer
455266,Zita,Czaja,Senior Engineer
455275,Halsur,Camarinopoulos,Senior Staff
455276,Djenana,Bodoff,Staff
455279,Shuichi,Marchesini,Engineer
455280,Nathalie,Keustermans,Engineer
455282,Uma,Besancenot,Engineer
455290,Heng,Jording,Senior Engineer
455297,Tetsushi,Ritcey,Senior Staff
455301,Mikhail,Harnett,Senior Staff
455302,Yaghout,Deverell,Staff
455308,Kristof,Perez,Senior Staff
455318,Houman,Schaaf,Senior Staff
455321,Tua,Denis,Senior Engineer
455324,Ger,Harnett,Senior Engineer
455332,Berto,Parfitt,Senior Staff
455333,Souichi,Anick,Senior Engineer
455335,Hisao,Akaboshi,Senior Engineer
455336,Debaprosad,Hatcliff,Senior Staff
455337,Kamakshi,Berendt,Senior Engineer
455339,Greger,Erbe,Engineer
455347,Chinhyun,Laventhal,Senior Engineer
455349,Candida,Erdmenger,Senior Staff
455354,Caolyn,Muntz,Senior Engineer
455355,Remko,Rotem,Staff
455356,Gretta,Murthy,Engineer
455361,Ebbe,Comte,Staff
455370,Along,Hanabata,Senior Staff
455373,Shimshon,Eiter,Senior Staff
455374,Oldrich,Alpay,Senior Staff
455375,Sumali,Zhang,Senior Engineer
455377,Masali,Bail,Staff
455380,Herb,Zyda,Senior Staff
455381,Zvonko,Cherinka,Engineer
455392,Wojceich,Rothenberg,Senior Engineer
455394,Temple,Escriba,Senior Staff
455395,Amstein,Kalorkoti,Assistant Engineer
455398,Marke,Montresor,Staff
455401,Seongbae,Gulik,Technique Leader
455402,Nidapan,Luce,Senior Staff
455407,JiYoung,Munoz,Senior Engineer
455408,Pradeep,Schwaller,Technique Leader
455413,Roddy,Matzat,Senior Engineer
455420,Diederik,Vecchio,Staff
455422,Takahiro,Angelopoulos,Staff
455430,Miyeon,Melichar,Senior Staff
455431,Kristine,Noriega,Senior Staff
455435,Berthier,Pelz,Assistant Engineer
455436,Tommaso,Alencar,Senior Engineer
455441,Yifei,Schiper,Senior Staff
455442,Berna,Bernini,Senior Engineer
455445,Godehard,Ressouche,Technique Leader
455448,Eric,Sichman,Senior Engineer
455457,Masali,Molenkamp,Senior Engineer
455461,Adam,Angel,Staff
455464,Willard,Crelier,Senior Staff
455470,Gal,Toyoshima,Senior Engineer
455476,Limsoon,Speek,Senior Staff
455479,Barna,Luce,Senior Engineer
455483,Katsuo,Matzov,Engineer
455484,Sven,Encarnacion,Staff
455488,Khoa,Huttel,Engineer
455490,Sanjiv,Wielonsky,Senior Staff
455494,Moie,Assaf,Senior Staff
455496,Kasidit,Schaap,Senior Staff
455506,Hailing,Penn,Senior Engineer
455508,Holgard,Chvatal,Engineer
455512,Nevin,Pollock,Senior Engineer
455513,Brewster,Rosay,Senior Engineer
455517,Udi,Brookman,Senior Staff
455519,Shuzo,Androutsos,Engineer
455525,Duro,Murtagh,Senior Engineer
455526,Arif,Nitto,Senior Engineer
455528,Gonzalo,Cheshire,Engineer
455529,Hidefumi,Rodier,Senior Staff
455532,Munehiko,Falco,Senior Engineer
455533,Raimond,Shihab,Senior Staff
455535,Shuky,Iivonen,Assistant Engineer
455536,Kenroku,Kushner,Senior Staff
455538,Stabislas,Norsworthy,Senior Staff
455544,Naftaly,Rosch,Senior Staff
455545,DAIDA,Delgrange,Staff
455554,Xinyu,Pietrzykowski,Senior Staff
455557,Oksana,Bazelow,Senior Engineer
455559,Shan,Papastamatiou,Senior Staff
455566,Fayez,Swan,Senior Staff
455568,Georgy,Kaiser,Senior Staff
455570,Shaleah,Showalter,Senior Staff
455574,Gaetan,Luan,Senior Staff
455579,Evgueni,Birrer,Senior Staff
455581,Uma,Waschkowski,Senior Staff
455583,Arch,Gniady,Engineer
455586,Inderjeet,Iacovou,Senior Engineer
455590,Claude,Danlos,Engineer
455601,Arun,Poupard,Senior Staff
455615,Barna,Azulay,Senior Engineer
455621,Paddy,Stanger,Staff
455622,Teiji,Klyachko,Senior Engineer
455626,Nirmal,Piancastelli,Senior Staff
455628,Menkae,Guting,Engineer
455630,Jiong,Muchinsky,Senior Staff
455631,Barry,Gewali,Technique Leader
455640,Takushi,Levasseur,Engineer
455641,Francoise,Rosenbaum,Senior Engineer
455642,Yuchang,Brandsma,Senior Staff
455648,Shuzo,Munawer,Senior Staff
455649,Kirk,Marwedel,Senior Engineer
455651,Feiyu,Baer,Senior Engineer
455669,Reuven,Giaccio,Staff
455676,Oksana,Pocchiola,Engineer
455680,Uzi,Janocha,Senior Staff
455682,Jahangir,Ranka,Engineer
455703,Guttorm,Jansch,Staff
455704,Greger,Schlumberger,Senior Staff
455710,Neelam,Vigier,Engineer
455711,Bartek,Picel,Senior Engineer
455712,Ramzi,Fairtlough,Senior Staff
455715,Masato,Kamble,Engineer
455716,Jianhao,Koprowski,Engineer
455717,Xumin,Stellhorn,Engineer
455727,Kolar,Veccia,Senior Staff
455731,Debatosh,Ouhyoung,Engineer
455734,Boutros,Chachaty,Senior Engineer
455736,Niteen,Denti,Senior Engineer
455737,Pragnesh,Walstra,Senior Staff
455745,Moni,Giveon,Senior Engineer
455751,Theirry,Murthy,Engineer
455753,Brendon,Perly,Staff
455755,Mihalis,Kenevan,Senior Engineer
455757,Valeri,Serot,Senior Staff
455758,Garnet,Nilsson,Senior Engineer
455759,Maik,Smailagic,Senior Staff
455763,Limsoon,Brobst,Staff
455764,Masasuke,Codenie,Senior Staff
455765,Shim,Gronowski,Senior Engineer
455768,Ramzi,Cappelletti,Senior Engineer
455769,KayLiang,Braunmuhl,Senior Staff
455770,Petter,Picci,Senior Staff
455774,Otmar,Selvestrel,Senior Staff
455778,Ult,Krohn,Senior Engineer
455788,Nitsan,Emmart,Senior Staff
455798,Oscal,Jahnichen,Senior Staff
455801,Suzette,Paludetto,Senior Engineer
455805,Sergi,Stentiford,Senior Staff
455806,Bogdan,Schahn,Senior Staff
455809,Ramachenga,Dusink,Senior Engineer
455810,Randi,Cannata,Technique Leader
455817,Tadahiro,Restivo,Technique Leader
455818,Rosita,Validov,Engineer
455824,Ibibia,Passafiume,Senior Engineer
455825,Limsoon,Iacovou,Senior Staff
455827,Yuuichi,Valette,Assistant Engineer
455837,Sachin,Lindqvist,Senior Staff
455840,Naraig,Aumann,Senior Staff
455841,Seshu,Kaelbling,Senior Staff
455843,Nadjib,Kolvik,Engineer
455844,Masadi,Rosiles,Technique Leader
455846,Bokyung,Rusterholz,Engineer
455848,Pramod,Penttonen,Senior Engineer
455849,Hidekazu,Perko,Senior Engineer
455851,Bezalel,Rodiger,Senior Engineer
455858,Khalil,Silva,Staff
455864,Heather,Hegner,Senior Engineer
455865,Pranjal,Gire,Engineer
455871,Sachar,Verspoor,Senior Engineer
455873,Shiv,Vickson,Engineer
455879,Radoslaw,Montresor,Engineer
455880,Kannan,Schreiter,Senior Engineer
455883,Siddarth,Wissmann,Senior Staff
455884,Sadegh,Kusalik,Senior Engineer
455892,Adas,Begiun,Senior Staff
455894,Chikara,Peir,Engineer
455898,Sastry,Beausoleil,Senior Engineer
455901,Ramachenga,Templeman,Senior Engineer
455902,Marsha,Demos,Engineer
455905,Ziyad,Peres,Senior Engineer
455913,Berna,Manders,Staff
455916,Erez,Chappelet,Engineer
455918,Padma,Lores,Senior Staff
455921,Parviz,Samarati,Senior Engineer
455923,Salvador,Cesareni,Senior Engineer
455927,Gina,Deverell,Senior Staff
455929,Guozhong,Benantar,Senior Staff
455932,Wanqing,Polupanov,Senior Engineer
455933,Danco,Beilner,Technique Leader
455935,TRUE,Milicia,Senior Engineer
455936,Mohammad,Azuma,Senior Engineer
455940,Perry,Decaestecker,Senior Engineer
455942,Naftali,Axelband,Senior Engineer
455947,Dipankar,Veccia,Senior Engineer
455948,Xinglin,Guardalben,Senior Staff
455949,Adam,Harllee,Engineer
455954,Makato,Bodoff,Engineer
455957,Mack,Basagni,Senior Staff
455966,Guoxiang,Rissanen,Senior Staff
455969,Khun,Ferriere,Senior Engineer
455977,Sanjay,Beidas,Staff
455978,Hitofumi,Binding,Engineer
455980,Masali,Chaudhuri,Senior Engineer
455981,Manibrata,Kropatsch,Engineer
455983,Shugo,Tetzlaff,Senior Staff
455985,Zsolt,McAlpine,Senior Engineer
455987,Susanta,Erol,Senior Staff
455991,Luisa,Ghelli,Senior Staff
455998,Dante,Panangaden,Senior Staff
455999,Dhritiman,Nastansky,Technique Leader
456005,Jordanka,Kamber,Senior Engineer
456007,Souichi,Aloia,Senior Staff
456015,Wuxu,Narlikar,Engineer
456022,Ortrun,Hanabata,Senior Engineer
456025,Jaques,Engberts,Engineer
456030,Yechezkel,Smeets,Senior Engineer
456036,Hitofumi,Swist,Senior Engineer
456038,Valdiodio,Vitiello,Senior Staff
456044,Sushant,Kamble,Staff
456046,Chikako,Sifakis,Senior Staff
456047,Fumitake,Pardalos,Senior Staff
456049,Mrinalini,Gecsel,Senior Staff
456052,Ishfaq,Rosaz,Staff
456053,Eldridge,Buescher,Senior Engineer
456057,Shugo,Przulj,Senior Engineer
456063,Jayesh,Bolotov,Senior Staff
456064,Paraskevi,Schnelling,Senior Staff
456066,Howell,Chenney,Engineer
456071,Harngdar,Zaccaria,Senior Staff
456072,Zorica,Perfilyeva,Senior Staff
456073,Amstein,Pellegrinelli,Engineer
456078,Christoper,Ranka,Engineer
456079,Ayakannu,Kalefeld,Senior Staff
456087,Przemyslawa,Sherertz,Senior Staff
456089,Huican,Kamber,Senior Engineer
456093,Flemming,Ramaiah,Senior Engineer
456100,Monique,Lalonde,Senior Staff
456101,Masako,Krone,Senior Engineer
456104,King,Ranft,Senior Engineer
456111,Vincent,Legleitner,Senior Staff
456113,JoAnne,Holburn,Staff
456114,Rimli,Laventhal,Senior Staff
456117,Youjian,Merks,Senior Engineer
456124,Tadahiro,Sadowsky,Technique Leader
456133,Aleksander,Ullian,Senior Staff
456144,Naraig,Hennings,Senior Staff
456146,Giap,Stemann,Staff
456149,Sigeru,Grospietsch,Senior Engineer
456153,Arif,Kusakabe,Staff
456154,Ewing,Biran,Assistant Engineer
456157,Elrique,Benner,Senior Engineer
456158,Jungsoon,Takanami,Senior Engineer
456159,Vidya,Brendel,Engineer
456160,Kaijung,Leivant,Senior Staff
456161,Pranas,Lindenbaum,Senior Staff
456163,Xiong,Luca,Technique Leader
456169,Kinh,Perl,Senior Engineer
456173,Diederik,Sommen,Senior Staff
456174,Vojin,Raczkowsky,Senior Staff
456177,Yaghout,Hitomi,Staff
456180,Kazuhira,Lieberherr,Staff
456182,Clyde,Mellouli,Senior Engineer
456183,Adamantios,Bennis,Senior Engineer
456185,Troy,Shrader,Senior Staff
456187,Youssef,Bail,Senior Engineer
456189,Shuzo,Mondadori,Senior Engineer
456191,Radhakrishnan,Lorys,Staff
456193,Naraig,Gien,Senior Engineer
456194,Halsur,Cmelik,Staff
456204,Leif,Zschoche,Senior Staff
456205,Faiza,Botman,Senior Engineer
456208,Divier,Lanphier,Senior Staff
456211,Ohad,Dahlbom,Senior Engineer
456212,Aral,Rattan,Senior Engineer
456214,Frederique,Gecsel,Staff
456216,Kenroku,Beausoleil,Senior Engineer
456224,Halsur,Vitiello,Senior Staff
456227,Martina,Cappello,Senior Engineer
456231,Richara,Cheshire,Senior Staff
456234,Kensyu,Scallan,Senior Engineer
456240,Lene,Ravishankar,Senior Engineer
456241,Rafael,Bolsens,Senior Engineer
456244,Bilhanan,Papsdorf,Senior Staff
456245,Lena,Hiyoshi,Staff
456250,Kerryn,Roisin,Staff
456257,Xiaoshan,Verhoeff,Engineer
456258,Kristian,Anandan,Engineer
456264,Kazuhira,Atrawala,Senior Staff
456268,Kristine,Randt,Engineer
456269,Sastry,Fontan,Senior Staff
456270,Nimmagadda,Schoegge,Engineer
456272,Barun,Zaiane,Staff
456274,Jungsoon,Geffroy,Staff
456281,Freyja,Trystram,Senior Staff
456285,Yurij,Schlumberger,Engineer
456286,Maria,Taubenfeld,Senior Staff
456287,Atreye,Gill,Staff
456294,Vishv,Shinomoto,Senior Engineer
456300,Demin,Chiodo,Senior Engineer
456306,Amstein,Pargas,Senior Engineer
456312,Gio,Conta,Senior Engineer
456317,Lucian,Beerel,Senior Engineer
456323,Theron,Waterhouse,Staff
456326,Huican,Stentiford,Senior Staff
456330,Arco,Kulisch,Engineer
456332,Elzbieta,Jakobus,Engineer
456339,Achilleas,Rissland,Technique Leader
456346,Zorica,Guerreiro,Staff
456350,Mooi,Suri,Engineer
456354,Moty,Engberts,Staff
456355,Weiyi,Picaronny,Technique Leader
456356,Tadanori,Bratten,Senior Staff
456361,Bouchung,Georgatos,Senior Engineer
456364,Lunjin,Tagansky,Senior Engineer
456367,Yishai,Kleiser,Senior Staff
456369,Claude,Giveon,Senior Staff
456370,Richard,Griswold,Staff
456371,Ziva,Suomi,Senior Staff
456381,Yongdong,Ermel,Senior Engineer
456394,Nectarios,Bellone,Senior Staff
456402,Mario,Zumaque,Senior Staff
456403,King,Nourani,Staff
456405,Ung,Petereit,Senior Engineer
456410,Martina,Copas,Senior Staff
456411,Masanao,Maraist,Senior Staff
456414,Leandro,Marshall,Senior Engineer
456415,Dinkar,Tagansky,Senior Engineer
456416,Heeju,Lupu,Senior Engineer
456418,Roselyn,Radivojevic,Senior Staff
456419,Gritta,Bahl,Senior Staff
456421,Xiaoshan,Rosiles,Technique Leader
456422,Francoise,Brookman,Senior Staff
456423,Willard,Ratnakar,Senior Staff
456429,Deborah,Stasinski,Senior Staff
456430,Sukumar,Picel,Senior Staff
456435,Yaghout,Kaminger,Senior Engineer
456436,Gretta,Erbe,Engineer
456437,Goo,Hartvigsen,Engineer
456440,Kersti,Stassinopoulos,Senior Engineer
456441,Aluzio,Roccetti,Staff
456443,Moss,Merks,Senior Staff
456448,Gladys,Rissanen,Senior Staff
456451,Sakthirel,Brizzi,Technique Leader
456452,Bernd,Lund,Senior Staff
456453,Krassimir,Jumpertz,Senior Engineer
456454,Peer,Wursthorn,Engineer
456456,Adas,Yavatkar,Staff
456464,Leucio,Whitcomb,Engineer
456465,Kazuhito,Badr,Senior Staff
456467,Gaetan,Usery,Technique Leader
456473,Baoqiu,Ciolek,Senior Staff
456476,Spyrose,Lipner,Senior Engineer
456480,Gritta,Lamma,Senior Engineer
456481,Pantung,Billingsley,Engineer
456487,Jouko,Dechter,Senior Staff
456488,Guoxiang,Schauser,Assistant Engineer
456491,Unal,Biros,Senior Engineer
456499,Koichi,Lyonns,Senior Staff
456509,Gio,Schlegelmilch,Staff
456515,Kotesh,Lamparter,Engineer
456516,Magy,Jumpertz,Staff
456521,Ebbe,Wynblatt,Senior Engineer
456525,Fox,Kading,Senior Staff
456531,Cristinel,Lindqvist,Engineer
456532,Lijia,Penz,Senior Staff
456537,Charlene,Tramer,Engineer
456542,Odoardo,Hanabata,Senior Engineer
456552,Akemi,Horswill,Staff
456553,Aram,Gulla,Senior Staff
456554,Quingbo,Boissier,Engineer
456556,Gay,Ghemri,Senior Staff
456557,Dannz,Bashian,Senior Staff
456558,Shaibal,Cannard,Technique Leader
456559,Odysseas,Ritzmann,Senior Engineer
456560,Ohad,Krohn,Senior Engineer
456562,Sanjai,Brodie,Senior Staff
456565,Mototsugu,Koblick,Assistant Engineer
456569,Gurbir,Rando,Senior Engineer
456574,Djelloul,Conia,Engineer
456580,Marsha,Fortenbacher,Staff
456584,Paris,Talmon,Senior Engineer
456585,Fen,Highland,Senior Engineer
456589,Bodh,Limongiello,Senior Engineer
456592,Tesuro,Wossner,Staff
456595,Paraskevi,Velardi,Engineer
456599,Ung,Goldhammer,Senior Staff
456600,Berhard,Bahr,Senior Staff
456601,Zeljko,Sanella,Staff
456602,Sigeru,Denti,Staff
456603,Khun,Trystram,Senior Engineer
456605,Parto,Hellwagner,Senior Engineer
456607,Chiranjit,Panienski,Senior Engineer
456610,Erez,Ellozy,Senior Engineer
456614,Djenana,Iisaku,Senior Engineer
456620,Dekang,Avouris,Senior Engineer
456631,Stevo,Koyama,Technique Leader
456632,Geoff,Smeets,Senior Engineer
456633,Paloma,Portugali,Senior Staff
456641,Sastry,Georgatos,Engineer
456647,Arvin,Hiltgen,Senior Staff
456650,Vidar,Lindenbaum,Senior Engineer
456652,Toshimitsu,Rassart,Technique Leader
456657,Frederique,Akaboshi,Staff
456659,Seongbae,Azuma,Senior Engineer
456661,Phillip,Rossi,Senior Staff
456663,Elliott,Monarch,Senior Staff
456672,Jongsuk,Schaap,Senior Engineer
456675,Adin,Sethi,Senior Staff
456677,Kien,Lieblein,Senior Staff
456683,Yishai,Qiwen,Senior Engineer
456684,Tianruo,Geffroy,Staff
456685,Gladys,Champarnaud,Staff
456686,Erzsebet,Rothenberg,Senior Staff
456688,Petter,Apsitis,Senior Engineer
456691,Zine,Unno,Staff
456692,Akeel,Polupanov,Senior Engineer
456702,Zorica,Tomescu,Senior Staff
456707,Kersti,Kalafatis,Staff
456711,Kendra,Benzmuller,Technique Leader
456712,Leah,Underwood,Senior Staff
456713,Rajmohan,Isaac,Staff
456714,Guiseppe,Schmiedel,Senior Engineer
456718,Arumugam,Gurbaxani,Senior Staff
456719,Basem,Shumilov,Senior Staff
456720,Toshimo,Roccetti,Senior Engineer
456721,Miquel,Adachi,Engineer
456732,Kazuhiko,Roohalamini,Engineer
456736,Anoosh,Pettit,Senior Staff
456741,Christoper,Back,Senior Engineer
456744,Maia,Chandrasekhar,Senior Engineer
456745,Yishai,Ishibashi,Senior Staff
456751,Danai,Pfau,Senior Staff
456752,Ulf,Perin,Staff
456760,Shigeo,Wursthorn,Technique Leader
456761,Gregory,Auyong,Engineer
456764,Moss,Pearson,Senior Engineer
456765,Duro,Kriebel,Senior Staff
456766,Odoardo,Kisuki,Senior Engineer
456768,Aimee,Einsfeld,Engineer
456769,Kiam,Molenaar,Senior Engineer
456771,Divine,Munoz,Staff
456772,Marlo,McConalogue,Senior Engineer
456774,Shaunak,Cappelli,Technique Leader
456780,Gianluca,Birsak,Engineer
456782,Chandrasekaran,Vuskovic,Engineer
456783,Shaunak,Furudate,Senior Staff
456788,Petter,Fandrianto,Assistant Engineer
456792,Alselm,Beznosov,Senior Engineer
456793,Abdelkader,Haddadi,Senior Engineer
456797,Przemyslawa,Goldhammer,Senior Engineer
456798,Barun,Krone,Senior Staff
456801,Chaoyi,Eastman,Engineer
456806,Filipp,Vingron,Senior Engineer
456816,Mountaz,Aumann,Assistant Engineer
456819,Gilbert,Ohori,Staff
456821,Yuchang,Hanratty,Engineer
456822,Aram,Siochi,Senior Staff
456827,Panayotis,Chiola,Engineer
456828,Kristof,Rando,Senior Staff
456831,Houman,Brattka,Senior Staff
456838,Adin,Makrucki,Senior Engineer
456839,Leszek,Claffy,Engineer
456840,Lubomir,Papadias,Engineer
456847,Nectarios,Collette,Engineer
456848,Maria,Meszaros,Engineer
456851,Terresa,Cooman,Senior Engineer
456853,Brendon,Erdmenger,Senior Staff
456857,Manton,Perng,Engineer
456858,Fan,Bala,Senior Engineer
456864,Elrique,Herber,Engineer
456870,Mingzeng,Maliniak,Senior Engineer
456871,Yonghong,Delgrande,Senior Engineer
456875,Kayoko,Gronowski,Staff
456876,Jinya,Puoti,Senior Staff
456880,Sven,Bahr,Staff
456881,Dinkar,Walston,Senior Staff
456885,Deborah,DasSarma,Senior Engineer
456886,Haldun,Templeman,Senior Engineer
456889,Domenick,Clemencon,Engineer
456891,Berhard,Griswold,Senior Staff
456894,Alper,Trelles,Senior Staff
456895,Alper,Montemayor,Engineer
456899,Christophe,Coors,Senior Staff
456900,Gina,Businaro,Senior Staff
456905,Filipe,Tzvieli,Senior Engineer
456906,Houman,Flexer,Senior Engineer
456910,Niclas,Farrar,Senior Staff
456913,Randy,Broder,Senior Staff
456915,Utpal,Larfeldt,Senior Engineer
456918,Brewster,Shumilov,Senior Staff
456919,Garnet,Homond,Senior Engineer
456922,Murthy,Wixon,Staff
456925,Maren,Leijenhorst,Engineer
456927,Kensei,Comellas,Senior Staff
456929,Torsten,Capobianchi,Senior Staff
456930,Hatem,Lorin,Staff
456933,Carrsten,Ouhyoung,Senior Staff
456937,Ayonca,Liedekerke,Senior Engineer
456940,Mohammad,Kaiserswerth,Engineer
456941,Jamaludin,Ishibashi,Senior Staff
456944,TRUE,Trogemann,Senior Engineer
456947,Tsutomu,Porotnikoff,Senior Engineer
456953,Xinyu,Assaf,Engineer
456954,Arunachalam,Restivo,Senior Staff
456959,Giordano,Figueira,Senior Engineer
456963,Toney,Fairtlough,Senior Engineer
456964,Tayeb,Giveon,Engineer
456966,Kiam,Rissanen,Senior Staff
456970,Genta,Dehkordi,Staff
456973,Suzette,Auria,Senior Engineer
456974,Shalesh,Kleiser,Staff
456977,Kitty,Demke,Staff
456986,Miomir,Angot,Senior Staff
456989,Jinpo,Sooriamurthi,Senior Engineer
456990,Urs,Merks,Senior Engineer
456992,Duro,Oberman,Engineer
457005,Dharmaraja,Slutz,Senior Engineer
457006,Candida,Keustermans,Senior Staff
457007,Xiaopeng,Sinicrope,Staff
457008,Subhrajyoti,Welham,Senior Staff
457010,Elzbieta,Anick,Staff
457014,Hidefumi,Swiss,Senior Staff
457015,Yoshinari,Biran,Senior Staff
457020,Shimshon,Demir,Senior Staff
457028,Kenton,Hedayat,Staff
457041,Stepehn,Demeyer,Senior Staff
457042,Claudi,Merli,Senior Staff
457044,Zissis,Sooriamurthi,Senior Engineer
457047,Duke,Snedden,Senior Engineer
457051,Rosli,Bain,Senior Staff
457054,Pascal,Litecky,Senior Engineer
457056,Phillip,Eppinger,Staff
457059,Geoffry,Kroft,Senior Staff
457062,Bilhanan,Lores,Senior Staff
457071,Gino,Herath,Engineer
457074,Mingzeng,Magalhaes,Engineer
457078,Panayotis,Babu,Senior Engineer
457085,Tommaso,Delgrande,Senior Staff
457087,Spyrose,Demke,Senior Staff
457088,Gou,Coorg,Staff
457089,Jacqueline,Lambe,Senior Engineer
457092,Serif,Kriebel,Technique Leader
457093,Pragnesh,Litecky,Staff
457096,Utz,Tomescu,Engineer
457103,Shaunak,Khasidashvili,Senior Staff
457108,Reinhold,Rullman,Senior Staff
457112,Licheng,McClurg,Senior Engineer
457113,Barry,Cummings,Senior Staff
457114,Kwan,Peot,Senior Staff
457115,Hilary,Narlikar,Engineer
457123,Emdad,Farrar,Engineer
457125,Leah,Krupka,Senior Staff
457126,Hongzue,Warwick,Senior Staff
457131,Visit,Herbst,Staff
457135,Mana,Kleiser,Senior Staff
457138,Stepehn,Baek,Senior Engineer
457149,Conrado,Huxford,Engineer
457154,Diederik,Kitai,Staff
457158,Isamu,Socorro,Senior Staff
457162,Yakichi,Rikino,Engineer
457169,Yefim,Kading,Senior Engineer
457172,Magdalena,Walstra,Engineer
457173,Gennady,Pluym,Senior Engineer
457177,Kamakshi,McClurg,Senior Staff
457184,Akemi,Makrucki,Senior Staff
457189,Alain,Schnabel,Senior Engineer
457191,Barun,Iacovou,Assistant Engineer
457196,Sanjiv,Chachaty,Senior Staff
457198,Shan,Kaiserswerth,Engineer
457199,Cathie,Matteis,Senior Staff
457201,Bowen,Muhling,Engineer
457202,Uzi,Mersereau,Senior Staff
457204,Zhenbing,Brizzi,Engineer
457206,Zhiguo,Nitta,Senior Engineer
457210,Constantine,Sherertz,Senior Staff
457219,Sedat,Matheson,Senior Engineer
457220,Lena,Kushner,Engineer
457223,Tomokazu,Pettit,Engineer
457224,Mohd,Emden,Senior Staff
457225,Hironoby,Seuren,Senior Staff
457231,Francesca,Staylopatis,Senior Staff
457237,Mansur,Kalsbeek,Senior Engineer
457240,Masali,Kitsuregawa,Senior Staff
457242,Fumiyo,Alencar,Senior Engineer
457248,Anyuan,Camurati,Senior Staff
457254,Srinidhi,Simmel,Engineer
457255,Amstein,Hellwagner,Senior Engineer
457263,Mantis,Carrere,Staff
457265,Sangeeta,Zeilberger,Senior Engineer
457266,Basem,Spelt,Senior Engineer
457267,Dung,Androutsos,Senior Engineer
457269,Shuky,Giaccio,Engineer
457275,Alselm,Fetvedt,Senior Staff
457279,Yuping,Reutenauer,Technique Leader
457282,Arra,Conta,Staff
457284,Berthier,Schnabel,Senior Staff
457285,Martine,Weedman,Senior Engineer
457287,Morrie,Copas,Engineer
457291,Charlene,Kitsuregawa,Senior Engineer
457295,Janalee,Rusterholz,Technique Leader
457299,Zito,Molenkamp,Engineer
457310,Masali,Butner,Engineer
457312,Woody,Bahr,Senior Staff
457314,Sadun,Diderrich,Engineer
457315,Richard,Ducloy,Senior Engineer
457319,Tristan,Pews,Senior Staff
457321,Nevin,Muhling,Senior Engineer
457322,Youssef,Flasterstein,Staff
457335,Ugo,Figueira,Senior Staff
457345,Herbert,Wendorf,Senior Engineer
457346,Jeanna,Schlegelmilch,Senior Staff
457348,Augustine,Chachaty,Engineer
457350,Kristof,Zweizig,Senior Engineer
457353,Maia,Luke,Senior Staff
457356,Shahab,Dalphin,Senior Staff
457360,Fumitaka,Rosar,Senior Staff
457370,Magy,Milicia,Senior Engineer
457371,Geraldo,Grandbois,Senior Engineer
457372,Byong,Pettit,Senior Staff
457377,Huiqun,Larfeldt,Senior Staff
457384,Limsoon,Prampolini,Senior Staff
457387,Nikolaus,Redmiles,Senior Staff
457389,Shigehito,Speer,Staff
457392,Taisook,Terlouw,Senior Engineer
457393,Monique,Zuberek,Senior Engineer
457395,Jianhao,Sommen,Senior Engineer
457417,Hongzue,Kirkerud,Senior Engineer
457422,Dung,Fasbender,Senior Staff
457432,Rildo,Gihr,Staff
457440,Basil,Demeyer,Technique Leader
457441,Woody,Flexer,Senior Engineer
457442,Lillian,Gilg,Senior Engineer
457443,Wonhee,Sethi,Senior Staff
457446,Yagil,Cincotta,Staff
457450,Jinya,Bael,Senior Staff
457457,Nahid,Moehrke,Senior Engineer
457458,Fay,Wilharm,Senior Engineer
457459,Huei,Schieder,Staff
457461,Sachio,Chenoweth,Senior Engineer
457463,Kristin,Seuren,Senior Staff
457465,Ger,Rissanen,Engineer
457473,Shaunak,Pollock,Engineer
457478,Rosalie,Joslin,Senior Engineer
457479,Sandeepan,Wynblatt,Staff
457481,Lena,Wursthorn,Senior Staff
457486,Muzhong,Lamma,Senior Engineer
457487,Padma,Valtorta,Senior Staff
457497,Otmar,Quaggetto,Staff
457502,Carrsten,Ratzlaff,Senior Engineer
457503,Utpal,Alencar,Staff
457505,Alenka,Heemskerk,Senior Staff
457510,Christoper,Chachaty,Senior Staff
457512,Ingemar,Hennebert,Staff
457513,Chriss,Bashian,Senior Staff
457514,Persi,Rajcani,Senior Engineer
457519,Quingbo,Lupu,Staff
457528,Phule,Merle,Staff
457530,Salvador,Sambasivam,Senior Engineer
457541,Jovan,Furudate,Senior Engineer
457544,Sanjeeva,Edelhoff,Senior Engineer
457548,Leszek,Lorho,Technique Leader
457550,Mingdong,Schlegelmilch,Staff
457552,Stabislas,Plesums,Engineer
457554,Susumu,Tchuente,Senior Engineer
457557,Ranga,Boudaillier,Engineer
457563,Duke,Pintelas,Senior Engineer
457564,Heather,Riefers,Senior Staff
457575,Pradeep,Parveen,Senior Staff
457576,Toney,Luby,Staff
457577,Adin,Rosay,Staff
457581,Hidefumi,Miake,Senior Staff
457584,Sandeepan,Teitelbaum,Senior Staff
457587,Arvin,Jansen,Senior Engineer
457591,Jaewoo,Imataki,Senior Engineer
457592,Weiwu,Ducloy,Assistant Engineer
457594,Ebru,Kermarrec,Senior Engineer
457597,Manton,Berstel,Senior Engineer
457598,Marla,Vidya,Technique Leader
457599,Cheong,Hambrick,Engineer
457601,Magdalena,Leuchs,Senior Engineer
457602,Zhigen,Bazzichi,Senior Staff
457606,Bodo,Janocha,Senior Staff
457612,Nimmagadda,Delaune,Staff
457616,Cristinel,Hiroyama,Senior Staff
457622,Christoph,Kulisch,Technique Leader
457624,Jayson,Jeansoulin,Senior Staff
457627,Hiroyasu,Giaccio,Senior Engineer
457631,Naftali,Foong,Engineer
457632,Krisda,Langford,Staff
457636,Tokuyasu,Flexer,Senior Staff
457641,Richard,Biros,Senior Engineer
457643,Alejandra,Peac,Engineer
457651,Hongzhu,Pauthner,Senior Engineer
457652,Weiru,Alpay,Senior Staff
457656,Nirmal,Lunn,Senior Engineer
457658,Manton,Rullman,Senior Staff
457663,Leif,Kalefeld,Technique Leader
457667,Mahmut,Kumaresan,Senior Staff
457673,Saeko,Chleq,Engineer
457674,Niranjan,Lindenbaum,Senior Staff
457683,Janalee,Zultner,Senior Staff
457698,Mrinalini,Kowalchuk,Staff
457701,Sibyl,Miara,Senior Staff
457704,Khosrow,Tsukune,Senior Staff
457707,Susuma,Tetzlaff,Senior Engineer
457709,Somnath,Gewali,Senior Engineer
457713,Aris,Falby,Senior Staff
457717,Jeong,Iwayama,Senior Engineer
457722,Arco,Alpay,Senior Engineer
457726,Jinpo,Lortz,Senior Staff
457730,Mariangiola,Przulj,Senior Engineer
457734,Mohit,Ouhyoung,Engineer
457744,Zorica,Benaini,Senior Staff
457752,Eran,Prenel,Senior Engineer
457759,Heng,Chorvat,Senior Engineer
457762,Khue,Garnier,Senior Staff
457770,Ute,Nitsch,Senior Staff
457775,Chanjung,Erev,Staff
457787,Achilleas,Manders,Senior Engineer
457789,Shir,Sethi,Senior Engineer
457799,Shakhar,Veccia,Senior Staff
457801,Abdulla,Antonakopoulos,Senior Staff
457802,Radoslaw,Merle,Senior Staff
457803,Venkatesan,Bail,Senior Staff
457807,Huan,Zumaque,Senior Staff
457811,Jiong,Rindone,Senior Engineer
457814,Heejo,Openshaw,Staff
457821,Otmar,Codenie,Senior Staff
457822,Richard,Halloran,Staff
457824,Lalit,Uehara,Senior Engineer
457828,Bedir,Akaboshi,Senior Engineer
457835,Guther,Berztiss,Engineer
457836,Yoshinari,Veeraraghavan,Senior Engineer
457842,Xianlong,Sidou,Senior Engineer
457846,Krisda,Alblas,Senior Staff
457849,Vugranam,Benveniste,Senior Staff
457852,Gor,Emmerich,Senior Staff
457853,Adib,Morrey,Senior Engineer
457856,Sudharsan,Cusworth,Senior Staff
457859,Yaghout,Beausoleil,Senior Engineer
457861,Oguz,Mitzlaff,Staff
457862,Masamitsu,Holburn,Senior Engineer
457866,Eckart,Potthoff,Senior Engineer
457877,Howell,Talmon,Engineer
457880,Chrisa,Segond,Senior Staff
457890,Thodoros,Fendler,Engineer
457891,Steen,Tramer,Senior Staff
457892,Sven,Nitto,Engineer
457893,Shaowen,Valiente,Senior Staff
457894,Augustine,Ranst,Senior Engineer
457899,Martien,Apsitis,Engineer
457900,Pranas,Dahlbom,Senior Staff
457901,Weiye,Gluchowski,Senior Staff
457906,Mona,Ramaiah,Engineer
457908,Garnik,Barinka,Senior Engineer
457911,Shaibal,Rindone,Senior Engineer
457918,Weijing,Koshiba,Senior Engineer
457919,Takanari,Kawashimo,Engineer
457924,Sumali,Perin,Senior Staff
457925,Tianruo,Lund,Senior Staff
457926,Hsiangchu,DasSarma,Engineer
457933,Sahrah,Przulj,Engineer
457937,Krister,Jeansoulin,Senior Engineer
457939,Tomokazu,Bernardeschi,Senior Engineer
457943,Heng,Varley,Senior Engineer
457946,Kolar,Kleiser,Assistant Engineer
457948,Fayez,Basagni,Senior Engineer
457964,Nigel,Zallocco,Senior Engineer
457965,Tua,Peot,Senior Engineer
457968,Seongbin,Wissmann,Senior Engineer
457970,Herb,Matteis,Technique Leader
457972,Stamatina,Luck,Senior Engineer
457973,Shahid,Maksimenko,Senior Staff
457978,Shahaf,Peroz,Engineer
457982,Arumugam,Vecchi,Technique Leader
457988,Wilmer,Spieker,Senior Engineer
457990,Taiji,Oaver,Senior Engineer
457993,Boalin,Bahk,Senior Engineer
457995,Byong,Hiraishi,Senior Staff
457997,Patricia,Gronowski,Senior Staff
457999,Eben,Waeselynck,Assistant Engineer
458000,Nakhoon,Syang,Staff
458001,Aamer,Hoogerwoord,Senior Staff
458008,Itzchak,Lowrie,Senior Engineer
458009,Rosine,Laventhal,Senior Engineer
458012,Keung,Selvestrel,Senior Engineer
458013,Bernt,Pettit,Engineer
458015,Amalendu,Noriega,Senior Engineer
458017,Sampalli,Pellegrinelli,Senior Staff
458026,Vesna,Veeraraghavan,Senior Staff
458030,Uta,Sambasivam,Engineer
458032,Kiyokazu,Bultermann,Senior Engineer
458034,Jacopo,Rodier,Senior Staff
458036,Shai,Chiodo,Senior Engineer
458040,JiYoung,Andreotta,Senior Staff
458041,Moty,Baig,Senior Staff
458043,Tsutomu,Braunmuhl,Engineer
458048,Hugo,Onuegbe,Staff
458054,Yagil,Benaini,Senior Engineer
458056,Garnet,Pocchiola,Senior Staff
458058,Marjo,Klassen,Senior Engineer
458063,Krassimir,Piazza,Senior Staff
458071,Sadok,Chenoweth,Staff
458080,Conor,Ecklund,Staff
458083,Tse,Shackel,Engineer
458084,DAIDA,Stamatiou,Staff
458090,Teunis,Hofstetter,Senior Engineer
458098,Atreyi,Samarati,Staff
458104,Jianhui,Cannane,Senior Engineer
458105,Zejun,Jonsson,Senior Engineer
458106,Odoardo,Saoudi,Senior Staff
458107,Denis,Schwabacher,Staff
458109,Takushi,Hardjono,Senior Engineer
458113,Shigeu,Barriga,Staff
458117,Stepehn,Eastman,Senior Staff
458129,Neelam,Kuszyk,Engineer
458135,Navid,Olivero,Engineer
458139,Stabislas,Vidal,Engineer
458143,Conor,Karlin,Staff
458147,Erzsebet,Ramsey,Senior Staff
458162,Pragnesh,Pearson,Technique Leader
458166,Arun,Vieth,Engineer
458172,Taizo,Reistad,Senior Engineer
458176,Mahmut,Hellwagner,Senior Engineer
458177,Kazuhisa,Pokrovskii,Staff
458188,Rasikan,Marrevee,Engineer
458193,Sajjad,Dayana,Senior Staff
458196,Brendon,Llado,Technique Leader
458199,Yuguang,Isard,Senior Engineer
458203,Monique,Fargier,Senior Engineer
458208,Temple,Gargeya,Senior Engineer
458210,Along,Engberts,Senior Staff
458213,Suvo,Barriga,Senior Engineer
458217,Sashi,Worfolk,Senior Staff
458222,Djenana,Kavvadias,Senior Staff
458223,Yuping,Imataki,Assistant Engineer
458225,Aiichiro,Kamber,Senior Staff
458228,Fen,Kalloufi,Technique Leader
458229,Kagan,Bauknecht,Staff
458231,Jessie,Birch,Senior Engineer
458235,Lakshmi,Luiz,Senior Engineer
458236,Tadahiko,Kumaresan,Senior Engineer
458238,Barton,Baumann,Senior Engineer
458243,Ung,Ghazalie,Senior Staff
458252,Aimee,Lorys,Staff
458256,Wayne,Conta,Staff
458257,Kayoko,Sabnani,Senior Engineer
458259,Kristina,Malinowski,Engineer
458262,Masadi,Breugel,Senior Engineer
458263,Tonny,Sessa,Staff
458264,Morris,Itzfeldt,Engineer
458266,Shahid,Badache,Senior Staff
458267,Constantijn,Kugler,Senior Staff
458269,Khedija,Curless,Engineer
458277,Ortrud,Kolinko,Senior Staff
458286,Bokyung,Doering,Senior Engineer
458288,Subbu,Schaar,Engineer
458290,Jouko,Kaiser,Senior Staff
458294,Denny,Radwan,Staff
458296,Shichao,Spell,Staff
458297,Youssef,Ranst,Senior Staff
458298,Subhada,Brizzi,Technique Leader
458299,Masaru,Vadhan,Senior Staff
458300,Dharmaraja,Gischer,Senior Engineer
458302,Poorav,Esposito,Staff
458303,Adit,Underwood,Staff
458305,Debaprosad,Brandsma,Senior Engineer
458311,Oksana,Perz,Staff
458321,Mahmut,Orlowski,Senior Engineer
458324,Pranjal,Hoppenstand,Senior Staff
458326,Christfried,Penttonen,Engineer
458329,Shichao,Bashian,Engineer
458330,Mitchel,Trumbly,Technique Leader
458340,Olivera,Henders,Staff
458341,Udaiprakash,Pauthner,Engineer
458347,Marie,Rosiles,Senior Engineer
458356,Mari,Stenning,Senior Engineer
458361,Gilbert,Lorho,Staff
458366,Jianwen,Llado,Staff
458372,Rasikan,Yetto,Senior Staff
458377,Hidekazu,Lieblein,Senior Engineer
458384,Rutger,Bashian,Staff
458385,Collette,Waeselynck,Senior Staff
458386,Jianhua,Ratzlaff,Staff
458388,Kenton,Perna,Staff
458389,Khosrow,Kroha,Senior Staff
458390,Steve,Condotta,Assistant Engineer
458391,Martine,Cangellaris,Senior Staff
458392,Zongyan,Rosar,Senior Engineer
458394,Gunilla,Terekhov,Staff
458395,Akemi,Massonet,Senior Staff
458398,Macha,Farris,Senior Engineer
458399,Krister,Solares,Technique Leader
458404,Mandell,Fabrizio,Senior Engineer
458410,Sanjiv,Rabehasaina,Senior Staff
458412,Gilbert,Pearson,Senior Staff
458414,Tiina,Diderrich,Senior Staff
458416,Lucian,Krybus,Senior Engineer
458417,Naftali,Crabtree,Senior Engineer
458419,Munir,Avouris,Senior Engineer
458422,Pranjal,Esposito,Senior Staff
458430,Mari,Bardell,Senior Engineer
458431,Mayuko,Orlowska,Technique Leader
458434,Hilary,Decleir,Engineer
458439,Rimli,Furudate,Senior Staff
458441,Jovan,Ebeling,Senior Engineer
458451,Xiadong,Beznosov,Senior Engineer
458452,Mamdouh,Suwa,Senior Staff
458453,Kwangjo,Vrecion,Staff
458456,Pranay,Penttonen,Engineer
458458,Sigeru,Liesche,Engineer
458463,Ronghao,Kavraki,Senior Engineer
458464,Tuval,Gimarc,Senior Staff
458465,Peternela,Shimshoni,Senior Engineer
458473,Eben,Schoegge,Staff
458474,Rosalie,Pashtan,Technique Leader
458477,Kazuyasu,Kavraki,Senior Engineer
458479,Arto,Schwaller,Technique Leader
458480,Christ,Ritzmann,Technique Leader
458481,Kannan,Valiente,Staff
458485,Geraldo,Aamodt,Senior Engineer
458488,Gretta,Compeau,Senior Engineer
458489,Fei,Eiter,Senior Engineer
458491,Manibrata,Szmurlo,Engineer
458492,Aloys,Danley,Senior Staff
458494,Sukumar,Jeong,Senior Staff
458495,Ayonca,Bardell,Senior Staff
458497,Shao,Georgatos,Staff
458498,Jayson,Rahimi,Senior Staff
458499,Naftali,Manderick,Engineer
458502,Sastry,Stamatiou,Senior Engineer
458507,Lihong,Kuhnemann,Staff
458509,Mabhin,Ramalingam,Staff
458525,Amstein,Angiulli,Senior Staff
458528,Danco,Famili,Senior Staff
458529,Gor,Rosch,Senior Staff
458531,Heather,Gladwell,Senior Engineer
458532,Limsoon,Ossenbruggen,Technique Leader
458534,Jessie,Wallrath,Engineer
458535,Shaowei,Krohm,Senior Staff
458537,Fayez,Toyoshima,Senior Staff
458538,Zissis,Prenel,Senior Staff
458540,Nobuyoshi,Luga,Senior Staff
458541,Vivian,Daescu,Senior Staff
458543,Mantis,Ebeling,Senior Staff
458544,Claude,Schreiter,Engineer
458550,Geoffry,Setlzner,Senior Staff
458553,Hideo,Lung,Staff
458560,Mooi,Heiserman,Senior Engineer
458561,Percy,Glowinski,Senior Staff
458564,Shmuel,Portugali,Staff
458569,Flemming,Vecchi,Senior Staff
458570,Utpal,Snyers,Engineer
458571,Siamak,Gargeya,Senior Staff
458581,Fumiko,Smailagic,Engineer
458584,Paraskevi,Coors,Senior Engineer
458585,Fen,Kilgour,Engineer
458587,Mahmut,Munoz,Engineer
458591,Ghassan,Camurati,Senior Staff
458593,Naftali,Katiyar,Engineer
458596,Diederik,Lubachevsky,Senior Engineer
458597,Valeri,Feldmann,Senior Staff
458599,Adam,Rossi,Senior Staff
458602,Shahid,Hartvigsen,Senior Engineer
458605,Hidde,Hemaspaandra,Engineer
458611,Mikhail,Lemarechal,Senior Staff
458612,Zsolt,Suppi,Staff
458613,Toshimo,Siksek,Senior Staff
458614,Bingning,Leppanen,Senior Staff
458615,Paraskevi,Aingworth,Engineer
458621,JoAnna,Luks,Senior Staff
458623,Wuxu,Manderick,Senior Staff
458638,Toshiko,Klassen,Senior Staff
458641,Adit,Kaelbling,Technique Leader
458648,Guangming,Zaccaria,Technique Leader
458649,Maya,Krybus,Technique Leader
458652,Ipke,Ullian,Senior Staff
458653,Stabislas,Haddadi,Engineer
458654,Shmuel,Choobineh,Staff
458656,Uli,Swiler,Staff
458663,Zongyan,Itschner,Senior Engineer
458664,Oldrich,Syang,Senior Staff
458665,Xiaopeng,Chepyzhov,Senior Engineer
458676,Sanjiv,Anandan,Senior Engineer
458677,Susanne,Stroustrup,Senior Engineer
458684,Xiaobin,Hashii,Senior Engineer
458686,Adam,Danecki,Staff
458687,Cathie,Strehl,Engineer
458688,Munehiro,Hopewell,Senior Staff
458690,Yagil,Osgood,Assistant Engineer
458694,Marie,Schach,Senior Staff
458695,Dmitry,Schreiter,Senior Staff
458698,Christfried,Kohling,Staff
458700,Frazer,Cannard,Senior Engineer
458703,Radhakrishnan,Oberman,Technique Leader
458706,Willard,Mansanne,Senior Staff
458707,Baruch,Slobodova,Senior Engineer
458708,Goo,Zhang,Senior Engineer
458710,Uwe,Willoner,Senior Engineer
458712,Bingning,Miake,Senior Engineer
458719,Xudong,Zaumen,Senior Engineer
458729,Piyawadee,Parhami,Staff
458730,Sergi,Rahier,Senior Staff
458735,Aria,Holburn,Staff
458736,Xinan,Lovengreen,Senior Engineer
458739,Jacqueline,Lienhardt,Senior Engineer
458742,Fay,Ranze,Senior Engineer
458747,Ymte,Valette,Staff
458749,Reinhard,Kaltofen,Senior Staff
458750,Chiranjit,Lamparter,Senior Staff
458751,Rasiah,Dusink,Staff
458752,Dzung,Ernst,Senior Engineer
458756,Jagoda,Georg,Senior Staff
458760,Ramya,Oskamp,Senior Engineer
458761,Berhard,Conte,Senior Staff
458766,Xiong,Benzmuller,Senior Staff
458767,Nalini,Raoux,Senior Staff
458768,Rosella,Danner,Senior Staff
458771,Martijn,Slaats,Staff
458774,Mircea,Fujisawa,Assistant Engineer
458777,Mack,Schueller,Senior Staff
458785,Fen,Compeau,Engineer
458787,Katsuyuki,Brandsma,Senior Staff
458789,Amabile,Chelton,Senior Staff
458794,Divier,Haumacher,Staff
458796,Geoff,Ranka,Engineer
458797,Phuoc,Angelopoulos,Staff
458798,Persi,Rotem,Senior Engineer
458799,Arfst,Gaughan,Engineer
458805,Heping,Tsukuda,Staff
458806,Sham,Terkki,Senior Engineer
458808,Xinglin,Warwick,Engineer
458811,Make,Speek,Senior Engineer
458819,Toney,Lagarias,Senior Engineer
458820,Yuchang,Giaccio,Staff
458830,Denny,Murillo,Technique Leader
458836,Denny,Ullian,Engineer
458840,Martien,Pashtan,Senior Staff
458841,Youpyo,Paciorek,Senior Engineer
458842,Sushant,Smailagic,Senior Engineer
458845,Arunas,Erdmenger,Senior Engineer
458847,Xiping,Trystram,Senior Engineer
458850,Odinaldo,Srimani,Senior Engineer
458851,Larisa,Monarch,Senior Staff
458855,Steen,Gaughan,Engineer
458856,Renee,Benzaken,Staff
458857,Shaleah,Nitta,Engineer
458868,Xudong,Olano,Senior Engineer
458870,Kokou,Raoux,Engineer
458871,Magdalena,Uehara,Senior Staff
458872,Xudong,Giaccio,Engineer
458873,Shimshon,Jenevein,Senior Engineer
458874,Sajjan,Ranze,Engineer
458875,Hatim,Vesna,Senior Engineer
458881,Sreekrishna,Cyre,Senior Engineer
458884,Takahira,Kenevan,Senior Staff
458887,Ioana,Halloran,Senior Staff
458888,Mechthild,Bratten,Senior Engineer
458891,Kiam,Bala,Senior Engineer
458895,Moheb,Pell,Senior Engineer
458903,Jinxi,Warwick,Senior Staff
458904,Yuichiro,Ariola,Senior Staff
458905,Mingzeng,Kusakabe,Senior Staff
458909,Gunilla,Pluym,Engineer
458914,Arch,McAffer,Senior Engineer
458922,Anneli,Demir,Senior Engineer
458930,Kwangyoen,Basart,Senior Staff
458931,Guiseppe,Fujisaki,Senior Staff
458936,Jacqueline,Siksek,Senior Staff
458939,Toshimi,Weisert,Technique Leader
458941,Tru,Vingron,Senior Staff
458948,Mang,Boissier,Senior Staff
458957,Munenori,Szemeredi,Senior Engineer
458963,Mayuri,Krider,Engineer
458966,Billie,Ciolek,Senior Engineer
458968,Turgut,Schwartzbauer,Senior Staff
458971,Atreye,Godskesen,Senior Staff
458972,Emdad,Nergos,Senior Engineer
458973,Shen,Picci,Senior Engineer
458975,Tzvetan,Burnard,Senior Staff
458979,Sungwon,Basagni,Senior Engineer
458982,Randy,Roohalamini,Senior Engineer
458984,Hairong,Plump,Engineer
458987,Shushma,Prenel,Technique Leader
458991,Fumiyo,Lores,Engineer
458994,Kien,Wilfing,Engineer
459001,Claude,Linnainmaa,Engineer
459006,Lucien,Kamber,Engineer
459012,Kazunori,Masaki,Engineer
459013,Evgueni,Backhouse,Staff
459014,Bouchung,Haddadi,Senior Engineer
459015,Marsal,Meszaros,Senior Staff
459016,Vatsa,Yoshizawa,Senior Staff
459018,Ziya,Shanbhogue,Senior Engineer
459020,Shiv,Peha,Senior Engineer
459021,Teruyuki,Menhardt,Senior Staff
459023,Troy,Molberg,Staff
459025,Khaled,Manders,Assistant Engineer
459026,Kazuhisa,Gyimothy,Senior Engineer
459031,Kazuhiro,Raoux,Senior Staff
459032,Dannz,Coors,Senior Staff
459033,Nahid,Laventhal,Senior Engineer
459038,Wilmer,Peyn,Staff
459041,Niclas,Verhaegen,Senior Staff
459042,Lena,Hiyoshi,Senior Engineer
459045,Phillip,Lunn,Senior Staff
459046,JoAnna,Comellas,Senior Engineer
459055,Shen,Kalloufi,Senior Engineer
459056,Jeanne,Decleir,Senior Staff
459058,Xudong,Sooriamurthi,Engineer
459061,Adam,Otillio,Senior Engineer
459064,Danco,Isaac,Senior Engineer
459068,Nahum,Honglei,Senior Engineer
459069,Charmane,Geffroy,Engineer
459075,Barry,Chinen,Senior Staff
459078,Barun,Farrag,Senior Engineer
459079,Takahiro,Apsitis,Senior Staff
459083,Eishiro,Morton,Senior Engineer
459085,Freyja,Pearson,Senior Staff
459091,Aksel,Mitina,Senior Engineer
459097,Dekang,Openshaw,Senior Staff
459100,Mohammad,Thibadeau,Senior Engineer
459109,Hitomi,Stiles,Senior Engineer
459116,Souichi,Lund,Senior Engineer
459117,Shahaf,Boudaillier,Senior Engineer
459119,Yannis,Brender,Senior Engineer
459123,Harjit,Glinert,Senior Staff
459127,Gill,Flanders,Senior Engineer
459133,Douadi,Bratsberg,Engineer
459144,Masaru,Birke,Senior Staff
459147,Jongsuk,Akiyama,Senior Staff
459154,Odoardo,Garigliano,Senior Engineer
459158,Naftali,Anger,Senior Staff
459164,Nimmagadda,Landherr,Senior Engineer
459167,Subbu,Olano,Staff
459173,Lein,Basawa,Senior Staff
459174,Serge,Garrabrants,Senior Engineer
459177,Duangkaew,Velardi,Senior Engineer
459178,Tiina,Prampolini,Technique Leader
459187,Fusako,Frijda,Technique Leader
459189,Marsja,Thebaut,Senior Engineer
459192,Aruna,Ferretti,Senior Engineer
459193,Gurbir,Plessier,Senior Staff
459200,Saddek,Waleschkowski,Engineer
459202,Wonhee,Peroz,Senior Engineer
459210,Alejandra,Ressouche,Technique Leader
459214,Chaosheng,Juneja,Senior Staff
459215,Marco,Mersereau,Senior Engineer
459221,Toshiko,Swift,Senior Staff
459225,Saniya,Baaleh,Senior Staff
459226,Surveyors,Pocchiola,Senior Engineer
459227,Tru,Shihab,Senior Staff
459228,Kwun,Reinhard,Senior Engineer
459235,Rafael,Krichel,Staff
459239,Mariangiola,Matheson,Engineer
459240,Randi,Henders,Senior Engineer
459247,Teunis,Aseltine,Senior Engineer
459248,Mingsen,Alblas,Staff
459249,Tru,Brookman,Senior Staff
459250,Yunming,Ushiama,Senior Staff
459253,Erzsebet,Olivero,Senior Engineer
459261,Hidefumi,Rindone,Engineer
459262,Ger,Majewski,Senior Engineer
459264,Augustine,Pulkowski,Engineer
459269,Akhilish,Baek,Technique Leader
459273,Genki,Oaver,Senior Engineer
459277,Behnaam,Wiegley,Senior Engineer
459278,Gill,Rosar,Senior Engineer
459279,Serenella,Lampe,Senior Staff
459281,Tsz,Frezza,Assistant Engineer
459284,Jinpo,Demian,Staff
459285,Feipei,Siochi,Technique Leader
459286,Oscar,Raczkowsky,Senior Engineer
459287,Premsyl,Ranta,Technique Leader
459288,Bernt,Socorro,Senior Engineer
459289,Kwok,Stavenow,Senior Staff
459293,Manu,Murillo,Engineer
459302,Chenxi,Lovengreen,Senior Engineer
459307,Garnik,Pouyioutas,Technique Leader
459308,Wojceich,Hanratty,Engineer
459309,Saeed,Syrzycki,Senior Engineer
459310,Sivanarayana,Schlegelmilch,Senior Engineer
459311,Mayuko,Petersohn,Senior Engineer
459314,Bodo,Mitsuhashi,Senior Staff
459318,Paris,Bala,Assistant Engineer
459321,Rance,Schwaller,Senior Engineer
459324,Peternela,Tasistro,Technique Leader
459326,Mitsuyuki,Flanders,Senior Staff
459329,Nathalie,Pappas,Engineer
459330,George,Bauknecht,Senior Staff
459331,Tze,Yemenis,Staff
459332,Krassimir,Luan,Senior Staff
459336,Satoru,Parascandalo,Senior Staff
459337,Parto,Koblick,Staff
459339,Khalil,Henseler,Senior Staff
459341,Mircea,Masada,Staff
459342,Niclas,Vidal,Senior Staff
459343,Gita,Fordan,Staff
459347,Martijn,Baca,Senior Staff
459350,Quingbo,Peir,Engineer
459351,Zorica,Jeansoulin,Senior Engineer
459352,Anwar,Michaeli,Staff
459358,Kristof,Ciolek,Engineer
459359,Jouni,Janocha,Senior Engineer
459361,Berto,Landherr,Senior Staff
459362,Steen,Kakkar,Assistant Engineer
459363,Adam,Walston,Senior Engineer
459364,Nechama,Linnainmaa,Senior Staff
459365,Udo,Preusig,Senior Engineer
459367,Jaewoo,Stanfel,Senior Engineer
459370,Subbu,Kroft,Senior Staff
459381,Tuval,Mahnke,Engineer
459384,Zdislav,Eppinger,Staff
459389,Adib,Jeong,Senior Staff
459390,Remzi,Usdin,Senior Staff
459396,Satoru,Hopewell,Senior Engineer
459397,Kersti,Simmen,Senior Engineer
459398,Yannik,Feldhoffer,Technique Leader
459407,Gift,Percebois,Senior Staff
459409,DeForest,Szilard,Senior Engineer
459411,Hugo,Xiaoshan,Senior Engineer
459414,Danny,Schnelling,Senior Staff
459416,Niclas,Joslin,Senior Engineer
459417,Goo,Skafidas,Engineer
459418,Reinhold,Daescu,Engineer
459420,Shietung,Iisaku,Senior Engineer
459426,Yuping,Fiebach,Senior Engineer
459434,Vatsa,Muchinsky,Senior Staff
459438,Eberhardt,Azevdeo,Senior Engineer
459450,Kersti,Sullins,Senior Engineer
459456,Stepehn,Dahlbom,Engineer
459462,Dzung,Lortz,Senior Engineer
459463,Akeel,Denis,Senior Staff
459467,Arunas,Bahl,Senior Staff
459469,Roselyn,Meriste,Senior Staff
459470,Vishv,Heiserman,Senior Staff
459478,Danai,Vuskovic,Senior Engineer
459483,Shmuel,Docker,Senior Staff
459488,Florian,Gist,Staff
459489,Pascal,Comellas,Senior Engineer
459495,Gopalakrishnan,Highland,Senior Engineer
459496,Demos,Gaughan,Senior Engineer
459497,Phillip,Facello,Senior Engineer
459501,Hairong,Demri,Staff
459505,Make,Koyama,Staff
459507,Sanjit,Streng,Senior Engineer
459510,Sachio,Cooke,Senior Engineer
459514,Weiye,Pettit,Senior Engineer
459515,Karsten,Ambroszkiewicz,Senior Engineer
459516,Mayumi,Fetvedt,Staff
459517,Weicheng,Perng,Staff
459520,Hercules,Poupard,Senior Staff
459528,Sven,Veevers,Senior Staff
459531,Gian,Kawashimo,Engineer
459532,Bouchung,Cusworth,Engineer
459535,Chinya,Emmerich,Senior Engineer
459537,Chenxi,Erman,Engineer
459539,Niteen,Morrey,Staff
459541,Seongbae,Hutton,Staff
459547,Pohua,Hardjono,Senior Engineer
459548,Mary,Meszaros,Staff
459551,Amalendu,Jervis,Senior Staff
459557,Badri,Bamford,Senior Staff
459559,Huan,Rodiger,Senior Staff
459562,Lillian,Ferriere,Senior Staff
459571,Kazunori,Ishibashi,Engineer
459572,Houman,Sewelson,Senior Staff
459574,Toshimitsu,Baak,Engineer
459581,Tzu,Gunderson,Assistant Engineer
459589,Radhika,Baaz,Senior Staff
459594,Gal,Morris,Senior Engineer
459596,Constantino,Bernardinello,Senior Engineer
459601,Baruch,Hoogerwoord,Staff
459606,Oscar,Sommen,Senior Engineer
459609,Lenore,Peris,Senior Staff
459611,Ronghao,Reutenauer,Senior Engineer
459614,Eishiro,Bojadziev,Engineer
459617,Sangeeta,Pollacia,Senior Staff
459621,Kamran,Bottner,Senior Engineer
459623,Marjo,Camarinopoulos,Senior Engineer
459624,Arnd,Ventosa,Engineer
459625,Stella,Lammel,Senior Engineer
459628,Mandell,Boudaillier,Senior Engineer
459631,Make,Pettit,Engineer
459633,Bilhanan,Poupard,Senior Engineer
459635,Valeri,Gaughan,Senior Staff
459636,DAIDA,Bardell,Senior Staff
459638,Licheng,Braunmuhl,Engineer
459639,Valery,Shumilov,Senior Engineer
459640,Mohammed,Mellouli,Assistant Engineer
459641,Chikako,Marzano,Staff
459642,Stella,Plavsic,Staff
459646,Uri,Rouquie,Staff
459648,Francoise,Papadias,Engineer
459650,Przemyslawa,Pepe,Senior Staff
459651,Jinpo,Maierhofer,Senior Engineer
459652,Huican,Emiris,Staff
459653,Magdalena,Monkewich,Senior Engineer
459654,Aram,Besancenot,Senior Engineer
459657,Moss,Morris,Senior Staff
459662,Jasminko,Krybus,Engineer
459663,Yongdong,Hiyoshi,Staff
459667,Masoud,Whittlesey,Senior Engineer
459671,Mark,Flowers,Senior Engineer
459672,Subir,Gill,Senior Staff
459673,Tiina,Qiwen,Assistant Engineer
459676,Sadok,Reistad,Senior Staff
459677,Vugranam,Pagter,Engineer
459679,Bikash,Budinsky,Senior Engineer
459684,Jaques,Rothenberg,Senior Staff
459688,Bernd,Akiyama,Senior Staff
459691,Munenori,Brodal,Technique Leader
459692,Kyoichi,Flasterstein,Staff
459693,Moie,Picco,Staff
459695,Duangkaew,Comyn,Senior Staff
459709,Hilary,Nittel,Senior Staff
459710,Dipayan,Zyda,Assistant Engineer
459711,Fusako,Junot,Staff
459716,Elvia,Covnot,Staff
459717,KayLiang,Foong,Senior Engineer
459719,Georgi,Mukaidono,Senior Staff
459723,Perry,Flanders,Senior Engineer
459728,Radhia,Reinhard,Technique Leader
459730,Shuho,Erni,Senior Engineer
459731,Tristan,Shumilov,Engineer
459739,Temple,Angel,Senior Staff
459740,Gully,Schnelling,Engineer
459747,Shigeichiro,Stille,Senior Staff
459750,Danai,Ernst,Senior Staff
459751,Lein,Peot,Assistant Engineer
459755,Serenella,Hagimont,Staff
459757,Duri,Chimia,Engineer
459767,Badri,Michaels,Staff
459771,Martine,Nittel,Senior Staff
459772,Monique,Cochrane,Senior Engineer
459775,Ortrud,Ciolek,Senior Engineer
459777,Adib,Shigei,Senior Engineer
459778,Duro,Krogh,Senior Staff
459779,Taiji,Hooghiemstra,Senior Staff
459783,Conrado,Olivero,Staff
459785,Piyush,Maquelin,Senior Engineer
459805,Kiyotoshi,Chandrasekhar,Senior Staff
459806,Serap,Garrabrants,Senior Staff
459809,Remmert,Mungall,Engineer
459810,Uwe,Krone,Engineer
459811,Gopalakrishnan,Meszaros,Senior Engineer
459813,Fuqing,Giveon,Senior Engineer
459818,Kitty,VanScheik,Senior Engineer
459823,Yuriy,Muhling,Staff
459826,Ramzi,Jakobus,Senior Staff
459831,Xiaopeng,Hennings,Technique Leader
459839,Irena,Khasidashvili,Engineer
459841,Kitty,Suwa,Technique Leader
459843,Weidon,Aloia,Senior Staff
459850,Jianwen,Radivojevic,Senior Engineer
459854,Filipp,Kadhim,Senior Engineer
459855,Karlis,Mansanne,Staff
459856,Maja,Yurov,Engineer
459857,Udi,Shimshoni,Staff
459860,Koldo,Serra,Senior Engineer
459864,Rafols,Laventhal,Staff
459867,Nechama,Theuretzbacher,Engineer
459870,Percy,Pluym,Senior Engineer
459871,Katsuo,Gulik,Technique Leader
459872,Sadok,Nicolson,Senior Staff
459874,Freyja,Limongiello,Senior Engineer
459875,Vesna,Rosay,Senior Engineer
459877,Shem,Demir,Senior Staff
459880,Arvind,Strandh,Senior Staff
459883,Richara,Businaro,Senior Engineer
459890,Angel,Gyorkos,Senior Engineer
459891,Aiman,Ranze,Senior Engineer
459899,Mansur,Saoudi,Technique Leader
459900,Uta,Jahnichen,Engineer
459902,Denis,Roohalamini,Senior Staff
459903,Lucien,Peak,Senior Engineer
459904,Shahab,Couchot,Senior Staff
459905,Leszek,Rindone,Senior Staff
459909,Yuqun,Auyong,Senior Staff
459911,Yongqiao,Hofman,Staff
459915,Josyula,Wynblatt,Engineer
459918,Yakkov,Quittner,Senior Engineer
459919,Van,Potthoff,Senior Engineer
459920,Mohamadou,Rosis,Engineer
459921,Chirstian,Quittner,Senior Staff
459922,Jenwei,Lieberherr,Senior Engineer
459929,Dmitri,Picht,Engineer
459930,Genevieve,Przulj,Senior Engineer
459934,Kenroku,Gronowski,Senior Staff
459937,Uma,Munch,Senior Engineer
459940,Mikhail,Flanders,Senior Staff
459946,Weiye,Schlenzig,Staff
459947,Francoise,Chelton,Engineer
459951,Atreyi,Emden,Senior Engineer
459952,Mohammed,Cooman,Senior Staff
459953,Woody,Butterworth,Senior Engineer
459957,Valeri,Shumilov,Engineer
459958,Brewster,Junot,Staff
459960,Shaowei,Quittner,Engineer
459961,Amstein,Auria,Senior Staff
459963,Chaoyi,Rabehasaina,Staff
459969,Shaw,Aamodt,Senior Staff
459974,Valeri,Bouloucos,Senior Staff
459978,Sadegh,Swan,Senior Staff
459981,Pohua,Giarratana,Engineer
459983,Elgin,Turnbull,Senior Staff
459987,Munehiro,Papsdorf,Senior Engineer
459988,Fatemeh,Radivojevic,Senior Engineer
459989,Otilia,Kirkerud,Senior Engineer
459991,Nevin,Salinas,Senior Engineer
459993,Shaowei,Farrel,Senior Engineer
459998,Vidya,Birta,Senior Engineer
459999,Zhongwei,Garrabrants,Technique Leader
460000,Yifei,Cooman,Senior Engineer
460002,Ennio,Braunschweig,Senior Engineer
460007,Mori,Senzako,Staff
460008,Billie,Kusalik,Senior Engineer
460010,Marl,Masada,Senior Engineer
460014,Bernardo,Comte,Senior Engineer
460017,Bernd,Kitsuregawa,Staff
460018,Prodip,Lichtner,Senior Staff
460019,Uriel,Chenney,Technique Leader
460022,Bikash,Clouatre,Staff
460028,Nirmal,Peral,Staff
460030,Jongsuk,Tasistro,Senior Engineer
460032,Kenroku,Cusworth,Senior Engineer
460033,Paris,Ariola,Senior Staff
460035,Tokuyasu,Staylopatis,Engineer
460044,Houman,Litecky,Senior Engineer
460046,Domenick,Codenie,Senior Engineer
460048,Basem,Conti,Technique Leader
460049,Shiv,Coullard,Senior Staff
460052,Maris,Serre,Senior Staff
460053,Oscar,Kroon,Senior Staff
460055,Zsolt,Servi,Senior Engineer
460059,Huei,Bahl,Senior Engineer
460075,Shigeaki,Schwabacher,Senior Staff
460083,Barun,Genin,Staff
460084,Muzhong,Thibadeau,Staff
460088,Elvia,Kusakari,Technique Leader
460091,Toshimi,Iisaka,Senior Staff
460092,Premal,Picel,Senior Engineer
460097,Toshimo,Pocchiola,Senior Engineer
460098,Navin,Oxenboll,Senior Engineer
460102,Gaetan,Karnin,Senior Engineer
460105,Joydip,Plesums,Engineer
460107,Arto,Greenaway,Senior Staff
460108,Becky,Radhakrishnan,Engineer
460112,Leucio,Luan,Staff
460113,Djenana,Daescu,Senior Engineer
460114,Sailaja,Perna,Senior Staff
460121,Ravishankar,Jeong,Senior Engineer
460123,Fay,Baranowski,Senior Staff
460124,Steen,Burnard,Senior Engineer
460126,Jianhao,Braccini,Senior Engineer
460135,Hirochika,Kuzuoka,Senior Staff
460141,Kristin,Fiutem,Senior Engineer
460144,Gadiel,Azuma,Senior Engineer
460150,Henk,Michaeli,Senior Engineer
460153,Carrsten,McFarlan,Senior Engineer
460156,Mack,Domenig,Engineer
460157,Sudhanshu,Parascandalo,Senior Staff
460158,Jovan,Speel,Senior Engineer
460170,Barun,Peek,Engineer
460172,Garnik,Nitto,Senior Engineer
460174,Udo,Felcyn,Senior Engineer
460176,Herb,Thombley,Staff
460179,Barry,Narlikar,Senior Engineer
460186,Zhanqiu,Papastamatiou,Senior Staff
460195,Make,Deyuan,Assistant Engineer
460205,Masaru,Minakawa,Senior Staff
460211,Breannda,Guenter,Staff
460214,Kristin,Comte,Staff
460216,Cullen,Warwick,Senior Staff
460219,Kazuyasu,Yetim,Technique Leader
460229,Aimee,Avouris,Senior Staff
460230,Radhia,Brickell,Senior Engineer
460231,Valdiodio,Kusakari,Senior Staff
460232,Subhash,Covnot,Senior Staff
460238,Yucai,Akiyama,Senior Staff
460244,Danae,Menhardt,Senior Engineer
460247,Aleksandar,Vecchio,Staff
460254,Goo,Peha,Senior Engineer
460255,Herbert,Wiegley,Staff
460256,Constantine,Meriste,Senior Engineer
460258,Vatsa,Penn,Engineer
460267,Venkatesan,Ranum,Senior Engineer
460270,Abdelkader,Ghalwash,Staff
460274,Stamatina,Sichman,Senior Engineer
460278,Giordano,Vernadat,Senior Staff
460284,Moon,Marakhovsky,Senior Engineer
460286,Shen,Litecky,Senior Staff
460289,Arra,Velasco,Senior Engineer
460293,Jacopo,Crooks,Staff
460295,Mountaz,Lorie,Senior Staff
460296,Janalee,Kinley,Staff
460298,Lenore,Bernatsky,Senior Engineer
460300,Berhard,Stemann,Technique Leader
460302,Valeri,Bakhtari,Senior Staff
460304,Van,Rosin,Senior Engineer
460307,Tsuneo,Carrera,Senior Staff
460308,Tamiya,Rahimi,Senior Engineer
460309,Lihong,Reinhart,Staff
460310,Jouko,Stentiford,Technique Leader
460317,Fayez,Crabtree,Engineer
460320,Khaled,Denny,Staff
460323,Tse,Erbe,Senior Engineer
460325,Manton,Ghelli,Engineer
460331,Sham,Bierman,Senior Staff
460335,Toney,Sethi,Senior Staff
460340,Arun,Shanbhogue,Senior Engineer
460342,Aran,Linares,Senior Staff
460346,Stafford,Dalphin,Senior Staff
460348,Utz,Alameldin,Senior Engineer
460350,Shietung,Hagimont,Senior Engineer
460351,Magy,Jiang,Senior Engineer
460355,Jeanna,Aloisi,Senior Staff
460357,Gonzalo,Kakkar,Senior Engineer
460358,Xiping,Ciolek,Engineer
460359,Elgin,Lundstrom,Senior Engineer
460361,Roddy,Vieth,Staff
460362,Fox,Baez,Senior Engineer
460364,Aimee,Salverda,Engineer
460366,Tsuneo,Peck,Engineer
460368,Sudhanshu,Baik,Technique Leader
460373,Abdelkader,Landherr,Senior Engineer
460375,Tomokazu,Gyimothy,Engineer
460378,Sailaja,Suomi,Senior Staff
460381,Atilio,Pietracaprina,Senior Staff
460383,Eldridge,Ecklund,Staff
460390,Mayumi,Cunliffe,Senior Staff
460394,Aluzio,Rusmann,Staff
460395,Salvador,Rosar,Senior Staff
460397,Faiza,Snyers,Staff
460399,Nishit,Bondorf,Engineer
460402,Holgard,Pehl,Senior Staff
460404,Lunjin,Clouatre,Senior Staff
460407,Sham,Gargeya,Senior Staff
460412,Moti,Salinas,Senior Engineer
460413,Kaijung,Bauknecht,Senior Staff
460416,Frederique,Negoita,Engineer
460419,Manton,Ecklund,Senior Staff
460422,Tremaine,Leijenhorst,Engineer
460425,Inderjeet,Sidhu,Senior Engineer
460429,Candido,Kalsbeek,Senior Staff
460433,Danai,Yoshimura,Senior Engineer
460436,Bezalel,Raney,Senior Engineer
460441,Hatim,Cesareni,Engineer
460442,Behnaam,Lieberherr,Senior Staff
460450,Hongzue,Kenevan,Senior Engineer
460453,Jaideep,Schneeberger,Senior Staff
460460,Roselyn,Rosen,Senior Engineer
460461,Pohua,Ghandeharizadeh,Senior Staff
460462,Huan,Bamford,Senior Staff
460470,Collette,Hofman,Engineer
460473,Gregory,Aingworth,Staff
460478,Masadi,Talmon,Senior Engineer
460482,Khalil,Tyugu,Technique Leader
460483,Ramzi,Quadeer,Senior Engineer
460487,Masamitsu,Delaune,Senior Staff
460491,Xiaopeng,Birge,Senior Engineer
460494,Kokou,Sidhu,Senior Staff
460495,Kristinn,Redmiles,Staff
460497,Shugo,Domenig,Senior Staff
460498,Jacopo,Ponthieu,Senior Staff
460501,Khaled,Choobineh,Senior Engineer
460503,Tsuneo,Schmiedel,Senior Staff
460506,Manohar,Schonegge,Senior Engineer
460511,Hyuncheol,Ponthieu,Senior Engineer
460519,Masali,Masand,Senior Engineer
460520,Kannan,Xiaoshan,Senior Staff
460522,Dinkar,Weedman,Staff
460523,Mario,Bernatsky,Senior Engineer
460526,Leandro,Bala,Engineer
460527,Ravishankar,Lovengreen,Engineer
460529,Miomir,Flanders,Senior Staff
460531,Satyanarayana,Lagarias,Senior Staff
460545,Toney,Goldhammer,Senior Staff
460546,Ashish,Rosay,Engineer
460549,Boriana,Pillow,Staff
460553,Paraskevi,Slaats,Senior Engineer
460557,Jeong,Simmen,Senior Engineer
460564,Marie,Percebois,Senior Engineer
460565,Basim,Sgarro,Senior Staff
460568,Zhiwei,Schiettecatte,Engineer
460574,Mantis,Slutz,Senior Engineer
460575,Edwin,Chaudhuri,Staff
460576,Pascal,Arlazarov,Senior Engineer
460580,Lucian,Zucker,Senior Staff
460584,IEEE,Selenyi,Senior Staff
460585,Geoffrey,Rissanen,Senior Engineer
460587,Prodip,McAlpine,Senior Staff
460588,Chuanyi,DasSarma,Engineer
460590,Girolamo,Plump,Engineer
460593,Sreenivas,Brattka,Senior Staff
460604,Salvador,Choobineh,Staff
460613,Odysseas,Alpin,Engineer
460619,Huei,Weedon,Staff
460623,Aiman,Barreiro,Engineer
460625,Marie,Reutenauer,Senior Staff
460631,Yoshinari,Walstra,Staff
460635,Debatosh,Mersereau,Senior Staff
460642,Steen,Menhoudj,Engineer
460643,Yechezkel,Schade,Engineer
460650,Zeydy,Spell,Engineer
460651,Brigham,Marquardt,Senior Engineer
460652,Joydip,Back,Senior Engineer
460655,Alenka,Azuma,Senior Staff
460657,Shichao,Stentiford,Staff
460660,Pranav,Azevdeo,Senior Staff
460664,Yinghua,Riefers,Engineer
460665,Masali,Weisert,Staff
460666,Jongsuk,Steenbeek,Technique Leader
460668,Mingsen,Ranai,Staff
460673,Houman,Zallocco,Engineer
460679,Jongsuk,Lundstrom,Technique Leader
460683,Thodoros,Hedayat,Engineer
460686,Bartek,Peak,Staff
460690,Geoffry,Cummings,Staff
460693,Shuzo,Chenoweth,Engineer
460696,Jinya,Byoun,Senior Engineer
460701,Temple,Plavsic,Engineer
460709,Edwin,Melski,Senior Staff
460712,Subbu,Zirintsis,Engineer
460716,Shridhar,Birjandi,Senior Staff
460718,Qunsheng,Rodham,Senior Staff
460719,Satyanarayana,Lorcy,Assistant Engineer
460722,Zhenhua,Gecsei,Senior Staff
460723,Christfried,Pollock,Senior Staff
460724,Taizo,Hatcliff,Technique Leader
460725,Peer,Szemeredi,Senior Engineer
460734,Barry,Lovengreen,Senior Engineer
460735,Candida,Danlos,Senior Engineer
460739,Yinlin,Wossner,Engineer
460741,Pragnesh,Mitchem,Technique Leader
460747,Gladys,Tibblin,Senior Staff
460749,Uma,Taubenfeld,Senior Staff
460750,Tadahiko,Narahari,Senior Engineer
460754,Junichi,Luke,Senior Staff
460755,Werner,McClurg,Senior Staff
460762,Cordelia,Lund,Engineer
460766,Jaewon,Encarnacion,Senior Engineer
460768,Dipankar,Oskamp,Technique Leader
460773,Younwoo,Ritcey,Senior Engineer
460778,Toshimori,Ponthieu,Senior Engineer
460779,Parto,Brendel,Engineer
460783,Weiru,Dayana,Engineer
460788,Uli,Wissmann,Assistant Engineer
460789,Conrado,Deville,Senior Engineer
460792,Mariangiola,Juneja,Engineer
460795,Nevin,Hitomi,Senior Staff
460797,Randi,Vecchio,Senior Staff
460799,Masamitsu,Papadias,Engineer
460801,Jasminko,Sadowsky,Senior Engineer
460802,Sanjoy,Braunschweig,Staff
460804,Marla,Ozeri,Engineer
460807,Shridhar,Vanwelkenhuysen,Senior Engineer
460808,Sushant,Peek,Technique Leader
460809,Yaghout,Czap,Engineer
460811,Basem,Rettelbach,Senior Staff
460814,Sadegh,Birnbaum,Senior Engineer
460817,Ewing,Worfolk,Senior Staff
460821,Bartek,Litecky,Engineer
460822,Kellie,Luks,Assistant Engineer
460825,Minghong,Molenaar,Senior Engineer
460837,Lillian,Esposito,Engineer
460839,Vishu,Akazan,Senior Staff
460846,Rafael,Shackel,Assistant Engineer
460851,Uzi,Anily,Senior Staff
460853,Guther,Stasinski,Senior Staff
460854,Minghong,Pelc,Staff
460856,Houman,Ballarin,Senior Engineer
460859,Duke,Sadowsky,Assistant Engineer
460868,Ayonca,Gunderson,Senior Engineer
460871,Stein,Kilgore,Staff
460873,Kagan,Kinley,Senior Engineer
460876,Vidar,Aingworth,Senior Engineer
460877,Mingdong,Babu,Senior Staff
460886,Yonghoan,Rosis,Technique Leader
460890,Danny,Azulay,Senior Staff
460891,Emran,Zultner,Staff
460892,Bedrich,Juneja,Staff
460894,Hideyuki,Suppi,Senior Engineer
460895,Tokuyasu,Crooks,Senior Engineer
460897,Fei,Krohn,Assistant Engineer
460900,Berna,Sankaranarayanan,Senior Engineer
460902,Nimmagadda,Aamodt,Engineer
460906,Danel,Besancenot,Engineer
460912,Janche,Curless,Engineer
460913,Kwangho,Baer,Technique Leader
460915,Paris,Tomescu,Staff
460918,Noritoshi,McClure,Senior Engineer
460929,Anyuan,Anido,Senior Staff
460930,Arup,Varman,Engineer
460934,Utpal,Xiaoshan,Senior Staff
460936,Bernd,Azumi,Senior Engineer
460938,Foong,Koblitz,Engineer
460944,Chikara,Bruckman,Staff
460947,Tsz,Emmerich,Senior Engineer
460948,Serap,Pulkowski,Engineer
460950,Demin,Cummings,Senior Staff
460951,Diederik,Worfolk,Senior Staff
460955,Dayanand,Yoshimura,Engineer
460956,Gad,Vieri,Engineer
460961,Yurij,Manders,Staff
460966,Fusako,Dechter,Engineer
460970,Jaques,Peak,Engineer
460972,Sadun,Ritcey,Senior Staff
460978,Tse,Coors,Technique Leader
460987,Visit,Smeets,Senior Staff
460995,Heather,Borovoy,Technique Leader
460997,Pasqua,Paciorek,Senior Engineer
460998,Shaowen,Borstler,Senior Engineer
461000,Goncalo,Plesums,Senior Engineer
461002,Greger,Maksimenko,Senior Staff
461005,Vugranam,Zaccaria,Staff
461006,Stafford,Petereit,Technique Leader
461007,Siamak,Erbe,Senior Engineer
461008,Francesca,Puppo,Engineer
461020,Nectarios,Lubachevsky,Senior Engineer
461022,Munehiko,Krichel,Senior Engineer
461024,Abdulla,Stellhorn,Senior Engineer
461027,Raimond,Acton,Senior Engineer
461032,Khue,Glowinski,Senior Staff
461033,Kayoko,Angelopoulos,Senior Staff
461034,Divine,Bardell,Staff
461049,Feiyu,Serdy,Senior Staff
461054,Slavian,Delgrange,Senior Staff
461058,Vitali,Basawa,Senior Engineer
461061,Van,Awdeh,Senior Engineer
461062,Ennio,Eterovic,Senior Staff
461066,Sanjeeva,Osgood,Senior Staff
461067,Hatsukazu,Gronowski,Senior Engineer
461069,Debaprosad,Slobodova,Senior Staff
461070,Adib,Mersereau,Senior Engineer
461081,Fumiya,Sambasivam,Engineer
461082,Chikako,Kossowski,Senior Staff
461083,Sedat,Schaad,Engineer
461091,Faiza,Marciano,Engineer
461093,Adas,Dredge,Senior Staff
461094,Sumant,Cardazo,Staff
461096,Alper,Zockler,Senior Engineer
461100,Niclas,Speek,Senior Engineer
461102,Zengping,Bhattacharjee,Senior Staff
461108,Uno,Tokunaga,Senior Engineer
461110,Almudena,Seuren,Engineer
461112,Jaroslava,Dichev,Engineer
461116,Sergi,Oaver,Staff
461118,Itzchak,Kaiser,Senior Engineer
461123,Jongsuk,Maraist,Senior Engineer
461130,Kerryn,Ranon,Engineer
461131,Sachar,Liedekerke,Senior Engineer
461140,Khun,Ramsay,Technique Leader
461141,Sivanarayana,Skafidas,Assistant Engineer
461144,Marla,Baar,Staff
461145,Filipp,Selenyi,Senior Engineer
461148,Jackson,Herath,Engineer
461157,Fai,Kaiser,Senior Engineer
461158,Jenwei,Luef,Senior Staff
461170,Yuichiro,Kusakabe,Senior Staff
461176,Augustine,Polajnar,Senior Engineer
461178,Masasuke,Verhoeff,Senior Staff
461181,Barton,Lunt,Staff
461184,Jayson,Openshaw,Senior Engineer
461185,Kerryn,Mungall,Senior Staff
461186,Faiza,Lodder,Engineer
461192,Hinrich,Camarinopoulos,Engineer
461196,Huan,Kinley,Staff
461202,Boutros,Pesch,Senior Engineer
461205,Venkatesan,Munos,Senior Staff
461210,Kish,Chleq,Senior Staff
461212,KayLiang,Bultermann,Senior Engineer
461214,Rosella,DeMori,Engineer
461219,Martina,Ushiama,Technique Leader
461221,Pranas,Remmele,Senior Engineer
461225,Insup,Birrer,Senior Staff
461226,Ugo,Iisaku,Senior Engineer
461227,Aemilian,Maccarone,Senior Engineer
461229,Souichi,Zhang,Engineer
461232,Shin,Ranta,Senior Engineer
461235,Marla,Solares,Engineer
461242,Sigeru,Uhrig,Staff
461250,Sugwoo,Ballarin,Senior Staff
461252,Serap,Rosiles,Senior Staff
461259,Chaitali,Sooriamurthi,Senior Staff
461260,Christfried,Copas,Technique Leader
461264,Anwar,Conte,Senior Staff
461269,Rasikan,Cusworth,Engineer
461271,Constantijn,Erva,Senior Staff
461283,Tonia,Narwekar,Technique Leader
461285,Yefim,Pintelas,Senior Staff
461291,Shigeichiro,Speek,Senior Staff
461293,Zdislav,Mamelak,Senior Engineer
461295,Insup,Bierman,Senior Staff
461296,Phillip,Morton,Senior Staff
461300,Lokesh,Rajala,Assistant Engineer
461302,Hatim,Kolvik,Staff
461303,Badri,Simmen,Senior Engineer
461305,Jaewoo,Kalefeld,Senior Engineer
461309,Nahum,Zaumen,Senior Engineer
461310,Shan,Byoun,Engineer
461313,Mohamadou,Khamsi,Senior Engineer
461315,Mohammed,Ghandeharizadeh,Assistant Engineer
461317,Leni,Chartres,Technique Leader
461318,Fatemeh,Aamodt,Senior Staff
461319,Kenton,Rotem,Engineer
461323,Gila,Jeansoulin,Senior Staff
461325,Krassimir,Swab,Engineer
461327,Mani,Benzmuller,Senior Engineer
461328,Mohit,McAffer,Senior Staff
461336,Shigehito,Harnett,Staff
461339,Chinya,Fadgyas,Staff
461346,Samphel,Erev,Engineer
461347,Hisao,Chepyzhov,Senior Staff
461351,Gor,Murthy,Senior Engineer
461352,Gully,Siegrist,Engineer
461358,Bernice,Boguraev,Senior Engineer
461360,Eric,Chiodo,Engineer
461363,Achilleas,Rajcani,Senior Staff
461364,Vasilii,Huttel,Senior Staff
461368,Hinrich,Boudaillier,Engineer
461373,Yonghoan,Collette,Senior Engineer
461378,Akemi,Schaft,Senior Engineer
461380,Jahangir,Yurek,Engineer
461381,Shushma,Encarnacion,Engineer
461385,Theirry,Fairtlough,Staff
461386,Hilari,Peternell,Staff
461388,Tuval,Borovoy,Engineer
461391,Mart,Hertweck,Senior Staff
461399,Kasturi,Journel,Senior Staff
461400,Oddvar,Ouhyoung,Engineer
461403,Aruna,Honiden,Staff
461404,Brendon,Plavsic,Engineer
461408,Vivian,Munck,Senior Engineer
461410,Guoxiang,Brizzi,Engineer
461412,Mingdong,Casperson,Staff
461417,Jianhui,Cromarty,Senior Staff
461421,Reinhold,Baig,Senior Engineer
461422,Tesuro,Schach,Senior Engineer
461436,Kasturi,Plumb,Senior Staff
461448,Luisa,McClurg,Senior Staff
461452,Oksana,Tiemann,Senior Staff
461456,Karsten,Keirsey,Engineer
461458,Georgi,Hebden,Senior Engineer
461465,Miomir,Deverell,Senior Staff
461468,Rimon,Schaap,Senior Engineer
461470,Takahito,Comyn,Engineer
461472,Barry,Kawashimo,Senior Staff
461473,Radhika,Kading,Staff
461474,King,Hammerschmidt,Senior Staff
461477,Uno,Ramras,Senior Engineer
461479,Susanne,Azevdeo,Engineer
461480,Guttorm,Trystram,Senior Engineer
461481,Shir,Parascandalo,Engineer
461484,Karlis,Oaver,Senior Engineer
461485,Vivian,Angot,Senior Engineer
461488,Miomir,Przulj,Engineer
461493,Udaiprakash,Hashii,Senior Staff
461495,Ramya,Henseler,Senior Engineer
461499,Ashish,Kitsuregawa,Senior Staff
461500,Seongbin,Peyn,Senior Engineer
461508,Khosrow,Thambidurai,Engineer
461509,Taegyun,Pena,Staff
461512,Kwangho,Beeson,Senior Staff
461519,Alexius,Baca,Staff
461527,Lunjin,Takkinen,Senior Engineer
461528,Anwar,Heydon,Technique Leader
461531,Kenton,Speek,Senior Staff
461535,Apostol,Suwa,Senior Staff
461537,Yifei,Bernick,Senior Engineer
461545,Mooi,Highland,Engineer
461549,Khatoun,Jumpertz,Senior Staff
461550,Kagan,Angot,Senior Engineer
461552,Florina,Karnin,Engineer
461553,Luigi,Sidou,Senior Engineer
461556,Gina,Shokrollahi,Senior Engineer
461562,Shimshon,Ducloy,Staff
461566,Tamiya,Sessa,Senior Engineer
461567,Serenella,Chimia,Senior Engineer
461573,Sachar,Zedlitz,Senior Staff
461576,Hideo,Ozeki,Engineer
461582,Golgen,Mapelli,Senior Staff
461584,Rance,Peyn,Engineer
461595,Nidapan,Cronau,Senior Engineer
461600,Moon,Bernick,Senior Engineer
461603,Jacqueline,Remmele,Engineer
461605,Tesuya,Garnham,Senior Staff
461607,Udi,Bahr,Engineer
461608,Matk,Brendel,Senior Engineer
461609,Ramya,Attimonelli,Senior Engineer
461615,Flemming,Borovoy,Senior Staff
461617,Perla,Vidya,Staff
461625,Margareta,Bael,Senior Staff
461627,Yechezkel,Snedden,Senior Staff
461628,Macha,Lanphier,Engineer
461634,Aruna,Halloran,Senior Engineer
461638,Gad,Hettesheimer,Technique Leader
461640,Krassimir,Auyong,Senior Engineer
461644,Serenella,Moehrke,Staff
461647,Shridhar,Barinka,Senior Staff
461651,Abdelwaheb,Shihab,Senior Engineer
461652,Wilmer,Bain,Senior Engineer
461654,Douadi,Kropp,Senior Engineer
461656,Utpal,Vieri,Senior Staff
461667,Suvo,McFarlin,Engineer
461668,Yishai,Selenyi,Engineer
461670,Arun,Fujisaki,Staff
461672,Adib,Cardazo,Senior Engineer
461675,Ranga,Litzler,Staff
461679,Zita,Vigier,Senior Engineer
461688,Masami,Zwicker,Engineer
461691,Gadiel,Lichtman,Staff
461693,Fusako,Cappello,Senior Engineer
461694,Arup,Dratva,Senior Staff
461703,Toshimi,Raczkowsky,Staff
461704,Akhilish,Bultermann,Senior Staff
461707,Masali,Kusakari,Senior Staff
461709,Aamer,Dusink,Senior Engineer
461711,Evgueni,Dulay,Senior Engineer
461718,Florina,Gruenwald,Engineer
461721,Dinah,Schiper,Senior Staff
461724,Constantino,Sridhar,Engineer
461725,Vitaly,Dulin,Senior Staff
461736,Adin,Masada,Senior Engineer
461749,Kwok,Kinley,Senior Engineer
461751,Billie,Terlouw,Engineer
461752,Heekeun,Furedi,Senior Engineer
461757,Hailing,Isaac,Senior Engineer
461758,Niclas,Weiland,Senior Engineer
461762,Yechiam,Speer,Staff
461763,Arunachalam,Marsiglia,Senior Engineer
461765,Tesuro,Koyama,Senior Staff
461768,Geoffry,Breugel,Senior Engineer
461769,Bodo,Birge,Senior Engineer
461770,Kamran,Sommen,Engineer
461776,Bernt,Improta,Senior Staff
461777,Seongbin,Yoshizawa,Senior Staff
461778,Chanjung,Vasanthakumar,Senior Staff
461781,Arfst,Denos,Staff
461786,Adel,Krohm,Staff
461788,Wuxu,Decaestecker,Senior Engineer
461789,Kousuke,Gide,Senior Engineer
461793,Keung,Rassart,Senior Engineer
461797,Satyanarayana,Kroon,Senior Engineer
461803,Charmane,Radwan,Senior Staff
461807,Shan,Rossi,Senior Engineer
461808,Malu,Radivojevic,Senior Staff
461809,Muneo,Randi,Technique Leader
461812,Kristine,Kaiser,Senior Staff
461816,Jaroslava,Salinas,Senior Engineer
461818,Serap,Rosen,Senior Staff
461820,Lansing,Prenel,Senior Engineer
461821,Paris,Nittel,Senior Engineer
461825,Manibrata,Mamelak,Senior Staff
461831,Yinghua,Miculan,Staff
461833,Shuho,Rosar,Senior Engineer
461835,Serenella,Pell,Senior Staff
461837,Arif,Kalorkoti,Senior Staff
461838,Sanjeeva,Manderick,Engineer
461844,Zhilian,Kitsuregawa,Senior Staff
461845,Kwangho,Kamble,Senior Engineer
461846,Gina,Vesel,Engineer
461848,Randi,Lemarechal,Senior Staff
461860,Chaosheng,Syrotiuk,Engineer
461861,Aron,Marsiglia,Senior Staff
461865,Mariusz,Baak,Senior Engineer
461866,Zhiwei,Narahari,Senior Engineer
461870,Goh,Sooriamurthi,Senior Engineer
461874,Nevio,Lindqvist,Senior Staff
461876,Golgen,Hebden,Senior Engineer
461877,Kousuke,Pepe,Senior Engineer
461882,Jamaludin,Schauser,Senior Staff
461885,Sreenivas,Gluchowski,Senior Engineer
461886,Vojin,Bashian,Staff
461888,Xuedong,Kragelund,Engineer
461889,Godehard,Mandelberg,Technique Leader
461891,Ranan,Stranks,Technique Leader
461898,Alassane,Narahari,Engineer
461900,Hideo,Penz,Senior Engineer
461903,Hironoby,Puppe,Senior Engineer
461905,KayLiang,Szemeredi,Senior Engineer
461907,Van,Negoita,Senior Staff
461909,Jagoda,Porotnikoff,Senior Engineer
461912,Ugo,Kowalchuk,Senior Staff
461913,Giri,Ballarin,Senior Engineer
461915,Alejandro,Sambasivam,Senior Staff
461925,Mani,Polajnar,Engineer
461928,Gopalakrishnan,Wolniewicz,Senior Engineer
461929,Moon,Anido,Staff
461936,Akeno,Nishimukai,Senior Engineer
461949,Duro,Laurillard,Senior Staff
461950,Hidefumi,Streng,Senior Engineer
461953,Marie,Ballarin,Senior Staff
461956,Hitomi,Zuberek,Senior Engineer
461957,Harjit,Biran,Senior Staff
461958,Mohit,Slobodova,Senior Staff
461960,Remko,Ramsay,Senior Staff
461962,Shugo,Raoux,Senior Engineer
461963,Aleksandar,Onuegbe,Technique Leader
461964,Ennio,Lund,Senior Engineer
461971,Mokhtar,Veevers,Senior Engineer
461974,Mats,Jording,Engineer
461976,Berry,Papadias,Senior Engineer
461979,Fayez,Mandelberg,Senior Engineer
461982,Gennady,Matzen,Engineer
461989,Huiqun,Weedman,Senior Engineer
461990,Jacopo,Norsworthy,Senior Staff
461993,Ronghao,Penz,Senior Staff
461994,Yishai,Gyimothy,Senior Engineer
461997,Fumitake,Hempstead,Senior Staff
462003,Collette,Borovoy,Engineer
462004,Ymte,Snyers,Senior Staff
462005,Pramod,Kushner,Staff
462006,Bedir,Gyimothy,Staff
462007,Rasiah,Smeets,Senior Engineer
462011,Gen,Taubman,Engineer
462015,Gonzalo,Stellhorn,Engineer
462016,Taiji,Danner,Staff
462017,Cheong,Cronau,Senior Engineer
462018,Gil,Ernst,Senior Engineer
462024,Fatemeh,Gecseg,Staff
462028,Rasiah,Angot,Senior Engineer
462029,Yoshinari,Keohane,Senior Engineer
462032,Chikara,Oaver,Senior Staff
462033,Genta,Compeau,Senior Staff
462034,Geoffry,Lund,Senior Engineer
462035,Mohammed,Egerstedt,Senior Engineer
462036,Bojan,Hasenauer,Senior Staff
462038,Gianluca,Angot,Staff
462044,Ziya,Salverda,Senior Engineer
462049,Sachar,Antonisse,Senior Staff
462051,Jayesh,Stemann,Senior Staff
462057,Lihong,Ambroszkiewicz,Senior Staff
462059,Naftaly,Zockler,Technique Leader
462060,Gina,Veldwijk,Technique Leader
462061,Inderjeet,Maginnis,Technique Leader
462062,Francoise,Einsfeld,Senior Staff
462066,Perla,Silva,Staff
462070,Mahmut,Marsiglia,Staff
462072,Munehiko,Kusakabe,Senior Engineer
462073,Alassane,Plump,Senior Staff
462075,Matt,Kitsuregawa,Senior Engineer
462076,Katsuyuki,Guting,Senior Engineer
462080,Guther,Larfeldt,Engineer
462081,Manu,Delgrange,Senior Engineer
462085,Marco,Gulla,Senior Engineer
462086,Fayez,Bressoud,Senior Engineer
462091,Patricia,Stemann,Senior Engineer
462092,Jouko,Rando,Senior Engineer
462096,Martins,Gischer,Senior Staff
462097,Mircea,Keohane,Senior Staff
462100,Shawna,Honiden,Engineer
462107,Pradeep,Ferretti,Staff
462109,Danil,Yeung,Senior Staff
462111,Udo,Sudbeck,Senior Engineer
462112,Kaijung,Usdin,Staff
462115,Nahum,Hedayat,Staff
462116,Mahmut,Ramras,Engineer
462119,Dmitri,Masamoto,Senior Staff
462125,Sigeru,Chelton,Senior Staff
462128,Divine,Angelopoulos,Engineer
462132,Phule,Gronowski,Engineer
462133,Ishfaq,Garnier,Senior Engineer
462136,Khedija,Kaltofen,Technique Leader
462140,Josyula,Chleq,Senior Engineer
462144,Koldo,Nooteboom,Senior Staff
462145,Gurbir,Thimonier,Senior Staff
462146,Yongmin,Wilfing,Senior Engineer
462149,Jaideep,Lampe,Senior Engineer
462151,Akeel,Templeman,Senior Engineer
462155,Tsutomu,Validov,Senior Engineer
462157,Mabhin,Emmart,Senior Staff
462167,Moriyoshi,Figueira,Staff
462172,Michaela,Danley,Senior Engineer
462182,Yannis,Birdsall,Engineer
462186,Mikhail,Fontet,Senior Engineer
462187,Marie,Laventhal,Senior Engineer
462190,Kazuhira,Erdi,Senior Staff
462193,Baocai,Facello,Staff
462197,Yakkov,Thiran,Senior Engineer
462206,Sumant,Antonakopoulos,Senior Staff
462207,Luise,Azevdeo,Senior Engineer
462208,Stafford,Hopewell,Senior Staff
462217,Aral,Unno,Staff
462220,Zeljko,Boissier,Senior Engineer
462221,Theron,Onuegbe,Senior Staff
462222,Kazuhiro,Shumilov,Staff
462224,Jaewoo,Cyre,Senior Staff
462229,Fatemeh,Vural,Engineer
462230,Torsten,Ballarin,Engineer
462231,Anneke,Albarhamtoshy,Senior Staff
462237,Achilleas,Mundy,Senior Engineer
462245,Ennio,Gischer,Senior Staff
462246,Kenton,Cooley,Senior Engineer
462248,Manton,Vrecion,Engineer
462258,Frazer,Azulay,Senior Staff
462259,Tomoyuki,Huttel,Engineer
462263,Nagui,Mayerwieser,Senior Staff
462264,Kirk,Baar,Senior Staff
462271,Feiyu,Redmiles,Senior Staff
462278,Persi,Benaini,Staff
462282,Adly,Morton,Senior Staff
462284,Samphel,Farrow,Senior Staff
462285,Mitchel,Asrin,Senior Staff
462286,Pintsang,Anger,Senior Staff
462289,Kenroku,Adachi,Senior Engineer
462291,Vatsa,Kornatzky,Senior Engineer
462298,Alselm,Debuse,Staff
462303,Vishu,Chenney,Engineer
462304,Jordanka,Kakkar,Senior Engineer
462313,Shaowei,Figueira,Staff
462314,Alassane,Petereit,Senior Staff
462321,Duri,Poujol,Staff
462322,Marsja,Lowrie,Engineer
462323,Gita,Paludetto,Senior Staff
462324,Kousuke,Naudin,Technique Leader
462328,Felicidad,Uehara,Senior Staff
462330,Krassimir,Shanbhogue,Senior Staff
462331,Sushant,Binkley,Senior Staff
462332,Yechezkel,Jenevein,Staff
462333,Teunis,Cullers,Engineer
462336,Angus,Mawatari,Senior Staff
462339,Padma,Langford,Engineer
462342,Eric,Narahari,Senior Engineer
462345,Taisook,Pileggi,Senior Engineer
462346,Munehiko,Kropf,Engineer
462347,Baocai,Hashii,Technique Leader
462349,Juyoung,Shrader,Senior Staff
462351,Ohad,Jullig,Senior Engineer
462355,Shahar,Besselaar,Technique Leader
462360,Volkmar,Babb,Senior Engineer
462363,Masato,Peac,Staff
462368,Bodo,Tsukune,Senior Engineer
462370,Moty,Cappelli,Senior Staff
462371,Karlis,Schlegelmilch,Engineer
462372,Shaibal,Giaccio,Senior Staff
462373,Maria,Itzigehl,Senior Engineer
462383,Jeong,Tomescu,Engineer
462384,Mitsuyuki,Hegner,Senior Engineer
462386,Parviz,Rullman,Senior Staff
462387,Bezalel,Rossi,Senior Staff
462390,Leah,Yavatkar,Engineer
462394,Jinpo,Pena,Engineer
462397,Candido,Bultermann,Engineer
462398,Serge,Stamatiou,Senior Staff
462399,Irena,Ranai,Staff
462403,Kensei,Segond,Senior Engineer
462407,Sastry,Motley,Senior Staff
462409,Gou,Asser,Staff
462412,Ravishankar,Pearson,Senior Engineer
462419,Chinho,Peris,Staff
462425,Jackson,Thambidurai,Senior Engineer
462426,Shim,Crooks,Staff
462431,Aimee,Perri,Engineer
462438,Lena,Luft,Senior Engineer
462440,Francoise,Sethi,Engineer
462443,Miomir,Ranka,Senior Staff
462445,Mingzeng,Fargier,Staff
462451,Eran,Barvinok,Senior Staff
462453,Jayesh,Molenaar,Senior Staff
462456,Bernd,Garigliano,Assistant Engineer
462457,Beshir,Negoita,Senior Staff
462461,Remko,Whitcomb,Senior Staff
462466,Serge,Trystram,Assistant Engineer
462470,Satyanarayana,Worfolk,Assistant Engineer
462473,Honesty,Butterworth,Technique Leader
462481,Pasqua,Veldwijk,Engineer
462483,Teiji,Baaz,Staff
462484,Ronghao,Masamoto,Senior Engineer
462485,Yakichi,Reutenauer,Staff
462487,Adam,Steinauer,Engineer
462497,Premsyl,Engberts,Senior Engineer
462503,Gadiel,Iisaku,Senior Engineer
462506,Achilleas,Bugaenko,Senior Engineer
462507,Aleksandar,Flasterstein,Staff
462510,Kshitij,Barvinok,Senior Engineer
462512,Youjian,Leuchs,Senior Engineer
462518,Ishfaq,Stavenow,Senior Staff
462519,Gaetan,Zockler,Engineer
462526,Kokou,Verspoor,Senior Staff
462527,Steve,Decleir,Engineer
462530,Moto,Siepmann,Senior Staff
462537,Kristof,Schahn,Staff
462539,Shin,Mikschl,Senior Engineer
462549,Gretta,Bakhtari,Senior Engineer
462552,Hironobu,Michaels,Senior Engineer
462554,Tsz,Penn,Senior Staff
462557,Lobel,Androutsos,Technique Leader
462559,Adas,Swift,Senior Engineer
462561,Vishwani,Azulay,Senior Staff
462563,Toshimori,Weedon,Technique Leader
462564,Sadok,Lamba,Engineer
462565,Neven,Nastansky,Senior Engineer
462566,Uzi,Malabarba,Staff
462581,Anneke,Szmurlo,Senior Staff
462590,DeForest,Zucker,Senior Engineer
462595,Mohamadou,Pramanik,Senior Staff
462596,Ranan,Schiettecatte,Senior Staff
462598,Tsz,Picco,Senior Staff
462599,Sudhanshu,Ebeling,Senior Engineer
462600,Uriel,Chvatal,Senior Engineer
462607,Arif,Qiwen,Technique Leader
462609,Syozo,Kroha,Engineer
462610,Sumant,Beeson,Engineer
462617,Jaroslava,Schiettecatte,Engineer
462618,Mingdong,Munoz,Technique Leader
462620,Temple,Monkewich,Engineer
462622,Duri,Molberg,Senior Engineer
462627,Isaac,Dehkordi,Staff
462628,Aluzio,Jullig,Senior Engineer
462641,Lijia,Linnainmaa,Senior Staff
462648,Fatemeh,Sridhar,Senior Engineer
462649,Werner,Keustermans,Engineer
462659,Boguslaw,Erni,Senior Staff
462668,Bedrich,Jenevein,Senior Staff
462669,Shuichi,Millington,Senior Staff
462680,Tremaine,Pesch,Assistant Engineer
462681,Henk,Bruckman,Engineer
462685,Temple,Candan,Staff
462687,Willard,Danlos,Senior Staff
462689,Shen,Piazza,Assistant Engineer
462690,Shaunak,Hettesheimer,Senior Staff
462694,Yuqun,Farrel,Staff
462698,Tzvetan,Blokdijk,Senior Engineer
462703,Jaber,Terkki,Senior Staff
462705,Mohit,Norsworthy,Staff
462706,Caolyn,VanScheik,Senior Staff
462708,Jianhua,Rijckaert,Assistant Engineer
462711,Urs,Spinelli,Senior Staff
462712,Heping,Picco,Senior Staff
462717,Gina,Dehkordi,Assistant Engineer
462734,Shridhar,Jansch,Senior Engineer
462737,Yuguang,Szemeredi,Senior Engineer
462742,Jayson,Kruskal,Senior Staff
462743,Ranan,Peral,Staff
462747,Owen,Syrzycki,Engineer
462748,Duke,Rosar,Senior Staff
462749,Yunming,Ramsay,Senior Engineer
462754,Soenke,Hambrick,Senior Engineer
462755,Arunachalam,Sigstam,Senior Staff
462756,Alexius,Esposito,Senior Engineer
462759,Bodo,Kaiserswerth,Engineer
462760,Chenye,Baja,Senior Staff
462763,Xiahua,Collette,Senior Staff
462765,Yurii,Rohrbach,Senior Staff
462766,Rosita,Kampfer,Senior Staff
462767,Uri,Ranai,Staff
462769,Tse,Coors,Senior Engineer
462770,Aamer,Spell,Senior Staff
462774,Moie,Chinal,Staff
462775,Willard,Simkin,Staff
462776,Mostafa,Dechter,Senior Staff
462777,Turgut,Malinowski,Senior Staff
462780,Ioana,Nitta,Senior Staff
462783,Kazuhiko,Kalloufi,Staff
462788,Xuedong,Pleszkun,Senior Staff
462790,Fumiyo,Chandrasekhar,Senior Staff
462792,Shim,Merkl,Senior Engineer
462796,Kellyn,Murtha,Senior Engineer
462800,Sariel,Auria,Senior Engineer
462801,Chinya,Zyda,Senior Engineer
462809,Mana,Brlek,Senior Engineer
462814,Anneli,Linnainmaa,Senior Staff
462819,Dmitry,Zwicker,Senior Engineer
462829,Moss,Range,Senior Engineer
462831,Heather,Wolniewicz,Senior Staff
462832,Jenwei,Conte,Senior Staff
462834,Kristinn,Undy,Senior Staff
462836,Persi,Rosaz,Senior Engineer
462839,Huan,Ariola,Senior Staff
462844,Khatoun,Gini,Engineer
462849,Tadahiro,Pintelas,Senior Staff
462857,Kwangsub,Hoogerwoord,Senior Staff
462859,Xinglin,Gire,Senior Engineer
462863,Jamaludin,Cullers,Senior Engineer
462865,Kensei,Schaad,Senior Staff
462866,Babette,Ritcey,Technique Leader
462869,Bedir,Malabarba,Senior Engineer
462871,Sorina,Oberman,Engineer
462872,Shahaf,Zirintsis,Senior Staff
462875,Francoise,Picaronny,Senior Engineer
462876,Taegyun,Kirkerud,Senior Engineer
462877,Xuedong,Glowinski,Senior Engineer
462879,Gio,Ranta,Engineer
462880,Godehard,Trumbly,Senior Staff
462881,Kwun,Colorni,Senior Engineer
462883,Pranas,Validov,Staff
462889,Kendra,Plumb,Senior Engineer
462890,Jinya,Peak,Staff
462892,Mohit,Clemencon,Staff
462893,Genevieve,Angel,Engineer
462895,Diederik,Larfeldt,Senior Engineer
462897,Ayonca,Danlos,Senior Engineer
462898,Sajjad,Schonegge,Senior Engineer
462900,Gao,Sudbeck,Senior Engineer
462902,Shugo,Sommer,Senior Staff
462904,Shigeaki,Slobodova,Engineer
462905,Fay,Chvatal,Senior Staff
462906,Mary,Cronin,Engineer
462908,Alejandro,Stifter,Engineer
462910,Maria,Luff,Senior Staff
462911,Shay,Kusakabe,Senior Staff
462915,Diederik,Spinelli,Engineer
462916,Tomokazu,Cappelletti,Senior Staff
462918,Satosi,Iivonen,Senior Engineer
462919,Taizo,Atrawala,Senior Engineer
462921,Kwun,Poehlman,Senior Staff
462924,Sanjay,Veevers,Senior Engineer
462925,Dharmaraja,Comyn,Senior Staff
462929,Pramod,Litvinov,Senior Engineer
462932,Jaber,Loncour,Staff
462933,Randy,Hemaspaandra,Senior Engineer
462936,Selwyn,Mawatari,Staff
462944,Georgy,Zizka,Senior Staff
462946,Anestis,Emden,Senior Engineer
462955,Eben,Kusakabe,Senior Engineer
462957,Tesuro,Poehlman,Senior Engineer
462959,Isamu,Pintelas,Senior Staff
462962,Heejo,Alpay,Senior Engineer
462963,Wonhee,Kadhim,Engineer
462969,Chrisa,Schneeberger,Senior Staff
462978,Tomoyuki,Imataki,Staff
462982,Kankanahalli,Mundy,Senior Staff
462987,Nevio,Shrader,Senior Staff
462991,Mahmut,Monkewich,Senior Staff
462994,Horward,Haldar,Senior Staff
462999,Venkatesan,Gonthier,Senior Staff
463003,Branimir,Ferretti,Senior Staff
463008,Yifei,Tetzlaff,Senior Staff
463010,Abdelwaheb,Prochazka,Senior Engineer
463014,Xuejia,Bodoff,Senior Staff
463019,Jovan,Figueira,Senior Staff
463027,Peer,Pews,Senior Engineer
463029,Huiqun,Cmelik,Technique Leader
463030,Kazuhito,Oppitz,Senior Staff
463031,Uno,Hinsberger,Staff
463039,Zine,Validov,Senior Engineer
463041,Navid,Litecky,Senior Engineer
463042,Billie,Peron,Engineer
463048,Gen,Sadowski,Staff
463053,Urs,Weedon,Senior Staff
463055,Arunachalam,Peternell,Senior Staff
463061,DAIDA,Hmelo,Staff
463063,Serge,Ellozy,Senior Staff
463067,Oddvar,Gyorkos,Senior Engineer
463075,Eben,Kisuki,Engineer
463076,Mechthild,Swen,Senior Engineer
463078,Shirish,Mateescu,Senior Staff
463079,Sushant,Baja,Senior Engineer
463081,Leen,Chaudhury,Senior Engineer
463085,Gudjon,Ranon,Senior Staff
463087,Sajjad,Schach,Staff
463092,Arnould,Peres,Senior Engineer
463093,Evgueni,Frolund,Senior Staff
463098,Howell,Merlo,Technique Leader
463100,Shaw,Zucker,Technique Leader
463101,Chaoyi,Vasanthakumar,Senior Engineer
463102,Elrique,Rajcani,Staff
463104,Sorina,Miculan,Engineer
463110,Shooichi,Ohori,Senior Engineer
463117,Jianhao,Suomi,Staff
463124,Xinan,Ventosa,Senior Staff
463126,Niclas,Gulak,Engineer
463131,Cathie,Bolsens,Senior Engineer
463140,Martial,Naudin,Senior Engineer
463141,Marsha,Masaki,Senior Engineer
463143,Barton,Parveen,Senior Staff
463147,Georgy,Terwilliger,Senior Staff
463149,Valeska,Kamber,Staff
463152,Premsyl,Schiper,Senior Engineer
463155,Aemilian,Sabnani,Senior Engineer
463156,Vojin,Miake,Senior Staff
463160,Jiang,Speek,Senior Staff
463161,Subhash,Milicia,Senior Engineer
463178,Marsha,Conte,Senior Engineer
463184,Cedric,Bruckman,Senior Engineer
463185,Yahiko,Rosay,Senior Staff
463187,Sachin,Penn,Technique Leader
463200,Bangqing,Tyugu,Senior Staff
463210,Sachar,Peltason,Engineer
463214,Toshimo,Acton,Engineer
463224,Lorien,Erev,Senior Engineer
463227,Renny,Anger,Senior Staff
463240,Temple,Alpin,Senior Engineer
463248,Adib,Lanphier,Engineer
463250,Arup,Ranta,Senior Engineer
463252,Demin,Krzyzanowski,Senior Engineer
463253,Harngdar,Yetim,Senior Staff
463256,Mabhin,Demos,Senior Staff
463260,Masako,Muntz,Senior Engineer
463263,Takahito,Kushner,Engineer
463270,Marsja,Birta,Staff
463278,Sanjay,Speer,Engineer
463282,Kristin,Bojadziev,Senior Staff
463286,Kwangho,Avouris,Senior Staff
463287,Jianwen,Kirkerud,Senior Staff
463290,Seongbae,Potthoff,Senior Engineer
463295,Kersti,Caine,Senior Staff
463297,Alenka,Yoshimura,Senior Staff
463298,Adil,Stenning,Engineer
463300,Serif,Seiwald,Assistant Engineer
463304,Ulf,Kenevan,Engineer
463305,Xiadong,Birch,Senior Engineer
463307,Falguni,Perri,Engineer
463309,Ger,Cappello,Engineer
463310,Yoshimitsu,Melichar,Senior Engineer
463311,Fuqing,Scharstein,Senior Engineer
463312,Keung,Godskesen,Staff
463316,Seongbae,Iwayama,Senior Engineer
463317,Marco,Baar,Senior Staff
463318,Ung,Ginneken,Senior Engineer
463324,Moto,Heijenga,Senior Engineer
463327,Udo,Keirsey,Senior Engineer
463330,Minghong,Oxenboll,Senior Staff
463332,Karsten,Piazza,Senior Staff
463334,Tran,Peak,Assistant Engineer
463340,Danae,Buchter,Senior Engineer
463346,Satoru,Pramanik,Staff
463351,Achilleas,Schaar,Senior Staff
463356,Nechama,Peyn,Staff
463357,Shaz,Zedlitz,Staff
463360,Ung,Benantar,Senior Staff
463362,Anneli,Muniz,Engineer
463368,Kotesh,Irland,Senior Engineer
463370,Khue,Eiter,Staff
463371,Dannz,Compeau,Assistant Engineer
463373,Shahab,Imataki,Senior Staff
463376,Make,Tasistro,Engineer
463377,Greger,Ranai,Staff
463378,Moheb,Huttel,Staff
463380,Tomoyuki,Kadhim,Senior Staff
463381,Sivanarayana,Schieder,Assistant Engineer
463388,Udaiprakash,Wrigley,Senior Staff
463389,Shahaf,Bugrara,Staff
463390,Xiahua,Hiltgen,Senior Engineer
463392,Masoud,Vandervoorde,Senior Staff
463393,Bilhanan,Takkinen,Senior Engineer
463397,Gay,Kenevan,Senior Staff
463399,Tristan,Shimshoni,Assistant Engineer
463401,Chrisa,Boyle,Senior Staff
463404,Dante,Raczkowsky,Senior Engineer
463408,Martina,Kaminger,Senior Staff
463411,Charlene,Bierbaum,Senior Engineer
463413,Kristinn,Lorys,Senior Engineer
463422,Dante,Lieblein,Engineer
463426,Tetsurou,DuCasse,Senior Engineer
463431,Lalit,Samarati,Senior Staff
463433,Luerbio,Neiman,Technique Leader
463434,Bilhanan,Tempesti,Senior Engineer
463444,Patricia,Zambonelli,Senior Engineer
463449,Aemilian,Varman,Senior Engineer
463450,Rajmohan,Muchinsky,Assistant Engineer
463451,Subhash,Kuhnemann,Senior Engineer
463452,Mark,Gajiwala,Staff
463459,Mohammed,Farrag,Senior Engineer
463463,Katsuyuki,Klerer,Senior Staff
463464,Conor,Adachi,Senior Engineer
463475,Theron,Heystek,Engineer
463476,Mabo,Pouyioutas,Engineer
463480,Otmar,Emden,Technique Leader
463483,Younwoo,Narlikar,Senior Staff
463488,Marie,Azuma,Staff
463491,Jouko,Dichev,Engineer
463492,Yuuichi,Granlund,Assistant Engineer
463494,Kristine,Ishibashi,Staff
463500,Lorien,Terkki,Senior Staff
463506,Kazuhiko,Furudate,Assistant Engineer
463511,Mads,Hennings,Senior Staff
463519,Navid,Munch,Senior Staff
463520,Valery,Gajiwala,Staff
463523,Amabile,Raoux,Technique Leader
463524,Koldo,Papadias,Senior Engineer
463526,Vasiliy,Sluis,Senior Staff
463529,Inderjeet,Kusakabe,Senior Engineer
463530,Gaetan,Boreale,Engineer
463535,Arch,Uhrik,Senior Staff
463537,Sashi,Kulisch,Senior Staff
463538,Elliott,Schueller,Staff
463541,Naraig,Schneeberger,Senior Staff
463544,Dietrich,Gornas,Senior Engineer
463545,Seongbin,Alvarado,Senior Engineer
463548,Chinho,Huhdanpaa,Engineer
463549,Rutger,Ghazalie,Senior Engineer
463550,Khalil,Duclos,Senior Engineer
463551,Luerbio,Ramaiah,Senior Engineer
463552,Boaz,Brodie,Staff
463553,Fumiya,Passino,Senior Staff
463554,Kristina,Kranzdorf,Senior Engineer
463556,Monique,Emmart,Senior Staff
463560,Ipke,Schmezko,Senior Engineer
463562,Gal,Landherr,Senior Engineer
463568,Udi,Lichtner,Staff
463575,Poorav,Talmor,Senior Engineer
463576,Vishu,Tiemann,Senior Engineer
463587,Kwun,Chandrasekhar,Senior Engineer
463592,Maris,Riefers,Engineer
463594,Jiakeng,Bresenham,Technique Leader
463598,Etsuo,Yetto,Senior Engineer
463602,Chinya,Servi,Senior Engineer
463606,Yannis,Casley,Senior Staff
463607,Lubomir,Falster,Engineer
463608,Golgen,Vernadat,Engineer
463610,Berto,Chiola,Senior Staff
463615,Sariel,Quittner,Senior Staff
463621,Lidong,Kobara,Senior Engineer
463623,Gro,Chandrasekhar,Senior Engineer
463630,Lokesh,Poujol,Senior Engineer
463631,Mohd,Veccia,Engineer
463632,Chinya,Foote,Senior Staff
463634,Randi,Gihr,Senior Engineer
463640,Miquel,Gyorkos,Staff
463641,Bezalel,Trachtenberg,Engineer
463644,Zorica,Schneeberger,Senior Staff
463648,Rayond,Serdy,Senior Engineer
463649,Leaf,Picaronny,Senior Staff
463658,Weiyi,Kroha,Staff
463659,Gretta,Driscoll,Senior Engineer
463660,Bedir,Ratnakar,Senior Staff
463661,Minghong,Janocha,Senior Staff
463665,Berthier,Hutter,Senior Engineer
463672,Jixiang,Kobara,Senior Engineer
463676,Heon,Gils,Staff
463679,Constantijn,Thimonier,Senior Engineer
463680,Giri,Papadias,Senior Engineer
463681,Gian,Kalefeld,Senior Engineer
463683,Kauko,Bottner,Engineer
463684,Richard,Morrin,Senior Staff
463686,Uri,Wiegley,Senior Engineer
463687,IEEE,Khamsi,Senior Engineer
463688,Florina,Baja,Senior Engineer
463689,Roselyn,Seghrouchni,Engineer
463691,Leandro,Chorvat,Senior Staff
463696,Sigeru,Babu,Senior Staff
463699,Roded,Bardell,Technique Leader
463700,Giao,Maraist,Senior Staff
463701,Zvonko,Nourani,Senior Engineer
463705,Xudong,Biron,Staff
463717,Mari,Pell,Senior Staff
463725,Wonhee,Zumaque,Senior Engineer
463731,Weidon,Erev,Senior Staff
463732,Tran,Hiraishi,Engineer
463735,Martine,Birrer,Engineer
463736,Howell,Smeets,Senior Engineer
463738,Hairong,Pellegrinelli,Senior Engineer
463741,Parto,Plessier,Senior Staff
463742,Khedija,Vickson,Senior Staff
463743,Dharmaraja,Seghrouchni,Technique Leader
463745,Parke,Raczkowsky,Staff
463746,Berhard,Reistad,Staff
463748,Francesca,Yeung,Engineer
463749,Troy,Morrow,Senior Staff
463751,Toshimi,Sommer,Senior Engineer
463752,Tokuyasu,Nannarelli,Senior Staff
463756,Marc,Emden,Assistant Engineer
463760,Charmane,Carrera,Senior Engineer
463762,Elliott,Lunn,Senior Engineer
463768,Mihalis,Pillow,Engineer
463769,Kristin,Schaft,Senior Engineer
463777,Gor,Rosca,Senior Staff
463781,Val,Heystek,Senior Staff
463782,Teiji,Braccini,Senior Staff
463785,Marlo,Felder,Senior Staff
463788,Yurii,Cooke,Senior Engineer
463789,Mani,Karcich,Engineer
463791,Owen,Luders,Senior Engineer
463792,Masoud,Baezner,Engineer
463793,Jongsuk,Takanami,Senior Staff
463796,Sariel,Heijenga,Senior Engineer
463797,Eldridge,Swab,Technique Leader
463800,Jiann,Ranum,Technique Leader
463801,Reinhard,Vilarrasa,Staff
463802,Yolla,Weisert,Senior Engineer
463804,Ymte,Potthoff,Senior Engineer
463806,Freyja,Borstler,Engineer
463808,Berni,Mitchem,Senior Engineer
463810,Sanjai,Holburn,Staff
463814,Lena,Kandlur,Senior Engineer
463816,Feiyu,Hanratty,Engineer
463823,Falguni,Kieras,Senior Staff
463825,Gao,Coombs,Staff
463839,Teiji,Narahara,Senior Engineer
463841,Christ,Narwekar,Senior Engineer
463842,Susumu,Shumilov,Senior Engineer
463845,Kiyomitsu,Steinauer,Senior Engineer
463849,Ingemar,Thummel,Senior Staff
463850,Candida,Segond,Technique Leader
463857,Girolamo,Khasidashvili,Senior Staff
463862,Baocai,Compeau,Senior Engineer
463863,Panayotis,Bellmore,Senior Engineer
463867,Rimli,Bakhtari,Engineer
463868,Parto,Szemeredi,Staff
463869,Tooru,Zumaque,Senior Staff
463877,Raimond,Comte,Assistant Engineer
463890,Kenroku,Vitiello,Senior Engineer
463893,Jaideep,Stamatiou,Staff
463894,Arfst,Montemayor,Staff
463903,Avishai,Ventosa,Senior Staff
463904,Leah,Selvestrel,Senior Engineer
463910,Kristine,Aloia,Engineer
463917,Harngdar,Cummings,Senior Engineer
463920,Irene,Welham,Staff
463921,Lalit,Bahr,Staff
463923,Achilleas,Lubachevsky,Engineer
463932,Conrado,Marakhovsky,Senior Staff
463935,Izaskun,Haldar,Engineer
463936,Giri,Schlenzig,Senior Staff
463940,Jinya,Kroha,Senior Staff
463941,Phillip,Hainaut,Senior Engineer
463945,Mads,Sifakis,Senior Staff
463957,Marjo,Emiris,Senior Staff
463959,Lein,Zaccaria,Senior Engineer
463962,Tuval,Beeson,Senior Engineer
463964,Teiji,Kemmerer,Assistant Engineer
463965,Jahangir,Christ,Senior Staff
463970,Mamdouh,Ranon,Senior Engineer
463973,Christ,Bierbaum,Senior Staff
463977,Susuma,Detkin,Staff
463978,Pasqua,Pillow,Senior Engineer
463980,Howell,Etalle,Senior Staff
463986,Aleksander,Rahimi,Senior Staff
463989,Munenori,Honglei,Senior Staff
463991,Khaled,Heusch,Senior Engineer
463993,Debaprosad,Serot,Senior Engineer
463997,Boguslaw,Luft,Technique Leader
464000,Sadok,Kushner,Engineer
464001,Shakhar,Lanphier,Senior Engineer
464005,Gino,Merli,Senior Engineer
464006,Adly,Quittner,Senior Engineer
464008,Kiam,Puoti,Staff
464010,Constantijn,Uhrig,Senior Staff
464012,Vasiliy,Varker,Engineer
464015,Percy,Pileggi,Senior Staff
464020,Leaf,Kuzuoka,Senior Engineer
464022,Bartek,Beznosov,Staff
464023,Yinghua,Zuberek,Assistant Engineer
464024,Bangqing,Yavatkar,Senior Engineer
464025,Brigham,Baezner,Senior Engineer
464027,Bernice,Suomi,Senior Engineer
464033,Fan,Beilner,Senior Engineer
464039,Giap,Cooley,Technique Leader
464040,Hyuncheol,Kavraki,Staff
464041,Adly,Pero,Staff
464046,Kensei,Gischer,Senior Staff
464050,Shan,Bratten,Senior Staff
464051,Horward,Worfolk,Senior Staff
464052,Lorien,Hutton,Engineer
464054,Ger,Ranai,Senior Engineer
464059,Harngdar,Rullman,Senior Staff
464061,Kiyotoshi,Soloway,Engineer
464062,Hisao,Delgrange,Engineer
464063,Weiru,Simmel,Technique Leader
464067,Mahendra,Gulik,Staff
464069,Chaitali,Sifakis,Senior Engineer
464075,Abdelwaheb,Angel,Senior Engineer
464077,Bernice,Parfitt,Senior Engineer
464080,Yongqiao,Morrow,Assistant Engineer
464084,Shaowei,Slaats,Engineer
464087,Shan,Madeira,Engineer
464089,Fox,Sommer,Senior Staff
464091,Jaewoo,Merlo,Senior Staff
464092,Jordanka,Cronan,Senior Staff
464098,Odinaldo,Ushiama,Senior Staff
464102,Sibyl,Maraist,Senior Engineer
464105,Xiadong,Ossenbruggen,Staff
464106,Duke,Businaro,Staff
464110,Mara,Binkley,Engineer
464112,Christoper,Matheson,Technique Leader
464125,Volkmar,Schrooten,Senior Staff
464128,Elvia,Halloran,Staff
464130,Fan,Osgood,Staff
464133,Taisook,Nyrup,Senior Engineer
464134,Sumant,Improta,Staff
464135,Chaitali,Braunmuhl,Staff
464139,Shai,Viele,Engineer
464140,Kolar,Broomell,Senior Staff
464141,Chuanti,Bhattacharjee,Senior Staff
464144,Mostafa,Ashish,Senior Staff
464145,Kotesh,Hellwagner,Senior Staff
464146,Sadun,Pehl,Senior Staff
464147,Susanna,Broomell,Assistant Engineer
464150,Kien,Usery,Senior Engineer
464151,Fumitake,Zumaque,Senior Staff
464153,Adly,Stavenow,Senior Staff
464154,Lena,Baaz,Senior Staff
464155,Sachar,Horswill,Assistant Engineer
464160,Xiaoqiu,Knightly,Engineer
464168,Weijing,Godskesen,Engineer
464174,Palash,Broomell,Technique Leader
464175,Randy,Melichar,Senior Staff
464178,Maia,Ecklund,Senior Engineer
464179,Weiru,Krogh,Senior Engineer
464185,Lijie,Assaf,Engineer
464188,Remmert,Rothenberg,Engineer
464191,Gila,Duclos,Staff
464193,Ramya,Parfitt,Senior Engineer
464194,Sakthirel,Brobst,Senior Engineer
464200,Junichi,Foong,Senior Staff
464203,Mountaz,Navazio,Senior Engineer
464205,Jouni,Gihr,Staff
464206,Mantis,Hedayat,Senior Staff
464207,Tiina,Comellas,Engineer
464220,Sibyl,Shrader,Senior Engineer
464229,Shichao,Shanbhogue,Technique Leader
464233,Patricia,Hoppenstand,Engineer
464237,Yaghout,Luff,Engineer
464238,Yagil,Bashian,Staff
464242,Gen,Androutsos,Staff
464258,Manu,Heijenga,Engineer
464260,Guther,Zambonelli,Senior Engineer
464262,Franziska,Kugler,Engineer
464268,Houman,Guerreiro,Engineer
464271,Collette,Zlotek,Senior Engineer
464273,Kwangjo,Bazzichi,Staff
464281,Seongbin,Axelband,Senior Engineer
464282,Chriss,Winter,Senior Engineer
464286,Godehard,Petereit,Senior Staff
464288,Feipei,Pardalos,Senior Staff
464289,Masasuke,Kemmerer,Engineer
464295,Jackson,Hebden,Senior Engineer
464298,Danai,Rosca,Engineer
464300,Tonia,Gischer,Senior Engineer
464302,Bluma,Solares,Senior Staff
464306,Olivera,Heyers,Senior Staff
464310,Marit,Molenkamp,Senior Staff
464312,Gunilla,Terwilliger,Senior Engineer
464316,Wanqing,Roison,Senior Engineer
464319,Uzi,Lyonns,Senior Engineer
464320,Erzsebet,Kambil,Senior Staff
464322,Sandeepan,Sessa,Senior Staff
464323,Soenke,Curless,Engineer
464326,Yahiko,DuBourdieux,Engineer
464328,Shigeaki,Uchoa,Senior Staff
464335,Gio,Marchesini,Assistant Engineer
464338,Cathie,Vickson,Technique Leader
464339,Chriss,Braccini,Staff
464345,Olivera,Pusterhofer,Senior Staff
464346,Bernardo,Bazzichi,Senior Staff
464356,Baruch,Sigstam,Senior Staff
464357,Filipe,Coorg,Senior Engineer
464359,Bluma,Miake,Engineer
464362,Yongqiao,Kading,Senior Engineer
464365,Shaowen,Krogh,Senior Staff
464366,Demos,Krupka,Senior Engineer
464367,Achilleas,Zhang,Technique Leader
464372,Masadi,Dalton,Senior Staff
464374,Peternela,Slutz,Senior Engineer
464376,Chiranjit,Jakobus,Assistant Engineer
464377,Josyula,Biron,Staff
464380,Ioana,Denny,Senior Engineer
464383,Chandrasekaran,Nooteboom,Senior Staff
464386,Radhakrishnan,Koblick,Senior Staff
464387,Shim,Klassen,Staff
464388,Atilio,Besancenot,Senior Staff
464390,Jinpo,Feinberg,Senior Staff
464394,Neven,Uludag,Senior Staff
464396,Weiru,Cools,Staff
464404,Ferdinand,Ranka,Staff
464417,Seongbin,Isaak,Senior Engineer
464422,Utpal,Kirkerud,Senior Staff
464424,Emdad,Dulay,Engineer
464425,Shaunak,Murtafg,Senior Staff
464427,Girolamo,Birjandi,Staff
464428,Evgueni,Hutton,Engineer
464431,Hironoby,Bernini,Senior Engineer
464437,Steve,Kamble,Senior Engineer
464439,Zhiguo,Verhaegen,Senior Staff
464441,Leif,Srimani,Senior Engineer
464443,Udaiprakash,Kobuchi,Senior Engineer
464447,Youngkon,DuCasse,Senior Staff
464448,Pramod,Menhoudj,Senior Staff
464452,Vasilii,Penn,Senior Staff
464454,Rosalyn,Anandan,Senior Engineer
464458,Goo,Perry,Staff
464461,Huai,Murillo,Staff
464469,Guiseppe,Jeong,Engineer
464470,Ottavia,Colorni,Engineer
464477,Xinan,Yurek,Senior Staff
464478,Nathan,Denna,Senior Engineer
464480,Gift,Picco,Assistant Engineer
464483,Randi,Zeleznik,Engineer
464485,Mark,Hebert,Staff
464489,Adly,Sichman,Senior Engineer
464494,Eishiro,Veevers,Senior Staff
464497,Isamu,Bauknecht,Senior Engineer
464498,Beshir,Leivant,Engineer
464500,Youpyo,Krychniak,Staff
464501,Mohamadou,Schapire,Staff
464504,Weiwu,Shrader,Senior Staff
464508,Shih,Srimani,Senior Staff
464515,Owen,Baezner,Senior Engineer
464516,Adam,Bach,Senior Staff
464517,Udaiprakash,Kuhnemann,Staff
464518,Kagan,Ranze,Senior Engineer
464524,Youssef,Minakawa,Senior Engineer
464531,Xiong,Gurbaxani,Senior Staff
464533,Ziva,Weiland,Engineer
464534,Idoia,Angelopoulos,Senior Engineer
464536,Guozhong,Maquelin,Senior Engineer
464538,Augustine,Beausoleil,Engineer
464542,Masako,Holburn,Senior Engineer
464543,Kazuhiro,Dalphin,Engineer
464544,Duke,Koshiba,Senior Staff
464546,Anoosh,Pouyioutas,Engineer
464549,Make,Pelc,Engineer
464550,Xuedong,Lamparter,Senior Staff
464553,Yechezkel,Uhrik,Technique Leader
464555,Kellyn,Zastre,Senior Staff
464560,Huan,Hiltgen,Senior Staff
464563,Terresa,Thimonier,Senior Staff
464573,Kitty,Roison,Senior Engineer
464575,Xinan,Rotem,Engineer
464578,Christfried,Peris,Senior Staff
464588,Xiaoshan,Pargas,Senior Staff
464589,Vasilii,Boyle,Engineer
464590,Ranga,Swick,Senior Engineer
464599,Ramya,Collavizza,Staff
464600,Martijn,Osgood,Senior Engineer
464601,Honesty,Garigliano,Senior Engineer
464604,Tsutomu,Fiutem,Senior Engineer
464609,Remko,Stiles,Engineer
464610,Zhonghui,Schoegge,Senior Staff
464614,Arto,Siksek,Senior Engineer
464620,Taiji,Pezzoli,Senior Engineer
464622,Minghong,Liesche,Senior Staff
464629,Xiaopeng,Baaz,Senior Engineer
464631,Greger,Vesna,Senior Engineer
464632,Fatemeh,Schmiedel,Staff
464637,Giap,Verhoeff,Senior Engineer
464638,Irena,Ernst,Staff
464639,Elgin,Hardjono,Senior Engineer
464640,Elvia,Fontet,Senior Staff
464642,Harjit,Zirintsis,Engineer
464645,Thanasis,Zweizig,Senior Staff
464647,Ottavia,Taubenfeld,Staff
464650,Sugwoo,Pramanik,Senior Engineer
464654,Ohad,Pillow,Senior Staff
464655,Stafford,Frolund,Engineer
464657,Martine,Baba,Staff
464658,Shietung,Shimshoni,Senior Staff
464660,Yurij,Hmelo,Staff
464661,Moriyoshi,Garnham,Senior Staff
464664,Hausi,Denna,Engineer
464673,Cathie,Paciorek,Senior Engineer
464674,Sailaja,Hoppenstand,Senior Staff
464676,Masaru,Ishibashi,Senior Staff
464680,Gen,Ferretti,Senior Engineer
464681,Oldrich,Azulay,Staff
464685,Masadi,Menhardt,Senior Engineer
464691,Aloke,Lung,Senior Staff
464692,Paraskevi,Katiyar,Senior Staff
464693,IEEE,Papadias,Engineer
464695,Lech,Angel,Senior Engineer
464698,Serenella,Renear,Engineer
464699,TRUE,Barriga,Technique Leader
464701,Hongzhu,Paludetto,Senior Staff
464703,Chuanti,Parhami,Engineer
464705,Gila,Baumann,Senior Engineer
464707,Giap,Waschkowski,Engineer
464708,Taizo,Bierman,Staff
464713,Xiaoheng,Marletta,Senior Engineer
464715,Tokuyasu,Kuzuoka,Staff
464723,Susanta,Dalton,Technique Leader
464724,Thanasis,Luon,Senior Staff
464725,Sedat,Peac,Senior Engineer
464727,Dines,Kilgour,Senior Engineer
464730,Susanna,Halloran,Senior Staff
464732,Tran,Mikschl,Senior Engineer
464738,Duke,Vigier,Senior Engineer
464740,Sven,Sabnani,Senior Engineer
464744,Ranan,Anick,Senior Staff
464748,Sanjoy,Highland,Senior Engineer
464757,Mingzeng,Brattka,Senior Engineer
464758,Sukumar,Krider,Engineer
464760,Randy,Zizka,Staff
464765,Yucai,Danley,Engineer
464769,Alejandro,Hofstetter,Senior Staff
464773,Yahiko,Leslie,Senior Engineer
464774,Cristinel,Deyuan,Senior Engineer
464778,Shunichi,Assaf,Senior Engineer
464793,Rosli,Nishimukai,Staff
464794,Valeri,Tetzlaff,Senior Engineer
464795,Mohd,Demir,Senior Staff
464798,Gen,Merey,Senior Engineer
464799,Dipankar,Undy,Senior Engineer
464805,Sushant,Quittner,Senior Staff
464815,Gay,Klyachko,Staff
464818,Rasiah,Perez,Senior Engineer
464820,Seshu,Linnainmaa,Engineer
464821,Abdelaziz,Fontet,Senior Engineer
464828,Maren,Shihab,Staff
464833,Herb,Speer,Senior Staff
464836,Yannik,Himler,Engineer
464838,Sahrah,Haraldson,Engineer
464839,Youjian,Marshall,Senior Staff
464842,Hilary,Rouquie,Staff
464843,Yuriy,Hartvigsen,Senior Engineer
464845,Toong,Hooghiemstra,Senior Engineer
464848,Anestis,Spieker,Staff
464851,Dung,Fairtlough,Engineer
464852,Apostol,Gyimothy,Staff
464853,Zhiwei,Schreiter,Senior Engineer
464854,Arie,Brickell,Technique Leader
464857,Limsoon,Magliocco,Senior Staff
464859,Hyuncheol,Bonifati,Senior Engineer
464860,Tse,Leuchs,Senior Staff
464862,Dmitry,Kolvik,Staff
464864,Shen,Schmittgen,Senior Staff
464865,Jordanka,Hofmeyr,Engineer
464866,Sreekrishna,Rikino,Engineer
464869,Danai,Negoita,Senior Engineer
464871,Tze,Alameldin,Technique Leader
464874,Girolamo,Vecchi,Engineer
464885,Matt,Onuegbe,Senior Engineer
464889,Berry,Hettesheimer,Senior Engineer
464895,Yagil,Cannard,Senior Staff
464896,Vishwani,Hockney,Senior Engineer
464897,Tamiya,Prochazka,Senior Engineer
464899,Bogdan,Sanella,Staff
464906,Sachem,Stille,Senior Engineer
464908,Berry,Jiafu,Senior Engineer
464909,Claudi,Escriba,Engineer
464910,Xiong,Stille,Senior Staff
464911,Parviz,Pezzoli,Staff
464913,Shaunak,McDermid,Senior Staff
464914,Jinxi,Bolotov,Senior Engineer
464915,Shahid,Cochrane,Senior Engineer
464918,Barry,Otillio,Senior Staff
464919,Shrikanth,Vandervoorde,Assistant Engineer
464924,Tayeb,Auyong,Engineer
464927,Mahendra,Heydon,Senior Engineer
464928,Hein,Bage,Senior Staff
464931,Kolar,Barvinok,Engineer
464932,Mitsuyuki,Sambasivam,Senior Staff
464933,Alair,Kriebel,Technique Leader
464935,Nimmagadda,Ranst,Engineer
464937,Fai,Luit,Assistant Engineer
464939,Woody,Eugenio,Senior Staff
464942,Shiv,Alpin,Staff
464946,Eran,Salverda,Technique Leader
464947,Holgard,Lanzelotte,Senior Staff
464949,Yechezkel,Spelt,Engineer
464950,Shay,Luef,Senior Staff
464953,Toshimitsu,Winter,Senior Engineer
464958,Chenye,Denos,Engineer
464960,Tua,Iivonen,Senior Staff
464964,Soenke,Barriga,Staff
464968,Fumitaka,Itzigehl,Engineer
464974,Kiyokazu,Birdsall,Senior Engineer
464976,Licheng,Ecklund,Senior Engineer
464977,Kellie,Ruemmler,Senior Engineer
464978,Mohammad,Nyanchama,Senior Staff
464980,Matk,Bach,Engineer
464984,Yannis,Luan,Senior Engineer
464987,Leaf,Murrill,Engineer
464995,Muneo,Biros,Engineer
464996,Takahira,Lagarias,Senior Engineer
464999,Terresa,Nanard,Senior Engineer
465002,Ingmar,Angiulli,Technique Leader
465004,Subhada,Sooriamurthi,Senior Engineer
465007,Pranav,Thummel,Assistant Engineer
465008,Rayond,Ambroszkiewicz,Engineer
465009,Sverrir,Weedman,Senior Engineer
465015,Kshitij,Schnabel,Senior Staff
465027,Valter,Schneeberger,Senior Engineer
465028,Kirk,Hagimont,Senior Engineer
465033,Yuriy,Yetim,Senior Staff
465040,Angus,Viele,Senior Engineer
465041,Tommaso,Kabayashi,Senior Staff
465043,Fumitaka,Matheson,Senior Staff
465047,Nidapan,Weiland,Staff
465048,Conor,Solares,Technique Leader
465050,Ashish,Detkin,Engineer
465052,Lena,Streng,Senior Engineer
465053,Adam,Navazio,Senior Staff
465054,Troy,Remmers,Senior Staff
465057,Shaz,Marletta,Staff
465060,Lokesh,Constantine,Engineer
465072,Masasuke,Zambonelli,Staff
465095,Ottavia,Lund,Staff
465096,Denny,Facello,Senior Engineer
465098,Mircea,Iivonen,Senior Engineer
465099,Mingdong,Carrere,Senior Engineer
465102,Magdalena,Stavenow,Engineer
465103,Falguni,Heuser,Senior Engineer
465104,Chrisa,Dolinsky,Assistant Engineer
465106,Tzvetan,Kavvadias,Senior Staff
465114,Narain,Leslie,Engineer
465119,Radhakrishnan,Portugali,Senior Staff
465124,Adil,Ducloy,Senior Staff
465125,Aksel,Siegrist,Senior Engineer
465131,Heather,Buescher,Senior Staff
465134,Marlo,Rullman,Senior Engineer
465135,Jayson,Birge,Staff
465137,Shigeaki,Ermel,Senior Staff
465143,Wonhee,Boreale,Senior Engineer
465146,Naftaly,Naumovich,Senior Staff
465148,Georg,Hinsberger,Engineer
465150,Lalit,Shihab,Senior Engineer
465158,Baoqiu,Improta,Engineer
465161,Ottavia,Maksimenko,Engineer
465162,Iara,Hashii,Senior Staff
465163,Bokyung,Improta,Staff
465171,Gro,Peral,Senior Engineer
465174,Yucai,Argence,Senior Staff
465175,Phuoc,Heinisuo,Senior Engineer
465176,Halsur,Stroustrup,Senior Engineer
465177,Stella,Kowalchuk,Senior Engineer
465180,Arun,Gustavson,Engineer
465181,Apostol,Dengi,Senior Staff
465183,Bedrich,Irland,Senior Staff
465188,Mara,Calkin,Senior Engineer
465192,Hein,Baig,Engineer
465194,Yechiam,Aloia,Senior Engineer
465195,Khun,Birch,Senior Engineer
465197,Sachin,Gadepally,Staff
465198,Parviz,Sommen,Senior Engineer
465199,Wojceich,Plotkin,Senior Engineer
465200,Jasminko,Panienski,Staff
465207,Saddek,Moffat,Senior Staff
465209,Gilbert,Suermann,Senior Engineer
465220,Martins,Chenoweth,Senior Engineer
465221,Saeko,Berendt,Senior Engineer
465224,Tse,Noriega,Engineer
465228,Rosalie,Iwayama,Senior Staff
465231,Collette,Giaccio,Senior Staff
465238,Gian,Selvestrel,Senior Engineer
465243,Mara,Ebeling,Senior Staff
465245,Giap,Roccetti,Senior Staff
465246,Hairong,Chachaty,Senior Engineer
465251,Serap,Kampfer,Senior Staff
465254,Bedir,Schapire,Technique Leader
465256,Utpal,Trogemann,Engineer
465257,Kenroku,Collette,Senior Engineer
465260,Marjo,Hatcliff,Senior Engineer
465261,Mori,Legleitner,Staff
465264,Katsuyuki,Pearson,Staff
465265,Marl,Asser,Senior Staff
465268,Changho,Laventhal,Senior Staff
465270,Francesca,Vrecion,Senior Engineer
465272,Morrie,Stellhorn,Senior Engineer
465273,Xiaocheng,Reeker,Technique Leader
465279,Charlene,Vuskovic,Staff
465282,Valery,Luiz,Engineer
465289,Troy,Perez,Staff
465290,Toshimo,Masaki,Senior Engineer
465293,Hilary,Bresenham,Senior Engineer
465295,Huai,Frezza,Senior Engineer
465307,Huan,Pouyioutas,Engineer
465308,Jaewoo,Zeilberger,Engineer
465309,Chaosheng,Lalonde,Engineer
465311,Mitchel,Lenart,Engineer
465312,Mads,Whitcomb,Engineer
465313,Noritoshi,Kitsuregawa,Senior Staff
465316,Satoru,Paciorek,Engineer
465318,Toong,Stamatiou,Technique Leader
465319,Pradeep,Caine,Senior Staff
465321,Fumitaka,Slobodova,Senior Staff
465322,Hitofumi,Maccarone,Engineer
465324,Nirmal,Lowrie,Senior Staff
465326,Munenori,Coney,Engineer
465328,Xianlong,Cesareni,Senior Engineer
465329,Ortrud,Masamoto,Senior Staff
465331,Shakhar,Chaudhury,Senior Engineer
465332,Elrique,Thimonier,Engineer
465333,Serenella,Driscoll,Senior Staff
465337,Kien,Segond,Staff
465340,Kristin,Tsukune,Senior Staff
465361,Gretta,Veccia,Senior Staff
465367,Chiranjit,Cappello,Technique Leader
465370,Kazuhiko,Chvatal,Senior Engineer
465372,Mong,Seghrouchni,Engineer
465373,Maja,Pesch,Staff
465378,Shuho,McClure,Engineer
465384,Pohua,Attimonelli,Senior Engineer
465385,Eirik,Gulak,Senior Staff
465391,Dipankar,Foote,Senior Engineer
465392,Laurentiu,Ruemmler,Senior Staff
465398,Shigenori,Ventosa,Staff
465403,Arunas,Spelt,Senior Staff
465406,Basim,Schade,Senior Staff
465407,Goa,Rousseau,Engineer
465412,Xumin,Ramalingam,Engineer
465413,Francoise,Oxenboll,Senior Staff
465425,Weicheng,Pena,Assistant Engineer
465430,Valery,Zyda,Engineer
465434,Dayanand,Alpay,Senior Staff
465443,Freyja,Straney,Senior Staff
465446,Jaihie,Soicher,Senior Staff
465447,Mahmut,Kabayashi,Senior Engineer
465449,Tadahiro,Perko,Senior Staff
465450,Uta,Mitzlaff,Senior Staff
465451,Tzvetan,Munoz,Engineer
465456,Parto,Comyn,Engineer
465459,Mana,Lichtman,Technique Leader
465460,Shawna,Meszaros,Senior Engineer
465468,Chrisa,Cairo,Senior Engineer
465471,Wilmer,Birta,Senior Staff
465480,Rayond,Atrawala,Staff
465493,Herbert,Merkl,Senior Staff
465510,Kazuhira,Marciano,Senior Engineer
465511,Pantung,Pashtan,Engineer
465521,KayLiang,Mersereau,Senior Engineer
465524,Falguni,Falck,Senior Staff
465526,Shim,Attimonelli,Engineer
465528,Tonia,Rosis,Senior Engineer
465537,Jaideep,Plessier,Senior Engineer
465539,Xiaoqiang,Ferretti,Technique Leader
465542,Valeska,Assaf,Senior Engineer
465543,Ramzi,Boreale,Senior Engineer
465547,Bernice,Alpin,Senior Staff
465548,Godehard,Cappelletti,Senior Engineer
465550,Chaosheng,Basagni,Senior Staff
465553,Sudharsan,Hasenauer,Senior Engineer
465558,Zengping,Kolinko,Senior Staff
465560,Berhard,Wrigley,Technique Leader
465561,Sushant,Covnot,Senior Engineer
465563,Mona,Griswold,Engineer
465567,Gift,Roisin,Engineer
465570,Yongmao,Assaf,Assistant Engineer
465575,Venkatesan,Bage,Senior Engineer
465576,Shim,Siksek,Senior Engineer
465577,Yuriy,McFarlan,Assistant Engineer
465581,Kiyomitsu,Highland,Senior Engineer
465582,Licheng,Lukaszewicz,Senior Engineer
465595,Bowen,Covnot,Senior Staff
465596,Moss,Murtha,Senior Staff
465598,Yuuichi,Msuda,Senior Staff
465600,Yuping,Ozery,Senior Staff
465602,Saniya,Leuchs,Senior Engineer
465603,Uma,Lorch,Senior Staff
465609,Insup,England,Senior Staff
465610,Wonhee,Heering,Engineer
465616,Bernt,Moffat,Senior Staff
465618,Kellyn,Copas,Engineer
465619,Pragnesh,Merel,Senior Engineer
465621,Masadi,Morrin,Technique Leader
465622,Elvis,Rosch,Senior Staff
465630,Paris,Gerlach,Senior Engineer
465631,Marco,Ramsey,Senior Staff
465635,Tetsurou,Spinelli,Senior Engineer
465636,Kauko,Boudaillier,Staff
465639,Ashish,Limongiello,Senior Engineer
465640,Kauko,Marrevee,Senior Staff
465641,Amstein,Boudaillier,Staff
465649,Vidar,Bresenham,Staff
465650,Christoph,Paludetto,Engineer
465651,Tesuro,Ramamoorthy,Engineer
465653,Mihalis,Azuma,Staff
465657,Aiman,Garigliano,Senior Engineer
465658,Phule,Zlotek,Senior Engineer
465659,Visit,Hofman,Engineer
465661,Mohammad,Raoux,Senior Engineer
465663,Anoosh,Llado,Staff
465666,Isamu,Krichel,Senior Engineer
465669,Feiyu,Savasere,Senior Staff
465679,Georgy,Segond,Senior Engineer
465680,Gen,Czap,Senior Engineer
465681,Stevo,Peral,Senior Staff
465683,Satoru,Shiratori,Senior Engineer
465688,Manton,Litecky,Senior Engineer
465690,Shigehito,Beeson,Technique Leader
465693,Shugo,Kugler,Engineer
465696,Roselyn,Thiran,Senior Engineer
465698,Ranan,Demos,Senior Staff
465699,Aral,Schwabacher,Senior Staff
465702,Kayoko,Plump,Staff
465703,Sashi,Trystram,Senior Staff
465704,Sreekrishna,Karner,Engineer
465714,Mabhin,Strehl,Staff
465723,Eben,Siochi,Senior Engineer
465725,Youngkon,Moffat,Senior Engineer
465735,Mingdong,Wixon,Senior Staff
465737,Gully,Bamford,Assistant Engineer
465739,Wilmer,Verhaegen,Technique Leader
465740,Mohammed,Jahnichen,Senior Engineer
465745,Jaideep,Mandelberg,Engineer
465747,Subhada,Swist,Engineer
465748,Marlo,Siochi,Engineer
465751,Elzbieta,Thorensen,Assistant Engineer
465757,Brewster,Morris,Senior Engineer
465760,Tristan,Cullers,Senior Staff
465762,Mayumi,Morrey,Engineer
465763,Jaroslava,Kaiserswerth,Senior Engineer
465765,Guoxiang,Papsdorf,Engineer
465767,Limsoon,Peha,Senior Engineer
465780,Gino,Zeidenstein,Senior Engineer
465781,Saddek,Rodiger,Senior Engineer
465783,Constantino,Tchuente,Senior Staff
465790,Masaru,Suomi,Staff
465791,Atreye,Azuma,Staff
465792,Dinkar,Kroha,Assistant Engineer
465793,Make,Baek,Senior Engineer
465796,Chaosheng,Radivojevic,Senior Engineer
465798,Shiv,Orlowski,Senior Staff
465803,Etsuo,Speel,Engineer
465809,Shigeichiro,Herath,Senior Staff
465818,Eben,Rosiles,Senior Engineer
465819,Ibibia,Hambrick,Senior Engineer
465820,Mariangiola,Matzke,Senior Engineer
465821,Marek,Aumann,Senior Engineer
465824,Suzette,Dratva,Engineer
465829,Dante,Beidas,Senior Engineer
465831,Hidekazu,Gecsei,Staff
465832,Badri,Lunt,Senior Engineer
465833,Tetsurou,Morrow,Senior Staff
465839,Sangeeta,Baranowski,Senior Staff
465844,Hugh,Steenbeek,Engineer
465845,Adly,Chinin,Staff
465848,Paloma,Bernardeschi,Engineer
465849,Eirik,Janocha,Engineer
465852,Gonzalo,Hanratty,Staff
465855,Aluzio,Dehkordi,Senior Engineer
465856,Abdulla,Lunt,Engineer
465857,Nahla,Peron,Senior Staff
465865,Anneli,Braunschweig,Senior Engineer
465868,Mark,Terwilliger,Senior Staff
465870,Werner,Azumi,Technique Leader
465872,Maria,Litzler,Senior Engineer
465873,Paddy,Ishibashi,Senior Engineer
465877,Hilari,Sidje,Assistant Engineer
465880,Khoa,Wolniewicz,Senior Engineer
465885,Gian,Randt,Senior Engineer
465887,Rafail,Malinowski,Engineer
465888,Mohan,Iisaka,Senior Engineer
465892,Zorica,Hatcliff,Assistant Engineer
465893,Kish,Moffat,Senior Staff
465898,Toshimi,Laurillard,Staff
465900,Hatim,Maginnis,Senior Staff
465901,Magdalena,Facello,Engineer
465903,Feixiong,Hartvigsen,Senior Staff
465904,Lorien,Schmezko,Senior Engineer
465906,Moti,Parveen,Engineer
465912,Junsik,Bellone,Staff
465915,Vishv,Giaccio,Senior Engineer
465917,Kamran,Hiltgen,Senior Staff
465918,Nirmal,Morrey,Staff
465920,Toshimo,Goldhammer,Senior Engineer
465924,Valeri,Krichel,Assistant Engineer
465925,Yoshinari,Brattka,Senior Staff
465926,Kazuhisa,Rodier,Senior Staff
465929,Sachem,Krone,Senior Staff
465932,Mori,Stifter,Senior Staff
465934,Charlene,Bressoud,Senior Staff
465936,Yongqiao,Roison,Senior Staff
465939,Poorav,Godskesen,Technique Leader
465942,Bogdan,Krupka,Assistant Engineer
465950,Baocai,Koshiba,Senior Staff
465952,Leucio,Luft,Senior Engineer
465953,Almudena,Irland,Engineer
465956,Arto,Erbe,Engineer
465963,Stevo,Camarinopoulos,Senior Staff
465967,Mani,Liedekerke,Senior Engineer
465969,Tadahiro,Mattern,Engineer
465976,Niclas,Lichtman,Senior Staff
465977,Kiyotoshi,Suermann,Senior Engineer
465980,Kazuhito,Hmelo,Senior Engineer
465981,Pantung,Cooke,Senior Staff
465984,Vesna,Rotem,Senior Engineer
465985,Cullen,Conte,Senior Engineer
465990,Deborah,Sessa,Staff
465991,Felicidad,Kornatzky,Senior Engineer
466000,Remco,Grabner,Engineer
466001,Ashish,Levasseur,Senior Engineer
466006,Phuoc,Greibach,Staff
466007,Dekang,Escriba,Senior Staff
466008,Luigi,Jonsson,Assistant Engineer
466012,Dinkar,Magliocco,Engineer
466015,Rafael,Geffroy,Senior Engineer
466017,Manu,Baak,Technique Leader
466024,Abdelwaheb,Gecseg,Engineer
466031,Angel,Luks,Staff
466034,Saniya,Lovengreen,Senior Staff
466035,Mantis,Wiegley,Senior Staff
466038,Etsuo,Tokunaga,Staff
466042,Debaprosad,Yetto,Senior Engineer
466046,Nimmagadda,Pena,Senior Staff
466051,Keiichiro,Giaccio,Senior Staff
466053,Kaijung,Muchinsky,Senior Staff
466054,Erez,Rindone,Engineer
466058,Zhonghui,Murtha,Staff
466063,Heon,Wendorf,Senior Staff
466065,Apostol,Bouloucos,Senior Engineer
466070,Xiaoqiu,Ranta,Senior Engineer
466074,Abdelghani,Gajiwala,Technique Leader
466075,Arie,Kamble,Senior Engineer
466076,Shahaf,Vitiello,Senior Engineer
466082,Alejandra,Sooriamurthi,Senior Staff
466087,Jaideep,Suwa,Engineer
466089,Udo,Henseler,Senior Staff
466090,Ziyad,Birsak,Senior Engineer
466094,Erzsebet,Majewski,Staff
466095,Candido,Stemann,Technique Leader
466098,Yishai,Ducloy,Senior Staff
466100,Qingxiang,Snedden,Engineer
466101,Manibrata,Kropp,Senior Staff
466103,Phule,Homond,Senior Engineer
466104,Valter,Junot,Senior Engineer
466106,Ranga,Cronau,Engineer
466107,Kerryn,Kitsuregawa,Engineer
466110,Qingxiang,Benaini,Senior Staff
466111,Bikash,Rosti,Senior Engineer
466118,Behnaam,Hanratty,Engineer
466121,Fuqing,Trumbly,Senior Staff
466122,Hidde,Domenig,Engineer
466123,Sreenivas,Huxford,Engineer
466124,Guangming,Itzfeldt,Senior Staff
466128,Duke,Viele,Staff
466131,Divine,Sevcikova,Staff
466134,Mansur,Kamble,Senior Engineer
466137,Elgin,Slobodova,Assistant Engineer
466143,Parviz,Giaccio,Engineer
466149,Zita,Lieberherr,Engineer
466158,Nigel,Randi,Engineer
466159,Ebbe,Azevdeo,Senior Staff
466168,Khun,McFarlin,Engineer
466170,Jacqueline,Zaumen,Senior Engineer
466178,Mario,Lipner,Senior Staff
466179,Berthier,Besselaar,Senior Engineer
466180,Troy,Lukaszewicz,Senior Engineer
466182,Gill,Peck,Engineer
466184,Tesuya,Pashtan,Staff
466185,Zejun,Luca,Senior Staff
466186,Alenka,Redmiles,Senior Staff
466188,Adly,Landherr,Senior Staff
466190,Alagu,Fritzsche,Engineer
466192,Tonia,Peroz,Senior Engineer
466202,Geoffrey,Rissland,Senior Staff
466204,Tsutomu,Pocchiola,Staff
466205,Zeydy,Callaway,Senior Engineer
466206,Parke,Hebert,Senior Staff
466207,Feixiong,Wursthorn,Assistant Engineer
466210,Akemi,Rebaine,Engineer
466213,Siamak,Haumacher,Senior Engineer
466216,Marjo,Ellozy,Senior Staff
466226,Gianluca,Talmor,Engineer
466227,Palash,Manderick,Senior Engineer
466228,Nimmagadda,Androutsos,Senior Staff
466239,Willard,Crouzet,Senior Engineer
466243,Jianhao,Jeansoulin,Staff
466244,Radhakrishnan,Antonisse,Technique Leader
466247,Zongyan,Furedi,Senior Engineer
466248,Eberhardt,Thambidurai,Assistant Engineer
466249,Chenyi,Brandsma,Staff
466251,Ger,Halevi,Senior Engineer
466257,Shuho,Bale,Senior Staff
466258,Kazunori,Vandervoorde,Senior Staff
466260,Lijia,Zongker,Senior Engineer
466264,Bingning,Ramsak,Senior Staff
466266,Shaz,Leonhardt,Senior Engineer
466267,Huican,Spell,Senior Engineer
466270,Akeno,Menhardt,Engineer
466271,Radhia,Passafiume,Senior Engineer
466272,Pohua,DeMori,Engineer
466273,Gina,Shihab,Senior Staff
466278,Snehasis,Bresenham,Engineer
466279,Adil,Goodrum,Senior Staff
466280,Izaskun,Birnbaum,Assistant Engineer
466281,Paddy,Marsiglia,Senior Engineer
466282,Yishay,Setlzner,Staff
466288,Saniya,Xiaoshan,Senior Engineer
466289,Sushant,Bael,Senior Staff
466290,Mong,Ferriere,Senior Staff
466296,Nathan,Hiraishi,Senior Staff
466297,Jaques,Ramras,Senior Staff
466298,Kamran,Collette,Senior Staff
466299,Kwee,Greenaway,Staff
466315,Dante,Majewski,Senior Engineer
466320,Shigehiro,Janetzko,Senior Staff
466323,Luerbio,Prochazka,Staff
466324,Zhonghua,McConalogue,Staff
466326,Remmert,Androutsos,Senior Staff
466328,Lenore,Msuda,Staff
466333,Ult,Wursthorn,Senior Staff
466342,Leandro,Wissmann,Senior Staff
466343,Mahmut,Alvarado,Senior Engineer
466345,Baoqiu,Sluis,Senior Staff
466351,Manohar,Diderrich,Staff
466353,Denis,Matteis,Staff
466357,Yunming,Byoun,Senior Staff
466360,Leon,Ulupinar,Staff
466364,Uta,Pileggi,Senior Engineer
466371,Adamantios,Cronin,Engineer
466373,Monique,Lichtner,Staff
466380,Valeska,Butner,Engineer
466383,Nathalie,Yemenis,Senior Engineer
466390,Paris,Serov,Staff
466392,Chikara,Servieres,Staff
466399,Chinhyun,Willoner,Technique Leader
466400,Deborah,Sluis,Engineer
466402,Renny,Wixon,Staff
466403,Huai,Maksimenko,Senior Staff
466404,Gil,Hatcliff,Senior Staff
466408,Tremaine,Fritzsche,Senior Staff
466409,Sangeeta,Mitchem,Staff
466416,Weiyi,Pargaonkar,Senior Engineer
466418,Kinh,Negoita,Staff
466421,Chaosheng,Verhaegen,Technique Leader
466426,Alair,Kugler,Senior Engineer
466431,Taegyun,Gladwell,Senior Engineer
466433,Saeko,Denna,Senior Staff
466436,Lillian,Serdy,Senior Engineer
466438,Kirk,Beerel,Senior Engineer
466439,Sachem,Linnainmaa,Senior Staff
466440,Gill,Morton,Senior Staff
466441,Sigeru,Shinomoto,Senior Engineer
466447,Juyoung,Malabarba,Senior Staff
466449,Alenka,Leijenhorst,Senior Staff
466462,Duke,Pillow,Senior Engineer
466464,Hyuckchul,Schonegge,Senior Engineer
466467,Huican,Lagarias,Senior Staff
466468,Irena,Granlund,Staff
466469,Aamer,Ratnaker,Senior Staff
466470,Lakshmi,Figueira,Senior Staff
466472,Beshir,Kermarrec,Senior Engineer
466477,Hidde,Renear,Staff
466487,Makato,Strooper,Staff
466490,Masako,Lenart,Senior Engineer
466492,Nirmal,Nilsson,Senior Engineer
466493,Giordano,Naumovich,Senior Engineer
466496,Utz,Raoux,Senior Engineer
466510,Uta,Speer,Senior Engineer
466511,Ramya,Tagansky,Senior Engineer
466518,Amstein,Serdy,Senior Staff
466521,Huican,Chaudhury,Senior Engineer
466523,Huan,Jervis,Senior Engineer
466525,Turgut,Szmurlo,Senior Engineer
466527,Shawna,Eterovic,Senior Staff
466531,Sachar,Rindone,Assistant Engineer
466535,Francesca,Khasidashvili,Senior Engineer
466536,Atreyi,Stafford,Senior Staff
466537,Gro,Zambonelli,Staff
466539,Van,Chappelet,Senior Engineer
466547,Ung,Rousseau,Senior Staff
466550,Monique,Narahara,Senior Staff
466556,Xinglin,Karnin,Senior Engineer
466558,Shay,Sridhar,Senior Engineer
466560,Brendon,Cheshire,Engineer
466561,Alenka,Mattern,Senior Staff
466564,Marco,Collette,Senior Engineer
466565,Along,Worfolk,Staff
466572,Babette,Coullard,Senior Staff
466573,Mong,Birdsall,Senior Staff
466574,Basil,Soloway,Senior Staff
466575,Otmar,Langford,Senior Engineer
466577,Constantine,Tsukuda,Assistant Engineer
466578,Kazuhisa,Falck,Senior Engineer
466579,Salvador,Gopalakrishnan,Senior Engineer
466583,Chenyi,Falster,Senior Engineer
466584,Irene,Demizu,Senior Staff
466595,Morrie,Osgood,Technique Leader
466597,Otmar,Emmerich,Staff
466599,Arunachalam,Stifter,Senior Engineer
466605,Harngdar,Sury,Technique Leader
466606,Arra,Buescher,Engineer
466615,Mats,Wixon,Senior Engineer
466616,Toong,Solovay,Staff
466617,Chanjung,Vanwelkenhuysen,Senior Staff
466618,Pascal,Kavanagh,Staff
466621,Mohit,Fabrizio,Senior Staff
466622,Oldrich,Kalafatis,Engineer
466628,Aiman,Trystram,Staff
466629,Hailing,Marchegay,Senior Staff
466630,Deborah,Dalphin,Senior Engineer
466632,Sumant,Burnard,Senior Staff
466635,Harngdar,Nations,Senior Staff
466636,Hugh,Munro,Senior Staff
466638,Arra,Detkin,Technique Leader
466643,Dinkar,Liesche,Senior Staff
466645,Mamdouh,Shokrollahi,Senior Staff
466647,Yinlin,Mateescu,Engineer
466652,Gal,Delgrossi,Staff
466653,Yongmao,Pettit,Senior Engineer
466654,Georgy,Ishibashi,Staff
466659,Martina,Mahmud,Senior Engineer
466661,Karsten,Stasinski,Senior Engineer
466662,Bojan,Buescher,Senior Staff
466666,Visit,Gente,Senior Engineer
466668,Kellyn,Auyong,Staff
466674,Kazuhisa,Whittlesey,Senior Staff
466679,Yuriy,Peral,Senior Staff
466681,Abdulla,Narwekar,Technique Leader
466685,Tran,Gronowski,Engineer
466692,Richard,Chiodo,Senior Staff
466693,Persi,Kambil,Technique Leader
466694,Yakkov,Zielinski,Senior Staff
466695,Mohamadou,Remmers,Engineer
466698,Thanasis,Makrucki,Senior Staff
466701,Frederique,Ashish,Staff
466704,Masami,Braccini,Technique Leader
466709,Shichao,Uehara,Senior Engineer
466710,Becky,Chachaty,Senior Engineer
466711,Adib,Zeidenstein,Senior Staff
466714,Akhilish,Luft,Staff
466724,Yuichiro,Gronowski,Senior Engineer
466728,Basim,Christianini,Staff
466732,Tetsurou,Beznosov,Senior Staff
466735,Hsiangchu,Auyong,Staff
466739,Navid,Birge,Senior Engineer
466740,Oddvar,Feldhoffer,Senior Staff
466742,Shridhar,Dalton,Senior Staff
466743,Bogdan,Salvesen,Engineer
466749,Eckart,Sridhar,Senior Engineer
466752,Djelloul,Camurati,Senior Engineer
466753,Stevo,Kushner,Senior Staff
466754,Jaewoo,Highland,Engineer
466755,Zhongwei,Gill,Staff
466756,Conrado,Perna,Senior Engineer
466758,Hugo,Anandan,Senior Staff
466759,Ferdinand,Ashish,Senior Engineer
466761,Marsal,Baek,Engineer
466764,Tadanori,Tsukuda,Staff
466765,Munir,Kermarrec,Senior Staff
466767,Behnaam,Hasenauer,Senior Engineer
466771,Luigi,Perez,Engineer
466773,Kamakshi,Kilgore,Senior Engineer
466776,Wayne,Karnin,Senior Staff
466777,Marit,Comte,Staff
466782,Amabile,Merey,Senior Staff
466784,Mohit,Schiper,Senior Engineer
466787,Heekeun,Piazza,Engineer
466788,Chuanyi,Chenoweth,Staff
466790,Jianhao,Pluym,Senior Engineer
466791,Make,Ghalwash,Staff
466797,Raimond,Thimonier,Senior Staff
466798,Debaprosad,Chinin,Senior Staff
466799,Takushi,Ruther,Senior Engineer
466800,Herbert,Biron,Senior Engineer
466803,Aron,Binkley,Staff
466804,Divier,Decleir,Staff
466807,Haldun,Wroclawski,Staff
466811,Eishiro,Nitsch,Staff
466812,Younwoo,Tsukuda,Staff
466816,Yolla,Nicolson,Staff
466817,Gadiel,Ananiadou,Staff
466833,Jenwei,Verspoor,Technique Leader
466834,Goa,Luke,Senior Engineer
466835,Shridhar,Jenevein,Staff
466837,Josyula,Bruckman,Senior Engineer
466840,Shim,Litzkow,Senior Staff
466842,Shimshon,Lienhardt,Engineer
466846,Marc,Lemarechal,Senior Engineer
466849,Laurentiu,Ranai,Senior Staff
466851,Owen,Leijenhorst,Senior Engineer
466858,Ronghao,Beilner,Technique Leader
466860,Panayotis,Desikan,Engineer
466863,Evgueni,Marshall,Senior Staff
466867,Kwangjo,Klerer,Assistant Engineer
466869,Flemming,Magalhaes,Senior Staff
466875,Kensyu,Ramalingam,Technique Leader
466876,Sanjay,Homond,Staff
466878,Zine,Chenoweth,Senior Staff
466882,Aruna,Kilgour,Staff
466883,Sachio,Denny,Senior Engineer
466891,Divier,Shackell,Engineer
466894,Eran,Langford,Senior Staff
466895,Miomir,Marchesini,Senior Engineer
466896,Naftaly,Quadeer,Engineer
466901,Sivanarayana,Schahn,Staff
466908,Isaac,Hardjono,Senior Staff
466910,Ravishankar,Choobineh,Engineer
466912,Youpyo,Basart,Staff
466914,Mingdong,Fairtlough,Staff
466915,Tsz,Wendorf,Staff
466919,Matt,Codenie,Senior Engineer
466920,Hilari,Toyoshima,Assistant Engineer
466931,Tadahiro,Senzako,Senior Engineer
466934,Taiji,Schaaf,Senior Staff
466935,Ymte,Kaiserswerth,Engineer
466936,Youssef,Schrift,Senior Engineer
466942,Eran,Schreiter,Assistant Engineer
466950,Fayez,Dredge,Engineer
466951,Mansur,Monarch,Technique Leader
466953,Ioana,Papastamatiou,Senior Staff
466958,Patricio,Snedden,Technique Leader
466969,Sariel,Skogmar,Senior Engineer
466972,Aamer,Haldar,Senior Engineer
466973,Marie,Noriega,Senior Engineer
466977,Gunilla,Matheson,Senior Staff
466982,Mong,Swift,Staff
466983,Sachio,Meszaros,Senior Engineer
466984,Maya,Rosar,Senior Engineer
466986,Kamakshi,Peng,Engineer
466991,Tse,Rossi,Senior Engineer
466996,Etsuo,Cronin,Senior Engineer
466997,Danny,Kropf,Senior Engineer
466998,Fabrizio,Syang,Senior Engineer
467000,Gianluca,Antonakopoulos,Engineer
467001,Kousuke,Samarati,Senior Staff
467002,Saeed,Zwicker,Staff
467006,Toshimori,Gente,Senior Engineer
467007,Siamak,Lally,Senior Staff
467008,Supot,Kakkad,Senior Engineer
467011,Adib,Srimani,Senior Staff
467017,Kolar,Gente,Assistant Engineer
467020,Kyoichi,Provine,Senior Engineer
467027,Stevo,Gewali,Senior Staff
467036,Urs,Antonisse,Senior Engineer
467046,Hideyuki,Huhdanpaa,Engineer
467047,Naraig,Gronowski,Senior Staff
467050,Manohar,Birta,Senior Engineer
467052,Genta,Baar,Engineer
467058,Gift,Kaltofen,Senior Staff
467060,Aimee,Baik,Senior Staff
467063,Fen,Gronowski,Senior Staff
467065,Jeanne,Ginneken,Senior Engineer
467066,Zhonghui,Lindenbaum,Engineer
467073,Brewster,Pusterhofer,Senior Staff
467075,Hugo,Peng,Assistant Engineer
467077,Tayeb,Chorvat,Senior Staff
467080,Jessie,Buchter,Senior Staff
467081,Chandrasekaran,Miara,Technique Leader
467082,Caolyn,Munos,Staff
467085,Zita,Journel,Senior Staff
467087,Chaosheng,Anido,Engineer
467090,Gurbir,Trumbly,Senior Engineer
467092,Parke,Thorensen,Senior Staff
467093,Gritta,Hennings,Senior Staff
467096,Luerbio,Muchinsky,Senior Engineer
467101,Toshimo,Lamba,Engineer
467103,Yuuichi,Chiola,Senior Staff
467109,Hirochika,Zockler,Technique Leader
467112,Tsvetan,Eppinger,Senior Staff
467116,Shirish,Straney,Staff
467120,Satosi,Ohori,Senior Staff
467128,Oscar,McClurg,Engineer
467129,Richara,Reinhard,Senior Staff
467130,Cristinel,Passafiume,Senior Staff
467134,Xuedong,Wendorf,Senior Staff
467136,Candido,Munke,Engineer
467145,Guoxiang,Gluchowski,Senior Staff
467146,Hinrich,Chappelet,Senior Engineer
467147,Garnik,Luit,Senior Staff
467159,Ramya,Karunanithi,Technique Leader
467160,Geraldo,Lyonns,Senior Engineer
467161,Visit,Demos,Senior Engineer
467163,Sadok,Heering,Staff
467165,Eberhardt,Pesch,Senior Engineer
467171,Juyoung,Baak,Senior Staff
467178,Mona,Cappelli,Engineer
467179,Cristinel,Kaminger,Senior Staff
467189,Ingmar,Akiyama,Senior Staff
467192,Conal,Compeau,Senior Engineer
467197,Dipankar,Akiyama,Senior Engineer
467200,Boguslaw,Uhrik,Senior Staff
467203,Leaf,Bolsens,Senior Engineer
467204,Shiv,Tyugu,Senior Staff
467205,Naftaly,Usdin,Engineer
467214,Chiradeep,McClure,Senior Staff
467216,Munir,Krogh,Staff
467219,Yongmao,Baaleh,Senior Staff
467220,Sven,Bierman,Senior Staff
467221,Kiyotoshi,Sommen,Engineer
467222,Xiaoheng,Suri,Engineer
467226,Goa,Aamodt,Senior Engineer
467229,Debaprosad,Bonifati,Senior Staff
467231,Tzu,Boguraev,Staff
467234,Uma,Thebaut,Senior Engineer
467235,Serge,Zeilberger,Staff
467237,Qunsheng,Siprelle,Engineer
467238,Holgard,Beznosov,Senior Staff
467242,Abdulah,Kalefeld,Senior Staff
467244,Chiradeep,Christianini,Senior Staff
467250,Demos,Walstra,Senior Engineer
467251,Kerhong,Alameldin,Senior Engineer
467254,Kayoko,Kavvadias,Engineer
467268,Adit,Kumaresan,Senior Staff
467279,Toong,Matzel,Senior Engineer
467288,Tze,Feinberg,Staff
467292,Ioana,Byoun,Senior Staff
467294,Conal,Fandrianto,Senior Staff
467302,Goa,Pramanik,Staff
467303,Chaosheng,Schach,Senior Engineer
467308,Ishfaq,Cappello,Senior Staff
467309,Krassimir,Raczkowsky,Technique Leader
467312,Florian,Wilfing,Senior Engineer
467317,Arunas,Geffroy,Senior Engineer
467318,Fumiyo,Montresor,Staff
467320,Yongqiao,Kroon,Senior Staff
467324,Behnaam,Vingron,Senior Engineer
467329,Domenico,Tischendorf,Senior Engineer
467331,Jeane,Boreale,Technique Leader
467333,Mark,Hanabata,Senior Engineer
467341,Zijian,Gronowski,Senior Engineer
467344,Ioana,Riefers,Senior Staff
467345,Florian,Kobuchi,Senior Staff
467346,Weijing,Wissmann,Assistant Engineer
467351,Zejun,Lindenbaum,Engineer
467352,Satoru,Georgakopoulos,Technique Leader
467356,Kenton,Heydon,Senior Engineer
467357,Suebskul,Lichtman,Senior Engineer
467360,Bodh,Garnier,Senior Engineer
467362,Zhensheng,Codenie,Senior Engineer
467371,Rildo,Trachtenberg,Senior Staff
467375,Genta,Felcyn,Senior Staff
467381,Satyanarayana,Perez,Engineer
467385,Hugo,Caine,Senior Engineer
467388,Yakichi,Docker,Staff
467389,Peer,Guting,Senior Staff
467391,Yurii,Khalil,Senior Engineer
467393,Jaroslava,Shigei,Senior Engineer
467397,Nahum,Benzmuller,Engineer
467401,Yechezkel,Maksimenko,Staff
467403,Kazuhira,Ariola,Assistant Engineer
467404,Nathan,Poupard,Senior Staff
467409,Bojan,Erol,Engineer
467410,Zdislav,Chaudhuri,Senior Staff
467418,Marl,Ranai,Senior Engineer
467427,Visit,Schade,Senior Engineer
467428,Kayoko,Conde,Engineer
467430,Angel,Ossenbruggen,Technique Leader
467434,Kwangyoen,Shanbhogue,Senior Engineer
467436,Abdelkader,Castellani,Engineer
467437,Fai,Mikschl,Engineer
467440,Reinhold,Strooper,Senior Staff
467443,Xiadong,Ramamoorthy,Senior Engineer
467447,Sakthirel,Kandlur,Senior Engineer
467448,Halsur,Collette,Senior Engineer
467452,Sailaja,Waeselynck,Engineer
467453,Gou,DeMori,Technique Leader
467456,Zito,Lindqvist,Staff
467460,Parviz,Michaeli,Senior Engineer
467461,Mohamadou,Muntz,Senior Engineer
467466,Rafail,Chinen,Senior Staff
467467,Alois,Bonifati,Senior Staff
467468,Vincent,Danner,Senior Engineer
467472,Idoia,Hooghiemstra,Senior Engineer
467480,Kiyokazu,Fadgyas,Senior Staff
467486,Sven,Babu,Assistant Engineer
467488,Leucio,Kaiser,Senior Engineer
467494,Yuchang,Minakawa,Engineer
467497,Phillip,Schach,Engineer
467499,Mohamadou,VanScheik,Engineer
467500,Sanjiv,Syang,Staff
467502,Sukumar,Danner,Senior Engineer
467504,Toshiki,Frijda,Assistant Engineer
467511,Akemi,Thambidurai,Senior Staff
467514,Khalid,Mateescu,Senior Engineer
467516,Siamak,Badache,Senior Engineer
467520,Xianlong,Onuegbe,Staff
467521,Juichirou,Giarratana,Engineer
467524,Youngkon,Pearson,Senior Staff
467528,Suvo,Fandrianto,Senior Staff
467540,Lalit,Stassinopoulos,Engineer
467543,Ulf,Hiroyama,Senior Engineer
467544,Kiyotoshi,Bodoff,Senior Staff
467549,Barun,Selenyi,Staff
467551,Jungsoon,Waschkowski,Engineer
467554,Shalesh,Zockler,Senior Staff
467559,Nathalie,Wilharm,Assistant Engineer
467561,Ekawit,Schmittgen,Engineer
467562,Fumiyo,Vesel,Engineer
467563,Atilio,Sidje,Senior Engineer
467566,Reuven,Kroft,Senior Staff
467572,Bedir,Jarecki,Senior Engineer
467581,Dines,Dalphin,Senior Engineer
467583,Huei,Jonsson,Staff
467589,Zongyan,DuCasse,Senior Engineer
467593,Mayuko,Reghbati,Senior Staff
467598,Demin,Silva,Senior Engineer
467600,Abdulla,Bednarek,Staff
467605,Piyush,Melichar,Senior Staff
467607,Gio,Randt,Senior Staff
467609,Jongsuk,Masada,Senior Engineer
467611,Marla,Raczkowsky,Senior Staff
467612,Dung,Mundy,Technique Leader
467616,Manton,Kitai,Senior Engineer
467618,Jasminko,Isard,Senior Engineer
467620,Abdelaziz,Melichar,Senior Staff
467622,Takahira,Sundgren,Engineer
467625,Jaewoo,Moffat,Senior Engineer
467626,Kolar,Vasanthakumar,Engineer
467629,Kristof,Solares,Senior Staff
467630,Radhika,Smeets,Technique Leader
467645,Parviz,Suessmith,Senior Staff
467651,Radoslaw,Porenta,Senior Engineer
467654,Elvia,Pena,Senior Engineer
467655,Kwan,Binkley,Staff
467657,Sanjit,Thorelli,Senior Staff
467660,Eckart,Unno,Senior Engineer
467662,Luigi,Lorcy,Staff
467663,Florian,Talmon,Senior Engineer
467665,Gio,Lamma,Senior Staff
467669,Godehard,Foong,Staff
467674,Nathan,Vecchio,Engineer
467677,Kshitij,Landherr,Staff
467680,Ravishankar,Luon,Senior Staff
467684,Eran,Valtorta,Senior Staff
467686,Jolita,Herath,Senior Engineer
467691,Deniz,Poehlman,Senior Engineer
467697,Freyja,Hebert,Senior Engineer
467699,Naftali,Kalafatis,Senior Staff
467704,Shigeu,Demian,Senior Staff
467705,Jayesh,Fendler,Senior Staff
467706,Xianlong,Nastansky,Senior Staff
467707,Xiaoqiang,Speckmann,Engineer
467712,Maik,Iisaka,Senior Engineer
467714,Guadalupe,Kleiser,Senior Staff
467723,Zhilian,Zucker,Senior Engineer
467725,Lein,Bridgland,Senior Engineer
467728,Chaosheng,Rodiger,Engineer
467729,Fabrizio,Ranta,Senior Staff
467730,Miyeon,Eldridge,Assistant Engineer
467731,Shan,Itzigehl,Staff
467734,Ult,Kawashima,Senior Engineer
467735,Deborah,McClure,Staff
467736,Seongbin,Herbst,Senior Engineer
467738,Kien,Zielinski,Senior Staff
467739,Zdislav,Oppitz,Senior Engineer
467740,DAIDA,Acton,Engineer
467743,Maren,Gustavson,Engineer
467746,Sakthirel,Bergere,Senior Staff
467747,Tadahiko,Takanami,Senior Engineer
467748,Prodip,Lowrie,Engineer
467749,Shounak,Condotta,Senior Engineer
467753,Yoshinari,Loncour,Senior Engineer
467760,Taiji,Pocchiola,Senior Staff
467763,Shmuel,Bage,Engineer
467764,JoAnne,Papadias,Senior Staff
467765,Xiaobin,Cunliffe,Staff
467766,Hatem,Birrer,Senior Engineer
467768,Prasadram,Butner,Staff
467771,Breannda,Schaad,Senior Staff
467773,Xuejia,Guenter,Senior Staff
467780,Duro,Georg,Staff
467783,Idoia,Shiratori,Senior Engineer
467787,Xiaoqiang,Ferriere,Senior Staff
467792,Toshimi,Harllee,Senior Staff
467800,Shuho,Fasbender,Technique Leader
467804,Billie,Merli,Senior Staff
467805,Vitaly,Jahnichen,Senior Staff
467813,Masami,Selvestrel,Engineer
467816,Vasiliy,Rohrbach,Senior Engineer
467817,Chenyi,Karcich,Senior Staff
467818,Radhia,Glinert,Senior Engineer
467820,Jaewon,Buescher,Senior Engineer
467821,Isamu,Rothenberg,Senior Staff
467823,Pohua,Ranft,Senior Engineer
467825,Berto,Benzmuller,Senior Engineer
467828,Fox,Butner,Senior Engineer
467831,Sangeeta,Walstra,Staff
467837,Sanjit,Makinen,Senior Staff
467844,Jiang,Bugrara,Senior Engineer
467853,Yuqun,Roison,Senior Staff
467854,Heeju,Ranai,Senior Engineer
467861,Nitsan,Gomatam,Senior Engineer
467862,Lene,Engelmann,Staff
467870,Tomofumi,Chimia,Senior Engineer
467872,Alselm,Stamatiou,Staff
467876,Zeydy,Mondadori,Senior Staff
467879,Masanao,Maksimenko,Senior Engineer
467882,Mingdong,Limongiello,Senior Engineer
467884,Cristinel,Haddadi,Senior Engineer
467885,Teiji,Guardalben,Engineer
467888,Garnet,Bain,Staff
467889,Chenyi,Sichman,Senior Engineer
467891,Subbu,Cmelik,Engineer
467892,Dipankar,Zallocco,Senior Engineer
467893,Lena,Cannard,Senior Staff
467901,Subhash,Schaft,Technique Leader
467903,Tamiya,Capobianchi,Technique Leader
467904,Gadiel,Eppinger,Senior Engineer
467909,Marlo,Birge,Staff
467915,Chriss,Sury,Staff
467928,Theirry,Swift,Senior Staff
467932,Larisa,Bernini,Staff
467933,Yishay,Coombs,Staff
467935,Demos,Heystek,Senior Staff
467937,Jeanne,Lupu,Senior Engineer
467942,Teunis,Sichman,Senior Engineer
467943,Marko,Krychniak,Senior Engineer
467945,Hsiangchu,Tanemo,Senior Engineer
467946,Randi,Baar,Senior Staff
467953,Jayson,Fiebach,Senior Engineer
467960,Huan,Lichtner,Staff
467961,Aruna,Luon,Senior Staff
467966,Yahiko,Tasistro,Senior Staff
467968,Valery,Werthner,Engineer
467970,Utz,Kuzuoka,Senior Staff
467971,Xiaoqiu,DeMori,Senior Engineer
467972,Xiaoshan,Magalhaes,Engineer
467973,Gopalakrishnan,Cannard,Senior Engineer
467974,Randy,Schrooten,Staff
467975,Moheb,Parascandalo,Senior Engineer
467986,Ekawit,Sundgren,Senior Staff
467991,Gudjon,Gopalakrishnan,Senior Staff
467992,Mang,Solares,Staff
467994,Shridhar,Horswill,Staff
467996,Sorina,Pramanik,Senior Staff
467997,Paris,Barbanera,Staff
468004,Sanjoy,Koblick,Senior Staff
468005,Somnath,Kruskal,Senior Engineer
468006,Sajjan,Gewali,Senior Staff
468009,Shounak,Plump,Staff
468011,Niclas,Chiodo,Staff
468018,Akemi,Picco,Technique Leader
468019,Aluzio,Moehrke,Staff
468020,Mayumi,Koblick,Senior Engineer
468021,Mandell,Meszaros,Technique Leader
468022,Shir,Denny,Senior Engineer
468027,Venkatesan,Besancenot,Senior Engineer
468028,Jessie,Schaft,Senior Staff
468029,Felicidad,Hofting,Senior Engineer
468030,Anoosh,Poujol,Senior Engineer
468031,Niclas,Terlouw,Senior Staff
468038,Saddek,Oppitz,Senior Engineer
468040,Tayeb,Kakkar,Engineer
468043,Mohamadou,Pappas,Senior Engineer
468045,Odysseas,Escriba,Staff
468046,Perry,Perez,Senior Engineer
468049,Falguni,Hooghiemstra,Engineer
468054,Uno,Guenter,Staff
468055,Huan,Lovengreen,Senior Engineer
468058,Martina,Polupanov,Senior Staff
468062,Dannz,Servieres,Senior Staff
468066,Jixiang,Mateescu,Senior Staff
468073,Tomofumi,Zaumen,Senior Engineer
468076,Susuma,Hofting,Technique Leader
468077,Mingsen,Begiun,Senior Staff
468078,Hein,Sudbeck,Senior Staff
468081,Steve,Strehl,Senior Engineer
468082,Shaw,Gunderson,Senior Engineer
468084,Yonghong,Basagni,Senior Staff
468086,Nishit,Lorcy,Senior Engineer
468093,Magdalena,Prenel,Technique Leader
468094,Jaewon,Eiter,Engineer
468100,Guoxiang,Lambe,Senior Staff
468103,Demin,Remmers,Engineer
468105,Khedija,Otillio,Engineer
468106,Adly,Kambil,Technique Leader
468107,Xiaoheng,Harnett,Senior Staff
468116,Shan,Oppitz,Senior Engineer
468117,Chikako,Bugrara,Technique Leader
468122,Sarita,Vieth,Senior Staff
468123,Sanjit,Coney,Senior Engineer
468129,Tzvetan,Hanratty,Staff
468134,Baoqiu,Mukaidono,Staff
468136,Lubomir,Spinelli,Staff
468141,Janalee,Peir,Staff
468143,Keung,Dalphin,Staff
468144,Mads,Michaels,Senior Staff
468150,Mohammad,Staelin,Engineer
468153,Duke,Cannata,Engineer
468154,Hilary,Maquelin,Senior Engineer
468160,Remko,Fendler,Senior Engineer
468161,Mats,Prenel,Technique Leader
468163,Thanasis,Nittel,Senior Staff
468165,Armond,Slutz,Staff
468169,Matk,Murtagh,Senior Engineer
468173,Martins,Auyong,Senior Staff
468175,Girolamo,Ranft,Senior Staff
468177,Masadi,Lammel,Senior Staff
468184,Xiong,Klerer,Senior Engineer
468185,Nakhoon,Pietracaprina,Senior Engineer
468190,Marco,Vandervoorde,Senior Staff
468193,Anoosh,Oehlmann,Technique Leader
468194,Jinxi,Saoudi,Technique Leader
468200,Munehiko,VanScheik,Senior Engineer
468201,Nirmal,Thorensen,Staff
468207,Munehiro,Swab,Engineer
468216,Geoffrey,Muchinsky,Senior Engineer
468217,Kiyotoshi,Nitta,Staff
468230,Marc,Bolotov,Senior Engineer
468231,Minghong,Gerteisen,Staff
468237,Basil,Lieblein,Senior Staff
468239,Amabile,Onuegbe,Staff
468244,Stevo,Chinen,Senior Staff
468245,Xiaoqiang,Erev,Senior Engineer
468248,DAIDA,Brookman,Engineer
468249,Domenick,Schmiedel,Senior Engineer
468251,Kish,Kieras,Senior Engineer
468252,Marsja,Lanphier,Engineer
468256,Gudjon,Lieberherr,Engineer
468266,Cathie,Wilfing,Engineer
468268,Chinya,Snyers,Engineer
468272,Aria,Baak,Senior Engineer
468273,Yechezkel,Usery,Staff
468279,Marco,Auria,Senior Engineer
468280,Prasadram,Ernst,Senior Engineer
468281,Harngdar,Trelles,Senior Engineer
468285,Yefim,Nollmann,Senior Staff
468288,Naftaly,Smailagic,Senior Engineer
468291,Mohit,Avouris,Senior Staff
468296,Shan,Bardell,Senior Staff
468303,Stamatina,Beerel,Staff
468306,Mircea,Argence,Senior Engineer
468310,Leon,Syang,Senior Staff
468316,Shimshon,Kuszyk,Staff
468317,Kristen,Bennet,Staff
468320,Goetz,Ravishankar,Senior Staff
468321,Teruyuki,Reeker,Senior Staff
468324,Shounak,Rosenbaum,Senior Staff
468325,Rosli,Papadias,Engineer
468330,Lorien,Kemmerer,Engineer
468332,Xuejun,Giarratana,Staff
468335,Samphel,Nivat,Senior Engineer
468338,Masoud,Schauser,Engineer
468344,Urs,Hertweck,Senior Staff
468348,Wanqing,Kopetz,Engineer
468354,Nishit,Kolvik,Senior Staff
468355,Huai,Matzen,Senior Engineer
468358,Bojan,Varman,Senior Engineer
468359,Nishit,Litvinov,Senior Staff
468364,Tonia,Birge,Engineer
468365,Chinho,Crooks,Senior Engineer
468369,Trygve,Iacovou,Senior Engineer
468371,Stamatina,Viele,Senior Staff
468379,Vincent,Zykh,Senior Engineer
468380,Nikolaos,Ermel,Senior Engineer
468381,Zhilian,Cangellaris,Senior Staff
468384,Yuchang,Gyimothy,Engineer
468386,Woody,Stanger,Senior Engineer
468387,Kaijung,Pews,Senior Staff
468390,Trygve,Gopalakrishnan,Staff
468393,Kendra,Puppo,Senior Engineer
468406,Alois,Michaels,Senior Engineer
468409,Kankanahalli,Masaki,Engineer
468421,Toshimori,Ginneken,Technique Leader
468423,Gilbert,Angot,Engineer
468432,Arnd,Percebois,Senior Staff
468436,Vatsa,Griswold,Senior Engineer
468444,Georg,Docker,Senior Engineer
468445,Roddy,Krybus,Senior Engineer
468446,Boguslaw,Morris,Senior Staff
468447,Eishiro,Lieberherr,Staff
468449,Soenke,Improta,Senior Engineer
468452,Nevin,Otillio,Senior Engineer
468453,Lillian,Worfolk,Senior Staff
468456,Morrie,Nishimukai,Senior Engineer
468462,Adhemar,Denti,Senior Engineer
468463,Jeong,Luks,Engineer
468465,Yuping,McDermid,Senior Staff
468471,Deborah,Neiman,Assistant Engineer
468472,Sreekrishna,Tsukuda,Engineer
468476,Prasadram,Mitina,Senior Engineer
468477,Yuguang,Conde,Senior Engineer
468478,Shih,Talmor,Senior Staff
468479,Kiam,Teitelbaum,Senior Staff
468481,Mechthild,Lindenbaum,Staff
468484,Shushma,Kandlur,Staff
468487,Genta,Peac,Senior Staff
468489,Boutros,Rotem,Staff
468490,Sudhanshu,Hainaut,Senior Staff
468494,Aris,Willoner,Senior Staff
468496,Annemarie,Zongker,Engineer
468497,Odinaldo,Rettelbach,Senior Staff
468499,Luisa,Gire,Engineer
468500,Zito,Auria,Senior Engineer
468501,Stein,Hinsberger,Senior Engineer
468503,Ashish,Turnbull,Senior Engineer
468506,Pradeep,Lagarias,Staff
468512,Idoia,Nitsche,Staff
468518,Manu,Tempesti,Engineer
468521,Gita,Benantar,Senior Staff
468523,Odoardo,Braunschweig,Engineer
468524,Geraldo,Bellone,Senior Staff
468527,Sibyl,Luan,Senior Staff
468532,Xuejun,Menhardt,Senior Staff
468534,Ipke,Staelin,Senior Engineer
468538,Reinhold,Suri,Technique Leader
468542,Hugh,Negoita,Senior Staff
468547,Pramod,Birrer,Senior Staff
468548,Lein,Remmele,Staff
468549,Quingbo,Bruckman,Engineer
468550,Richard,Hiroyama,Senior Staff
468551,Shugo,Boyle,Assistant Engineer
468552,Fumino,Andreotta,Senior Engineer
468555,Shietung,Gaughan,Staff
468569,Matt,Tomescu,Senior Staff
468570,Keung,Qiwen,Senior Engineer
468574,Dines,Leijenhorst,Engineer
468578,Jinxi,Gihr,Senior Engineer
468590,Parke,Schnelling,Staff
468594,Alenka,Beetstra,Senior Staff
468595,Basil,Christianini,Senior Staff
468597,Masako,Polajnar,Senior Engineer
468599,Kish,Kornatzky,Senior Engineer
468611,Younwoo,Erbe,Engineer
468615,Tzvetan,Zaiane,Staff
468620,Paraskevi,Majewski,Staff
468624,Nalini,Beznosov,Senior Staff
468628,Herbert,Lorcy,Staff
468629,Arno,Heydon,Senior Staff
468632,Nobuyoshi,Genin,Staff
468640,Kazuyasu,Kinley,Senior Engineer
468642,Xiaoqiang,Biros,Senior Engineer
468650,Alexius,Huttel,Senior Engineer
468661,Nathalie,Bratten,Staff
468669,Tonny,Brendel,Senior Staff
468671,Hailing,Calkin,Engineer
468673,Moheb,Acton,Senior Engineer
468677,Christfried,Docker,Staff
468679,Avishai,Carrere,Senior Engineer
468682,Aleksandar,Simmel,Staff
468683,Shigeo,Tetzlaff,Senior Staff
468686,Wuxu,Biron,Senior Engineer
468688,Shaleah,Binkley,Engineer
468689,Vitali,Fujisaki,Senior Staff
468700,Valter,Caine,Staff
468702,Honglan,Magalhaes,Senior Staff
468705,Zhonghua,Matzel,Senior Staff
468709,Vidar,Colorni,Engineer
468714,Leandro,Schlumberger,Engineer
468717,Dekang,Soloway,Senior Engineer
468721,Giordano,Peha,Senior Engineer
468724,Bangqing,Molenkamp,Senior Engineer
468730,Xiaoqiu,Christianini,Senior Staff
468738,Arunas,Suppi,Assistant Engineer
468740,Goetz,Luef,Senior Engineer
468743,Constantine,Rosin,Senior Engineer
468745,Paraskevi,Bael,Staff
468750,Toshimori,Schonegge,Senior Staff
468752,Elrique,Trystram,Senior Staff
468753,Magy,Peek,Senior Staff
468758,Yongqiao,Underwood,Senior Staff
468759,Tesuro,Berendt,Staff
468762,Conrado,Lampe,Senior Engineer
468764,Gor,Ramsak,Senior Engineer
468776,Basant,Puppo,Senior Staff
468778,Brigham,Emiris,Senior Staff
468779,Aemilian,Guting,Senior Engineer
468788,Along,Beetstra,Senior Engineer
468795,Hilari,Gajiwala,Senior Staff
468802,Bodh,Karnin,Senior Engineer
468804,Atreye,Axelband,Engineer
468806,Howell,Tsukuda,Senior Engineer
468816,Jiang,Bennet,Senior Staff
468825,Aruna,Breugel,Senior Staff
468828,Fayez,Cullers,Engineer
468831,Jinxi,Angel,Engineer
468833,Shirish,Masaki,Senior Engineer
468834,Shai,Vanwelkenhuysen,Senior Staff
468840,Sarita,Nitsch,Senior Staff
468841,Kwun,Magliocco,Assistant Engineer
468844,Chiradeep,Jenevein,Senior Staff
468845,Falguni,Bahi,Staff
468846,Zengping,Gilg,Senior Staff
468847,Terresa,Chepyzhov,Engineer
468848,Sashi,Diderrich,Senior Staff
468866,Ung,Garigliano,Senior Staff
468867,Xudong,Kawashimo,Senior Staff
468868,Udo,Pollacia,Staff
468871,Chikara,Kaltofen,Senior Staff
468874,Danil,Papsdorf,Senior Engineer
468876,Paloma,Munch,Staff
468878,Anwar,Rubsam,Senior Engineer
468881,Danae,Hardjono,Staff
468884,Marin,Cusworth,Senior Staff
468885,Valeri,Kavvadias,Senior Engineer
468887,Weiru,Willoner,Technique Leader
468888,Leni,Carrera,Senior Staff
468890,Kagan,Salverda,Senior Staff
468896,Arne,Middleton,Senior Staff
468897,Mariangiola,Bottner,Staff
468899,Yunming,Pehl,Senior Engineer
468902,Zhonghua,Aumann,Senior Staff
468903,Lucian,Bael,Engineer
468904,Emdad,Wossner,Staff
468908,Lalit,Baaleh,Senior Staff
468916,Arvin,Chappelet,Senior Engineer
468920,Randy,Bahk,Senior Engineer
468923,Golgen,Speckmann,Technique Leader
468924,Zita,Wossner,Senior Engineer
468928,Xiaoshan,Comellas,Staff
468929,JoAnna,Yetim,Senior Staff
468933,Fatemeh,Rodite,Staff
468937,Siddarth,Katiyar,Senior Engineer
468942,Jouni,Matzat,Senior Staff
468947,Xiaoheng,Manders,Engineer
468950,Jovan,Mundy,Senior Engineer
468952,Ferdinand,Shackel,Technique Leader
468956,Jasminko,Serre,Senior Staff
468957,Satyanarayana,Molberg,Engineer
468961,Rafael,Piancastelli,Engineer
468964,Serenella,Peris,Senior Engineer
468968,Jasminko,Fraisse,Senior Staff
468974,Faiza,Mateescu,Senior Staff
468979,Tomoyuki,Straney,Senior Engineer
468980,Bernardo,Cannard,Engineer
468984,Duke,Nivat,Staff
468985,Almudena,Terwilliger,Engineer
468986,Srinidhi,McAlpine,Senior Staff
468987,Ronghao,Asrin,Senior Staff
468993,Dietrich,Brobst,Staff
468997,Mari,Miyakawa,Staff
469001,Mayuri,Melter,Engineer
469004,Baocai,Grabner,Senior Engineer
469007,Moon,Aloia,Senior Engineer
469008,Christ,Remmele,Engineer
469012,Suzette,Smeets,Senior Staff
469014,Florian,Kavvadias,Staff
469019,Tokuyasu,Pietracaprina,Staff
469020,Lobel,Pargas,Senior Engineer
469029,Nidapan,Remmele,Technique Leader
469031,Dayanand,Antonakopoulos,Senior Staff
469044,DeForest,Isaac,Assistant Engineer
469045,Xinyu,Foote,Technique Leader
469048,Chuanti,Choobineh,Technique Leader
469052,Shih,Zockler,Senior Engineer
469053,Vidya,Dymetman,Senior Staff
469058,Byong,Brender,Senior Engineer
469060,Gianluca,Farrow,Senior Staff
469073,Arlette,Luck,Senior Staff
469078,Moheb,Horswill,Senior Engineer
469081,Genki,Ventosa,Senior Engineer
469091,Karlis,Baek,Senior Staff
469092,Haldun,Himler,Senior Staff
469094,Pranav,Calkin,Senior Staff
469103,Barna,Birch,Senior Staff
469107,Rosli,Maquelin,Senior Engineer
469108,Constantino,Bashian,Senior Staff
469112,Cordelia,Tomescu,Senior Staff
469123,Yongdong,Papastamatiou,Senior Staff
469126,Arco,Baranowski,Staff
469127,Claude,Piazza,Assistant Engineer
469128,Mohit,Thiran,Senior Staff
469130,Tonny,Fujisaki,Senior Engineer
469131,Randi,Bahl,Engineer
469132,Howell,Baak,Senior Staff
469134,Irene,Biros,Senior Staff
469136,Mayuri,Pusterhofer,Engineer
469137,Kwangsub,Rikino,Senior Engineer
469138,Basim,Shihab,Engineer
469145,Berhard,Szilard,Senior Staff
469152,Odysseas,Vandervoorde,Staff
469153,Gad,Masaki,Senior Staff
469159,Niranjan,Nyanchama,Engineer
469160,Shan,Haldar,Senior Staff
469164,Baruch,Lenart,Senior Engineer
469165,Saeko,Sadowski,Senior Engineer
469166,Jaideep,Cappello,Staff
469167,Feiyu,Krichel,Senior Engineer
469168,Leif,Kugler,Senior Staff
469169,Waiman,Falby,Senior Engineer
469174,Khoa,Rousseau,Senior Staff
469178,Seongbin,Francisci,Senior Engineer
469182,Rildo,Lipner,Engineer
469185,Kristine,Pelc,Senior Engineer
469191,Garnet,Krohm,Staff
469193,Lunjin,Mitzlaff,Senior Staff
469194,Mototsugu,Kusalik,Staff
469199,Rosella,Sluis,Engineer
469201,Yechezkel,Nooteboom,Staff
469203,Sachem,Reinhard,Senior Staff
469204,Kayoko,Madeira,Senior Staff
469217,Kazuhira,Milicic,Senior Staff
469222,Giao,Rohrbach,Staff
469227,Masasuke,Jakobus,Engineer
469230,Serap,Brizzi,Senior Engineer
469232,Prodip,Zambonelli,Senior Staff
469241,Mayumi,Rathonyi,Staff
469242,Kirk,Cheshire,Staff
469243,Sadegh,Rissland,Senior Staff
469247,Munehiko,Masand,Senior Engineer
469250,Shooichi,Zumaque,Engineer
469254,Ziya,Morrin,Senior Engineer
469259,Tooru,Kushnir,Staff
469263,Arlette,Ranum,Engineer
469267,Zhigen,Merey,Technique Leader
469270,Mohd,Penttonen,Engineer
469272,Hairong,Krzyzanowski,Technique Leader
469273,Itzchak,Pashtan,Senior Engineer
469280,Matk,Baaz,Senior Engineer
469281,Shawna,Picht,Senior Staff
469282,Vincent,Adachi,Senior Staff
469284,Karlis,Anido,Technique Leader
469290,Mostafa,Varker,Senior Engineer
469293,Phule,Koyama,Senior Staff
469300,Fumitaka,Androutsos,Senior Staff
469304,Ioana,Holburn,Engineer
469307,Koldo,Serna,Technique Leader
469311,Jenwei,Shimshoni,Senior Engineer
469313,Tiina,Hebden,Senior Staff
469314,Eberhardt,Krupka,Senior Engineer
469315,Rildo,Taubenfeld,Senior Engineer
469316,Hinrich,Demian,Senior Engineer
469319,Uinam,Foote,Senior Engineer
469326,Nahla,Quaggetto,Senior Engineer
469327,Evgueni,Nittel,Staff
469330,Pascal,Lubachevsky,Senior Engineer
469340,Thanasis,Godskesen,Technique Leader
469341,Odoardo,Terekhov,Staff
469343,Jiakeng,Rissland,Senior Staff
469354,Shawna,Bultermann,Senior Staff
469357,Taisook,Domenig,Technique Leader
469358,Beshir,Haraldson,Senior Staff
469361,Gennadi,Esposito,Staff
469362,Martine,Nishimukai,Senior Engineer
469365,Abdelaziz,Schiper,Senior Staff
469375,Sumali,Bressoud,Staff
469378,Zejun,Collavizza,Senior Staff
469380,Munenori,Bolsens,Staff
469383,Uli,Malinowski,Engineer
469384,Shahab,Nivat,Senior Staff
469385,Jackson,Baez,Senior Staff
469386,Cristinel,Cangellaris,Senior Staff
469394,Rance,Prochazka,Technique Leader
469401,Mostafa,Debuse,Staff
469408,Shridhar,Reeken,Senior Engineer
469409,Vitali,Berstel,Technique Leader
469412,Fumiko,Demir,Senior Engineer
469423,Irena,Parhami,Senior Engineer
469426,Naraig,Vakili,Senior Staff
469431,Yuguang,Gist,Senior Staff
469434,Yuuichi,Gils,Technique Leader
469439,Manibrata,Erva,Staff
469442,Zejun,Zyda,Engineer
469444,Toshimori,Kaiserswerth,Senior Engineer
469447,Anneli,Zirintsis,Senior Staff
469448,Gaetan,Litzkow,Staff
469449,Jouni,Vecchi,Senior Staff
469450,Xinglin,Ulupinar,Senior Engineer
469455,Hilari,Luby,Engineer
469458,Tianruo,Lamma,Engineer
469463,Divier,Emden,Staff
469464,Ebbe,Mersereau,Staff
469466,Barton,Birnbaum,Senior Engineer
469470,Tonny,Conte,Senior Engineer
469475,Hein,Munos,Senior Engineer
469486,Baziley,Vural,Staff
469493,Hugo,Talmon,Senior Staff
469497,Shimshon,Limongiello,Engineer
469498,Bogdan,Dehkordi,Senior Engineer
469500,Sadegh,Miake,Senior Engineer
469501,Marko,Petersohn,Engineer
469502,Xiaoqiang,Lung,Senior Engineer
469503,Susuma,Lanzelotte,Staff
469506,Charmane,Bellmore,Senior Staff
469508,Maia,Bahr,Senior Staff
469509,Constantijn,Kaiserswerth,Senior Engineer
469514,Masako,Cronan,Senior Engineer
469518,Aamod,Thimonier,Senior Staff
469533,Insup,Kamble,Senior Engineer
469535,Bilhanan,Sluis,Engineer
469536,Kinh,Chenney,Senior Staff
469543,Saeed,Spelt,Senior Engineer
469545,Alexius,Bodoff,Engineer
469546,Krassimir,Ginesta,Senior Engineer
469555,Hidde,Perez,Senior Staff
469559,Rildo,Baba,Senior Staff
469565,Charmane,Xiaoshan,Senior Staff
469570,Macha,Pettit,Engineer
469574,Basil,Antonakopoulos,Senior Staff
469575,Mircea,Collavizza,Senior Staff
469580,Weiye,Escriba,Senior Engineer
469581,Sudharsan,Yoshizawa,Staff
469587,Mart,Maksimenko,Assistant Engineer
469594,Erez,Gonthier,Engineer
469598,Hitomi,Escriba,Senior Staff
469599,Arunas,Keirsey,Senior Engineer
469600,Mircea,Conry,Senior Staff
469602,Renee,Parfitt,Senior Engineer
469604,Christ,Dymetman,Staff
469607,Udo,Hellwagner,Senior Engineer
469608,Boalin,Merle,Staff
469610,Valeri,Perin,Engineer
469612,Arnould,Glinert,Senior Engineer
469614,Jovan,Pappas,Staff
469619,Nakhoon,Bennis,Senior Engineer
469623,Pragnesh,Gurbaxani,Engineer
469626,Slavian,Bala,Senior Staff
469630,Ishfaq,Tzvieli,Senior Staff
469638,Zhonghui,Gaughan,Staff
469642,Jongsuk,Cunliffe,Senior Engineer
469644,Kazuyasu,Sullins,Senior Staff
469645,Yannis,Azumi,Senior Staff
469662,Adib,Shihab,Staff
469664,Leandro,Basawa,Staff
469665,Manibrata,Bressoud,Senior Engineer
469666,Yifei,Assaf,Engineer
469670,Kasidit,Lyonns,Senior Staff
469671,Conal,Garrabrants,Senior Engineer
469672,Guadalupe,Hashii,Senior Staff
469673,Moni,Pramanik,Senior Staff
469676,Pranjal,Werthner,Senior Engineer
469678,Dmitry,Clemencon,Staff
469679,Georgi,Mersereau,Engineer
469687,Eberhardt,Uchoa,Staff
469691,Nidapan,Puppe,Senior Staff
469696,Makato,Harnett,Senior Staff
469697,Chirstian,Simmel,Engineer
469699,Xuejia,Rothe,Senior Staff
469702,Kiyokazu,Copas,Senior Staff
469705,Denis,Kamber,Senior Staff
469707,Aimee,Broder,Engineer
469708,Shaz,Tagansky,Staff
469709,Kersti,Krzyzanowski,Technique Leader
469710,Somnath,Khalil,Engineer
469712,Yolla,Gargeya,Assistant Engineer
469713,Weicheng,Lukaszewicz,Senior Engineer
469716,Mohit,Basart,Technique Leader
469717,Kokou,Scallan,Senior Staff
469720,Sarita,Rissland,Senior Engineer
469725,Danae,Rajaraman,Senior Staff
469726,Ranga,Stasinski,Senior Engineer
469728,Randy,Dratva,Engineer
469729,Kiyokazu,Hinsberger,Technique Leader
469730,Ioana,Oaver,Engineer
469731,Ramya,Bierman,Senior Staff
469733,Vishu,Khasidashvili,Senior Staff
469740,Tetsurou,Butterworth,Senior Staff
469741,Barton,Gente,Engineer
469754,Xiaoqiang,Gilg,Senior Engineer
469755,Suvo,Leivant,Senior Engineer
469757,Geraldo,Kroon,Staff
469758,Krisda,Pell,Senior Engineer
469762,Kristin,Demir,Senior Staff
469767,Serge,Pramanik,Senior Staff
469769,Ewing,Pelz,Senior Staff
469770,Yongmin,Lieberherr,Senior Staff
469776,Yishai,Parhami,Senior Staff
469779,Dayanand,Kaltofen,Senior Staff
469785,Masoud,Kuzuoka,Senior Engineer
469788,Nevio,Mansanne,Senior Staff
469789,Niteen,Minakawa,Senior Engineer
469790,Gretta,Boyle,Senior Engineer
469794,Adit,Chartres,Senior Engineer
469799,Genki,Bahl,Senior Engineer
469806,Renny,Gelosh,Senior Engineer
469807,Bangqing,Huxford,Technique Leader
469811,Marco,Braccini,Senior Staff
469812,Anneke,McAffer,Senior Engineer
469813,Martien,Cappelli,Senior Engineer
469816,Mandell,Cmelik,Engineer
469817,Elvia,Gubsky,Staff
469822,Weiye,Boguraev,Senior Engineer
469826,Brewster,Lammel,Senior Staff
469828,Yuichiro,Ellozy,Staff
469830,Lillian,Cummings,Technique Leader
469831,Changho,Savasere,Senior Staff
469834,Shahaf,Parveen,Senior Engineer
469839,Godehard,Luga,Senior Engineer
469841,Yechezkel,Openshaw,Engineer
469843,Khalid,Eiron,Engineer
469846,Danai,Bahl,Senior Engineer
469850,Moon,Selvestrel,Engineer
469852,Lech,Schaft,Engineer
469855,Arto,Cherinka,Senior Engineer
469859,Sanjeeva,Prochazka,Technique Leader
469863,Anneke,Luff,Engineer
469882,Patricia,Trogemann,Senior Staff
469887,Gad,Highland,Senior Engineer
469889,Sajjan,Smailagic,Senior Staff
469891,Denny,Varman,Technique Leader
469892,Michaela,Strandh,Senior Engineer
469894,Fumiyo,Pargas,Senior Engineer
469896,Gao,Geffroy,Senior Staff
469897,Alexius,Raoux,Staff
469899,Make,Streng,Senior Staff
469910,Huiqun,Baranowski,Senior Engineer
469911,Mizuhito,Szemeredi,Senior Engineer
469915,Armond,Itzigehl,Engineer
469918,Tsz,Zongker,Senior Engineer
469919,Maya,Isaac,Senior Engineer
469922,Xiaobin,Suppi,Engineer
469927,Tzvetan,Chinal,Senior Engineer
469929,Isaac,Cardazo,Senior Staff
469931,Panayotis,Ruther,Engineer
469934,Mizuhito,Perko,Senior Engineer
469936,Hein,Prochazka,Engineer
469938,Martial,Stroustrup,Staff
469942,Huai,Zucker,Staff
469943,Keung,Weiland,Senior Staff
469944,Tianruo,Frijda,Senior Staff
469950,Jaewon,VanScheik,Senior Staff
469951,Kien,Ebeling,Engineer
469952,Duri,Skogmar,Technique Leader
469958,Mikhail,Orlowska,Senior Staff
469960,Deniz,Garnham,Senior Engineer
469970,Limsoon,Validov,Engineer
469972,Zhenhua,Litzler,Staff
469974,Djenana,Cochrane,Senior Engineer
469975,Akeel,Kusalik,Engineer
469976,Mamdouh,Loncour,Senior Engineer
469977,Toshiko,Egerstedt,Senior Engineer
469981,Janalee,Sundgren,Senior Staff
469985,Adit,Magliocco,Senior Engineer
469987,Gor,Marrakchi,Engineer
469992,Aleksandar,Gajiwala,Senior Staff
469995,Kerhong,Birjandi,Senior Staff
469996,Yuping,Orlowska,Senior Engineer
470004,Sham,Couchot,Senior Staff
470014,Gro,Khasidashvili,Senior Engineer
470017,Nidapan,Swift,Senior Staff
470018,Fuqing,Erez,Staff
470023,Larisa,Koblitz,Senior Engineer
470024,Angel,Gerlach,Staff
470030,Shih,Buescher,Senior Engineer
470031,Zhaofang,Boissier,Technique Leader
470033,Carrsten,Ciolek,Senior Staff
470047,Heeju,Bridgland,Senior Staff
470057,Basem,McClurg,Senior Staff
470064,Jiong,Haldar,Senior Engineer
470068,Dzung,Valtorta,Assistant Engineer
470078,Guther,Varley,Staff
470081,Syozo,Pollacia,Staff
470082,Goa,Kenevan,Senior Engineer
470084,Tsvetan,Krychniak,Technique Leader
470085,Xiaoshan,Rajala,Senior Engineer
470088,Henk,Brookner,Senior Engineer
470089,Feipei,Ramras,Senior Staff
470090,Shaowen,Hiroyama,Staff
470092,Siamak,Luders,Engineer
470100,Muneo,Bisiani,Senior Staff
470102,Tze,Stamatiou,Senior Staff
470104,Xiong,Schapire,Engineer
470110,Denny,Masada,Senior Staff
470116,Xiaocheng,Anily,Senior Engineer
470117,Hailing,Varman,Assistant Engineer
470123,Mona,Fordan,Staff
470124,Odinaldo,Birnbaum,Senior Staff
470127,Jahangir,Limongiello,Engineer
470135,Karoline,Monarch,Senior Staff
470137,Nahum,Llado,Staff
470138,Pramod,Conte,Engineer
470146,Elrique,Quittner,Senior Staff
470149,Horward,Siochi,Staff
470150,Richard,Foong,Senior Staff
470156,Leaf,Yoshimura,Engineer
470158,Danel,Ramaiah,Staff
470161,Vitali,Sambasivam,Senior Engineer
470163,Haldon,Soicher,Senior Staff
470166,Shridhar,Ciolek,Senior Staff
470168,Ute,Murtagh,Senior Engineer
470179,Shuky,Barreiro,Senior Engineer
470181,Chriss,Jarecki,Senior Staff
470191,Zhiwei,Gien,Staff
470198,Petter,Antonisse,Staff
470199,Sajjad,Deverell,Senior Engineer
470200,Dipankar,Rosar,Senior Engineer
470202,Yongdong,Pezzoli,Senior Staff
470206,Katsuo,Pargas,Staff
470212,Mark,Fraisse,Senior Staff
470216,Luise,Gornas,Senior Engineer
470217,Noritoshi,Maccarone,Technique Leader
470226,Lena,Nastansky,Senior Engineer
470230,Arto,Mitina,Senior Engineer
470231,Sariel,Lieblein,Staff
470233,Kamakshi,Einsfeld,Staff
470234,Zhonghui,Vanwelkenhuysen,Engineer
470235,Yuqun,Hanratty,Senior Engineer
470245,Satyanarayana,Markovitch,Engineer
470251,Tristan,Tischendorf,Engineer
470252,Valdiodio,Fordan,Staff
470254,Brigham,Siochi,Staff
470262,Zhigen,Mapelli,Senior Engineer
470263,Howell,Rubsam,Staff
470264,Premal,Undy,Senior Staff
470267,Bouchung,Conry,Staff
470275,JoAnne,Tzvieli,Staff
470276,Ishfaq,Kalorkoti,Senior Engineer
470278,Martial,Busillo,Senior Engineer
470279,Shooichi,Georgakopoulos,Engineer
470282,Tayeb,Varley,Senior Staff
470284,Dzung,Deverell,Engineer
470287,Anwar,Danley,Staff
470292,Danco,Swiler,Senior Staff
470293,Gregory,Akazan,Senior Engineer
470297,Jaewon,Peha,Engineer
470299,Siddarth,Speckmann,Staff
470300,Kensei,Chenoweth,Technique Leader
470301,Sergi,Conte,Staff
470303,Sadegh,Mateescu,Engineer
470304,Aleksandar,Speckmann,Senior Engineer
470307,King,Sessa,Senior Engineer
470309,Xuedong,Gerlach,Senior Engineer
470318,Remmert,Kolinko,Senior Staff
470319,Leen,Heping,Senior Staff
470322,Kokou,Albarhamtoshy,Senior Staff
470326,Weiye,Cummings,Engineer
470328,Gudjon,Olivero,Senior Staff
470336,Kwun,Farrel,Engineer
470343,Godehard,Kaelbling,Engineer
470344,Takahira,Rosca,Senior Staff
470345,Serap,Lorys,Senior Staff
470346,Takushi,Badache,Engineer
470354,Kazuhisa,Oberman,Senior Staff
470355,Sivanarayana,Reinhard,Senior Engineer
470363,Subhash,Kirkerud,Senior Staff
470364,Pranas,Munawer,Engineer
470365,Weidon,Rajala,Senior Engineer
470366,Jianhao,Llado,Technique Leader
470368,Shahar,Wielonsky,Staff
470369,Mitsuyuki,Bain,Engineer
470370,Zhaofang,Ramamoorthy,Senior Engineer
470372,Chuanyi,Vuskovic,Senior Staff
470373,Jaewoo,Skrikant,Engineer
470375,Kellyn,Luit,Staff
470376,Ebbe,Schnabel,Staff
470377,Gila,Pargas,Senior Engineer
470384,Poorav,Nooteboom,Senior Staff
470386,Yongmin,dAstous,Senior Staff
470387,Krassimir,Francisci,Staff
470388,Chirstian,Chaudhuri,Staff
470390,Rafols,Deverell,Senior Engineer
470391,Eishiro,Baezner,Senior Engineer
470392,Guadalupe,Lubachevsky,Staff
470393,Khatoun,Botman,Senior Staff
470394,Cheong,Bottner,Technique Leader
470397,Yongmin,Masamoto,Senior Staff
470400,Kenroku,Chinal,Senior Staff
470401,Inderjeet,Roohalamini,Senior Staff
470402,Lein,Pargas,Engineer
470411,Eric,Worfolk,Senior Engineer
470414,Tadanori,Ranta,Staff
470415,Zito,Marletta,Senior Staff
470416,Shahid,Kavanagh,Assistant Engineer
470419,Fusako,Woycyznski,Senior Staff
470422,Roded,Koshino,Technique Leader
470428,Gladys,Beausoleil,Senior Staff
470436,Maia,Tchuente,Senior Staff
470438,Fan,Shumilov,Senior Staff
470443,Ioana,Ciolek,Engineer
470444,Shin,Deyuan,Senior Staff
470445,Byong,Swiss,Technique Leader
470447,Arfst,Wynblatt,Senior Engineer
470451,Zhensheng,Saoudi,Staff
470454,Stafford,Krone,Senior Engineer
470455,Bouchung,Cronau,Senior Engineer
470459,Limsoon,Ruther,Senior Engineer
470464,Theron,McClurg,Senior Engineer
470466,Ger,Yetto,Senior Staff
470470,Mohamadou,Matteis,Staff
470473,Paraskevi,Deville,Engineer
470474,Dung,Boudaillier,Staff
470475,Josyula,Siepmann,Senior Staff
470478,Masaru,Azadmanesh,Staff
470480,Paloma,Emden,Senior Staff
470481,Perla,Basagni,Engineer
470486,Adel,Range,Senior Engineer
470490,Utpal,Eldridge,Senior Staff
470493,Doohun,Hartvigsen,Senior Engineer
470494,Fabrizio,Argence,Senior Staff
470497,Unal,Reinhard,Senior Staff
470499,Mang,Millington,Senior Staff
470501,Rutger,Crelier,Senior Engineer
470504,Junichi,Albarhamtoshy,Engineer
470506,Zita,Buescher,Senior Staff
470507,Kwun,McAlpine,Senior Staff
470511,Uno,Kawashima,Senior Engineer
470514,Juyoung,Constantine,Senior Staff
470515,Adly,Schauser,Engineer
470519,Oldrich,Kavanagh,Staff
470522,Shigeo,Schapire,Senior Staff
470525,Geoffry,Aamodt,Staff
470531,Willard,Makrucki,Senior Staff
470532,Serap,Conta,Engineer
470533,Sakthirel,Comellas,Senior Staff
470537,Mona,Speer,Engineer
470540,Uta,Ranft,Engineer
470546,Susanne,Barvinok,Senior Staff
470549,Yucel,Vakili,Senior Engineer
470550,Uno,Perng,Engineer
470554,Mack,Mungall,Senior Engineer
470558,Chanjung,Pramanik,Senior Staff
470564,Khue,Vakili,Engineer
470567,Pantung,Jumpertz,Senior Engineer
470571,Sarita,Streit,Senior Engineer
470574,Chrisa,Schaar,Senior Staff
470577,Brewster,Junot,Senior Engineer
470578,Reuven,Staelin,Senior Staff
470584,Huan,Wrigley,Engineer
470590,Changho,Birsak,Engineer
470592,Debatosh,Munke,Technique Leader
470602,Chiradeep,Pagter,Senior Engineer
470603,Chikara,Kaiser,Senior Staff
470605,KayLiang,Hooghiemstra,Staff
470609,Luise,Takanami,Senior Engineer
470610,Jacqueline,Berztiss,Engineer
470612,Arun,Panienski,Senior Staff
470613,Kazuhiro,Benveniste,Senior Staff
470619,Rimli,Junot,Senior Staff
470623,Shimshon,Clouatre,Senior Engineer
470630,Huican,Jarecki,Senior Staff
470634,Xuedong,Vadhan,Senior Staff
470635,Ger,Hebert,Staff
470639,Xiaoqiang,Thebaut,Senior Staff
470640,Bingning,Ramsey,Senior Staff
470643,Patricia,Kawashimo,Senior Staff
470646,Siamak,Bale,Staff
470651,Aleksandar,Stellhorn,Senior Engineer
470653,Leif,Highland,Engineer
470657,Richara,Wissmann,Senior Engineer
470662,Kenton,Beilner,Senior Staff
470665,Mats,Uhrik,Senior Staff
470666,Niteen,Pusterhofer,Senior Engineer
470669,Shaowei,Dehkordi,Senior Staff
470673,Yongqiao,Neiman,Engineer
470674,Herb,Hettesheimer,Technique Leader
470676,Kristian,Rothenberg,Senior Engineer
470679,Kolar,Rullman,Senior Staff
470681,Abdulah,Plump,Senior Engineer
470687,Arunas,Gargeya,Technique Leader
470689,Tomofumi,Koprowski,Senior Staff
470695,Fox,Lenart,Staff
470698,Breannda,Perri,Staff
470699,LiMin,Erol,Engineer
470703,Nidapan,Kandlur,Senior Staff
470704,Claudi,Karlin,Senior Staff
470714,Fayez,Rosen,Engineer
470715,Gill,Lorys,Senior Engineer
470716,Munehiko,Nitsche,Engineer
470719,Aksel,Rassart,Engineer
470721,Prodip,Sury,Staff
470723,Anestis,Stavenow,Senior Staff
470725,Remmert,Egerstedt,Senior Staff
470728,Manohar,Gips,Senior Staff
470731,Yuriy,Ghelli,Engineer
470734,Zhonghua,Heyers,Senior Engineer
470736,Turgut,Asser,Staff
470738,Nevin,Tanemo,Engineer
470739,Alagu,Kornyak,Senior Engineer
470741,Gor,Rijsenbrij,Technique Leader
470747,Pasqua,Farris,Senior Engineer
470752,Koichi,Fiutem,Staff
470758,Tsz,Reistad,Senior Staff
470762,Ebbe,Cooke,Senior Engineer
470767,Sachin,Poehlman,Senior Engineer
470768,Uzi,Bodoff,Senior Engineer
470769,Arve,Merro,Senior Engineer
470774,Tsz,Falster,Technique Leader
470775,Pramod,Deverell,Engineer
470780,Toney,Bharadwaj,Senior Staff
470782,Fen,Henders,Senior Staff
470783,Lokesh,Marakhovsky,Senior Engineer
470792,Candido,Olano,Senior Engineer
470793,Chinhyun,Hedayat,Senior Engineer
470804,Pranjal,Hennings,Senior Staff
470808,Werner,Dulay,Senior Engineer
470814,Gill,Swift,Staff
470815,Tran,Pokrovskii,Senior Engineer
470816,Lihong,Kirkerud,Senior Staff
470830,Paloma,Backhouse,Senior Staff
470831,Basil,Biros,Senior Engineer
470834,Jianwen,Siochi,Staff
470835,Xiaoheng,Waschkowski,Staff
470836,Chiranjit,Thummel,Senior Staff
470840,Barry,Bernick,Senior Staff
470841,Marlo,Deville,Engineer
470845,Denis,Ozery,Technique Leader
470846,Frazer,Adachi,Staff
470850,Subhankar,Szemeredi,Engineer
470858,Barton,Lorin,Senior Engineer
470861,Gian,Schaad,Senior Engineer
470863,Nevin,Ramsak,Senior Engineer
470864,Shounak,Gulla,Staff
470866,Huai,Berztiss,Senior Staff
470867,Marlo,Uludag,Senior Engineer
470870,Kensyu,Hartvigsen,Senior Staff
470872,Feipei,Clouatre,Engineer
470882,Mabhin,Sabnani,Senior Staff
470884,Pranay,Genther,Senior Engineer
470890,Ger,Grabner,Senior Staff
470895,Shaunak,Bolsens,Senior Engineer
470901,Aral,Rajaraman,Senior Staff
470903,Georgy,Luck,Senior Engineer
470904,Heng,Siegrist,Senior Engineer
470905,Tesuro,Goodrum,Senior Staff
470907,Sedat,Valtorta,Technique Leader
470914,Hideo,Baik,Senior Staff
470916,Aleksandar,Itzfeldt,Senior Staff
470924,Visit,Liedekerke,Engineer
470925,Boutros,Standera,Senior Engineer
470928,Aimee,Koshiba,Engineer
470929,Jenwei,Gini,Engineer
470933,Lakshmi,Walstra,Technique Leader
470941,Shaleah,Klyachko,Staff
470944,Danco,Roohalamini,Senior Staff
470945,Bingning,Curless,Assistant Engineer
470959,Leon,Petersohn,Senior Staff
470962,Shaz,Langford,Senior Staff
470970,Ewing,Demri,Senior Staff
470973,Juyoung,Zastre,Senior Engineer
470976,Snehasis,Dredge,Senior Staff
470979,Nahum,dAstous,Senior Engineer
470993,Sudharsan,Montemayor,Senior Engineer
470998,Chinya,Gimbel,Engineer
471001,Parke,Schade,Senior Engineer
471004,Larisa,Baalen,Senior Staff
471017,Miomir,Erie,Senior Engineer
471023,Rildo,Ligten,Staff
471025,Rosli,Zucker,Senior Staff
471028,Atilio,Takanami,Senior Engineer
471033,Peternela,Ariola,Senior Engineer
471034,Torsten,Schach,Senior Staff
471036,Yishay,Muhlberg,Senior Engineer
471038,Arumugam,Marrakchi,Senior Engineer
471039,Satoru,Menhoudj,Staff
471047,Sadok,Karunanithi,Senior Staff
471050,Mingdong,Sluis,Senior Engineer
471053,Satyanarayana,Manders,Senior Staff
471060,Deniz,Gulla,Engineer
471061,Hatem,Gniady,Senior Engineer
471063,Rildo,Hasham,Senior Staff
471064,Anoosh,Perl,Senior Engineer
471065,Herbert,Stafford,Senior Staff
471070,Conrado,Limongiello,Senior Engineer
471072,Torsten,Barinka,Technique Leader
471073,Vugranam,Bresenham,Senior Engineer
471075,Toshimitsu,Luks,Technique Leader
471077,Kankanahalli,Alpin,Assistant Engineer
471079,Kasturi,Swiss,Senior Staff
471080,Jeane,Morton,Staff
471082,Shichao,Menyhert,Senior Engineer
471090,Volkmar,Diderrich,Senior Staff
471096,Ingmar,Merli,Senior Engineer
471101,DeForest,Monarch,Senior Engineer
471103,Zissis,Bouloucos,Engineer
471107,Akeno,Muhlberg,Senior Engineer
471110,Vidar,Segond,Senior Engineer
471111,Chrisa,Perelgut,Senior Engineer
471113,Bernd,Lichtner,Staff
471114,Bojan,Lally,Senior Staff
471121,Padma,Birge,Senior Engineer
471122,Suzette,Sommen,Engineer
471124,Shakhar,Falck,Technique Leader
471128,Yaghout,Rosca,Senior Engineer
471131,Subhankar,Wixon,Senior Staff
471133,Terresa,Sullins,Technique Leader
471136,Arvind,Birch,Engineer
471139,Kiyotoshi,Collavizza,Engineer
471140,Noritoshi,Halloran,Senior Engineer
471145,Berry,Zaccaria,Engineer
471151,Murthy,Curless,Senior Staff
471153,Dante,Willoner,Senior Engineer
471154,Lenore,Pulkowski,Senior Staff
471155,Samphel,Kaiser,Senior Engineer
471156,Venkatesan,Shimshoni,Senior Engineer
471160,Shounak,Unni,Senior Engineer
471162,Renee,Pouyioutas,Senior Staff
471173,Bedrich,Kaiser,Senior Engineer
471176,Dmitry,Ossenbruggen,Senior Engineer
471180,Gianluca,Mitchem,Senior Engineer
471181,Lalit,Macedo,Senior Staff
471183,Remco,Trumbly,Technique Leader
471184,Krassimir,Basawa,Assistant Engineer
471194,Jiang,Ventosa,Staff
471198,Bouchung,Peck,Senior Engineer
471203,Jianhao,Serot,Senior Engineer
471215,Sadun,Rebaine,Engineer
471233,Shigehito,Kalefeld,Senior Staff
471234,Mang,Einsfeld,Senior Staff
471238,Maris,Rosiles,Senior Engineer
471239,Adas,Marletta,Senior Staff
471240,Falguni,Olano,Senior Engineer
471244,Brigham,Kalorkoti,Senior Staff
471249,Marsha,Kobara,Technique Leader
471250,Sivanarayana,Ferretti,Senior Staff
471254,Lobel,Pollock,Staff
471255,Mohua,Luck,Senior Engineer
471259,Yuchang,Danner,Senior Staff
471264,Danae,Msuda,Senior Engineer
471266,Youssef,Syang,Senior Staff
471271,Domenico,Kushnir,Senior Staff
471272,Teiji,Baik,Senior Staff
471275,Karlis,Brendel,Senior Engineer
471276,Sajjad,Munck,Technique Leader
471289,Abdulah,Atrawala,Senior Staff
471293,Christoper,Ranon,Senior Engineer
471295,Pragnesh,Cronau,Senior Staff
471297,Zeljko,Ramras,Engineer
471300,Jaana,Rassart,Senior Staff
471302,Jouko,Lakshmanan,Engineer
471304,Shrikanth,Barvinok,Senior Engineer
471315,Gritta,Rande,Senior Staff
471316,Anyuan,Daescu,Staff
471317,Youngkon,Bahr,Assistant Engineer
471318,Tsutomu,Byoun,Senior Engineer
471320,Mansur,Anily,Engineer
471322,Aloys,Poupard,Senior Engineer
471327,Ziva,Paciorek,Senior Engineer
471329,Gennadi,Nourani,Engineer
471330,Stepehn,Anido,Senior Staff
471332,Terresa,Bolotov,Senior Engineer
471336,Florian,Diderrich,Senior Staff
471346,Nidapan,Oppitz,Staff
471350,Constantine,Comellas,Staff
471351,Xiaocheng,Greibach,Senior Engineer
471353,Ayonca,Naumovich,Senior Staff
471361,Gaurav,Gewali,Staff
471363,Isamu,Sridhar,Senior Staff
471365,Aimee,Clouatre,Senior Engineer
471366,Ravishankar,Reinhard,Senior Engineer
471370,Randy,Bernardeschi,Senior Staff
471375,Youssef,Beeson,Senior Staff
471376,Nikolaos,Serna,Staff
471383,Mohammed,Aamodt,Senior Engineer
471385,Nirmal,Ratzlaff,Senior Engineer
471387,Shahab,Lampe,Staff
471388,Amalendu,Poupard,Senior Staff
471389,Leah,Esposito,Senior Engineer
471391,Janche,Ghandeharizadeh,Senior Engineer
471395,Rasikan,Eickenmeyer,Senior Staff
471396,Monique,Itschner,Senior Staff
471399,Ramzi,Sommer,Staff
471400,Jixiang,Panangaden,Senior Staff
471402,Arun,Matzat,Technique Leader
471403,Amstein,Rando,Engineer
471404,Toshimo,Kopetz,Senior Staff
471409,Honglan,Mitsuhashi,Engineer
471413,Vidar,Debuse,Engineer
471414,Xuejia,Luft,Staff
471416,Lidong,Guerreiro,Senior Staff
471418,Chinhyun,Ishibashi,Senior Staff
471419,Gully,Monarch,Senior Engineer
471422,Teunis,Atchley,Staff
471424,Freyja,Jiang,Senior Staff
471425,Shen,Asmuth,Senior Engineer
471432,Leszek,Vrecion,Senior Staff
471433,Takanari,Khamsi,Senior Engineer
471434,Masaru,Improta,Senior Staff
471437,Christoper,Impagliazzo,Engineer
471439,Theirry,Czaja,Staff
471444,Xinan,Welham,Senior Staff
471445,Duangkaew,Zaccaria,Senior Engineer
471449,Kellyn,Velardi,Senior Engineer
471450,Yuping,Khalil,Senior Engineer
471456,Girolamo,Syang,Engineer
471457,Chikako,Tagansky,Senior Engineer
471461,Jovan,Brickell,Senior Staff
471464,Jiang,Schmittgen,Staff
471467,Nimmagadda,Gien,Senior Engineer
471468,Remmert,Waymire,Staff
471472,Youjian,Halloran,Senior Engineer
471473,Shir,Doering,Senior Engineer
471474,Ortrun,Kruskal,Staff
471476,Chinya,Mundy,Staff
471479,Morrie,Rassart,Senior Staff
471482,Sivanarayana,Speel,Engineer
471483,Janalee,Ozeki,Staff
471484,Kwan,Spataro,Staff
471489,Aamod,Iisaku,Senior Staff
471494,Khatoun,Kornyak,Engineer
471503,Sachio,Lovengreen,Technique Leader
471505,Amalendu,Debuse,Staff
471512,Macha,Beetstra,Technique Leader
471516,Uli,Monkewich,Senior Engineer
471517,Arnd,Siochi,Senior Staff
471521,Martien,Vesna,Senior Engineer
471525,Premsyl,Schlenzig,Staff
471529,Munir,Aloia,Senior Staff
471540,Odoardo,Baca,Senior Engineer
471542,Manibrata,Fraisse,Senior Engineer
471544,Pranav,Vigier,Senior Engineer
471545,Kwangyoen,Guting,Technique Leader
471546,Cedric,Picht,Senior Staff
471549,Alejandro,Ramsak,Engineer
471550,Sadegh,Fujisaki,Senior Staff
471560,Debaprosad,Peot,Senior Staff
471562,Bartek,Baaz,Senior Engineer
471571,Tonny,Lenart,Senior Staff
471577,Xiaoheng,Maccarone,Senior Engineer
471584,Volkmar,Ranon,Engineer
471585,Lucian,Uludag,Senior Staff
471587,Moie,Picht,Senior Engineer
471589,Jiong,Vuskovic,Senior Staff
471595,Parke,Savasere,Engineer
471603,Yoshinari,Melichar,Staff
471606,Masadi,Kropp,Senior Engineer
471618,Dannz,Bazelow,Senior Staff
471622,Baziley,Rothenberg,Senior Staff
471625,Hidekazu,Karcich,Staff
471626,Yinghua,Bazzichi,Staff
471627,Soenke,Nooteboom,Senior Staff
471628,Neelam,Melski,Senior Engineer
471631,Mingsen,Ibel,Senior Staff
471633,Kyoichi,Jervis,Senior Staff
471635,Tesuya,Haddadi,Staff
471637,Jaihie,Butner,Engineer
471640,Venkatesan,Leivant,Engineer
471646,Leandro,Unni,Senior Engineer
471647,Zhiwei,Puppe,Senior Staff
471653,Janche,Tyugu,Engineer
471654,Xiaopeng,Marakhovsky,Senior Staff
471664,Breannda,Bharadwaj,Assistant Engineer
471666,Babette,Kenevan,Senior Engineer
471669,Guiseppe,Oppitz,Engineer
471673,Uwe,Siepmann,Engineer
471678,Babette,Koshiba,Senior Engineer
471679,Suzette,Bazelow,Senior Staff
471681,Gadiel,Maquelin,Engineer
471683,Christ,Yetto,Senior Staff
471687,Taizo,Avouris,Engineer
471692,Hironobu,Munro,Staff
471695,Khedija,Parhami,Senior Staff
471698,Gro,Pelc,Technique Leader
471707,Ramachenga,Serra,Senior Engineer
471708,Nagui,Candan,Senior Engineer
471710,Soenke,Junot,Senior Staff
471715,Pasqua,Schusler,Senior Staff
471716,Yuichiro,Billingsley,Technique Leader
471718,Slavian,Segond,Senior Staff
471719,Basant,Gerteisen,Senior Staff
471726,Xiadong,Hashii,Engineer
471728,Tadahiko,Heystek,Senior Engineer
471730,Berto,Hedayat,Technique Leader
471742,Vivian,Nicolson,Staff
471744,Niteen,Iisaku,Staff
471745,Bilhanan,Munos,Senior Engineer
471747,Tadahiro,Krider,Senior Staff
471748,Mayumi,Picel,Senior Engineer
471753,Arlette,Pero,Senior Engineer
471754,Teunis,Birnbaum,Senior Engineer
471758,Atreyi,Huhdanpaa,Senior Staff
471759,Jaana,Bashian,Engineer
471762,Sachin,Kalafatis,Senior Engineer
471764,Gao,Schaaf,Senior Engineer
471765,Richara,Murtha,Engineer
471766,Tadanori,Miake,Senior Engineer
471768,Rutger,Cannard,Engineer
471772,Huan,Sigstam,Assistant Engineer
471773,Conrado,Demri,Senior Engineer
471782,Alexius,Strehl,Senior Engineer
471784,Tommaso,Simmen,Senior Staff
471789,Xuejun,Speer,Senior Staff
471790,Charmane,Asrin,Senior Staff
471792,Tsutomu,Etalle,Assistant Engineer
471796,Khun,Shanbhogue,Senior Staff
471799,Heather,Flanders,Senior Staff
471800,Guttorm,Diderrich,Senior Staff
471805,Frazer,Marciano,Senior Engineer
471807,Stafford,Murtagh,Staff
471809,Moty,Paciorek,Staff
471814,Saeed,Keustermans,Engineer
471815,Adas,Sidje,Senior Engineer
471822,Odinaldo,Beeson,Senior Engineer
471824,Reinhard,Kadhim,Senior Staff
471827,Padma,Orlowski,Technique Leader
471829,Saniya,Jarecki,Staff
471833,Tuval,Merlo,Senior Engineer
471836,Yuchang,Melski,Staff
471839,Christoph,Honiden,Senior Staff
471847,Katsuo,Maccarone,Senior Staff
471848,Niclas,Liedekerke,Staff
471849,Jaihie,Benner,Senior Engineer
471853,Arvind,Rothenberg,Senior Engineer
471855,Lalit,Codenie,Staff
471857,Sadegh,Srimani,Engineer
471858,Chinya,Ruther,Senior Staff
471861,Morris,Orlowski,Senior Engineer
471862,Masali,Kisuki,Senior Staff
471863,Tayeb,Castellani,Engineer
471864,Saddek,Nannarelli,Senior Engineer
471865,Fumiya,Bhattacharjee,Senior Staff
471866,Zito,Pietrzykowski,Senior Staff
471867,Zhensheng,Katalagarianos,Senior Engineer
471870,Tze,Seiwald,Senior Staff
471871,Noritoshi,Skafidas,Staff
471872,Serap,Haddadi,Engineer
471875,Otmar,Choobineh,Staff
471882,Chiradeep,Velasco,Senior Engineer
471887,Volkmar,Renear,Senior Engineer
471892,Gadiel,Maierhofer,Assistant Engineer
471898,Tetsurou,Hegner,Engineer
471899,Eran,Molberg,Senior Staff
471900,Goa,Itschner,Senior Staff
471904,Youssef,Brender,Senior Staff
471907,Hugh,Marchesini,Engineer
471916,Jaber,Azuma,Senior Staff
471921,Claude,Mikschl,Senior Engineer
471929,Kristen,Bale,Engineer
471936,Marsal,Olivero,Senior Staff
471942,Heekeun,Hardjono,Senior Engineer
471943,Alselm,Pleszkun,Senior Engineer
471944,Suzette,Pfau,Technique Leader
471948,Debaprosad,Perng,Senior Staff
471953,Zine,Hasenauer,Senior Engineer
471960,Junichi,Cooley,Senior Engineer
471962,Joydip,Bach,Senior Staff
471964,Janche,Leaver,Senior Staff
471965,Dekang,Tischendorf,Staff
471970,Lalit,Demos,Senior Staff
471975,Otilia,Zschoche,Senior Engineer
471976,Torsten,Henseler,Senior Engineer
471979,Kayoko,Stafford,Senior Engineer
471981,Xiaoqiu,Huhdanpaa,Senior Engineer
471985,Mana,Ushiama,Staff
471986,Mads,Ranst,Assistant Engineer
471989,Tomokazu,Kadhim,Senior Engineer
471991,Janche,Farrag,Senior Engineer
471996,Navid,Bratsberg,Engineer
471997,Uwe,Mukaidono,Staff
472003,Elrique,Bondorf,Senior Engineer
472008,Fen,Salvesen,Senior Engineer
472009,Kotesh,Basart,Senior Staff
472010,Uriel,Bage,Senior Staff
472012,Evgueni,Kavraki,Senior Engineer
472013,Phule,Douceur,Senior Staff
472014,Ziya,Kusakari,Senior Engineer
472018,Giao,Coombs,Senior Engineer
472020,Leszek,Litzler,Senior Engineer
472021,Marsha,Wielonsky,Senior Staff
472022,Somnath,Bennis,Senior Engineer
472026,Ronghao,Savasere,Senior Engineer
472028,Boguslaw,Terwilliger,Senior Engineer
472030,Patricia,Mukaidono,Engineer
472035,Samphel,Lagarias,Engineer
472038,Garnet,Thombley,Senior Engineer
472039,Van,Garnham,Senior Engineer
472040,Domenick,Georgatos,Staff
472042,Khalid,Genther,Senior Engineer
472047,Florian,Beutelspacher,Staff
472056,LiMin,Molenaar,Technique Leader
472057,Lijie,Leivant,Staff
472064,Temple,Litecky,Senior Engineer
472066,Hugo,Schurmann,Senior Engineer
472069,Jixiang,Ciolek,Senior Staff
472070,Sanjay,Streng,Senior Engineer
472073,Chaitali,Delaune,Senior Engineer
472085,Christ,Polajnar,Engineer
472091,Shahab,Pollock,Senior Engineer
472096,Lubomir,Ernst,Senior Engineer
472102,Gil,Redmiles,Senior Staff
472103,Bilhanan,Rehfuss,Senior Engineer
472108,Yechiam,Yoshizawa,Senior Engineer
472116,Jaroslava,Azevdeo,Senior Engineer
472120,Pohua,Farris,Senior Engineer
472121,Jenwei,Serra,Senior Engineer
472123,Piyawadee,Roohalamini,Staff
472127,Patricio,England,Assistant Engineer
472130,Leucio,Biran,Senior Engineer
472132,Yucai,Atchley,Senior Staff
472133,Nathan,Boreale,Senior Engineer
472134,Zine,Butner,Senior Engineer
472136,Tadanori,dAstous,Technique Leader
472138,Phillip,Vidya,Engineer
472144,Trygve,Remmers,Senior Staff
472149,Sverrir,Luck,Senior Engineer
472157,Khun,Kuszyk,Senior Staff
472159,Vasilii,Ashish,Engineer
472162,Jiakeng,Baumann,Senior Staff
472166,Bingning,Ventosa,Senior Staff
472172,Janalee,Dengi,Senior Engineer
472185,Marsha,Tomescu,Engineer
472186,Dung,Janetzko,Senior Staff
472188,Stabislas,Jiang,Senior Engineer
472190,Patricio,Junot,Technique Leader
472192,Padma,Wrigley,Senior Staff
472193,Alejandro,Mitsuhashi,Engineer
472194,Bokyung,Zultner,Staff
472200,Udo,Landherr,Assistant Engineer
472203,Deborah,Brendel,Senior Staff
472205,Adit,Einsfeld,Senior Staff
472209,Kasturi,Thambidurai,Senior Engineer
472221,Takahiro,Naumovich,Senior Engineer
472223,Hidde,Birke,Senior Staff
472231,Oguz,Strooper,Senior Staff
472234,Kensyu,Lunt,Senior Staff
472240,Alejandro,Prochazka,Senior Engineer
472242,Herb,Rande,Senior Staff
472248,Chirstian,Ramras,Senior Engineer
472249,Ronghao,Cairo,Senior Engineer
472250,Roded,Maierhofer,Senior Engineer
472251,Val,Kuzuoka,Assistant Engineer
472255,Marlo,Krohn,Senior Staff
472268,Satoru,Lemarechal,Senior Staff
472269,Shahid,Schapire,Senior Staff
472275,Aloys,Hofting,Senior Staff
472282,Takahira,Chachaty,Senior Engineer
472293,Shiv,Gopalakrishnan,Senior Staff
472295,Sastry,Molberg,Staff
472297,Katsuo,Borstler,Staff
472303,Kiam,Schmiedel,Senior Staff
472304,Florian,Foote,Engineer
472307,Rance,Burnard,Senior Engineer
472309,Arunas,Chimia,Senior Staff
472310,Sashi,Dulin,Senior Staff
472311,Tse,Improta,Engineer
472315,Bedrich,Msuda,Staff
472320,Hercules,Herber,Senior Engineer
472322,Sanjay,Katalagarianos,Assistant Engineer
472331,Roselyn,Frolund,Senior Engineer
472335,Zeljko,Jansen,Senior Staff
472339,Zhenhua,Ciolek,Staff
472340,Gaurav,Jonsson,Senior Engineer
472349,Zeljko,Ouhyoung,Senior Staff
472356,Geoffry,Aloia,Senior Engineer
472366,Aral,Rattan,Technique Leader
472367,Barton,Oxenboll,Engineer
472372,Pramod,Garrabrants,Senior Staff
472373,Pramod,Cummings,Senior Staff
472374,Xuedong,Montemayor,Senior Staff
472375,Ranan,Weedon,Senior Staff
472376,Theirry,Panangaden,Engineer
472381,Yucel,Maraist,Senior Engineer
472391,Mohammed,Simmel,Senior Staff
472392,Uzi,Masada,Senior Staff
472399,Heping,Falck,Engineer
472402,Susanna,Rande,Senior Engineer
472403,Leah,Woycyznski,Senior Staff
472404,Stevo,Cannane,Senior Engineer
472411,Tianruo,Veldwijk,Senior Engineer
472412,Zine,Eiter,Senior Engineer
472414,Aamod,Anick,Senior Staff
472416,Roddy,Bellmore,Assistant Engineer
472423,Claude,Itzfeldt,Senior Staff
472426,Baocai,Markovitch,Senior Staff
472429,Gully,Cyre,Senior Staff
472432,Basant,Maginnis,Technique Leader
472442,Badri,Noriega,Engineer
472444,Remco,Haumacher,Senior Staff
472445,Val,Heuter,Senior Engineer
472449,Kasturi,Nitsche,Engineer
472450,Khalil,Improta,Engineer
472459,Emdad,Peternell,Senior Engineer
472464,Nitsan,Zaiane,Engineer
472467,Yuqun,Manders,Engineer
472470,Stafford,Kuszyk,Engineer
472472,Mizuhito,Busillo,Senior Staff
472476,Christfried,Chinen,Engineer
472482,Fumitake,Isard,Senior Staff
472485,Tetsushi,Farrar,Senior Engineer
472489,Fei,Parfitt,Senior Staff
472496,Satosi,Marakhovsky,Senior Engineer
472504,Nobuyoshi,Riefers,Senior Staff
472507,Lansing,Chenney,Technique Leader
472509,Jaroslava,Bolotov,Senior Engineer
472510,Alair,Beerel,Senior Staff
472511,Troy,Birta,Senior Staff
472512,Mayuri,Edelhoff,Senior Staff
472513,Sanjoy,Birta,Senior Staff
472518,Mong,Swift,Senior Engineer
472521,Vidar,Schneeberger,Senior Engineer
472530,Cristinel,Baig,Senior Staff
472531,Shai,Guardalben,Engineer
472537,Mizuhito,Quittner,Senior Staff
472551,Guadalupe,Kalsbeek,Engineer
472556,Hinrich,Schwartzburd,Engineer
472560,Chenye,Azumi,Senior Staff
472565,Qunsheng,Henders,Engineer
472574,Mingdong,Stassinopoulos,Technique Leader
472575,Kokou,Peot,Senior Engineer
472588,Mary,Rosti,Senior Engineer
472590,Yuuichi,Zyda,Engineer
472591,Eckart,Bondorf,Senior Staff
472596,Changho,Hofstetter,Senior Staff
472597,Vugranam,Garrabrants,Engineer
472598,Xuejun,Levasseur,Senior Engineer
472607,Clyde,Hmelo,Senior Staff
472610,Honesty,Perng,Senior Staff
472611,Susanne,Malinowski,Senior Staff
472612,Anyuan,Lanteri,Staff
472614,Niteen,Lieberherr,Engineer
472622,Kensei,Bage,Senior Staff
472633,Rosalyn,Picaronny,Senior Staff
472634,Niclas,Klerer,Engineer
472635,Jixiang,Tagansky,Senior Engineer
472637,Dannz,Usery,Senior Staff
472640,Khun,Kobara,Senior Staff
472641,Zhanqiu,Peris,Senior Staff
472643,Luisa,Harbusch,Senior Staff
472644,Toney,Gecseg,Senior Engineer
472646,Yuping,Hebden,Senior Staff
472649,Georg,Highland,Assistant Engineer
472650,Theirry,Ratnakar,Senior Staff
472653,Moie,Denos,Senior Engineer
472657,Ingemar,Shumilov,Senior Staff
472665,Rajmohan,Lueh,Senior Engineer
472670,Valery,Biron,Senior Engineer
472671,Dhritiman,Norsworthy,Technique Leader
472674,Jouni,Steinauer,Senior Engineer
472675,Yuriy,Jahnichen,Senior Engineer
472677,Sarita,Daescu,Senior Staff
472678,Mitsuyuki,Gruenwald,Senior Staff
472680,Suvo,Ratzlaff,Assistant Engineer
472681,Richara,Kilgore,Senior Engineer
472684,Salvador,Albarhamtoshy,Senior Engineer
472686,Prasadram,Oxman,Senior Engineer
472689,Golgen,Valette,Senior Staff
472690,Tran,Glinert,Senior Staff
472692,IEEE,Danecki,Senior Staff
472699,Taizo,Staelin,Senior Engineer
472701,Jiann,Isaac,Technique Leader
472705,Chaoyi,Gimarc,Senior Engineer
472706,Kerryn,Morrin,Senior Staff
472708,Kokou,Streit,Senior Staff
472709,Anestis,Majewski,Senior Staff
472713,Eishiro,Busillo,Engineer
472718,Danco,Shokrollahi,Engineer
472719,Arunas,Lammel,Staff
472720,Gal,Sudbeck,Senior Engineer
472723,Arvind,Kowalchuk,Senior Staff
472730,Fei,Beidas,Senior Staff
472735,Zejun,Miyakawa,Senior Engineer
472736,Franziska,Silva,Senior Engineer
472740,Mong,Demian,Staff
472743,Lunjin,Zweizig,Senior Engineer
472747,Zejun,Spell,Senior Staff
472748,Malu,Denny,Senior Staff
472753,Odoardo,Siochi,Senior Staff
472758,Becky,Shackell,Senior Engineer
472763,Oscal,Ramsey,Senior Staff
472764,Boalin,Emden,Senior Engineer
472768,Jeanne,Ballarin,Engineer
472769,Aloys,DuCasse,Senior Staff
472771,Emdad,Androutsos,Senior Staff
472775,Gererd,Magliocco,Engineer
472780,Susanna,Benveniste,Senior Engineer
472781,Huan,Hasham,Senior Engineer
472784,Feixiong,Gips,Senior Staff
472787,Abdelghani,Leuchs,Senior Engineer
472795,Teiji,Knightly,Senior Staff
472796,Basim,Terkki,Staff
472797,Behnaam,Griswold,Senior Engineer
472798,Mabry,Cesareni,Senior Staff
472808,Duangkaew,Landherr,Senior Engineer
472813,Satyanarayana,Schwabacher,Staff
472816,Paraskevi,Lammel,Staff
472818,Leaf,Chenney,Staff
472828,Yaghout,Riexinger,Senior Engineer
472829,Baziley,Highland,Senior Staff
472834,Giordano,Lanphier,Senior Staff
472836,Alassane,Rassart,Engineer
472839,Bader,Melichar,Senior Staff
472851,Oguz,Jonsson,Engineer
472853,Gila,Limongiello,Senior Staff
472855,Jaewon,Syrotiuk,Staff
472856,Jacopo,Collavizza,Senior Staff
472857,Xiaoqiang,Aseltine,Senior Engineer
472867,Zito,Bondorf,Engineer
472872,Danel,Danley,Staff
472876,Genta,DiGiano,Senior Engineer
472877,Deniz,Lamma,Senior Engineer
472881,Annemarie,Undy,Senior Engineer
472882,Djelloul,Scallan,Senior Staff
472887,Gino,Kaltofen,Staff
472894,Adel,Kalafatis,Senior Staff
472895,Jongsuk,Harllee,Engineer
472897,Sachar,Radwan,Senior Staff
472898,Frederique,Swen,Senior Staff
472900,Shahaf,Copas,Senior Engineer
472907,Sanjit,Chepyzhov,Engineer
472914,Weidon,Lorho,Senior Staff
472916,Satyanarayana,Chorvat,Senior Engineer
472917,Yakichi,Langford,Senior Staff
472920,Shuichi,Cronin,Senior Staff
472925,Fusako,Prampolini,Senior Staff
472930,Otilia,Pagter,Engineer
472931,Hsiangchu,Vandervoorde,Senior Staff
472933,Barna,Linares,Senior Engineer
472939,Naraig,Dalton,Senior Staff
472940,Poornachandra,Ginesta,Engineer
472942,Koichi,Haraldson,Technique Leader
472944,Toshimori,Chiola,Engineer
472947,Koichi,Chandrasekhar,Staff
472951,Tristan,Birdsall,Technique Leader
472953,Filipp,Kavanagh,Senior Staff
472954,Herbert,Takanami,Senior Engineer
472957,Guiseppe,Brookman,Staff
472958,Arno,Reutenauer,Engineer
472959,Mingdong,Leslie,Staff
472963,Shim,Gornas,Technique Leader
472964,Shigeo,Beznosov,Senior Engineer
472967,Fayez,Danecki,Senior Staff
472969,Yongqiao,Ramsak,Assistant Engineer
472970,Kazunori,Zwicker,Senior Staff
472972,Turgut,Baezner,Senior Staff
472974,Qingxiang,Moffat,Senior Engineer
472977,Hauke,Peot,Senior Staff
472978,Vishu,Zschoche,Senior Staff
472981,Nikolaos,Lally,Engineer
472982,Ute,Bennet,Technique Leader
472984,Achilleas,Molberg,Senior Staff
472985,Khun,Lieblein,Senior Engineer
472987,Jenwei,Pavlopoulou,Senior Engineer
472989,Mahendra,Mikschl,Senior Staff
472990,Kyoichi,Hitomi,Senior Staff
472992,Marjo,Angot,Senior Engineer
472997,Muneo,Salinas,Engineer
473002,Sham,Theuretzbacher,Engineer
473005,Perla,Litvinov,Senior Staff
473009,Bedir,Castellani,Engineer
473015,Filipe,Ranst,Senior Staff
473017,Xinglin,Aumann,Staff
473021,Akemi,Attimonelli,Engineer
473028,Gao,Fairtlough,Senior Staff
473029,Ashish,Biron,Staff
473031,Ayonca,Akaboshi,Technique Leader
473034,Fumitake,Ranft,Senior Engineer
473038,Radhika,Furudate,Engineer
473043,Yuchang,Redmiles,Senior Staff
473046,Haldun,Validov,Staff
473047,Mariusz,Pell,Senior Engineer
473048,Munir,Rosay,Senior Staff
473049,Arie,Lyonns,Senior Engineer
473050,Remko,Dalphin,Assistant Engineer
473052,Junichi,Tanemo,Staff
473055,Kwun,Emmart,Senior Staff
473068,Spyrose,Puppo,Senior Staff
473075,Tadahiko,Reutenauer,Senior Engineer
473076,Shaowei,Chelton,Senior Engineer
473078,Feiyu,Bernatsky,Technique Leader
473083,Masako,Huxford,Senior Engineer
473089,Samphel,Serdy,Staff
473094,Uta,Wielonsky,Staff
473097,Shooichi,Linnainmaa,Senior Staff
473100,Falguni,Speer,Senior Engineer
473101,Terresa,Peyn,Senior Staff
473107,Chrisa,Varley,Senior Staff
473113,Toshimitsu,Angelov,Senior Staff
473116,Sadun,Bultermann,Senior Staff
473121,Sushant,Hennings,Senior Engineer
473122,Kersti,Hiroyama,Senior Engineer
473128,Weijing,Dredge,Senior Engineer
473129,Shigeu,Syrotiuk,Senior Staff
473130,Giordano,Frolund,Assistant Engineer
473133,Kayoko,Peng,Engineer
473134,Navid,Perz,Senior Engineer
473136,Jingling,Chinin,Staff
473140,Jiakeng,Rosti,Senior Engineer
473156,Arra,Kalefeld,Senior Staff
473160,Fuqing,Rosay,Staff
473161,Jaewoo,Serra,Engineer
473166,Masamitsu,Erde,Senior Staff
473170,Tommaso,Gecseg,Senior Engineer
473171,Heeju,Luck,Assistant Engineer
473175,Kensei,Speek,Senior Engineer
473178,Mototsugu,Verhoeff,Senior Staff
473181,Tse,Maginnis,Senior Staff
473184,Patricio,Slutz,Senior Engineer
473186,Jiann,Tagansky,Senior Engineer
473190,Sailaja,Czap,Senior Staff
473196,Houman,Plesums,Senior Engineer
473198,Karlis,Baez,Senior Engineer
473200,Kerhong,Famili,Senior Engineer
473202,Sadun,Benzmuller,Senior Engineer
473204,Arunachalam,Masaki,Senior Engineer
473208,Tremaine,Werthner,Senior Staff
473210,Pintsang,Merey,Senior Staff
473211,Fun,Kropp,Staff
473212,Naraig,Mayerwieser,Staff
473214,Miomir,Validov,Senior Staff
473215,Keung,Ritzmann,Senior Staff
473217,Chaoyi,Jahnichen,Senior Engineer
473218,Djelloul,Heyers,Staff
473221,Otmar,Rijckaert,Senior Staff
473224,Arup,Crabtree,Senior Engineer
473230,Eirik,Coombs,Engineer
473232,Jagoda,Baez,Staff
473234,Sariel,Merro,Engineer
473236,Adamantios,Rattan,Assistant Engineer
473238,Pranjal,Camurati,Staff
473240,Marsha,Egerstedt,Senior Engineer
473241,Harjit,Cannane,Technique Leader
473244,Ramzi,Yoshizawa,Senior Staff
473245,Dinkar,Servieres,Senior Engineer
473257,Abdulla,Thisen,Engineer
473259,Patricia,Wendorf,Senior Engineer
473261,Ulises,Senzako,Technique Leader
473264,Ulises,Schaap,Engineer
473267,Naftaly,Niizuma,Engineer
473274,JoAnna,Limongiello,Senior Staff
473275,Leaf,Janetzko,Senior Engineer
473285,Ayonca,Caine,Senior Staff
473287,Odysseas,Bednarek,Senior Engineer
473288,Jeane,Perz,Staff
473295,Hinrich,Clemencon,Senior Engineer
473296,Werner,Thebaut,Senior Engineer
473298,Basil,Yoshizawa,Engineer
473302,Hideyuki,Zallocco,Senior Staff
473303,Mack,Saoudi,Senior Engineer
473307,Marla,Warwick,Senior Staff
473314,Hironobu,Ruemmler,Senior Staff
473317,Supot,Ranai,Senior Engineer
473318,Khalil,Underwood,Senior Engineer
473320,Dulce,Luders,Senior Engineer
473321,Aram,Kroft,Engineer
473322,Pantung,Lodder,Senior Staff
473326,Munenori,Ramamoorthy,Senior Staff
473328,Adil,Spieker,Senior Staff
473329,Rajmohan,Chaudhury,Senior Engineer
473330,Naraig,Perfilyeva,Senior Staff
473332,Chanjung,Nations,Staff
473335,Xiping,Lovengreen,Senior Engineer
473340,Yifei,Danner,Staff
473349,Jaewoo,Klyachko,Engineer
473350,Maia,Hammerschmidt,Senior Engineer
473351,Hugo,Pfau,Engineer
473353,Martins,Vernadat,Senior Engineer
473357,Weidon,Auyong,Senior Engineer
473362,Jordanka,Farrag,Senior Engineer
473365,Luisa,Eterovic,Staff
473370,Takushi,Zwicker,Senior Engineer
473375,Toney,Birrer,Engineer
473377,Mrinalini,Zumaque,Technique Leader
473379,Avishai,Callaway,Senior Engineer
473380,Rosita,Imataki,Senior Engineer
473381,Pascal,Gornas,Staff
473387,Ziya,Restivo,Senior Staff
473393,Arie,Pileggi,Senior Engineer
473395,Serge,Lindqvist,Senior Engineer
473398,Vojin,Ouhyoung,Engineer
473399,Susumu,Stroustrup,Senior Staff
473400,Horward,Farris,Senior Staff
473407,Hatim,Brickell,Senior Staff
473411,Piyush,Leaver,Senior Staff
473416,Karlis,Kieras,Senior Staff
473423,Bilhanan,Kaminger,Staff
473431,Achilleas,Cools,Senior Staff
473443,Heng,Cheshire,Staff
473444,Yaghout,Erde,Engineer
473445,Koldo,Janetzko,Senior Staff
473446,Siddarth,Hiyoshi,Senior Staff
473451,Cordelia,Puoti,Senior Staff
473453,Ioana,Rijsenbrij,Engineer
473454,Yonghoan,Masaki,Senior Staff
473455,Shawna,Fabrizio,Senior Staff
473457,Zhiguo,Peyn,Staff
473459,Herbert,Deville,Staff
473465,Mechthild,Morrow,Senior Engineer
473466,Moriyoshi,Maksimenko,Senior Staff
473469,Subhrajyoti,Bhattacharjee,Senior Engineer
473470,Weiyi,Montresor,Senior Staff
473471,Stabislas,Basawa,Senior Staff
473474,Khosrow,Fontan,Engineer
473475,Dinkar,Moffat,Senior Engineer
473476,Mariusz,Luit,Senior Staff
473477,Giap,Lindqvist,Engineer
473483,Genta,Gulla,Staff
473485,Jingling,Reghbati,Senior Staff
473488,Kannan,Bernardinello,Engineer
473492,Doohun,Vuskovic,Engineer
473496,Rutger,Keustermans,Engineer
473502,Satyanarayana,Fontet,Senior Staff
473513,Moty,Olivero,Engineer
473514,Valeri,Kawashimo,Senior Engineer
473515,Alair,Gruenwald,Staff
473516,Masato,Hofman,Technique Leader
473519,Douadi,Sifakis,Staff
473521,Malu,Katalagarianos,Senior Staff
473524,Reinhold,Zultner,Senior Staff
473525,Lokesh,Mandelberg,Staff
473526,Vishu,Pelz,Engineer
473530,Chenye,Schrift,Senior Staff
473531,Itzchak,Kalsbeek,Senior Engineer
473533,Chenyi,Krohn,Senior Engineer
473551,Miomir,Vesel,Senior Engineer
473554,Venkatesan,Fraisse,Senior Staff
473556,Mads,Spelt,Senior Staff
473560,Subir,Ouhyoung,Senior Staff
473564,Serge,Basagni,Senior Engineer
473570,Zorica,Journel,Senior Staff
473573,Zeydy,Murthy,Senior Staff
473574,Hitomi,Murrill,Staff
473577,Bodo,Vesna,Senior Engineer
473579,Srinidhi,Champarnaud,Senior Staff
473585,Doowon,Ushiama,Technique Leader
473592,Apostol,Herber,Engineer
473593,Marla,Esteva,Senior Staff
473599,Gennady,Rissanen,Senior Staff
473600,Aluzio,Langford,Senior Engineer
473603,Makato,Halevi,Assistant Engineer
473605,Nectarios,Monarch,Senior Engineer
473606,Aamer,Perelgut,Technique Leader
473610,Taizo,Duclos,Staff
473614,Baocai,Boissier,Engineer
473615,Garnet,Buescher,Engineer
473618,Gurbir,Siepmann,Senior Engineer
473619,Goo,Doering,Engineer
473622,Iara,Schapiro,Staff
473629,Paloma,Pappas,Engineer
473630,Eldridge,Kavanagh,Senior Staff
473644,Ortrun,Makrucki,Senior Staff
473645,Richard,Lichtner,Senior Engineer
473646,Dayanand,Shimshoni,Senior Engineer
473654,Kwee,Cairo,Staff
473655,Sailaja,Trumbly,Staff
473656,Ennio,Senzako,Senior Engineer
473659,Eishiro,Antonisse,Senior Staff
473669,Maya,Doering,Senior Engineer
473684,Utpal,Lalonde,Senior Engineer
473685,Kerhong,Aingworth,Senior Engineer
473686,Sadegh,Neiman,Senior Engineer
473688,Valeri,Auyong,Engineer
473690,Zhanqiu,Junot,Engineer
473693,Aluzio,Thambidurai,Engineer
473698,Felicidad,Sudkamp,Staff
473700,Fuqing,Shiratori,Senior Engineer
473701,Richard,Angel,Senior Engineer
473703,Steve,Baar,Senior Staff
473710,Jianwen,Luce,Staff
473711,Vidar,Berendt,Senior Engineer
473712,Subhrajyoti,Snedden,Staff
473714,Alagu,Shigei,Technique Leader
473715,Kwangho,Bultermann,Senior Staff
473717,Mostafa,Grospietsch,Staff
473718,Noritoshi,Luff,Senior Engineer
473719,Bader,Mattern,Senior Staff
473732,Nahla,Pashtan,Senior Staff
473739,Gretta,Decaestecker,Engineer
473740,Yaghout,Gladwell,Senior Staff
473741,Miomir,Chepyzhov,Engineer
473757,Xuejia,Bamford,Senior Staff
473759,Alejandra,Shobatake,Engineer
473762,Khatoun,Underwood,Senior Engineer
473768,Perla,Maccarone,Senior Engineer
473772,Billur,Schonegge,Technique Leader
473776,Aemilian,Demir,Senior Staff
473777,Kannan,Luan,Senior Staff
473779,Qingxiang,Verspoor,Senior Engineer
473783,Steve,Marchegay,Senior Staff
473791,Sadun,Ecklund,Senior Engineer
473795,Navin,Maccarone,Engineer
473800,Herb,Lakshmanan,Staff
473801,Rosine,Manderick,Senior Engineer
473804,Gopalakrishnan,Baba,Senior Engineer
473805,Shunichi,Hoogerwoord,Senior Engineer
473806,Suebskul,Janocha,Senior Staff
473808,Mitsuyuki,Wissmann,Senior Staff
473809,Deniz,Sankaranarayanan,Technique Leader
473812,Khue,Levergood,Senior Staff
473816,Radhia,Krohm,Senior Engineer
473819,Huai,Whittlesey,Senior Engineer
473822,Gina,Chaudhury,Senior Engineer
473823,Mansur,Lemarechal,Staff
473825,Renny,Luke,Senior Engineer
473832,Kwangjo,Parhami,Staff
473833,Xianlong,Swab,Senior Staff
473834,Kish,Zobel,Senior Staff
473835,Renny,Rahimi,Staff
473839,Angel,Muhling,Senior Engineer
473841,Moriyoshi,McClure,Staff
473842,Arnd,Kavraki,Senior Staff
473845,Munehiko,Lung,Technique Leader
473848,Magdalena,Butner,Senior Engineer
473849,Xuejia,Hofmeyr,Staff
473852,Pranay,Lagarias,Engineer
473855,Xiaopeng,Gerteisen,Senior Engineer
473856,Hidde,Baek,Staff
473857,Vesna,Tetzlaff,Technique Leader
473876,Maris,Ladret,Senior Engineer
473879,Mitchel,Kandlur,Senior Engineer
473881,Shahaf,Bahl,Senior Staff
473885,Janalee,Facello,Engineer
473888,Rildo,Anandan,Staff
473890,Xiaobin,Versino,Senior Engineer
473895,Hongzhu,Wursthorn,Staff
473897,Seongbae,Rattan,Engineer
473898,Udi,Malinowski,Engineer
473899,Yucai,Badache,Staff
473900,Khoa,Gustavson,Engineer
473903,Stella,Sichman,Senior Staff
473904,Florina,Flasterstein,Senior Engineer
473905,Shaowei,Yavatkar,Senior Engineer
473910,Bokyung,Staelin,Staff
473911,Kwangyoen,Coorg,Technique Leader
473913,Sanjay,Munro,Senior Engineer
473916,Leaf,Uludag,Senior Staff
473917,Arumugam,Vecchio,Engineer
473918,Neelam,Angiulli,Senior Engineer
473919,Achilleas,Scallan,Senior Engineer
473920,Rafols,Beausoleil,Senior Staff
473921,Pragnesh,Kamber,Senior Staff
473923,Remzi,Hemaspaandra,Senior Engineer
473924,Venkatesan,Krichel,Technique Leader
473927,Rimli,Peck,Engineer
473939,Vitali,Lunn,Senior Engineer
473944,Kazuhiko,Rahier,Engineer
473947,Van,Alencar,Senior Engineer
473953,Janche,Heystek,Staff
473954,Kristin,Bugrara,Senior Staff
473957,Otilia,Taubenfeld,Senior Staff
473964,Sanjeeva,Hempstead,Senior Staff
473969,Gian,Simkin,Senior Engineer
473970,Tsuneo,Knightly,Engineer
473973,Francoise,Dechter,Senior Staff
473975,Nagui,Yoshizawa,Senior Engineer
473977,Eckart,Baaz,Engineer
473978,Sachio,Encarnacion,Technique Leader
473983,Danae,Khalil,Senior Engineer
473993,Panayotis,Sury,Assistant Engineer
473994,Kazuhiko,Farris,Senior Staff
474006,Ulises,Slaats,Senior Engineer
474010,Owen,Streit,Senior Staff
474014,Kazuyasu,Nollmann,Senior Engineer
474015,Dipayan,Serdy,Engineer
474016,Adib,Gronowski,Senior Staff
474020,Hercules,Atrawala,Senior Engineer
474022,Hironoby,Llado,Senior Engineer
474024,Srinidhi,Provine,Senior Engineer
474025,Stevo,Gargeya,Senior Engineer
474027,Udi,Smailagic,Senior Staff
474032,Gregory,Nitto,Staff
474033,Mitchel,Glowinski,Senior Staff
474039,Mohit,Pfau,Staff
474044,Almudena,Rajcani,Senior Staff
474048,Kiyotoshi,Juneja,Senior Engineer
474050,Nechama,Olano,Senior Engineer
474057,Mototsugu,Fasbender,Engineer
474061,Tua,Macedo,Staff
474063,Seongbin,Wilfing,Senior Staff
474064,Jeanne,Rathonyi,Senior Engineer
474067,Yannis,Birjandi,Senior Staff
474073,Nishit,Vigier,Senior Staff
474074,Moie,Merkl,Senior Engineer
474076,Masoud,Pusterhofer,Senior Engineer
474080,Kasidit,Zhiwei,Staff
474086,Florian,Peroz,Engineer
474092,Heping,Passino,Senior Engineer
474093,Qingxiang,Krybus,Senior Staff
474094,Leandro,Lyonns,Senior Engineer
474101,Sailaja,Thiria,Staff
474107,Chikako,Bolsens,Senior Staff
474109,Vasiliy,Verspoor,Senior Staff
474115,Hatsukazu,Rosaz,Engineer
474123,Xiong,Soloway,Senior Staff
474124,Magy,Koblick,Engineer
474129,Gritta,Vakili,Senior Engineer
474130,Laurentiu,Papsdorf,Staff
474131,Shridhar,Riexinger,Senior Engineer
474133,Kankanahalli,Birnbaum,Engineer
474138,Yagil,Cairo,Senior Engineer
474146,Nathan,Emiris,Senior Staff
474147,Stafford,Frolund,Technique Leader
474154,Jackson,Taneja,Senior Staff
474156,Sukumar,Kushner,Engineer
474158,Jongsuk,Heijenga,Senior Staff
474160,Munehiko,Manders,Senior Engineer
474168,Ulises,Bala,Senior Staff
474173,Xiahua,Slaats,Senior Engineer
474176,Shimshon,Azuma,Senior Engineer
474177,Hinrich,Masand,Senior Staff
474183,Padma,Garnick,Senior Staff
474193,Phillip,Speckmann,Senior Engineer
474194,Ult,Iisaka,Senior Engineer
474197,Jungsoon,Beilner,Senior Staff
474199,Sajjan,Falco,Staff
474200,Masako,Sabnani,Senior Staff
474204,Godehard,Codenie,Staff
474209,Charmane,Masand,Senior Staff
474211,Bader,Vingron,Senior Staff
474213,Alair,Kawashimo,Staff
474219,Deborah,Junet,Senior Staff
474220,Vishwani,Munawer,Senior Engineer
474221,Bojan,Heuser,Senior Engineer
474223,Limsoon,Thambidurai,Senior Engineer
474232,Masamitsu,Jahnichen,Technique Leader
474239,Huai,Stenning,Staff
474246,Phillip,Jonsson,Technique Leader
474249,Aloke,Yamaashi,Staff
474250,Yucai,Andreotta,Senior Staff
474252,Frederique,Flexer,Engineer
474254,Rosine,Munck,Senior Engineer
474255,Mooi,Trachtenberg,Staff
474256,Badri,Swab,Senior Staff
474258,Hairong,Lorho,Senior Engineer
474259,Jaewoo,Stranks,Senior Staff
474260,Willard,Pellegrinelli,Senior Engineer
474267,Anestis,Kavraki,Senior Engineer
474272,Shen,Shumilov,Engineer
474274,Morris,Hinsberger,Engineer
474276,Kazunori,Randt,Senior Engineer
474278,Sajjan,Conte,Engineer
474280,Angel,Perry,Engineer
474281,Steen,Zaccaria,Senior Staff
474288,Surveyors,Crabtree,Senior Engineer
474289,Hirochika,Haumacher,Technique Leader
474290,Fei,Zhiwei,Senior Staff
474293,Udaiprakash,Kroft,Engineer
474299,Kristina,Bruckman,Senior Engineer
474303,Marco,Hockney,Senior Staff
474304,Fox,Tyugu,Staff
474322,Kristinn,Gist,Staff
474324,Jackson,Ariola,Senior Staff
474337,Gou,Siprelle,Staff
474338,Jordanka,Merkl,Assistant Engineer
474341,Marin,Valiente,Senior Staff
474344,Feixiong,Imataki,Technique Leader
474345,Mohd,Pleszkun,Staff
474347,Sahrah,Bugrara,Senior Staff
474348,Tristan,Chandrasekhar,Senior Staff
474353,Kannan,Zizka,Staff
474360,Wonhee,Bierbaum,Senior Engineer
474363,Subhada,England,Senior Engineer
474364,Gad,Mawatari,Senior Staff
474366,Bezalel,Asrin,Senior Engineer
474370,Susanna,Chelton,Staff
474376,Jovan,Bage,Senior Engineer
474377,Oksana,Kossowski,Engineer
474386,Collette,Ohori,Engineer
474387,Pascal,Dayang,Senior Staff
474388,Shooichi,Bach,Senior Staff
474391,Sariel,Terlouw,Technique Leader
474394,Jiakeng,Fritzsche,Senior Engineer
474395,Jongsuk,Suomi,Staff
474396,Val,Jansen,Senior Engineer
474398,Anestis,Seghrouchni,Staff
474400,Herb,Ushiama,Senior Staff
474401,Mooi,Morrow,Senior Staff
474404,Weiru,Journel,Assistant Engineer
474408,Kayoko,Bellone,Senior Engineer
474410,Souichi,Potthoff,Senior Engineer
474412,Ugo,Farrel,Staff
474420,Kiyokazu,Fortenbacher,Engineer
474421,Lech,McAlpine,Senior Staff
474423,Vishwani,Frolund,Senior Staff
474426,Tran,Yamaashi,Engineer
474429,Mariusz,Schieder,Engineer
474434,Van,Capobianchi,Senior Staff
474436,Abdelwaheb,Basawa,Senior Staff
474438,Khalil,Talmor,Senior Staff
474439,Genta,Bauknecht,Engineer
474443,Horward,Siochi,Staff
474447,Taizo,Fiutem,Senior Engineer
474453,Zhenbing,Poujol,Senior Staff
474454,Quingbo,McClure,Staff
474457,Alejandra,Juneja,Staff
474465,Abdulla,Jullig,Senior Staff
474468,Yoshinari,Harbusch,Staff
474471,Kayoko,Hitomi,Engineer
474474,Kazuhira,Lammel,Senior Staff
474480,Shuji,Bisiani,Senior Engineer
474482,Munehiro,Desikan,Staff
474486,Waiman,Schwaller,Technique Leader
474490,Stafford,Koshiba,Senior Engineer
474491,Hsiangchu,Meszaros,Senior Engineer
474492,Zhiguo,Rosch,Staff
474494,Fan,Vesel,Engineer
474496,Bangqing,Tasistro,Engineer
474499,Niteen,Ranka,Engineer
474503,Tesuro,Suppi,Senior Engineer
474505,Percy,Schaft,Senior Engineer
474510,Nadjib,Ramras,Senior Engineer
474511,Yechezkel,Manders,Senior Engineer
474512,Stella,Makinen,Senior Engineer
474516,Barton,Hambrick,Staff
474519,Paloma,Kawashima,Senior Staff
474520,Remmert,Braunschweig,Technique Leader
474522,Fumitake,Kolinko,Assistant Engineer
474527,Tsz,Delgrange,Senior Staff
474528,Billie,Georg,Engineer
474535,Elzbieta,Tasistro,Engineer
474537,Christ,Kuzuoka,Staff
474541,Herb,Pena,Staff
474543,Giri,Kropf,Staff
474547,Mikhail,Luan,Engineer
474550,Mani,Jakobus,Senior Engineer
474556,Duri,Hartvigsen,Staff
474561,Oddvar,Walston,Senior Engineer
474566,Chiranjit,Schmiedel,Senior Staff
474567,Elvia,Varley,Staff
474569,Paraskevi,Nyanchama,Senior Staff
474573,Kensei,Ranft,Assistant Engineer
474575,Bikash,Azadmanesh,Senior Engineer
474577,Manohar,Plump,Senior Staff
474578,Rosalyn,Kenevan,Staff
474579,Godehard,Strooper,Senior Staff
474580,Elvia,Grabner,Senior Staff
474581,Gen,Vidya,Engineer
474582,Adib,Ullian,Staff
474583,Armond,Beznosov,Staff
474586,Masamitsu,Wrigley,Senior Staff
474588,Shaw,Hennebert,Engineer
474589,Emran,Stasinski,Engineer
474603,Sashi,Guerreiro,Senior Engineer
474604,Guttorm,Chleq,Senior Engineer
474605,Giri,Ramaiah,Senior Staff
474607,Niranjan,Versino,Staff
474609,Seongbin,Reutenauer,Staff
474611,Rosita,Speel,Engineer
474615,Nectarios,Vesna,Engineer
474619,Douadi,Lieberherr,Senior Engineer
474621,Florian,Cannard,Engineer
474622,Gay,Iacovou,Senior Engineer
474627,Remco,Baby,Senior Engineer
474629,Toshimori,Morrow,Staff
474636,Cristinel,Farrel,Senior Staff
474638,Mohammed,Conta,Senior Staff
474640,Giao,Bisiani,Technique Leader
474641,Xinan,Nastansky,Senior Engineer
474642,Moss,Srimani,Staff
474643,Billie,Colorni,Senior Staff
474645,Khun,Badache,Technique Leader
474646,Nikolaos,Cannane,Senior Engineer
474647,Patricio,Parfitt,Engineer
474652,Gennadi,Gyorkos,Senior Staff
474653,Chinho,Domenig,Senior Engineer
474654,Rayond,Schach,Senior Staff
474657,Bodo,Rothe,Senior Engineer
474659,Heeju,Apsitis,Senior Engineer
474662,Wuxu,Marshall,Senior Engineer
474666,Odinaldo,Ambroszkiewicz,Engineer
474672,Hongzue,Tagansky,Engineer
474679,Christoph,Sewelson,Staff
474680,Gennady,Naudin,Engineer
474684,Chinhyun,Klyachko,Staff
474686,Bernardo,Gihr,Assistant Engineer
474690,Tristan,Rosin,Senior Staff
474694,Duro,Dengi,Assistant Engineer
474697,Jenwei,Collette,Staff
474706,Branimir,Honglei,Senior Staff
474710,Hirochika,Roison,Senior Engineer
474713,Zhiguo,Georgakopoulos,Senior Engineer
474721,Miquel,Reistad,Senior Staff
474725,Mayuko,Copas,Senior Staff
474728,Kousuke,Fandrianto,Senior Staff
474729,Wuxu,Morrin,Senior Engineer
474735,Kendra,Peir,Senior Staff
474737,Kotesh,Molenkamp,Senior Staff
474739,Vitali,Pargas,Senior Engineer
474748,Nimmagadda,Imataki,Engineer
474749,Shen,Curless,Staff
474750,Munir,Dengi,Engineer
474755,Christ,Varker,Assistant Engineer
474757,Mrinalini,Irland,Engineer
474758,Chrisa,Gilg,Engineer
474759,Niclas,Hofstetter,Senior Staff
474768,Valeri,Aamodt,Senior Engineer
474773,Debatosh,Birdsall,Senior Engineer
474777,Jayson,Kushner,Senior Engineer
474781,Uma,Chandrasekhar,Senior Staff
474786,Oldrich,Pokrovskii,Senior Engineer
474787,Jaideep,Molenaar,Engineer
474793,Arunachalam,Srimani,Staff
474797,Nitsan,Talmor,Senior Engineer
474798,Chiranjit,Gide,Senior Staff
474801,Aleksandar,Slaats,Engineer
474807,Henk,Muhlberg,Senior Staff
474812,Khun,Speel,Senior Staff
474813,Gladys,Dusink,Senior Engineer
474814,Nevio,Reinhard,Senior Engineer
474818,Narain,Ghemri,Senior Engineer
474823,Jinpo,Besselaar,Staff
474824,Zhonghua,Vernadat,Senior Staff
474834,Aron,Koprowski,Engineer
474837,Chenyi,Schaaf,Senior Staff
474839,Shigeo,Sluis,Technique Leader
474841,Hongzhu,Zolotykh,Senior Engineer
474851,Tomoyuki,Gerlach,Senior Engineer
474855,Gen,Segond,Engineer
474859,Sibyl,Matzen,Senior Engineer
474862,Youpyo,Chinin,Senior Staff
474868,Subir,Fadgyas,Staff
474871,Xuedong,Broder,Staff
474872,Elvis,Emden,Senior Staff
474875,Malu,Zockler,Senior Engineer
474876,Xiahua,Famili,Senior Staff
474879,Nahum,Denna,Engineer
474883,Kwangyoen,Stasinski,Senior Engineer
474886,Alejandra,Prenel,Senior Engineer
474891,Almudena,Peres,Senior Engineer
474892,Bernt,Munke,Senior Staff
474893,Lidong,Benzmuller,Staff
474895,Michaela,Hertweck,Senior Staff
474897,Radhika,Dayang,Senior Staff
474898,Xiaoheng,Marletta,Senior Engineer
474899,Naraig,Rahimi,Senior Staff
474901,Mats,Luce,Assistant Engineer
474902,Yinghua,Azevdeo,Technique Leader
474903,Shin,Barvinok,Engineer
474908,Weijing,Bednarek,Senior Staff
474910,Kiyotoshi,Varman,Senior Staff
474911,Tomofumi,Babu,Staff
474912,Nirmal,Lemarechal,Senior Staff
474913,Piyawadee,Oehlmann,Senior Staff
474921,Aimee,Baak,Senior Staff
474925,Huei,Peac,Senior Staff
474941,Arvin,Azadmanesh,Senior Staff
474943,Kazuhiko,Pileggi,Staff
474944,Kersti,Rodier,Senior Engineer
474946,Evgueni,Woycyznski,Assistant Engineer
474947,Zhigen,Range,Engineer
474948,Gil,Stentiford,Senior Staff
474950,Lijia,Cannane,Staff
474951,Wonhee,Brickell,Staff
474967,Shigeo,Choobineh,Senior Staff
474970,Satyanarayana,Xiaoshan,Engineer
474979,Marsja,Berstel,Senior Staff
474980,Achilleas,Rindone,Senior Staff
474981,Baoqiu,Danner,Senior Engineer
474985,Unal,Biron,Senior Staff
474986,Arco,Marchesini,Senior Staff
474989,Ger,Parhami,Engineer
474990,Ewing,Fioravanti,Senior Engineer
474992,Kokou,Gladwell,Engineer
474995,Bluma,Iisaka,Technique Leader
474996,Saeed,Gelosh,Assistant Engineer
474998,Adas,Radwan,Engineer
475001,Heather,Chaudhuri,Senior Staff
475003,Branimir,Miara,Senior Staff
475004,Fun,Maquelin,Engineer
475008,Zhanqiu,Cannata,Senior Engineer
475009,Aral,Takkinen,Senior Engineer
475011,Peer,Quadeer,Staff
475013,Zdislav,Marciano,Senior Engineer
475016,Takahira,Douceur,Senior Engineer
475020,Masamitsu,Clouatre,Engineer
475021,Shahid,Spieker,Senior Staff
475022,Rildo,Kermarrec,Senior Engineer
475025,Parto,Zaccaria,Engineer
475027,Frederique,Herbst,Staff
475031,Shigeo,Peyn,Senior Engineer
475037,Shaowei,Hasenauer,Senior Engineer
475039,Kotesh,Ertl,Senior Engineer
475042,Francesca,Lunt,Senior Engineer
475044,Wonhee,Sommen,Staff
475051,Ulises,Vitiello,Senior Engineer
475052,Feixiong,Stanfel,Staff
475053,Byong,Delgrande,Engineer
475054,Dipankar,Buescher,Senior Engineer
475055,Doohun,Zastre,Senior Engineer
475058,Xumin,Cardazo,Technique Leader
475071,Chinho,Assaf,Senior Staff
475072,Aluzio,Benzaken,Senior Engineer
475077,Claude,Ouhyoung,Senior Staff
475080,Duri,Oxenboll,Senior Engineer
475082,Elvia,Flexer,Senior Engineer
475086,Bodh,Sidhu,Engineer
475089,Sasan,Haraldson,Senior Engineer
475091,Giap,Bridgland,Technique Leader
475093,Almudena,Streit,Senior Staff
475094,Manibrata,Hanratty,Senior Engineer
475095,Magdalena,Renear,Staff
475096,Arvin,Ginneken,Engineer
475097,Marek,Koblick,Senior Staff
475103,Ute,Talmon,Senior Staff
475105,Rimon,Riesenhuber,Staff
475108,Basim,Hoppenstand,Staff
475115,Mostafa,Denis,Assistant Engineer
475118,Jungsoon,Swiler,Staff
475122,Foong,Radivojevic,Senior Engineer
475124,Dipankar,Schnelling,Staff
475125,Martial,Dredge,Senior Engineer
475127,Dmitri,Demizu,Senior Staff
475132,Prasadram,Ducloy,Senior Staff
475140,Shigeu,Jayawardene,Engineer
475148,Srinidhi,Pero,Senior Engineer
475149,Martina,Vigier,Engineer
475157,Shunichi,Straney,Senior Staff
475158,Hideyuki,Cooman,Senior Engineer
475167,Younwoo,Baja,Senior Engineer
475168,Marco,Mayerwieser,Senior Staff
475169,Oscal,Backhouse,Engineer
475176,Gudjon,Ranst,Engineer
475177,Sudharsan,Stassinopoulos,Senior Staff
475178,Yifei,Munck,Staff
475181,Ebbe,Terwilliger,Staff
475183,Hyuncheol,Rosiles,Staff
475190,Yuqun,Figueira,Senior Engineer
475195,Nahid,Mitina,Senior Engineer
475200,Goetz,Denis,Senior Staff
475204,Leandro,Giaccio,Senior Staff
475205,Maris,Rusterholz,Technique Leader
475208,Toshimori,Gecsei,Engineer
475210,Maya,Masada,Engineer
475218,Basant,Muhling,Technique Leader
475221,Yuqun,Rassart,Senior Engineer
475226,Yoshimitsu,Majewski,Staff
475228,Holgard,DasSarma,Senior Staff
475229,Shim,Pero,Senior Staff
475234,Roded,Doering,Staff
475240,Yurij,Babu,Senior Engineer
475241,Mayuri,Garnick,Technique Leader
475256,Kristine,Luca,Staff
475257,Janalee,Eugenio,Senior Engineer
475259,Zhensheng,Radivojevic,Senior Engineer
475265,Fan,Simkin,Senior Engineer
475266,Rance,Engelmann,Technique Leader
475269,Rance,Cullers,Senior Engineer
475275,Shunichi,Liesche,Senior Staff
475282,Leon,Homond,Engineer
475283,Sarita,Cherinka,Senior Engineer
475284,Dzung,Roohalamini,Senior Engineer
475285,Tokuyasu,Fiebach,Senior Staff
475288,Moheb,Zedlitz,Engineer
475298,Jagoda,Eiter,Staff
475299,Luigi,Cincotta,Senior Staff
475300,Jongsuk,Schaar,Senior Staff
475304,Shushma,Rajaraman,Senior Staff
475305,Anneke,Pietrzykowski,Engineer
475312,Gonzalo,Feldhoffer,Senior Engineer
475314,Badri,Matzov,Staff
475315,Mabhin,Tischendorf,Staff
475320,Kwee,Matzat,Staff
475327,Arve,Sommer,Engineer
475329,Atreyi,Eppinger,Engineer
475331,Satyanarayana,Fabrizio,Senior Engineer
475334,Dietrich,Hiltgen,Senior Staff
475337,Gen,Terkki,Senior Engineer
475338,Oscal,Desikan,Senior Staff
475339,Aloke,Bahl,Technique Leader
475340,Kankanahalli,Benantar,Senior Engineer
475341,Zhilian,Fasbender,Senior Staff
475342,Arif,Gelosh,Staff
475348,Kazunori,Merkl,Engineer
475349,Lucien,Huhdanpaa,Staff
475351,Barna,Garigliano,Engineer
475354,Akeel,Hartvigsen,Engineer
475358,Ramachenga,Ebeling,Senior Engineer
475360,Dipankar,Huttel,Senior Engineer
475362,Muzhong,Castellani,Senior Engineer
475366,Uma,Krone,Senior Staff
475367,Premal,Caine,Staff
475371,Gay,Cappello,Staff
475377,Xinyu,Dayana,Senior Engineer
475378,Marc,Redmiles,Staff
475379,Shaowei,Baik,Technique Leader
475383,Visit,Isard,Staff
475384,Kiyokazu,Domenig,Senior Staff
475385,Yunming,Anger,Engineer
475387,Shiv,Wrigley,Technique Leader
475389,Kazuhisa,Nations,Senior Engineer
475392,Mokhtar,Falster,Engineer
475394,Gully,Ramaiah,Senior Engineer
475396,Xiahua,Fiutem,Staff
475397,Lalit,Tempesti,Engineer
475403,Freyja,Otillio,Senior Engineer
475404,Tran,Pappas,Engineer
475413,Kayoko,Krone,Senior Staff
475415,Selwyn,Brodie,Senior Staff
475421,Koichi,Lammel,Senior Engineer
475422,Shahab,Diderrich,Senior Staff
475426,Vidya,Eugenio,Senior Engineer
475436,Kirk,Cummings,Senior Engineer
475438,Weiye,Piazza,Engineer
475441,Bernardo,Lorcy,Senior Engineer
475443,Baocai,Fontet,Staff
475447,Pragnesh,Lamparter,Engineer
475448,Ingemar,Lorys,Senior Staff
475451,Kinh,Rousseau,Technique Leader
475459,Otmar,Impagliazzo,Senior Staff
475462,Bikash,Marquardt,Senior Staff
475463,Kendra,Kawashima,Technique Leader
475468,Shigeu,Improta,Senior Engineer
475469,Golgen,Schicker,Senior Engineer
475470,Moss,Ligten,Senior Engineer
475471,Yongmao,Lorch,Senior Engineer
475472,Rosalie,Backhouse,Engineer
475473,Nechama,Angiulli,Senior Engineer
475475,Baruch,Lichtner,Senior Staff
475476,Jahangir,Bennis,Senior Staff
475477,Guozhong,Dratva,Engineer
475478,Mohammed,Rando,Senior Engineer
475480,Kristen,Schieder,Engineer
475483,Moto,Baalen,Senior Staff
475484,Shaleah,Shobatake,Assistant Engineer
475488,Takanari,Seiwald,Senior Engineer
475489,Fusako,Yurek,Engineer
475490,Piyush,Cyre,Senior Engineer
475493,George,Joslin,Senior Engineer
475497,Shih,Dalton,Senior Engineer
475499,Guozhong,Borstler,Senior Engineer
475506,Uwe,Kermarrec,Technique Leader
475508,Heng,Miculan,Senior Staff
475510,Kasidit,Kornyak,Senior Engineer
475513,Udo,Chepyzhov,Senior Engineer
475517,Guttorm,Taubenfeld,Staff
475520,Renee,Rosch,Senior Staff
475521,Magdalena,Hopewell,Senior Staff
475523,Tomoyuki,Socorro,Senior Engineer
475524,Tru,Beidas,Engineer
475525,Shaunak,Sullins,Staff
475534,Sudharsan,Heering,Senior Staff
475535,Jianhui,Chelton,Staff
475543,Goo,Penn,Technique Leader
475546,Leucio,Uludag,Technique Leader
475547,Kensei,Figueira,Senior Staff
475548,Taizo,Kambil,Senior Engineer
475552,Shahar,Peron,Senior Engineer
475553,Duangkaew,Schapiro,Staff
475554,Weiye,Papastamatiou,Senior Engineer
475564,Elgin,Gladwell,Senior Staff
475565,Aria,Gire,Senior Engineer
475566,Manton,Antonisse,Staff
475568,Brigham,Swiler,Senior Engineer
475573,Jackson,Luga,Senior Staff
475574,Erzsebet,Naumovich,Senior Staff
475576,Herb,Merey,Senior Engineer
475581,Perla,Veccia,Senior Engineer
475586,Nakhoon,Servi,Staff
475588,Eric,Swiss,Engineer
475593,Mamdouh,Morrow,Senior Staff
475594,Howell,Compeau,Senior Engineer
475598,Mircea,Selenyi,Staff
475599,Mototsugu,Versino,Senior Engineer
475600,Yuqun,Dratva,Senior Engineer
475611,Sailaja,Bruckman,Senior Staff
475613,Irene,Steinauer,Senior Staff
475622,Macha,Nyanchama,Senior Engineer
475623,Takanari,Barriga,Senior Staff
475631,Goo,Shigei,Senior Engineer
475632,Mohamadou,Angiulli,Senior Engineer
475634,Alagu,Alameldin,Senior Engineer
475639,Maha,Ranka,Staff
475641,Girolamo,Azevdeo,Senior Staff
475642,Danel,Zeilberger,Senior Engineer
475644,Susanne,Wallrath,Staff
475648,Aloys,Schusler,Staff
475650,Idoia,Norsworthy,Senior Staff
475651,Poorav,Gubsky,Senior Engineer
475652,Clyde,Zuberek,Senior Engineer
475654,Fumiyo,Tibblin,Senior Engineer
475657,Shahid,Constantine,Senior Engineer
475663,Mamdouh,Borstler,Senior Engineer
475665,Bingning,Matzov,Staff
475666,Kazuhiko,Veevers,Senior Staff
475668,Mohammad,Reutenauer,Senior Staff
475670,Hitomi,Billawala,Engineer
475671,Sangeeta,Rosar,Senior Engineer
475676,Bowen,Vakili,Senior Engineer
475678,Sachin,Ducloy,Senior Staff
475679,Arve,Akazan,Senior Staff
475680,Uli,Schrooten,Staff
475681,Dinkar,Kinley,Senior Engineer
475686,Elrique,Reeken,Senior Staff
475687,Aimee,Anandan,Senior Engineer
475692,Inderjeet,Crabtree,Engineer
475695,Zejun,Ozeki,Senior Engineer
475698,Lunjin,Mahmud,Staff
475706,Yannik,Marrakchi,Senior Engineer
475707,Randy,Kaltofen,Senior Engineer
475709,Godehard,Restivo,Senior Engineer
475710,Abdelkader,Tokunaga,Senior Engineer
475719,Gererd,Kaiserswerth,Senior Engineer
475722,Greger,Boudaillier,Senior Engineer
475723,Gretta,Flexer,Senior Engineer
475724,Susanta,Figueira,Senior Engineer
475725,Bokyung,Khalid,Senior Staff
475733,Byong,Snedden,Senior Engineer
475737,Zhiguo,Norsworthy,Engineer
475746,Tze,Tsunoo,Senior Engineer
475752,Richard,Biros,Engineer
475756,Susumu,Ballarin,Senior Engineer
475757,Tommaso,Mayerwieser,Senior Staff
475758,Shuzo,Zaiane,Senior Staff
475759,Arie,Schwaller,Staff
475760,Billur,Hockney,Senior Engineer
475764,Breannda,Jenevein,Engineer
475767,Renee,Jansch,Engineer
475769,Kazuhisa,Ritzmann,Senior Staff
475770,Vatsa,Muniz,Engineer
475773,Zejun,Nilsson,Engineer
475774,Vincent,Coombs,Technique Leader
475779,Marek,Armand,Assistant Engineer
475781,Chinhyun,Plump,Staff
475782,Mohua,Massonet,Senior Staff
475783,Nevin,Morris,Senior Engineer
475785,Duro,Schmiedel,Staff
475787,Zhiwei,Ramsak,Senior Staff
475790,Honglan,Goldhammer,Senior Engineer
475793,Nahum,Rosis,Engineer
475798,Tokuyasu,Stanger,Engineer
475808,Weiwu,Valiente,Staff
475809,Parke,Stifter,Senior Engineer
475810,Martial,Bellone,Senior Staff
475814,Yannik,Rodier,Senior Engineer
475816,Tonny,Siksek,Senior Staff
475817,Djelloul,Stassinopoulos,Senior Engineer
475820,Cedric,Erol,Senior Engineer
475826,Menkae,Azulay,Senior Engineer
475833,Eben,Kruskal,Senior Engineer
475835,Tran,Cairo,Senior Staff
475840,Moon,Spieker,Senior Engineer
475841,Serenella,Krychniak,Staff
475842,Prodip,Zeidenstein,Senior Staff
475847,Felicidad,Georgakopoulos,Staff
475848,Quingbo,Whitcomb,Technique Leader
475856,Halsur,Champarnaud,Senior Engineer
475857,Shmuel,Gaughan,Staff
475860,Brigham,Broomell,Senior Staff
475862,Zengping,Falck,Senior Engineer
475863,Kristof,Itzfeldt,Senior Engineer
475866,Akemi,Lunt,Staff
475867,Vincent,Conti,Senior Engineer
475868,Taiji,Molenkamp,Senior Engineer
475869,Khue,Nyrup,Senior Engineer
475871,Ziya,Demke,Senior Engineer
475873,Garnet,Luce,Senior Engineer
475875,Debatosh,Huxford,Senior Staff
475880,Szabolcs,Tetzlaff,Senior Staff
475882,Duke,Marzano,Senior Engineer
475883,Tomofumi,Lorcy,Senior Staff
475884,Yinlin,Peek,Staff
475886,Adam,Vecchio,Senior Staff
475888,Mohamadou,Camurati,Senior Engineer
475890,Manibrata,Picht,Senior Engineer
475892,Kristine,Nitto,Engineer
475897,Manibrata,Iacovou,Engineer
475899,Dayanand,Zumaque,Senior Staff
475903,Indrajit,Openshaw,Senior Engineer
475905,Steen,Anick,Senior Engineer
475907,Mrinalini,Speek,Engineer
475910,Erzsebet,Dahlbom,Senior Staff
475917,Urs,Narahari,Senior Staff
475918,Doohun,Spinelli,Technique Leader
475920,Bogdan,Matzke,Senior Staff
475924,Tran,Herath,Engineer
475927,Geoff,Stassinopoulos,Senior Staff
475928,Ramzi,Magliocco,Senior Engineer
475932,Richard,Sinitsyn,Senior Engineer
475933,Yechiam,Streng,Technique Leader
475934,Arch,Munoz,Technique Leader
475936,Zeydy,Breugel,Senior Staff
475942,KayLiang,Hagimont,Engineer
475944,Sachem,Gyimothy,Senior Staff
475946,Ulf,Marsiglia,Senior Engineer
475947,Kwangjo,Chimia,Engineer
475949,Stamatina,Kitsuregawa,Senior Engineer
475955,Peternela,Jayawardene,Senior Staff
475957,Yishay,Schapiro,Senior Staff
475959,Wuxu,Knightly,Staff
475961,Udaiprakash,Gustavson,Senior Engineer
475962,Rasiah,Steenbeek,Senior Staff
475964,Van,Hitomi,Staff
475967,Francesca,Merle,Senior Staff
475972,Huican,Zambonelli,Senior Staff
475985,Arve,Murthy,Senior Staff
475991,Pradeep,Azuma,Engineer
475995,Vitaly,Kakkad,Engineer
475997,Ramachenga,Kitsuregawa,Senior Engineer
476000,Remko,Eickenmeyer,Senior Engineer
476004,Greger,Streit,Technique Leader
476008,Uriel,Puoti,Senior Staff
476011,Jackson,Unno,Senior Engineer
476014,Aria,Pluym,Staff
476016,Jasminko,Minakawa,Senior Engineer
476021,Kiyokazu,Spell,Senior Engineer
476023,Perry,Shihab,Staff
476028,Khalil,Docker,Assistant Engineer
476030,Zhigen,Stentiford,Senior Engineer
476035,Uzi,Marsiglia,Engineer
476036,Janalee,Murthy,Senior Engineer
476039,Heather,Vecchi,Senior Staff
476042,Constantijn,Uhrig,Staff
476043,Mohua,Itzigehl,Senior Engineer
476045,Tiina,Lorys,Staff
476046,Elrique,Conde,Staff
476047,Khoa,Gimbel,Senior Staff
476057,Charlene,Perna,Senior Engineer
476063,JoAnne,Serna,Senior Engineer
476066,Radoslaw,Hoogerwoord,Staff
476067,Divier,Giveon,Senior Engineer
476072,Paris,Linnainmaa,Technique Leader
476074,Margo,Ballarin,Engineer
476079,Tetsushi,Zobel,Technique Leader
476080,Gudjon,Kowalchuk,Senior Engineer
476081,Danny,Dehkordi,Engineer
476082,Youngkon,Vesna,Senior Engineer
476083,Chiradeep,Garigliano,Senior Engineer
476084,Reinhard,Ranst,Senior Engineer
476086,Shaleah,Broder,Engineer
476093,Marsha,Berztiss,Engineer
476094,Kellyn,Schaar,Staff
476097,Arnould,Raoux,Senior Engineer
476099,Zhenbing,Massonet,Staff
476100,Munir,Landherr,Senior Engineer
476105,Flemming,Stamatiou,Senior Engineer
476106,Guiseppe,Mitsuhashi,Senior Staff
476115,Fuqing,Boissier,Senior Staff
476116,Falguni,Honiden,Engineer
476117,Fumiko,Zucker,Engineer
476121,Behnaam,Chimia,Senior Engineer
476124,Selwyn,Janetzko,Senior Staff
476129,Toshiko,Keirsey,Senior Engineer
476132,Toney,Pardalos,Senior Staff
476146,Masali,Legleitner,Senior Staff
476147,Howell,Farrag,Senior Engineer
476148,Anyuan,Besselaar,Senior Staff
476151,Christfried,Munawer,Staff
476158,Bodh,Serre,Senior Engineer
476162,Lunjin,Danner,Assistant Engineer
476164,Remco,Bale,Senior Staff
476165,Mads,Demke,Senior Staff
476166,Subhada,Quittner,Senior Staff
476167,Genta,Dulli,Senior Staff
476170,Lena,Heping,Engineer
476174,Oddvar,Swick,Senior Staff
476178,Piyawadee,Chimia,Senior Staff
476180,Basant,Lueh,Senior Staff
476181,Younwoo,Zumaque,Senior Engineer
476182,Arfst,Biran,Senior Staff
476184,Shahid,Hofman,Senior Staff
476190,Nathan,Porenta,Technique Leader
476194,Juyoung,Ruther,Senior Engineer
476197,Vivian,Heijenga,Senior Engineer
476203,Ohad,Mateescu,Senior Staff
476211,Valeri,Sessa,Engineer
476214,Fay,Eiter,Senior Staff
476216,Georgi,Hmelo,Senior Engineer
476222,Kristian,Mellouli,Senior Staff
476224,Alejandra,dAstous,Senior Staff
476229,Pintsang,Haddadi,Staff
476233,Siddarth,Pappas,Senior Engineer
476235,Yuchang,Klyachko,Senior Staff
476239,Hein,McFarlin,Senior Staff
476244,Shem,Krone,Senior Engineer
476252,Foong,Schade,Engineer
476255,Domenick,Plesums,Staff
476275,Magy,Whitcomb,Senior Engineer
476278,Gopalakrishnan,Panienski,Senior Staff
476280,Geraldo,Pusterhofer,Senior Engineer
476282,Ohad,Mullainathan,Senior Engineer
476285,Sungwon,Kusalik,Senior Engineer
476289,Susanta,Doering,Senior Engineer
476290,Roded,Junot,Senior Staff
476294,Marsha,Famili,Senior Engineer
476296,Bezalel,Stasinski,Engineer
476298,Subhada,Emmart,Staff
476304,Christ,Zuberek,Staff
476309,Tsz,Vadhan,Senior Staff
476311,Mihalis,McFarlan,Senior Engineer
476314,Jinxi,Gente,Assistant Engineer
476315,Sushant,Angelopoulos,Technique Leader
476317,Hideo,Anandan,Senior Engineer
476319,Toshimi,Hiyoshi,Senior Staff
476324,Frazer,Milicic,Assistant Engineer
476329,Oldrich,Vilarrasa,Senior Engineer
476333,Shushma,Plessier,Technique Leader
476338,Sukumar,Rissland,Staff
476345,Mang,Gubsky,Engineer
476347,Bojan,Morrow,Senior Staff
476352,Franziska,Vickson,Assistant Engineer
476353,Mads,Veeraraghavan,Senior Staff
476354,Arto,Vidal,Senior Engineer
476358,Demos,Barriga,Senior Staff
476360,Shushma,Ebeling,Senior Staff
476364,Yongmao,Takanami,Senior Staff
476366,Sigeru,Kobara,Senior Staff
476367,Jiang,Desikan,Technique Leader
476369,Taegyun,Sessa,Senior Engineer
476371,Poorav,Mikschl,Senior Engineer
476377,Gro,Azuma,Staff
476379,Marie,Peyn,Senior Staff
476380,Janalee,Serot,Engineer
476381,Mabo,Uludag,Staff
476392,Waiman,Butner,Senior Engineer
476393,Radhika,Benaini,Senior Staff
476394,Susanne,Pillow,Senior Staff
476396,Gaurav,Alameldin,Senior Engineer
476400,Paddy,Schlegelmilch,Senior Engineer
476410,Akemi,Gunderson,Staff
476414,Marjo,Luft,Staff
476415,Jinxi,Keustermans,Senior Engineer
476416,Marko,Fordan,Staff
476418,Maja,Noriega,Senior Staff
476423,Kristof,Iisaka,Senior Engineer
476426,Dipayan,Molberg,Senior Engineer
476434,Rosita,Beutelspacher,Senior Engineer
476439,Yannis,Weedon,Senior Engineer
476441,Rafail,Schicker,Senior Staff
476443,Ziya,Asmuth,Staff
476447,Goncalo,Aingworth,Staff
476448,Lene,Wielonsky,Technique Leader
476449,Tamiya,Tyugu,Senior Engineer
476454,Fatemeh,Baca,Senior Engineer
476456,Remko,Rodiger,Senior Staff
476459,Yucel,Rosis,Senior Engineer
476467,Badri,Zwicker,Senior Staff
476468,Sasan,Zlotek,Staff
476469,Mayumi,Lamma,Senior Staff
476470,Christoper,Slutz,Engineer
476471,Zhenhua,Isaak,Senior Staff
476472,Sverrir,Sewelson,Engineer
476474,Christ,Cherinka,Senior Staff
476477,Hugh,Bernini,Senior Staff
476478,Rosli,Perez,Senior Engineer
476480,Barton,Hooghiemstra,Technique Leader
476486,Ramalingam,Murrill,Engineer
476489,Renee,Gronowski,Engineer
476492,Gully,Dichev,Senior Staff
476495,Lijia,Honiden,Senior Engineer
476499,Jianhao,Nitto,Senior Engineer
476503,Edwin,Peek,Senior Engineer
476505,Masato,Gornas,Senior Staff
476509,Mizuhito,Kornyak,Senior Staff
476510,Alagu,Gimarc,Senior Staff
476513,Ymte,Beeson,Senior Engineer
476515,Jenwei,Bellone,Senior Staff
476516,Almudena,Vasanthakumar,Engineer
476522,Shan,Keirsey,Technique Leader
476526,Stabislas,Theuretzbacher,Senior Staff
476529,Kiyotoshi,Ambroszkiewicz,Staff
476531,Zhanqiu,Puoti,Senior Engineer
476533,Xumin,Penn,Technique Leader
476535,Xiaoheng,Lipner,Staff
476542,Huei,Tempesti,Senior Staff
476544,Shahid,Mitina,Engineer
476545,Adin,Adachi,Staff
476546,Syozo,Denis,Senior Staff
476554,Reinhard,Antonakopoulos,Staff
476558,Christoper,Chelton,Senior Staff
476564,Zhilian,Brookner,Senior Staff
476566,Feiyu,Hennings,Senior Engineer
476569,Aiichiro,Willoner,Senior Staff
476572,Dharmaraja,Pollacia,Senior Staff
476578,Pradeep,Pelc,Staff
476583,Pantung,Erdi,Assistant Engineer
476584,Gonzalo,Noriega,Senior Staff
476587,Sukumar,Huhdanpaa,Senior Engineer
476588,Irene,Aingworth,Senior Staff
476596,Lijie,Kaminger,Senior Staff
476601,Juyoung,Zschoche,Senior Staff
476603,Conrado,Bodoff,Senior Engineer
476607,Somnath,Ramamoorthy,Engineer
476611,Zeljko,Gerteisen,Staff
476614,Gina,Litecky,Staff
476618,Achilleas,Kawashimo,Senior Staff
476621,Janalee,Terlouw,Senior Engineer
476628,Hinrich,Plesums,Senior Staff
476635,Shin,Kusalik,Engineer
476637,Angus,Kusakari,Staff
476640,Kazuhide,Greibach,Senior Engineer
476648,Remko,Daescu,Senior Engineer
476652,Baziley,Lichtner,Senior Engineer
476657,Georgy,Sabnani,Staff
476668,Hailing,Demri,Senior Engineer
476671,KayLiang,Winter,Senior Staff
476679,Xumin,Szemeredi,Engineer
476680,Martins,Dusink,Staff
476681,Bezalel,Fontet,Engineer
476683,Surveyors,Collavizza,Engineer
476689,Heejo,Sooriamurthi,Engineer
476701,Guadalupe,Gimarc,Staff
476702,Uwe,Speel,Engineer
476708,Cristinel,Gulik,Senior Engineer
476712,Hitomi,Baca,Senior Staff
476714,Sajjad,Ramaiah,Engineer
476715,Parviz,Melter,Senior Engineer
476724,Kagan,Kamble,Senior Staff
476725,Tremaine,Maccarone,Senior Engineer
476726,Brigham,Luft,Engineer
476729,Jaroslava,Rassart,Senior Engineer
476731,Garnik,Erde,Senior Staff
476732,Vitali,Chachaty,Engineer
476733,Nechama,Bach,Engineer
476735,Eric,Spieker,Senior Engineer
476739,Miquel,Niizuma,Senior Engineer
476742,Sanjit,Matzen,Staff
476743,Nigel,Passino,Senior Engineer
476757,Tsz,Orsini,Senior Staff
476761,Baziley,Morrey,Senior Engineer
476766,Anneli,Thiria,Senior Staff
476767,Taizo,Fortenbacher,Senior Engineer
476770,Owen,Deverell,Senior Staff
476771,Naftali,Coney,Senior Staff
476774,Claudi,Plumb,Senior Engineer
476783,Gino,Leaver,Senior Engineer
476786,Sven,Plumb,Staff
476789,Annemarie,Nations,Senior Engineer
476795,Iara,Beznosov,Engineer
476796,Navin,Kilgour,Senior Engineer
476798,Bouchung,Maierhofer,Senior Staff
476803,Carrsten,Denos,Technique Leader
476807,Peer,Pusterhofer,Senior Engineer
476812,Bartek,Nergos,Senior Staff
476814,Karsten,Monkewich,Senior Staff
476815,Yonghong,Camurati,Senior Staff
476816,Abdelghani,Joslin,Senior Engineer
476819,Jianhao,Pehl,Senior Engineer
476822,Yongqiao,Merli,Senior Staff
476824,Lokesh,Danecki,Senior Staff
476825,Hiroyasu,Kitsuregawa,Senior Staff
476828,Garnik,Bernatsky,Senior Engineer
476829,Rosita,Godskesen,Senior Engineer
476835,Ashish,Iivonen,Senior Staff
476837,Jaber,Cesareni,Senior Engineer
476846,Aram,Schonegge,Engineer
476847,Shalesh,Babb,Senior Staff
476848,Jaideep,Slaats,Senior Engineer
476853,Kazuhiko,Conde,Staff
476854,Demos,Boreale,Staff
476865,Vasilis,Imataki,Senior Engineer
476877,Mack,Wrigley,Engineer
476880,Mandell,Smeets,Staff
476886,Constantine,Kawashima,Senior Staff
476894,Serap,Grospietsch,Senior Engineer
476897,Dante,Escriba,Senior Engineer
476898,Ronghao,Bratten,Engineer
476899,Hideyuki,Sridhar,Staff
476908,Basant,Samarati,Senior Staff
476910,Yishai,Jayawardene,Engineer
476916,Kinh,Dayana,Senior Engineer
476919,Maren,Fairtlough,Engineer
476921,Huican,Jullig,Engineer
476922,Idoia,Kobuchi,Engineer
476925,Fumiyo,Grospietsch,Staff
476926,Mohd,Borovoy,Engineer
476930,Adas,Talmor,Senior Staff
476933,Mayuri,Kobara,Senior Staff
476935,Emdad,Magliocco,Engineer
476936,Chikara,Kitsuregawa,Senior Staff
476950,Gou,Flasterstein,Senior Staff
476954,Djelloul,Talmon,Staff
476962,Guiseppe,Stranks,Senior Staff
476963,Christ,Haumacher,Senior Engineer
476967,Gretta,Conry,Technique Leader
476969,Moss,Herber,Technique Leader
476971,Heeju,Heystek,Senior Staff
476972,Suebskul,Merks,Senior Engineer
476974,Pranjal,Kilgore,Engineer
476976,Yongdong,Azuma,Staff
476980,Phuoc,Strehl,Staff
476983,Ziyad,Molberg,Senior Engineer
476987,Margareta,Cheshire,Senior Engineer
476997,Bowen,Gente,Senior Staff
476998,Xinan,Uhrig,Staff
477001,Tomokazu,Cummings,Technique Leader
477003,Oguz,Zucker,Senior Engineer
477010,Val,Werthner,Engineer
477013,Kristina,Peng,Senior Engineer
477017,Achilleas,Matteis,Engineer
477019,Tomokazu,Spinelli,Senior Engineer
477020,Rutger,Rosen,Engineer
477021,Uta,Copas,Senior Staff
477026,Xiaoshan,Rusterholz,Senior Staff
477030,Alois,Siksek,Technique Leader
477036,Barna,Gien,Senior Staff
477037,Zhaofang,Montresor,Senior Engineer
477038,Sadun,Krone,Engineer
477040,Lijia,Morton,Technique Leader
477050,Domenick,Zolotykh,Senior Staff
477051,Carrsten,Decaestecker,Staff
477052,Adit,Denti,Senior Engineer
477053,Paris,Vilarrasa,Staff
477054,Arup,Emiris,Technique Leader
477057,Juichirou,Lindqvist,Engineer
477059,Ohad,Parveen,Senior Staff
477061,Shigeu,Luft,Senior Engineer
477065,Ult,Brickell,Senior Engineer
477072,Salvador,Mandelberg,Senior Engineer
477076,Yifei,Shiratori,Engineer
477078,Constantino,Gelosh,Senior Staff
477081,Aria,Cannata,Senior Staff
477092,Bokyung,Pena,Senior Engineer
477095,Mechthild,Swiler,Senior Engineer
477096,Aleksander,Puppe,Senior Engineer
477115,Alassane,Velasco,Senior Engineer
477116,Huiqun,Matzov,Senior Engineer
477118,Hatim,Hutton,Senior Engineer
477123,Unal,Bolotov,Staff
477126,Shan,Chinin,Engineer
477133,Chikara,Gubsky,Senior Staff
477135,Gilbert,Vrecion,Senior Engineer
477140,Christfried,Murrill,Senior Staff
477141,Jeane,Kirkerud,Senior Staff
477142,Mrinalini,Stenning,Senior Staff
477144,Augustine,Pramanik,Senior Staff
477145,Georgy,Gilg,Senior Engineer
477149,Frederique,Yeung,Senior Staff
477151,Jaewoo,Akazan,Staff
477153,Gaurav,Stellhorn,Senior Staff
477154,Toshiki,Salvesen,Engineer
477155,Xiaoqiang,Wallrath,Senior Staff
477156,Vivian,Daescu,Senior Engineer
477158,Kazuhiro,Birrer,Senior Staff
477160,Florian,Streit,Senior Engineer
477163,Tesuya,Osgood,Senior Staff
477171,Constantine,Cairo,Engineer
477172,Xinan,McAffer,Senior Engineer
477174,Matk,Maksimenko,Senior Engineer
477179,Tetsurou,Litzler,Engineer
477181,Luise,Vasanthakumar,Senior Engineer
477183,Dzung,Menhoudj,Senior Engineer
477186,Pranay,Versino,Senior Engineer
477191,Ronnie,Frezza,Senior Engineer
477193,Gay,Bahl,Senior Staff
477194,Xianlong,Furedi,Senior Engineer
477195,Kellie,Varman,Senior Engineer
477197,Stevo,Spataro,Staff
477199,Xinan,Paciorek,Senior Engineer
477201,Yinlin,Rosis,Senior Staff
477203,Kshitij,Vigier,Staff
477205,Miomir,Erev,Senior Staff
477206,Adil,Albarhamtoshy,Staff
477208,Sivanarayana,Cannane,Senior Engineer
477213,Becky,Jarecki,Engineer
477214,Pasqua,Szilard,Senior Staff
477216,Kristian,Falck,Senior Staff
477218,Matt,Lorch,Engineer
477221,Berni,Jumpertz,Senior Engineer
477223,Theron,Kisuki,Senior Staff
477224,Ebbe,Petereit,Technique Leader
477232,Dipayan,Zielinski,Senior Engineer
477238,Bangqing,Rathonyi,Senior Staff
477239,Takahira,Cronan,Engineer
477244,Tokuyasu,Navazio,Senior Staff
477246,Mara,Zeilberger,Senior Staff
477248,Shuzo,Brattka,Senior Staff
477251,Jayson,Ambroszkiewicz,Staff
477255,Serenella,Juneja,Senior Staff
477259,Masaki,Kaminger,Senior Engineer
477263,Mariangiola,Shinomoto,Engineer
477264,Marit,Escriba,Senior Engineer
477270,Kristinn,Brattka,Senior Engineer
477271,Susanna,Gyimothy,Senior Staff
477274,Michaela,Crabtree,Technique Leader
477275,Sachio,Marletta,Senior Staff
477280,Tse,Kinley,Senior Staff
477281,Mart,Lorcy,Senior Staff
477291,Hidekazu,Gilg,Senior Staff
477296,Abdelkader,Rohrbach,Senior Staff
477297,Shirish,Luby,Senior Engineer
477298,Zengping,Denny,Senior Staff
477300,Florian,Bierman,Technique Leader
477302,Chenxi,Budinsky,Senior Staff
477303,Kousuke,Zambonelli,Senior Engineer
477305,Diederik,Quaggetto,Technique Leader
477306,Mohammed,Matzen,Senior Engineer
477307,Zhenhua,Tanemo,Senior Engineer
477308,Alejandra,Brandsma,Senior Staff
477309,Steve,Simmel,Senior Staff
477311,Sergi,Ecklund,Senior Staff
477312,Fay,Ramalingam,Senior Staff
477313,Waiman,Schneeberger,Senior Engineer
477314,Premal,Hanratty,Senior Staff
477325,Xiaobin,Gurbaxani,Engineer
477326,Yuriy,Khalid,Senior Staff
477328,Yinghua,Jording,Senior Engineer
477332,Subhrajyoti,Sgarro,Engineer
477333,Guther,Lindqvist,Senior Engineer
477337,Margareta,Osgood,Senior Staff
477345,Aleksander,Linares,Senior Staff
477347,Dinah,Nanard,Engineer
477348,Clyde,Fioravanti,Senior Staff
477356,Conor,Schlumberger,Staff
477358,Minghong,Siegrist,Senior Staff
477366,Kyoichi,Azadmanesh,Engineer
477367,Przemyslawa,Shiratori,Staff
477370,Odinaldo,Badache,Senior Engineer
477371,Kyoichi,Asrin,Senior Staff
477373,Alselm,Montresor,Senior Staff
477379,Qingxiang,Cooley,Senior Staff
477381,Yuping,Serdy,Senior Engineer
477389,Abdulah,Claffy,Senior Staff
477399,Aruna,Falby,Senior Engineer
477400,Gen,Krone,Engineer
477402,Make,Francisci,Senior Staff
477403,Becky,Cusworth,Senior Staff
477408,Kiyotoshi,Plotkin,Technique Leader
477412,Billie,Llado,Engineer
477415,Goh,Sommen,Senior Staff
477419,Lijia,Ghandeharizadeh,Staff
477428,Qunsheng,Hanratty,Senior Engineer
477432,Tzu,Vendrig,Senior Engineer
477434,Stein,Matzke,Senior Engineer
477438,Mana,Mitina,Staff
477439,Ashish,Birjandi,Engineer
477441,Chanjung,Siegrist,Senior Staff
477443,Geraldo,Plessier,Senior Engineer
477444,Babette,Erez,Senior Engineer
477446,Nobuyoshi,Sessa,Senior Staff
477447,Falguni,Binkley,Senior Staff
477457,Mang,Crelier,Senior Engineer
477458,Shounak,Foong,Engineer
477461,Kamran,Thiran,Senior Engineer
477463,Elvia,Lindqvist,Senior Staff
477464,Yinlin,Servi,Senior Engineer
477468,Remmert,Papadias,Senior Engineer
477470,Ymte,Crouzet,Senior Engineer
477471,Maria,Seiwald,Senior Staff
477473,Flemming,Mikschl,Senior Engineer
477474,Sadun,Zaumen,Engineer
477477,Bodh,Roohalamini,Senior Staff
477480,Lein,Bahl,Senior Staff
477482,Shakhar,Benveniste,Senior Staff
477483,Fatemeh,Luga,Senior Engineer
477484,Sedat,Templeman,Senior Engineer
477485,Kwangjo,Schnelling,Senior Engineer
477486,Kazuhiro,Menyhert,Senior Engineer
477488,Dekang,Salinas,Engineer
477493,Luigi,Akazan,Engineer
477494,Weidon,Pokrovskii,Senior Engineer
477497,Ortrud,Pashtan,Senior Staff
477498,Koldo,Majewski,Engineer
477505,Evgueni,Quadeer,Senior Engineer
477506,Elvia,Karunanithi,Senior Engineer
477508,Gonzalo,Bernatsky,Senior Staff
477510,Atreyi,Demizu,Senior Staff
477514,Angel,Reistad,Senior Engineer
477520,Rance,Plump,Staff
477522,Mohd,Jervis,Senior Staff
477523,Patricio,Kavvadias,Senior Engineer
477526,Tonia,Waeselynck,Senior Engineer
477527,Candido,Comyn,Senior Engineer
477530,Ranan,Comte,Senior Staff
477534,Eckart,Assaf,Engineer
477535,Mori,Danner,Staff
477539,Dekang,Kranzdorf,Senior Staff
477540,Chenyi,Hutter,Senior Staff
477542,Itzchak,Ramsey,Technique Leader
477543,Alexius,Pouyioutas,Senior Engineer
477544,Shem,Mawatari,Senior Engineer
477545,Shaunak,Preusig,Senior Staff
477547,Hailing,Senzako,Staff
477552,Otmar,Demos,Senior Staff
477553,Douadi,Assaf,Senior Staff
477558,Candido,Kilgour,Engineer
477560,Mary,Keohane,Senior Engineer
477563,Rimon,Vakili,Senior Staff
477565,Maja,Anguita,Staff
477566,Anwar,Gelosh,Staff
477567,Doohun,Bharadwaj,Senior Engineer
477571,Gal,Osgood,Senior Engineer
477574,Lech,Tyugu,Senior Engineer
477577,Sungwon,Birch,Senior Engineer
477580,Nikolaos,Guerreiro,Senior Staff
477584,Honesty,Mateescu,Staff
477587,Chrisa,Schonegge,Senior Engineer
477591,Oksana,Reeken,Senior Staff
477592,Elrique,Merel,Engineer
477593,Xinglin,Garnier,Senior Engineer
477594,Aris,Yoshizawa,Senior Engineer
477595,Arto,Linares,Senior Staff
477596,Shrikanth,Kushner,Staff
477600,Basant,Schwaller,Staff
477601,Matk,Cherinka,Engineer
477603,Bernt,Nyrup,Staff
477604,Jeong,Standera,Senior Engineer
477605,Nimmagadda,Hiyoshi,Technique Leader
477616,LiMin,Ghemri,Senior Engineer
477618,Naftaly,Denna,Senior Staff
477619,Lijia,Cangellaris,Senior Engineer
477622,Lakshmi,Hennings,Staff
477624,Nikolaos,Demian,Senior Staff
477634,Luerbio,Deyuan,Senior Engineer
477637,Elgin,Pelz,Senior Engineer
477639,Doowon,Cincotta,Technique Leader
477647,Zsolt,Broder,Staff
477651,Ayakannu,Cronan,Senior Engineer
477652,Atreye,Koshino,Technique Leader
477653,Alassane,Harnett,Engineer
477655,Serap,Oxenboll,Senior Staff
477658,Giao,Bruckman,Senior Engineer
477671,Mikhail,Segond,Senior Engineer
477673,Mizuhito,Woycyznski,Senior Staff
477678,Naftaly,Serre,Senior Staff
477679,Chenye,Bach,Senior Staff
477682,Adil,Miyakawa,Staff
477684,Taegyun,Rabehasaina,Senior Engineer
477691,Marl,Schurmann,Staff
477692,Youpyo,Belinskaya,Senior Engineer
477695,Venkatesan,Attimonelli,Senior Engineer
477700,Huican,Roccetti,Senior Engineer
477701,Ayonca,Shumilov,Senior Engineer
477703,Gou,Yamaashi,Staff
477706,Shigenori,McAlpine,Staff
477707,Val,Itzigehl,Staff
477708,Sashi,Duclos,Senior Engineer
477718,Radhia,Zhang,Senior Engineer
477720,Mantis,Gruenwald,Senior Staff
477727,Zvonko,Choobineh,Senior Engineer
477732,Monique,Serra,Technique Leader
477734,Vojin,Raney,Senior Engineer
477735,Kristen,Rodham,Engineer
477736,Toshimitsu,Yavatkar,Technique Leader
477738,Nevin,Lamma,Senior Staff
477742,Odoardo,Garigliano,Senior Engineer
477744,Jiang,Iwayama,Senior Staff
477747,Maha,Taubman,Senior Staff
477748,Gilbert,Apsitis,Senior Engineer
477754,Parviz,Taubman,Staff
477756,Pragnesh,Iivonen,Senior Staff
477762,Keung,Munke,Engineer
477765,Arif,Bain,Senior Staff
477778,Abdulah,Fadgyas,Senior Staff
477779,Rafail,Glinert,Senior Staff
477780,Phuoc,Czap,Engineer
477781,Hidefumi,Mateescu,Technique Leader
477783,Bikash,Gajiwala,Engineer
477786,Hironobu,Willoner,Senior Staff
477795,Bouchung,Brookman,Senior Engineer
477801,Willard,Baaz,Senior Staff
477805,Zhenbing,Georgatos,Senior Staff
477811,Shai,Whitcomb,Senior Staff
477815,Arvin,Ginesta,Staff
477818,Xiaopeng,Melski,Senior Staff
477833,Arup,Luce,Senior Engineer
477834,Yefim,Cools,Staff
477835,Rosine,Beeson,Senior Engineer
477836,Masato,Frezza,Staff
477838,Arra,Warwick,Senior Staff
477839,Yongmin,Litvinov,Technique Leader
477840,Tadahiro,Kavvadias,Engineer
477841,Heeju,Stafford,Technique Leader
477842,Kwangho,Journel,Senior Engineer
477851,Mohan,Bonifati,Senior Engineer
477852,Gad,Rosay,Senior Engineer
477860,Selwyn,Servi,Senior Engineer
477868,Kristen,Brandsma,Senior Staff
477870,Kwan,Hennebert,Senior Staff
477874,Navin,Pero,Senior Engineer
477880,Arvind,Furudate,Senior Engineer
477882,Danco,Zeleznik,Senior Engineer
477883,Taizo,Bennet,Technique Leader
477885,Evgueni,DuBourdieux,Senior Staff
477895,Geraldo,Zobel,Senior Engineer
477898,Theron,Masand,Senior Engineer
477899,Leszek,Cannard,Senior Staff
477900,Zeljko,Condotta,Senior Staff
477906,Mahendra,Varley,Senior Staff
477907,Arlette,Cummings,Staff
477908,Zhanqiu,Pietrzykowski,Senior Engineer
477909,Hugo,Falby,Senior Engineer
477912,Akeno,Danlos,Senior Engineer
477915,Marl,Bardell,Senior Engineer
477922,Moriyoshi,Wissmann,Technique Leader
477923,Augustine,Conde,Senior Staff
477930,Isamu,Stiles,Senior Engineer
477937,Jessie,Koblitz,Engineer
477942,Sastry,Huttel,Senior Staff
477946,Sreekrishna,Kroft,Senior Engineer
477947,Thodoros,Templeman,Senior Staff
477953,Kinh,Cannard,Staff
477955,Ghassan,Lieberherr,Engineer
477964,Richara,Thiran,Senior Engineer
477968,Shay,Chandrasekhar,Senior Engineer
477971,Tommaso,Birge,Senior Engineer
477973,Zhilian,Meszaros,Senior Staff
477982,Murthy,Merks,Engineer
477983,Masali,Facello,Senior Staff
477985,Beshir,Mattern,Senior Engineer
477988,Troy,Vanwelkenhuysen,Senior Staff
477990,Alejandra,Aingworth,Senior Engineer
477993,Sanjiv,Chorvat,Senior Staff
477994,Lalit,Yurek,Engineer
477996,Vesna,Percebois,Senior Engineer
478002,Genki,Juneja,Technique Leader
478005,Werner,Bage,Senior Staff
478006,Gererd,McDermid,Senior Engineer
478012,Mostafa,Leivant,Senior Staff
478017,Nikolaus,Siegrist,Senior Engineer
478027,Mitchel,Pettis,Senior Staff
478033,Tonny,Luiz,Senior Engineer
478037,Adib,Halevi,Senior Engineer
478038,Goo,Hasham,Senior Engineer
478040,Sarita,Lung,Senior Staff
478045,Guoxiang,Hanratty,Senior Staff
478047,Constantijn,Pramanik,Senior Staff
478051,Wonhee,Delgrossi,Senior Engineer
478052,Kristinn,Matzel,Engineer
478053,Tesuya,Nishimukai,Staff
478054,Tesuro,Merkl,Senior Engineer
478058,Collette,Akazan,Senior Staff
478060,Shuji,Polupanov,Technique Leader
478061,Jackson,Broomell,Senior Staff
478067,Guenter,Argence,Senior Engineer
478069,Suebskul,Maksimenko,Engineer
478075,Alexius,Stavenow,Senior Staff
478076,Zeljko,Rosen,Technique Leader
478078,Richara,Strandh,Senior Engineer
478081,Paloma,Copas,Engineer
478088,Ung,Vanwelkenhuysen,Senior Staff
478089,Pradeep,Gajiwala,Engineer
478092,Vidya,Tischendorf,Staff
478095,Gal,Perz,Senior Staff
478096,Shao,Biran,Senior Staff
478102,Mahmut,Marquardt,Senior Engineer
478114,Paloma,Dratva,Senior Staff
478116,Debatosh,Piveteau,Senior Engineer
478119,Sanjit,Bauknecht,Senior Engineer
478121,Yucel,Ramaiah,Senior Staff
478125,Kazuhiro,Erez,Senior Staff
478126,Subir,Toyoshima,Staff
478131,Navid,Pettit,Senior Staff
478134,Ayonca,Lunn,Senior Staff
478137,Teiji,Schrift,Senior Engineer
478142,Oscar,Haldar,Senior Staff
478145,Abdelghani,Rande,Senior Staff
478146,Srinidhi,Nittel,Senior Engineer
478147,Chenyi,Sgarro,Senior Staff
478152,Eran,Solovay,Senior Engineer
478157,Souichi,DiGiano,Senior Engineer
478161,Anoosh,Braunmuhl,Engineer
478165,Toong,Brizzi,Senior Engineer
478173,Arlette,McAlpine,Senior Engineer
478183,Mechthild,Onuegbe,Senior Staff
478188,Danai,Arlazarov,Senior Engineer
478191,Jaques,Beilner,Senior Engineer
478192,Badri,Bergere,Staff
478198,Woody,Zeilberger,Engineer
478202,DAIDA,Jansch,Staff
478204,Arne,Narlikar,Technique Leader
478206,Annemarie,Eterovic,Engineer
478212,Trygve,Cyre,Engineer
478214,Jolita,Ramalingam,Senior Engineer
478222,Mariangiola,Gips,Staff
478229,Shawna,Schwabacher,Senior Staff
478230,Weiru,Weedman,Staff
478232,Teruyuki,Beznosov,Engineer
478234,Mayuri,Bach,Senior Engineer
478239,TRUE,Lieberherr,Engineer
478241,Zito,Baik,Senior Staff
478243,Krisda,Osgood,Senior Staff
478250,Ranan,Rissland,Senior Staff
478255,Kwangsub,Masada,Technique Leader
478261,Rajmohan,DasSarma,Engineer
478264,Sreenivas,Stroustrup,Senior Staff
478265,Basim,Zizka,Engineer
478272,Giap,Templeman,Senior Engineer
478273,Dulce,Prochazka,Senior Staff
478279,Mack,Beeson,Senior Engineer
478284,Zeydy,Kropatsch,Senior Engineer
478286,Herb,Klassen,Engineer
478292,Boguslaw,Fasbender,Senior Engineer
478296,Kousuke,Ambroszkiewicz,Senior Engineer
478303,Candido,Zyda,Senior Engineer
478316,DAIDA,Erva,Senior Staff
478318,Ingmar,Swiler,Senior Staff
478320,Doowon,Rosaz,Senior Engineer
478323,Ebru,Gecsei,Senior Staff
478325,Roddy,Haddadi,Senior Engineer
478327,Suvo,Garrabrants,Senior Engineer
478331,Shuky,Soicher,Engineer
478336,Vidya,Gurbaxani,Senior Engineer
478338,Yoshinari,Nanard,Staff
478341,Yagil,Einsfeld,Senior Engineer
478343,Aran,Gischer,Engineer
478344,Shahid,Rassart,Staff
478346,Pranas,Nannarelli,Engineer
478347,Cullen,Birnbaum,Senior Engineer
478350,Halsur,Negoita,Senior Engineer
478352,Jeong,Vakili,Senior Staff
478355,Nidapan,Waschkowski,Senior Staff
478356,Manu,Syrotiuk,Senior Engineer
478357,Elrique,Reeker,Senior Engineer
478358,Tonia,Erman,Senior Staff
478360,Sanjiv,Gilg,Senior Engineer
478361,Jaques,Hellwagner,Senior Staff
478364,Oldrich,Duclos,Senior Staff
478374,Hironoby,Furudate,Staff
478375,Dung,Talmon,Senior Staff
478379,Kwun,Srimani,Senior Engineer
478381,Gaurav,Taubenfeld,Senior Engineer
478387,Deborah,Vesna,Engineer
478389,Along,Tagansky,Engineer
478390,Shakhar,Versino,Senior Staff
478391,Morris,Benantar,Senior Staff
478395,Wonhee,Bondorf,Senior Staff
478400,Samphel,Azumi,Engineer
478406,Mabo,Mullainathan,Engineer
478409,Ferdinand,Mawatari,Senior Engineer
478411,Yuchang,Gammage,Senior Engineer
478415,Charlene,Rajcani,Senior Engineer
478428,Olivera,Hatcliff,Engineer
478429,Lucien,Bael,Senior Staff
478430,Weicheng,Samarati,Technique Leader
478433,Toshimi,Condotta,Senior Staff
478435,Constantijn,Schwabacher,Senior Staff
478436,Franziska,Monkewich,Engineer
478438,Stafford,Gente,Staff
478441,Francesca,Poujol,Staff
478450,Perry,Chartres,Senior Engineer
478452,Oscar,Benzmuller,Senior Engineer
478457,Tooru,Peron,Senior Staff
478458,Kwangho,Koblitz,Senior Engineer
478465,Lucien,Plumb,Senior Engineer
478474,Satyanarayana,Murthy,Senior Engineer
478476,Kiyomitsu,Sinicrope,Senior Engineer
478481,Qiwen,Ranze,Senior Engineer
478485,Nahla,Yeung,Staff
478496,Goncalo,Swick,Senior Engineer
478498,Heekeun,Mersereau,Engineer
478504,Tesuro,Hutton,Engineer
478508,Eric,Shackell,Staff
478509,Luise,Gerlach,Senior Staff
478510,Charlene,Bennet,Engineer
478514,Xiping,Suessmith,Engineer
478515,Morrie,Bellmore,Senior Staff
478521,Jianhao,Kavanagh,Senior Engineer
478526,Mooi,Liedekerke,Engineer
478530,Leif,Katzenelson,Senior Staff
478536,Jasminko,Salverda,Technique Leader
478537,King,Heping,Senior Staff
478547,Thodoros,Ghalwash,Staff
478552,Teruyuki,Welham,Senior Engineer
478556,Matk,Plumb,Senior Engineer
478557,Limsoon,Gien,Assistant Engineer
478560,Val,Verhaegen,Senior Staff
478566,Zhongwei,Luby,Senior Staff
478568,Odysseas,Encarnacion,Senior Staff
478571,Constantijn,Demeyer,Senior Staff
478572,Chaitali,Cusworth,Senior Engineer
478576,Trygve,Undy,Technique Leader
478577,Mong,Impagliazzo,Staff
478581,Susuma,Peek,Engineer
478582,Mingsen,Gimarc,Senior Staff
478586,Poorav,Jansch,Staff
478589,Peternela,Leppanen,Engineer
478594,Mechthild,Sommen,Senior Staff
478607,Paraskevi,Ermel,Staff
478608,Aemilian,Hemaspaandra,Senior Engineer
478609,Gritta,Berztiss,Engineer
478614,Masali,Koblitz,Senior Staff
478625,Boaz,Stroustrup,Senior Engineer
478627,Marsha,Orlowska,Engineer
478642,Jeong,Erman,Senior Staff
478647,Tomokazu,Hinsberger,Technique Leader
478648,Venkatesan,Dayang,Engineer
478651,Weicheng,Lally,Senior Staff
478655,Yannik,Norsworthy,Senior Staff
478661,Dipankar,Binkley,Staff
478665,Lorien,Sooriamurthi,Senior Staff
478666,Premal,Goodrum,Senior Staff
478673,Kolar,Zaccaria,Senior Staff
478674,Sadok,Billingsley,Staff
478677,Boutros,Luke,Senior Staff
478678,Mario,Sethi,Senior Staff
478679,Elzbieta,Schueller,Engineer
478683,Irena,Matheson,Senior Staff
478687,Heeju,Ramras,Senior Engineer
478690,Marke,Jiafu,Senior Engineer
478702,Adhemar,Brobst,Staff
478704,Heejo,Randi,Senior Staff
478707,Leszek,Verhoeff,Senior Engineer
478711,Akeel,Capobianchi,Staff
478719,Lokesh,Zumaque,Engineer
478731,Renny,Jansen,Senior Staff
478733,Maja,Marshall,Staff
478734,Adit,Grandbois,Senior Engineer
478736,Pascal,Bressoud,Senior Staff
478737,Nadjib,Munos,Staff
478738,Cordelia,Simmel,Technique Leader
478740,Marlo,Suri,Technique Leader
478742,Renee,Hainaut,Senior Staff
478748,Kauko,Ramalingam,Engineer
478758,Zhanqiu,Ranft,Senior Engineer
478762,Chiranjit,Huttel,Engineer
478765,Erez,Busillo,Staff
478767,Susanta,Reutenauer,Staff
478771,Rasiah,Beznosov,Assistant Engineer
478775,Collette,Iivonen,Senior Engineer
478779,Ingmar,Vural,Senior Engineer
478782,Xiaoqiang,Jiafu,Engineer
478786,Guadalupe,Stavenow,Engineer
478787,Christ,Servi,Staff
478788,Mayuri,Versino,Senior Staff
478789,Rosella,Koshino,Staff
478790,Dzung,Erman,Staff
478793,Muneo,Baez,Senior Engineer
478794,Mingzeng,Ramamoorthy,Engineer
478795,Apostol,Peres,Senior Staff
478798,Honglan,Baez,Engineer
478801,Weiye,Baaleh,Senior Engineer
478803,Val,Harbusch,Staff
478812,Xudong,Irland,Senior Engineer
478814,Fumiya,Yetto,Senior Staff
478825,Heon,Langford,Senior Staff
478831,Itzchak,Verhaegen,Senior Staff
478832,Yoshimitsu,Parhami,Engineer
478842,Pradeep,Herath,Senior Engineer
478848,Marit,Gips,Engineer
478849,Mahmut,Bonifati,Senior Engineer
478853,Nathan,Redmiles,Staff
478855,Yishai,Millington,Senior Engineer
478857,Janalee,Warwick,Senior Staff
478861,Basem,Khasidashvili,Senior Staff
478866,Elrique,Haumacher,Engineer
478870,Sajjad,Shrader,Senior Engineer
478873,Shir,Curless,Senior Staff
478876,Masaki,DasSarma,Senior Engineer
478878,Xinan,Gist,Senior Engineer
478884,Hyuncheol,Gilg,Senior Engineer
478885,Atreyi,Boudaillier,Senior Engineer
478886,Toshiki,Lorys,Staff
478889,Ortrun,Penn,Senior Engineer
478897,Luise,Walstra,Senior Engineer
478898,Bernd,Decleir,Senior Staff
478899,Zito,Flowers,Senior Staff
478902,Gao,Pearson,Senior Staff
478905,Gilbert,Iwayama,Staff
478914,Kwun,Munro,Senior Staff
478921,Shuzo,Atrawala,Senior Staff
478929,Divier,Camurati,Senior Engineer
478937,Radhakrishnan,Ramras,Senior Engineer
478939,Tommaso,Riefers,Assistant Engineer
478941,Subhankar,Wossner,Senior Staff
478943,Foong,Heuter,Engineer
478945,Mani,Kalefeld,Engineer
478948,Angel,Griswold,Senior Staff
478972,Shim,Stentiford,Senior Staff
478985,Katsuo,Gubsky,Senior Staff
478994,Gita,Honiden,Senior Engineer
478996,Mary,Conti,Engineer
478997,Jaewoo,Parascandalo,Engineer
478999,Yuchang,Ernst,Senior Engineer
479001,Tsz,Leuchs,Senior Staff
479003,Jiong,Lanphier,Engineer
479004,Mountaz,Copas,Senior Staff
479007,Ramya,Krybus,Assistant Engineer
479008,Shrikanth,Hagimont,Technique Leader
479009,Serge,Staylopatis,Senior Staff
479011,Basant,Shackel,Senior Staff
479012,Kazunori,Docker,Senior Staff
479017,Hitofumi,Sherertz,Senior Engineer
479018,Narain,Lambe,Staff
479021,Isamu,Iwayama,Technique Leader
479028,Xuejun,Itzigehl,Senior Staff
479029,Elliott,Keirsey,Engineer
479031,Demin,Narlikar,Staff
479035,Samphel,Chaudhury,Senior Engineer
479038,Mitchel,Morton,Senior Engineer
479048,Seshu,Gist,Senior Engineer
479049,Barna,Porenta,Senior Engineer
479050,Pintsang,Ishibashi,Staff
479051,Sanjoy,Swen,Senior Staff
479053,Hisao,Kawashima,Senior Staff
479056,Kasidit,Demian,Senior Staff
479058,Persi,Speckmann,Technique Leader
479059,Stafford,Feldmann,Engineer
479061,DAIDA,Jullig,Senior Staff
479064,Xuejia,Negoita,Senior Engineer
479065,Hideo,Farrow,Senior Engineer
479070,Valery,Ozeri,Staff
479074,Noritoshi,Mondadori,Staff
479076,Toshimi,Dalton,Senior Staff
479077,Premsyl,Kusalik,Engineer
479081,Stamatina,Decaestecker,Staff
479084,Gully,Birdsall,Senior Staff
479088,Sugwoo,Schusler,Engineer
479091,Mart,Maliniak,Senior Staff
479097,Clyde,Schaar,Senior Engineer
479098,Kendra,Bridgland,Senior Staff
479099,Odoardo,Tanemo,Staff
479102,Goetz,Morris,Senior Engineer
479107,Shietung,Doering,Engineer
479110,Stevo,Rikino,Senior Engineer
479113,Kazuhito,Radivojevic,Senior Staff
479115,Janche,Barreiro,Senior Engineer
479119,Limsoon,Willoner,Engineer
479120,Leucio,Joslin,Senior Engineer
479122,Adib,Schaaf,Technique Leader
479123,Narain,Berstel,Senior Engineer
479125,Parviz,Rindone,Engineer
479132,Shietung,Zwicker,Senior Staff
479138,Changho,Matzke,Senior Engineer
479147,Greger,Babb,Senior Staff
479153,Uma,Schmittgen,Senior Engineer
479156,Danae,Hutton,Senior Staff
479157,Jacopo,Larfeldt,Staff
479162,Hirochika,Motley,Senior Engineer
479165,Chirstian,Pauthner,Senior Staff
479166,Uno,Anger,Senior Engineer
479167,Mayuri,Backhouse,Staff
479171,Taisook,Anguita,Senior Staff
479183,Irena,Jansch,Staff
479188,Koldo,Blokdijk,Engineer
479189,Arnould,Dulin,Senior Staff
479190,Susumu,Lammel,Senior Engineer
479197,Sahrah,Gruenwald,Senior Engineer
479198,Stabislas,Sommen,Engineer
479199,Dulce,Kenevan,Engineer
479205,Masami,Zhang,Senior Staff
479210,Kristof,Haldar,Senior Staff
479218,Adil,Pargas,Senior Staff
479224,Kristof,Bernatsky,Senior Engineer
479226,Cordelia,Krychniak,Senior Staff
479229,Arfst,Ritcey,Senior Staff
479231,Takanari,Chandrasekhar,Engineer
479232,Mart,Imataki,Senior Staff
479233,Hongzhu,Luce,Engineer
479234,Izaskun,Thiran,Senior Engineer
479236,Jamaludin,Heydon,Senior Staff
479247,Fuqing,Hanabata,Assistant Engineer
479256,Djelloul,Wegerle,Staff
479262,Weicheng,Encarnacion,Engineer
479269,Ult,Gelosh,Senior Staff
479271,Arfst,Seghrouchni,Senior Engineer
479275,Isamu,Lores,Senior Staff
479281,Seongbae,Ghalwash,Senior Engineer
479283,Patricia,Hempstead,Senior Staff
479287,Emran,Berztiss,Senior Engineer
479290,Lobel,Fujisaki,Engineer
479293,Chandrasekaran,Bage,Staff
479297,Masali,Baby,Senior Engineer
479298,Aleksander,Cools,Senior Staff
479304,Pradeep,Wissmann,Engineer
479307,Ennio,Cappelletti,Senior Staff
479308,Masanao,Boissier,Staff
479322,Eldridge,Manderick,Senior Staff
479325,Marit,Czap,Senior Staff
479326,Vasilis,Wolniewicz,Senior Staff
479333,Lene,Rosiles,Senior Staff
479334,Jiang,McClure,Senior Staff
479343,Jouni,Pena,Engineer
479344,Kwan,Schneeberger,Assistant Engineer
479345,Sorina,Boudaillier,Senior Engineer
479346,Kyoichi,Mawatari,Senior Staff
479348,Serap,Pocchiola,Senior Staff
479349,Aruna,Ratnakar,Senior Engineer
479357,Noritoshi,Perez,Engineer
479358,Muzhong,Leijenhorst,Senior Staff
479360,Berto,Anido,Engineer
479362,Jaroslava,Oxenboll,Senior Engineer
479365,Przemyslawa,Schaap,Staff
479366,Mansur,Bultermann,Staff
479372,Feipei,Leaver,Senior Engineer
479379,Hercules,Seiwald,Senior Engineer
479385,Jaroslava,Warwick,Engineer
479386,Remko,Srimani,Senior Staff
479388,Marie,Lindenbaum,Senior Engineer
479389,Roselyn,Markovitch,Technique Leader
479391,Mats,Zumaque,Staff
479393,Uri,Solovay,Senior Engineer
479396,Mohammad,Blokdijk,Senior Engineer
479397,Toshimitsu,Huhdanpaa,Technique Leader
479398,Danae,Petersohn,Senior Engineer
479399,Remco,Ginesta,Senior Engineer
479402,Martina,Perfilyeva,Senior Staff
479405,Nadjib,Dechter,Staff
479412,Mats,Rullman,Senior Staff
479414,Shir,Parfitt,Staff
479415,Vatsa,Merle,Staff
479416,Josyula,Narwekar,Staff
479426,Diederik,Pellegrinelli,Senior Engineer
479430,Xiahua,Jiang,Senior Engineer
479432,Abdelwaheb,England,Senior Engineer
479438,Sreenivas,Badache,Senior Engineer
479439,Masali,Zongker,Senior Engineer
479443,Taegyun,McDermid,Senior Staff
479446,Larisa,Mandelberg,Staff
479452,Arunachalam,Penn,Senior Staff
479457,Berni,Ponthieu,Senior Engineer
479461,Leni,Himler,Senior Staff
479463,Aamod,Isard,Technique Leader
479467,Gully,Sommer,Senior Staff
479471,Hilari,Cheshire,Staff
479472,Aral,Rubsam,Engineer
479473,Ute,Pillow,Senior Engineer
479474,Saeko,Lieblein,Engineer
479475,Zdislav,Piazza,Engineer
479488,Vasiliy,Lieblein,Staff
479492,Kellie,Beutelspacher,Senior Staff
479496,Akeel,Lenart,Senior Staff
479497,Sanjeeva,Azumi,Senior Engineer
479498,Etsuo,Lemarechal,Senior Staff
479499,Akeel,Birnbaum,Senior Staff
479502,Fay,Hettesheimer,Senior Engineer
479508,Takahira,Cunliffe,Senior Staff
479512,Mabry,Picci,Staff
479516,Fusako,Niizuma,Senior Engineer
479518,Yongdong,Bergere,Engineer
479520,Jacqueline,Ranum,Senior Staff
479521,JoAnne,Zaiane,Senior Engineer
479525,Wojceich,Thorelli,Senior Engineer
479526,Phuoc,Wynblatt,Staff
479528,Saddek,Rodham,Senior Engineer
479543,Dmitri,Aumann,Senior Staff
479559,Yuchang,Monkewich,Staff
479562,Temple,Barreiro,Senior Engineer
479564,Valeska,Fiutem,Engineer
479565,Jovan,Pulkowski,Senior Engineer
479566,Paraskevi,Manderick,Senior Staff
479571,Karlis,Awdeh,Engineer
479574,Shuzo,Benner,Senior Staff
479581,Yinghua,Thimonier,Senior Engineer
479582,Rafols,Grospietsch,Senior Staff
479586,Gunilla,Jenevein,Engineer
479589,Kristinn,Buchter,Senior Engineer
479593,Sampalli,Chvatal,Senior Staff
479595,Aemilian,Litzler,Staff
479596,Tze,Farrar,Senior Engineer
479598,Uriel,Dayang,Senior Engineer
479603,Surveyors,Badache,Staff
479604,JiYoung,Boudaillier,Senior Engineer
479606,Mark,Trachtenberg,Senior Engineer
479615,Utpal,Sadowsky,Senior Engineer
479619,Anoosh,Ligten,Senior Staff
479620,Heping,Skrikant,Senior Engineer
479625,Itzchak,Parfitt,Engineer
479627,Gonzalo,Schaad,Senior Engineer
479629,Yonghoan,Verhaegen,Staff
479631,Lein,Hanabata,Staff
479633,Kitty,Lundstrom,Senior Staff
479634,Ravishankar,Pelc,Senior Engineer
479636,Otmar,Murtha,Senior Engineer
479637,Genta,Marsiglia,Senior Staff
479641,Marin,Rousseau,Staff
479645,Ravishankar,Fontan,Engineer
479649,Harngdar,Veeraraghavan,Senior Staff
479651,Lena,Roohalamini,Senior Staff
479653,Conor,Reeken,Senior Staff
479655,Moriyoshi,Scharstein,Technique Leader
479660,Nishit,Harllee,Technique Leader
479663,Bader,Jeong,Engineer
479664,Deniz,Barreiro,Engineer
479665,Adib,Geffroy,Staff
479669,Pranjal,Dayana,Senior Engineer
479672,Lubomir,Schlumberger,Engineer
479674,Giao,Kadhim,Senior Engineer
479676,Marl,Ressouche,Engineer
479679,Douadi,Spelt,Engineer
479682,Rosine,Wuwongse,Senior Engineer
479683,Satoru,Leppanen,Staff
479685,Goh,Beeson,Assistant Engineer
479688,Lijie,Hanratty,Engineer
479689,Zhiguo,Akazan,Senior Staff
479690,Breannda,Fandrianto,Senior Staff
479692,Gio,Rodite,Technique Leader
479694,Huican,Itschner,Senior Staff
479699,Christoper,Passino,Engineer
479708,Hilary,Dayana,Senior Staff
479709,Geoffry,Reghbati,Senior Engineer
479711,Mara,Heyers,Staff
479712,Jiafu,Sanella,Senior Engineer
479717,Moheb,Tzvieli,Senior Engineer
479720,Sivanarayana,Figueira,Senior Engineer
479721,Elvis,Matzel,Senior Engineer
479729,Lalit,Parascandalo,Senior Staff
479733,Candido,Hardjono,Senior Engineer
479736,Kousuke,Morrin,Staff
479743,Nathan,Greenaway,Senior Engineer
479748,Satoru,Azulay,Senior Engineer
479749,Wilmer,Giaccio,Engineer
479753,Jaques,Talmor,Senior Staff
479763,Stepehn,Braunschweig,Engineer
479764,Kazuhisa,Bashian,Senior Engineer
479768,Shirish,Sidje,Engineer
479771,Bernardo,Ranst,Senior Staff
479773,Mingsen,Plumb,Senior Engineer
479778,Sajjan,Naumovich,Engineer
479780,Shietung,Mayerwieser,Staff
479784,Paloma,Raney,Staff
479791,Vidar,Mamelak,Senior Staff
479793,Phillip,Schmezko,Senior Staff
479795,Leucio,Junet,Senior Engineer
479796,Sreenivas,Armand,Staff
479800,Kamakshi,Tzvieli,Staff
479801,Seongbin,Angot,Engineer
479803,Val,Swiler,Senior Staff
479808,Tsvetan,Pfau,Senior Engineer
479812,Fuqing,Staudhammer,Senior Staff
479813,Mohammed,Vernadat,Senior Staff
479821,Takahito,Mundy,Senior Engineer
479824,Manibrata,Auyong,Senior Engineer
479826,Ghassan,Azulay,Engineer
479832,Adin,Coors,Assistant Engineer
479836,Muzhong,Usdin,Senior Staff
479847,Nahum,Pettis,Engineer
479850,Sorina,Codenie,Senior Engineer
479858,Oscal,Pintelas,Technique Leader
479860,Ramya,Renear,Engineer
479861,Soenke,Seghrouchni,Senior Engineer
479864,Rimon,Irland,Senior Engineer
479866,Heng,Pellegrinelli,Senior Engineer
479867,Akemi,Anandan,Senior Staff
479869,Iara,Ressouche,Senior Engineer
479871,Radoslaw,Dayang,Staff
479872,Annemarie,Angelopoulos,Senior Engineer
479873,Behnaam,Kugler,Senior Engineer
479875,Oscal,Lodder,Senior Staff
479876,Muneo,Liedekerke,Staff
479878,Kwan,Orlowska,Engineer
479881,Odysseas,Kavvadias,Senior Staff
479882,Caolyn,Imataki,Assistant Engineer
479885,Sariel,Schade,Senior Staff
479894,Ipke,Gonthier,Senior Staff
479896,Tsuneo,Minakawa,Senior Engineer
479898,Weicheng,Baig,Senior Engineer
479905,Danai,Peir,Technique Leader
479906,Duri,Silva,Technique Leader
479910,Tetsushi,Docker,Staff
479916,Tianruo,Kamber,Senior Engineer
479919,Marke,Pauthner,Technique Leader
479922,Yifei,Copas,Senior Engineer
479924,Tsutomu,Gelosh,Senior Staff
479927,Isaac,Schaap,Engineer
479936,Collette,Dayana,Engineer
479937,Rimli,Kroft,Senior Staff
479945,Jeong,Paciorek,Senior Staff
479948,Xinglin,Ghandeharizadeh,Senior Staff
479951,Naftaly,Paciorek,Senior Engineer
479952,Shalesh,Colorni,Senior Staff
479956,Ramya,Baar,Assistant Engineer
479958,Uta,Schmezko,Senior Staff
479971,Kristin,Poulakidas,Senior Engineer
479973,Rutger,Asser,Senior Staff
479975,Kazuhiro,Pews,Senior Engineer
479977,Tzu,Gunderson,Senior Engineer
479986,Isamu,Oxenboll,Engineer
479993,Tayeb,Marciano,Engineer
479994,Rosli,Wendorf,Senior Staff
479995,Freyja,Baca,Staff
480003,Uta,Brlek,Senior Engineer
480004,Marke,Berendt,Senior Engineer
480008,Zengping,Unni,Senior Engineer
480010,Marke,Pashtan,Senior Engineer
480018,Zvonko,Kawashimo,Engineer
480020,Prodip,Gips,Senior Staff
480021,Bouchung,Iivonen,Engineer
480024,Chrisa,Gornas,Senior Staff
480034,Tokuyasu,Casley,Senior Engineer
480042,Rildo,Brodie,Senior Staff
480043,Franziska,Chiola,Senior Staff
480044,Sudhanshu,Jording,Senior Staff
480049,Martins,Ratnakar,Senior Staff
480051,Kwan,Erol,Senior Engineer
480052,Chinho,Weisert,Senior Engineer
480059,Honesty,Billingsley,Senior Engineer
480060,Adas,Radwan,Engineer
480067,Masanao,Jansen,Senior Engineer
480069,Barun,Benzmuller,Senior Engineer
480075,Becky,Hoppenstand,Staff
480076,Mototsugu,Ramras,Staff
480082,Karlis,Marchegay,Senior Staff
480083,Adly,Luit,Engineer
480084,Pragnesh,Rikino,Senior Engineer
480085,Kien,Krider,Senior Engineer
480087,Kazunori,Irland,Senior Engineer
480089,Harngdar,Ferretti,Senior Staff
480090,Gad,Krone,Senior Staff
480091,Morris,Shimshoni,Engineer
480093,Masadi,Sambasivam,Senior Engineer
480096,Abdelaziz,Percebois,Senior Engineer
480097,Doowon,Otillio,Senior Engineer
480098,Zine,Monkewich,Senior Staff
480099,Jouni,Kalloufi,Senior Staff
480102,Przemyslawa,Geffroy,Senior Engineer
480103,Kiam,Keirsey,Senior Staff
480106,Brewster,Frezza,Senior Staff
480108,Jeanna,Litvinov,Senior Staff
480110,Boaz,Hebert,Senior Engineer
480114,Shakhar,Suri,Senior Staff
480117,Florina,Herbst,Senior Staff
480118,Monique,Chinin,Staff
480121,Martina,Benveniste,Senior Engineer
480123,Luise,Dechter,Senior Staff
480130,Heng,Kinley,Senior Staff
480131,Vivian,Wossner,Senior Engineer
480135,Danny,Narahari,Engineer
480138,Taegyun,Marakhovsky,Engineer
480139,Jessie,Syrzycki,Senior Engineer
480147,Nechama,Rodier,Senior Engineer
480148,Elvia,Spinelli,Engineer
480158,Xiaoshan,Gente,Senior Staff
480159,Kazuhiko,Buescher,Staff
480161,Arno,Rosenbaum,Senior Engineer
480171,Nitsan,Steenbeek,Senior Staff
480175,Elrique,Schmiedel,Engineer
480176,Xiaopeng,Haddadi,Engineer
480182,Paris,Homond,Staff
480190,Kasturi,Brandsma,Senior Staff
480192,Dhritiman,Onuegbe,Senior Staff
480193,Cristinel,Oxenboll,Engineer
480194,Izaskun,Seghrouchni,Senior Staff
480196,Kazuhide,Kornatzky,Staff
480199,Fumiyo,Msuda,Senior Staff
480203,Gennady,Papadias,Engineer
480211,Mansur,DasSarma,Staff
480213,Sugwoo,Kaltofen,Senior Engineer
480216,Lucian,Babu,Staff
480219,Luise,Lemarechal,Senior Engineer
480227,Sungwon,Janocha,Senior Staff
480239,Jaroslava,Kowalchuk,Senior Engineer
480240,Sanjiv,Falby,Engineer
480242,King,Lorys,Engineer
480243,Candida,Gerlach,Senior Staff
480244,Etsuo,Pettis,Senior Engineer
480246,Tianruo,Hitomi,Engineer
480251,Zhonghui,Chorvat,Senior Engineer
480254,Zhongwei,Molenkamp,Staff
480259,Giap,Antonakopoulos,Technique Leader
480271,Zita,Sooriamurthi,Senior Engineer
480273,Jinpo,Serra,Senior Staff
480275,Sachar,Caine,Senior Engineer
480277,Aleksander,Huhdanpaa,Staff
480279,Gio,Borstler,Engineer
480280,Berhard,Nitta,Senior Staff
480282,Zhanqiu,Granlund,Staff
480283,Elvia,Barreiro,Senior Staff
480289,Dietrich,Verhoeff,Technique Leader
480290,Yannik,Honglei,Engineer
480294,Bilhanan,Talmor,Engineer
480296,Moriyoshi,Birnbaum,Senior Engineer
480299,Kamakshi,Chiola,Engineer
480303,Chaitali,Picaronny,Senior Staff
480304,Halsur,Weedman,Technique Leader
480305,Leni,Peres,Senior Engineer
480307,Fabrizio,Katzenelson,Technique Leader
480311,Sasan,Onuegbe,Staff
480314,Lucien,Anguita,Staff
480316,Pranay,Feinberg,Senior Engineer
480317,Suebskul,Passafiume,Senior Staff
480319,Alexius,Hiltgen,Senior Engineer
480320,Djenana,Eugenio,Senior Staff
480321,Uri,Peroz,Engineer
480322,Fumiko,Showalter,Senior Engineer
480326,Tayeb,Barbanera,Senior Staff
480328,Larisa,Tempesti,Senior Engineer
480332,Angel,Ozeki,Engineer
480334,Maren,Maliniak,Senior Engineer
480337,Jouni,Cichocki,Senior Engineer
480344,Hatem,Neimat,Senior Engineer
480348,Yuuichi,Antonakopoulos,Senior Staff
480349,Khaled,Narlikar,Senior Engineer
480350,Zijian,Kalloufi,Senior Staff
480353,Weiyi,Vural,Senior Staff
480355,Taisook,Nooteboom,Senior Staff
480366,Chikara,Eiter,Senior Staff
480369,Bluma,Desikan,Senior Staff
480373,Jiafu,Edelhoff,Senior Staff
480374,Laurentiu,McClurg,Senior Engineer
480376,Akhilish,Kieras,Senior Staff
480379,Guther,Merks,Senior Staff
480382,Barna,Back,Engineer
480387,Kazuyasu,Armand,Senior Engineer
480388,Zhonghua,Zucker,Senior Engineer
480396,Atreye,Piancastelli,Senior Staff
480397,Ingemar,Jenevein,Engineer
480404,Zhilian,Luck,Senior Engineer
480406,Gaetan,Hatcliff,Engineer
480410,Fabrizio,Naumovich,Senior Staff
480411,Erez,Sidhu,Senior Engineer
480414,Menkae,Solovay,Senior Engineer
480416,Armond,Toyoshima,Senior Staff
480417,Subhankar,Dolinsky,Staff
480419,Ger,Coney,Engineer
480428,Alain,Gils,Senior Engineer
480432,Domenick,Akiyama,Senior Staff
480436,Masako,Birdsall,Senior Engineer
480437,Shaunak,Cangellaris,Engineer
480445,Youjian,Comellas,Assistant Engineer
480448,Alper,Landherr,Senior Engineer
480449,Atreye,Potthoff,Staff
480451,Hairong,Malinowski,Senior Staff
480456,Tse,Chartres,Staff
480459,Stevo,Oxman,Senior Engineer
480461,Mitchel,Naumovich,Engineer
480463,Mokhtar,Slaats,Senior Engineer
480470,Chriss,Kornyak,Senior Engineer
480480,Satyanarayana,Wynblatt,Engineer
480484,King,Rosis,Senior Staff
480493,Thodoros,Penn,Engineer
480495,Iara,Zongker,Senior Engineer
480496,Ayakannu,Couchot,Senior Engineer
480499,Martial,Iacovou,Senior Staff
480500,Uwe,Lorcy,Senior Engineer
480506,Jaideep,Etalle,Engineer
480507,Harngdar,Cannard,Technique Leader
480508,Xudong,Picht,Senior Staff
480509,Fay,Apsitis,Staff
480513,Marko,Pusterhofer,Senior Staff
480518,Adhemar,Goodrum,Engineer
480519,Kwangsub,Ghalwash,Technique Leader
480521,Aiichiro,Lenart,Senior Staff
480529,Zongyan,Bharadwaj,Senior Engineer
480536,Lansing,Gyorkos,Senior Staff
480540,Shridhar,Scharstein,Senior Staff
480541,Ranga,Quittner,Senior Engineer
480544,Xianlong,Thambidurai,Senior Staff
480547,Rance,Peternell,Senior Staff
480549,Reinhard,Delgrande,Staff
480554,Hailing,Prochazka,Senior Engineer
480556,Irene,Kropf,Senior Staff
480566,Georgi,Puppe,Senior Staff
480569,Wonhee,Morrow,Staff
480572,Mohua,Fritzsche,Senior Engineer
480575,Shiv,Luce,Senior Engineer
480578,Szabolcs,Rothe,Staff
480579,Kwan,Ghalwash,Staff
480583,Guiseppe,Peir,Senior Staff
480584,Bernardo,Lichtman,Senior Engineer
480587,Tonia,Trystram,Senior Staff
480590,Tzvetan,Asrin,Senior Engineer
480594,Jovan,Bierman,Senior Engineer
480601,Stella,Kohling,Senior Engineer
480611,Tadahiro,Salinas,Engineer
480614,Bernardo,Peck,Staff
480618,Rance,Brodie,Engineer
480619,Yannis,Kuzuoka,Engineer
480621,Elgin,Duclos,Senior Engineer
480625,Teruyuki,Standera,Senior Staff
480631,Gao,Kavvadias,Engineer
480638,Muzhong,Merkl,Staff
480642,Khalil,Gulik,Engineer
480649,Sibyl,Munos,Technique Leader
480650,Fumiko,Conte,Senior Engineer
480656,Genki,Colorni,Senior Staff
480658,Munenori,Zumaque,Staff
480660,Kazunori,Sambasivam,Staff
480664,Rosli,Zhang,Senior Engineer
480670,Sanjoy,Penz,Senior Staff
480674,Kannan,Giveon,Senior Engineer
480675,Nevin,Gubsky,Engineer
480677,Mahmut,Giarratana,Staff
480680,Giordano,Manders,Senior Engineer
480683,Jayesh,Wixon,Senior Staff
480688,Aimee,Luan,Staff
480689,Rasiah,Krider,Senior Engineer
480693,Vasilii,Nitta,Staff
480694,Leszek,Schaad,Senior Staff
480698,Guangming,Molberg,Senior Engineer
480699,Jiafu,Garnick,Senior Engineer
480711,Srinidhi,Assaf,Staff
480719,Bodh,Boyle,Engineer
480725,Karsten,Rosar,Senior Engineer
480726,Danny,Falco,Senior Engineer
480727,Hongzue,Stroustrup,Senior Engineer
480730,Masami,Bonifati,Staff
480732,Rildo,Domenig,Senior Staff
480734,Marit,Velasco,Senior Engineer
480738,Isaac,Cappelletti,Staff
480739,Jinxi,Noriega,Senior Staff
480742,Christoper,Wynblatt,Senior Engineer
480743,Ronghao,Kriebel,Technique Leader
480744,Mayuko,Giarratana,Staff
480748,Zhongwei,Isard,Staff
480753,Ioana,Limongiello,Senior Engineer
480754,Gladys,Cannard,Technique Leader
480757,Rimli,Kaelbling,Senior Staff
480771,Jasminko,Iwayama,Senior Engineer
480775,Pradeep,Adachi,Staff
480776,Fan,Standera,Senior Staff
480780,Akemi,Anido,Senior Staff
480784,Snehasis,Anido,Staff
480788,Idoia,Vesna,Senior Engineer
480789,Masami,Mahmud,Staff
480793,Ziya,Wendorf,Senior Engineer
480797,Ugo,Siprelle,Senior Staff
480800,Basim,Valtorta,Senior Engineer
480801,Maren,Benveniste,Senior Engineer
480809,Shalesh,Borovoy,Senior Staff
480810,Oksana,Yurov,Staff
480814,Akemi,Merks,Engineer
480815,Sedat,Wallrath,Engineer
480816,Naftali,Openshaw,Engineer
480823,Ulf,Baig,Senior Engineer
480825,Georgy,Rosaz,Senior Staff
480828,Bernt,Dayang,Senior Staff
480833,Fai,Munke,Senior Engineer
480839,Sumant,Brandsma,Engineer
480840,Kirk,Solares,Staff
480841,Hatim,Barriga,Staff
480845,Adamantios,Beidas,Staff
480846,Rasikan,Vendrig,Staff
480849,Leon,Perz,Senior Staff
480850,Jasminko,Hardjono,Senior Engineer
480851,Mani,Christ,Senior Staff
480853,Reuven,Otillio,Senior Engineer
480855,Ottavia,Trumbly,Senior Engineer
480858,Yoshinari,Zlotek,Senior Staff
480859,Stabislas,Morton,Senior Staff
480862,Maris,Kropp,Staff
480865,Akeno,Lorch,Engineer
480870,Vincent,Srimani,Engineer
480871,Dipayan,Reutenauer,Senior Engineer
480872,Pranay,Maierhofer,Engineer
480877,Nigel,Ravishankar,Senior Engineer
480878,KayLiang,Billawala,Staff
480881,Dipayan,Weedon,Staff
480883,Hitofumi,Rouquie,Senior Staff
480893,Mooi,Morrey,Senior Engineer
480896,Atreye,Schlumberger,Senior Engineer
480902,Brewster,Wilfing,Senior Staff
480920,Flemming,Plumb,Senior Staff
480922,Fumitake,Burnard,Senior Staff
480926,Guttorm,Magalhaes,Engineer
480929,Isaac,Chenoweth,Senior Staff
480932,Barry,McFarlan,Engineer
480941,Wuxu,Fontan,Senior Engineer
480942,Naftali,DasSarma,Senior Engineer
480947,Ulises,Gronowski,Engineer
480948,Shahaf,Gluchowski,Engineer
480956,Mary,Delaune,Staff
480963,Faiza,Besselaar,Staff
480966,Duri,Mahnke,Technique Leader
480968,Shugo,Kaiserswerth,Engineer
480971,Gritta,Comyn,Senior Engineer
480972,Arie,Munos,Senior Staff
480973,Emdad,Gien,Technique Leader
480976,Peternela,Katzenelson,Senior Staff
480981,Arco,Braccini,Senior Staff
480985,Chirstian,Murthy,Senior Staff
480988,Jeanna,Ambroszkiewicz,Staff
480994,Berry,Alpay,Senior Staff
480995,Saeko,Argence,Senior Staff
481000,Hidefumi,Zirintsis,Senior Staff
481002,Sahrah,Kroft,Senior Staff
481005,Remko,Zeilberger,Senior Staff
481006,Ult,Belinskaya,Senior Staff
481010,Sanjiv,Hennebert,Senior Engineer
481017,Mooi,Sethi,Senior Staff
481019,Sampalli,Kalorkoti,Senior Staff
481024,Morris,Gulik,Engineer
481025,Hairong,Apsitis,Senior Staff
481035,Mohit,Melton,Staff
481040,Shahaf,Serdy,Senior Staff
481043,Kersti,Covnot,Senior Staff
481051,Eben,Berendt,Staff
481058,Bouchung,Peral,Senior Engineer
481063,Jenwei,Asmuth,Engineer
481064,Ramya,Hutton,Senior Staff
481067,Arlette,Schlegelmilch,Engineer
481069,Tze,Bhattacharjee,Senior Engineer
481070,Miyeon,Gimbel,Senior Staff
481076,Yuqun,Muntz,Senior Engineer
481079,Sibyl,Fiutem,Senior Staff
481082,Arup,Suermann,Senior Staff
481084,Tzu,Zwicker,Senior Engineer
481086,Marek,Radivojevic,Senior Staff
481096,Yongmao,Sadowsky,Senior Engineer
481102,Mingzeng,Itzigehl,Engineer
481104,Shan,Hebert,Senior Staff
481109,Renee,Rosaz,Senior Engineer
481116,Mokhtar,Famili,Senior Staff
481122,Goh,Huxford,Senior Staff
481127,Muneo,Oxman,Senior Engineer
481128,Bodo,Gulak,Senior Staff
481129,Jaideep,Luce,Engineer
481138,Moie,Shumilov,Senior Engineer
481139,Domenick,Honglei,Staff
481144,Pramod,Honglei,Senior Staff
481146,Marek,Ramras,Staff
481149,Bogdan,Marakhovsky,Senior Engineer
481151,Urs,Vilarrasa,Staff
481152,Zeydy,Schiper,Senior Engineer
481153,Golgen,Thorelli,Senior Engineer
481155,Phuoc,Avouris,Staff
481158,Tesuro,Leonhardt,Senior Engineer
481162,Gino,Dehkordi,Senior Engineer
481165,Vasilis,Thummel,Senior Staff
481170,Ugo,Gustavson,Staff
481172,Jaana,Usery,Senior Engineer
481179,Remmert,Rosay,Technique Leader
481182,Domenick,Penttonen,Senior Staff
481185,Pramod,Denos,Senior Engineer
481188,Aiichiro,Jeansoulin,Senior Staff
481190,Tua,Butner,Senior Engineer
481194,Shaleah,Delgrange,Engineer
481195,Hidde,Hedayat,Senior Staff
481200,Seongbae,Bain,Engineer
481201,Vidar,Hofmeyr,Engineer
481202,Bedir,Boguraev,Senior Staff
481208,Haldon,Heystek,Staff
481220,Shugo,Mukaidono,Engineer
481221,Teiji,Gente,Senior Staff
481222,Zhiwei,Wrigley,Senior Engineer
481223,Aran,Cusworth,Senior Engineer
481228,Vishv,Cochrane,Senior Staff
481229,JoAnne,Goldhammer,Staff
481231,Mahendra,Conry,Senior Staff
481236,Boguslaw,Chinen,Senior Engineer
481240,Shaleah,Goodrum,Engineer
481243,Rosella,Streng,Technique Leader
481250,Evgueni,Cullers,Senior Staff
481252,Aluzio,Steenbeek,Senior Staff
481261,Alenka,Lindqvist,Senior Staff
481264,Jouko,Backhouse,Senior Engineer
481265,Yucel,Majewski,Senior Engineer
481266,Sorina,Simmen,Engineer
481268,Gen,Gniady,Senior Staff
481269,Stepehn,Openshaw,Senior Staff
481273,Halsur,Fontet,Senior Engineer
481274,Djenana,Dulli,Senior Staff
481276,Diederik,Kamber,Senior Engineer
481279,Jacqueline,Ranum,Senior Staff
481281,Jasminko,Waymire,Engineer
481287,Masanao,Kitsuregawa,Engineer
481288,Suzette,Chaudhuri,Senior Engineer
481296,Dmitri,Begiun,Senior Staff
481297,Breannda,Koprowski,Senior Engineer
481306,Vesna,Schade,Engineer
481307,Hatsukazu,Pappas,Senior Staff
481311,Katsuo,Beeson,Staff
481312,Yefim,Schapiro,Senior Engineer
481313,Cullen,Rodier,Senior Staff
481315,Yuichiro,Petereit,Senior Staff
481318,Nectarios,McFarlan,Staff
481321,Haldon,Randi,Senior Engineer
481322,Salvador,Hettesheimer,Staff
481324,Rasikan,Munch,Senior Engineer
481327,Phillip,Kinley,Engineer
481331,Jahangir,Setlzner,Senior Engineer
481332,Leon,Falco,Technique Leader
481334,Kazuhiko,Ressouche,Senior Staff
481337,Basant,Taubenfeld,Senior Engineer
481338,Kirk,Morrow,Engineer
481339,Zijian,Thorensen,Senior Staff
481341,Hidde,Ranka,Senior Staff
481343,Shaunak,Seiwald,Staff
481348,Yuuichi,Arlazarov,Senior Engineer
481350,Ioana,Crabtree,Senior Engineer
481352,Stabislas,Ritcey,Staff
481353,Herbert,Schaar,Senior Engineer
481355,LiMin,Munoz,Senior Engineer
481358,Dipankar,Spell,Senior Staff
481364,Kazunori,Klassen,Senior Staff
481365,Shaleah,Socorro,Senior Engineer
481367,Sverrir,Billingsley,Senior Engineer
481369,Josyula,Coombs,Engineer
481372,Alair,Lupu,Staff
481380,Adib,Cmelik,Senior Engineer
481381,Suebskul,Baaleh,Senior Engineer
481385,Heon,Kugler,Senior Engineer
481386,Shakhar,Rettelbach,Senior Staff
481388,Miquel,Collette,Senior Engineer
481389,Oldrich,Luon,Senior Staff
481398,Lijie,Koblick,Senior Engineer
481403,Magdalena,Rosen,Engineer
481410,Chuanyi,Matzel,Engineer
481414,Heekeun,Selenyi,Senior Engineer
481415,Mokhtar,Kaltofen,Senior Staff
481419,Masali,Coors,Senior Engineer
481423,Zhensheng,Nilsson,Senior Engineer
481425,Yuriy,Hinsberger,Staff
481434,Magy,Mondadori,Staff
481439,Kiam,Marakhovsky,Senior Engineer
481441,Baruch,Kugler,Engineer
481446,Shuzo,Verhaegen,Senior Engineer
481447,Baoqiu,Erez,Senior Engineer
481448,Kensei,Schlenzig,Senior Staff
481450,Doowon,Chachaty,Senior Staff
481469,Kristof,Varker,Staff
481474,Teunis,Kawashimo,Senior Staff
481475,Jessie,Danley,Senior Staff
481476,Yahiko,Silva,Engineer
481484,Candido,Ranka,Technique Leader
481486,Parke,Pelc,Senior Engineer
481491,Deniz,Kamble,Engineer
481493,Aiichiro,Birrer,Engineer
481494,Khalil,Luef,Senior Engineer
481495,Sushant,Sambasivam,Senior Engineer
481496,Christoph,Bonifati,Engineer
481502,Bikash,Fordan,Senior Engineer
481506,Bluma,Rehfuss,Staff
481508,Huai,Gornas,Staff
481511,Junsik,Kriebel,Engineer
481513,Shay,Gustavson,Senior Staff
481514,Yuqun,Restivo,Senior Engineer
481515,Luigi,Jervis,Senior Staff
481517,Palash,Peris,Senior Staff
481518,Panayotis,Duclos,Technique Leader
481519,Gladys,Cronan,Engineer
481520,Etsuo,Hartvigsen,Senior Staff
481522,Paddy,Feinberg,Senior Staff
481523,Chinhyun,Hammerschmidt,Senior Staff
481526,Shim,Stemann,Senior Engineer
481527,Marco,Mahmud,Staff
481530,Pragnesh,Demos,Technique Leader
481532,Gadiel,Chaudhury,Senior Staff
481537,Yucai,Munch,Senior Staff
481540,Doohun,Antonisse,Staff
481547,Marin,Rajcani,Senior Engineer
481548,Huei,Sidou,Senior Staff
481549,Fumiya,Plavsic,Senior Engineer
481551,Akemi,Bednarek,Senior Engineer
481554,Xianlong,Oehlmann,Senior Staff
481558,Ramachenga,Himler,Engineer
481563,Sanjai,McAffer,Staff
481569,Huican,Hutter,Senior Staff
481570,Arnould,Standera,Senior Engineer
481572,Pramod,Plessier,Engineer
481574,Gal,Dymetman,Senior Staff
481582,Arco,Lichtner,Staff
481586,Gaetan,Keohane,Senior Staff
481588,Jessie,Stranks,Senior Engineer
481590,Steen,Rajala,Senior Staff
481591,Masamitsu,Melski,Senior Engineer
481593,Xiaoqiu,Oxman,Senior Engineer
481596,Sanjai,Massonet,Senior Engineer
481598,Eberhardt,Karner,Technique Leader
481599,Hausi,Kawashima,Senior Staff
481601,Baocai,Birke,Senior Engineer
481603,Ramya,Spinelli,Staff
481612,Gonzalo,Strehl,Senior Staff
481615,Sachar,Shrader,Technique Leader
481632,Katsuyuki,Munoz,Senior Staff
481636,Yannik,Bahl,Senior Staff
481639,Ingemar,Falco,Senior Staff
481640,Khoa,Shrader,Senior Staff
481641,Miomir,Hammerschmidt,Senior Staff
481642,Anneli,Georg,Senior Staff
481643,Xianlong,Schlumberger,Staff
481645,Pantung,Solares,Senior Engineer
481646,Shawna,Acton,Technique Leader
481651,Cullen,Arlazarov,Engineer
481652,Roddy,Debuse,Senior Engineer
481658,Mingsen,Vanwelkenhuysen,Senior Staff
481660,Babette,Yeung,Senior Engineer
481670,Suvo,Bodoff,Engineer
481674,Jessie,Capobianchi,Senior Engineer
481675,Hsiangchu,Ranon,Senior Staff
481679,Nobuyoshi,Hatcliff,Senior Staff
481682,Pantung,Boguraev,Senior Engineer
481683,Lidong,Luit,Senior Staff
481691,Chikako,Constantine,Staff
481694,Adas,Baumann,Senior Engineer
481695,Bikash,Pusterhofer,Senior Staff
481708,Christfried,Salverda,Technique Leader
481710,Bernardo,Pollock,Engineer
481712,Vitaly,Jeong,Assistant Engineer
481715,Lene,Cesareni,Senior Engineer
481722,Mohammad,Ullian,Senior Engineer
481731,Manohar,Braunschweig,Senior Engineer
481743,Sukumar,Tibblin,Staff
481749,Stafford,Hardjono,Engineer
481750,Zvonko,Lieberherr,Senior Staff
481752,Adhemar,Copas,Senior Staff
481754,Marsja,Snyers,Senior Engineer
481756,Taisook,Reghbati,Staff
481762,Wojceich,Stranks,Senior Engineer
481768,Fuqing,Narahara,Staff
481774,Jacqueline,Morrin,Senior Engineer
481775,Gao,Hartvigsen,Senior Engineer
481776,Rosalie,Undy,Senior Staff
481777,Shooichi,Gruenwald,Senior Engineer
481778,Sergi,Quittner,Senior Engineer
481779,Kokou,Zizka,Senior Engineer
481780,Ibibia,Aloisi,Assistant Engineer
481787,Dulce,Gecsel,Senior Engineer
481788,Jenwei,Schaaf,Senior Engineer
481798,Sverrir,Attimonelli,Assistant Engineer
481801,Giap,Birta,Staff
481810,Hyuncheol,Parveen,Senior Staff
481814,Shigenori,Hiraishi,Senior Staff
481815,Khedija,Jenevein,Engineer
481819,Mountaz,Pappas,Engineer
481824,Almudena,Kitsuregawa,Staff
481828,Zejun,Panwar,Technique Leader
481829,Premal,Baalen,Senior Engineer
481832,Rosalie,Peyn,Senior Engineer
481843,Hsiangchu,Snedden,Engineer
481847,Kiyotoshi,Saoudi,Senior Staff
481855,Sachem,Varley,Senior Staff
481857,Ulises,Ecklund,Senior Staff
481858,Ishfaq,Trachtenberg,Senior Staff
481859,Steen,Delgrossi,Senior Staff
481867,Jaewon,Hatcliff,Senior Engineer
481870,Mansur,Serov,Senior Staff
481872,Moty,Usdin,Senior Engineer
481876,Yechiam,Worfolk,Senior Engineer
481883,Paris,Zeilberger,Senior Engineer
481885,Pascal,Merli,Engineer
481886,Danai,Erdmenger,Senior Staff
481892,Chaitali,Baezner,Senior Engineer
481894,Parke,Yurov,Senior Engineer
481897,Gregory,Kandlur,Senior Staff
481899,Danil,Zeilberger,Senior Engineer
481900,Aloys,Nooteboom,Senior Staff
481904,Mostafa,Heystek,Staff
481911,Dannz,Speel,Engineer
481912,Abdelwaheb,Ernst,Senior Engineer
481914,Muzhong,Pokrovskii,Senior Engineer
481916,Phuoc,Rossi,Senior Staff
481931,Yishay,Validov,Senior Engineer
481934,Heekeun,Lamba,Engineer
481937,Temple,Choobineh,Staff
481945,Danae,Stiles,Technique Leader
481947,Gift,Peac,Technique Leader
481949,Gurbir,Boguraev,Engineer
481953,Yishai,Brickell,Senior Staff
481954,Shugo,Comte,Engineer
481961,Arne,Zumaque,Staff
481962,Zorica,Zschoche,Engineer
481964,Denis,Swab,Senior Engineer
481973,Tremaine,Eugenio,Senior Engineer
481975,Dayanand,Gruenwald,Senior Staff
481981,Claudi,Spieker,Senior Engineer
481983,Odysseas,Servieres,Senior Engineer
481985,Constantine,Vakili,Senior Staff
481986,Huiqun,Beilner,Senior Staff
481987,Saeed,Smailagic,Engineer
481988,Vatsa,Kambil,Senior Engineer
481989,Gopalakrishnan,Falck,Senior Staff
481991,Serap,Molenkamp,Senior Staff
481992,Kwan,Bednarek,Senior Engineer
481993,Katsuo,Ranst,Senior Engineer
481995,Kwok,Snyers,Engineer
482007,Satyanarayana,Schrooten,Senior Staff
482011,Mayuri,Farrow,Staff
482020,Manu,Azumi,Senior Engineer
482024,Byong,Hofting,Senior Engineer
482025,Ashish,Eterovic,Senior Engineer
482026,Dmitri,Warwick,Senior Staff
482028,Rildo,Setiz,Staff
482029,Georgy,Rosiles,Senior Staff
482035,Conal,Beausoleil,Senior Engineer
482036,Alper,Badache,Senior Staff
482037,Reinhold,Junet,Senior Staff
482038,Yishai,Demri,Senior Engineer
482048,Georg,Lorys,Engineer
482050,Vugranam,Shrader,Senior Staff
482056,Heejo,Pehl,Engineer
482059,Shahab,Unni,Engineer
482062,Kitty,Braunschweig,Senior Engineer
482063,Nirmal,Strehl,Engineer
482064,Girolamo,Fairtlough,Senior Staff
482068,Rosli,Bellmore,Senior Engineer
482070,Susumu,Honglei,Senior Engineer
482074,Sven,Strandh,Senior Staff
482075,Kwun,Cunliffe,Staff
482077,Mihalis,Peternell,Engineer
482078,Ohad,Sanella,Senior Engineer
482079,Mooi,Hiroyama,Staff
482087,Guozhong,Skafidas,Senior Staff
482091,Garnik,Kuhnemann,Senior Staff
482093,Ramzi,Vieri,Senior Engineer
482095,Tomofumi,Dymetman,Engineer
482105,Akemi,Barvinok,Senior Staff
482109,Arfst,Angot,Senior Staff
482112,Ronghao,Bamford,Senior Staff
482116,Reuven,Azulay,Senior Staff
482119,Mitsuyuki,Emden,Senior Staff
482123,Nobuyoshi,Mungall,Senior Staff
482124,Goa,Markovitch,Engineer
482126,Fumitaka,Arlazarov,Senior Engineer
482127,Georgy,Pena,Senior Staff
482133,Tremaine,Chartres,Senior Engineer
482135,Aris,Albarhamtoshy,Senior Staff
482136,Jayson,Tibblin,Senior Staff
482139,Baziley,Stanfel,Senior Staff
482142,Quingbo,Iivonen,Engineer
482143,Zhiguo,Krychniak,Senior Staff
482144,Kensei,Shinomoto,Senior Staff
482148,Hercules,Berstel,Senior Engineer
482150,Przemyslawa,Gluchowski,Senior Staff
482157,Oscar,Mitzlaff,Senior Engineer
482158,Arlette,Lipner,Technique Leader
482160,Kamakshi,Kumaresan,Senior Engineer
482163,Kitty,Pezzoli,Senior Engineer
482164,Nalini,Comte,Staff
482165,Tonny,Makrucki,Senior Staff
482168,Yuchang,Marwedel,Senior Staff
482169,Ekawit,Wielonsky,Senior Engineer
482172,Moon,Olivero,Engineer
482187,Zhonghua,Rosca,Engineer
482188,Akemi,Panwar,Senior Engineer
482190,Matt,Birdsall,Senior Staff
482194,Fan,Tasistro,Senior Engineer
482200,Jinpo,Vesna,Senior Staff
482207,Satyanarayana,Perl,Senior Engineer
482211,Jeane,Kulisch,Technique Leader
482214,Dung,Michaeli,Senior Engineer
482216,Moss,Zumaque,Senior Engineer
482217,Paloma,Pietrzykowski,Staff
482222,Zongyan,Wossner,Staff
482226,Uzi,Siksek,Staff
482229,Krassimir,Morrow,Staff
482230,Dinah,Christ,Staff
482237,Xiaopeng,Ranka,Senior Engineer
482241,Reinhold,Birjandi,Senior Engineer
482260,Vugranam,Janetzko,Senior Staff
482263,Kaijung,Pavlopoulou,Senior Staff
482268,Dekang,Waschkowski,Senior Engineer
482273,Lunjin,Anick,Senior Staff
482274,Clyde,Chenney,Senior Staff
482277,Georgy,Detkin,Senior Staff
482282,Ewing,Taneja,Engineer
482285,Achilleas,Rattan,Engineer
482289,Fumitaka,Cooman,Senior Staff
482291,Reuven,Kalsbeek,Engineer
482292,Garnet,Yemenis,Engineer
482297,Khedija,Lorho,Technique Leader
482300,Carrsten,Showalter,Staff
482303,Ulises,Hoppenstand,Engineer
482304,Uwe,Minakawa,Senior Staff
482305,Aamod,Horswill,Engineer
482306,Kiyomitsu,Alencar,Senior Staff
482308,Shietung,Georg,Senior Engineer
482311,Shen,Iisaku,Senior Engineer
482317,Bernice,Engelmann,Senior Staff
482322,Bingning,Rosch,Engineer
482324,Bilhanan,Perez,Engineer
482326,Conal,Fairtlough,Staff
482333,Harjit,Pelz,Senior Engineer
482337,Girolamo,Miara,Technique Leader
482338,Tokuyasu,Waschkowski,Technique Leader
482339,Vishwani,Poujol,Senior Staff
482341,Gal,Hartvigsen,Senior Staff
482345,Lorien,Coney,Senior Engineer
482346,Georgi,Nyanchama,Senior Staff
482348,Shao,Peltason,Engineer
482349,Arlette,Munos,Engineer
482351,Dines,Straney,Senior Staff
482355,Golgen,Kulisch,Senior Engineer
482356,Bikash,Decaestecker,Senior Staff
482361,Wojceich,Sluis,Senior Staff
482363,Lenore,Georg,Technique Leader
482366,Adil,Schurmann,Senior Engineer
482374,Gaurav,Stamatiou,Staff
482376,Niranjan,Kusakabe,Senior Engineer
482378,Hilari,Schiper,Senior Staff
482379,Shalesh,Gulla,Senior Engineer
482382,Gererd,Maginnis,Senior Engineer
482384,Malu,Rothenberg,Engineer
482386,Subir,McFarlin,Senior Engineer
482388,Kish,Rassart,Senior Staff
482389,Xuejia,Alpay,Engineer
482391,Arnould,Anger,Senior Engineer
482393,Basil,Michaeli,Senior Engineer
482404,Ger,Verhaegen,Senior Engineer
482410,Dmitri,Tyugu,Senior Engineer
482413,Zhigen,Melski,Senior Staff
482414,Hatim,Czap,Senior Staff
482419,Christfried,Lorho,Staff
482427,Hatsukazu,Andreotta,Senior Engineer
482429,Wonhee,Guardalben,Senior Engineer
482434,Leon,Bugaenko,Engineer
482438,Nathan,Gulik,Senior Staff
482440,Katsuo,Sherertz,Senior Staff
482443,Miomir,Poujol,Engineer
482446,Satyanarayana,Adachi,Senior Staff
482447,Sanjai,Kusakari,Engineer
482450,Unal,Socorro,Senior Staff
482453,Anneli,Gilg,Assistant Engineer
482455,Petter,Gluchowski,Staff
482456,Yonghoan,Brookner,Senior Staff
482458,Zdislav,Bresenham,Senior Engineer
482459,Yoshimitsu,Herath,Staff
482460,Breannda,Vieri,Senior Engineer
482469,Dayanand,Rahier,Senior Engineer
482471,Shaowen,Lund,Senior Engineer
482474,Deborah,Henseler,Senior Engineer
482480,Herbert,Birjandi,Senior Staff
482482,Vivian,Vesel,Senior Engineer
482483,Debaprosad,Landherr,Senior Staff
482486,Yolla,Montemayor,Staff
482493,Lalit,VanScheik,Staff
482497,Tesuro,Nivat,Senior Engineer
482503,Subir,Gihr,Technique Leader
482506,Toong,Zeilberger,Senior Staff
482514,Geoff,Constantine,Senior Staff
482519,Kristian,Staylopatis,Staff
482521,Sanjai,Simmel,Senior Staff
482523,Adam,Plessier,Technique Leader
482526,Youssef,Leijenhorst,Staff
482529,LiMin,Fargier,Staff
482532,Adib,Vesna,Senior Engineer
482539,Bikash,Pehl,Senior Engineer
482541,Teruyuki,Masaki,Senior Staff
482544,Utz,Narwekar,Senior Engineer
482546,Karlis,Zongker,Engineer
482551,Sashi,Gluchowski,Engineer
482555,Hyuncheol,Mansanne,Senior Staff
482556,Gio,Panienski,Senior Staff
482557,Aran,Gecseg,Assistant Engineer
482563,Kayoko,Ratzlaff,Technique Leader
482564,Heon,Lieberherr,Senior Engineer
482565,Herb,Zlotek,Senior Engineer
482566,Brewster,Cangellaris,Senior Staff
482568,Fai,Tyugu,Senior Engineer
482571,Zengping,Orlowski,Engineer
482573,Ger,Escriba,Senior Staff
482576,Charlene,Terwilliger,Staff
482577,Masadi,Validov,Senior Engineer
482582,Leucio,Salinas,Engineer
482583,Danil,Wielonsky,Senior Staff
482586,Isamu,Lortz,Staff
482587,Taizo,Barinka,Senior Engineer
482588,Xuejun,Millington,Engineer
482592,Naraig,Mersereau,Senior Staff
482596,Saniya,Beznosov,Senior Engineer
482599,Marl,Stavenow,Senior Staff
482602,Aamer,Lagarias,Senior Engineer
482603,Jenwei,Itzigehl,Senior Staff
482604,Sudharsan,Toyoshima,Senior Staff
482609,Sreenivas,Brookman,Senior Engineer
482612,Sailaja,Straney,Assistant Engineer
482623,Sampalli,Honiden,Senior Engineer
482625,Siamak,Michaeli,Senior Staff
482630,Nirmal,Peres,Engineer
482633,Xiaoheng,Guerreiro,Senior Engineer
482635,Abdelwaheb,Waleschkowski,Engineer
482640,Shmuel,Chandrasekhar,Senior Staff
482646,Souichi,Kugler,Engineer
482648,Kinh,Velardi,Technique Leader
482649,Tiina,Tchuente,Staff
482650,Constantino,Ebeling,Senior Engineer
482651,Matt,Czaja,Staff
482654,Lokesh,Iisaka,Senior Engineer
482659,Zhenbing,Passino,Senior Staff
482664,Keiichiro,Rabehasaina,Senior Engineer
482666,Sandeepan,Pappas,Senior Engineer
482672,Ymte,Molenaar,Senior Engineer
482677,Pantung,Tokunaga,Staff
482679,Krister,Decleir,Staff
482682,Younwoo,Woycyznski,Senior Staff
482685,Eishiro,Cooley,Senior Staff
482688,Kish,Bonifati,Senior Engineer
482695,Jaques,Steenbeek,Senior Staff
482701,Vitaly,Diderrich,Senior Engineer
482704,Dharmaraja,Angelopoulos,Senior Engineer
482708,Baocai,Karnin,Senior Engineer
482711,Alois,Jarecki,Senior Staff
482713,Kazuhito,Hasenauer,Senior Engineer
482715,Kwangyoen,Guting,Senior Staff
482718,Xuedong,Birjandi,Staff
482720,Subhada,Swab,Engineer
482721,Beshir,Herber,Engineer
482730,Gio,Detkin,Senior Engineer
482731,Uzi,Hellwagner,Senior Engineer
482734,Nirmal,Kavanagh,Technique Leader
482738,Munehiko,Peral,Senior Engineer
482741,Yucel,Baik,Engineer
482747,Sumali,Lichtner,Technique Leader
482748,Udaiprakash,Dusink,Senior Staff
482749,Jaques,Ramsak,Senior Staff
482750,Renee,Montemayor,Senior Engineer
482757,Xiaopeng,Luders,Staff
482765,Hailing,Nitsche,Senior Engineer
482769,Djelloul,Hellwagner,Senior Staff
482776,Kristin,Beilner,Senior Staff
482779,Leah,Nitsch,Technique Leader
482782,Domenick,Vesel,Technique Leader
482789,Theron,Marsiglia,Senior Staff
482793,Lech,Walston,Senior Staff
482795,Yuping,Schurmann,Engineer
482797,Margareta,Boissier,Senior Staff
482806,Ebru,Kaminger,Senior Engineer
482808,Maya,Waeselynck,Engineer
482813,Dipayan,Veccia,Senior Staff
482816,Freyja,Naumovich,Senior Engineer
482819,Mostafa,Merkl,Senior Engineer
482820,Weiye,Barriga,Senior Staff
482823,Henk,Sidhu,Technique Leader
482825,Ewing,Skrikant,Staff
482826,Goo,Perin,Technique Leader
482828,Quingbo,Kavvadias,Senior Engineer
482829,Arup,Melski,Senior Staff
482830,Weiyi,Gornas,Senior Engineer
482831,Nahla,McConalogue,Technique Leader
482834,Patricio,Rosiles,Engineer
482835,Kellie,Seuren,Senior Engineer
482836,Augustine,Cunliffe,Senior Engineer
482840,Shahar,Binkley,Senior Staff
482844,Hauke,Jervis,Senior Staff
482846,Samphel,Quittner,Technique Leader
482856,Sashi,Salvesen,Senior Engineer
482862,Shaw,Anido,Senior Engineer
482863,Xiaobin,Spieker,Senior Staff
482868,Arunas,Iivonen,Technique Leader
482870,Yucel,Zlotek,Engineer
482875,Denny,Roohalamini,Senior Engineer
482878,Chikara,Denti,Senior Staff
482883,Sanjai,Cheshire,Senior Engineer
482884,Goncalo,Zumaque,Staff
482886,Gritta,Pavlopoulou,Technique Leader
482888,Apostol,Brookman,Senior Staff
482889,Souichi,Restivo,Senior Engineer
482892,Taiji,Middleton,Senior Engineer
482894,Greger,Takanami,Senior Staff
482895,Piyawadee,Asmuth,Staff
482900,Mabhin,Rusmann,Senior Engineer
482904,Weijing,Honglei,Senior Staff
482907,Gurbir,Kaiser,Senior Engineer
482909,Magy,Chvatal,Senior Engineer
482914,Lakshmi,Braccini,Staff
482921,Morris,Hiltgen,Senior Staff
482922,Van,Cappelli,Senior Staff
482925,Przemyslawa,Baer,Engineer
482931,Fumiko,Bade,Staff
482933,Sadegh,Lubachevsky,Senior Engineer
482934,Kitty,Cappelli,Staff
482935,Xiaoheng,Besancenot,Senior Engineer
482953,Rafail,Kilgour,Senior Staff
482955,Branimir,Zykh,Senior Staff
482958,Uzi,McClurg,Senior Engineer
482960,Taegyun,Lodder,Engineer
482967,Jaewoo,Samarati,Engineer
482968,Premal,Walston,Senior Engineer
482973,Hinrich,Baranowski,Senior Engineer
482974,Fayez,Glinert,Senior Engineer
482977,Rosalie,Mersereau,Staff
482980,Ulf,Domenig,Senior Engineer
482983,Hyuckchul,Bhattacharjee,Senior Staff
482986,Henk,Guardalben,Senior Staff
482987,Ziva,Schreiter,Senior Engineer
482988,Falguni,Shiratori,Senior Staff
482992,Kellyn,Velardi,Senior Staff
482993,Jianhua,Muhlberg,Senior Engineer
482994,Miyeon,Garrabrants,Engineer
482996,Wonhee,Lovengreen,Senior Staff
482999,Khosrow,Zirintsis,Assistant Engineer
483003,Candido,Kavvadias,Technique Leader
483006,Goa,Thombley,Senior Engineer
483011,Anestis,Orlowska,Senior Engineer
483016,Eckart,Lanzelotte,Senior Engineer
483017,Alejandro,Erdmenger,Senior Staff
483019,Kamran,Rosti,Senior Engineer
483020,Susumu,Verhoeff,Staff
483032,Anneke,Hiroyama,Senior Engineer
483033,Jongsuk,Percebois,Senior Staff
483034,Breannda,Azuma,Staff
483039,Subhankar,Lorho,Engineer
483041,Gian,Benzmuller,Senior Engineer
483042,Niranjan,Anguita,Senior Staff
483049,Conor,Rosiles,Senior Engineer
483051,Mingdong,Bain,Senior Staff
483052,Van,Waschkowski,Senior Engineer
483055,Mayuri,Colorni,Senior Engineer
483056,Michaela,Kushner,Senior Engineer
483057,Rosita,Byoun,Engineer
483060,Rosli,Gischer,Senior Engineer
483062,Pascal,Benveniste,Engineer
483065,Sudhanshu,Bahi,Senior Engineer
483069,Masaru,Baek,Engineer
483072,Frazer,Bruckman,Engineer
483074,Shigeo,Heijenga,Senior Staff
483075,Lalit,Lamma,Senior Engineer
483076,Jahangir,Eickenmeyer,Engineer
483077,Magdalena,Foote,Senior Staff
483082,Zito,Pileggi,Staff
483083,Oldrich,Gente,Staff
483094,Waiman,Servieres,Senior Engineer
483104,Dante,Daescu,Senior Engineer
483114,Fumiyo,Douceur,Staff
483118,Candida,Nergos,Engineer
483120,Filipp,Ghemri,Senior Engineer
483123,Masaki,Ducloy,Senior Engineer
483125,Akhilish,Rothe,Senior Staff
483126,Jagoda,Weedman,Senior Staff
483127,Fay,Lichtman,Senior Staff
483128,Suzette,Brookner,Senior Staff
483129,Shridhar,Schlenzig,Engineer
483131,Luise,Narwekar,Senior Engineer
483133,Chinho,Krychniak,Engineer
483135,Khedija,Denos,Senior Engineer
483136,Marjo,Perko,Senior Staff
483140,Sigeru,Sridhar,Engineer
483144,Janalee,Morton,Senior Staff
483146,Jackson,Krybus,Senior Staff
483149,Amabile,Rissanen,Senior Engineer
483150,Aria,Delgrossi,Senior Engineer
483151,Zhensheng,Clemencon,Engineer
483152,Nevio,Hartvigsen,Staff
483153,Sverrir,Talmor,Engineer
483158,Sumant,Weisert,Senior Staff
483161,Yuguang,Yeung,Senior Staff
483162,Mandell,Herath,Senior Engineer
483182,Subhada,Lores,Senior Staff
483183,Oscar,Ciolek,Senior Engineer
483185,Khatoun,Ebeling,Senior Engineer
483189,Guadalupe,Gente,Senior Engineer
483198,Kazuhiro,Rouquie,Senior Staff
483200,Mototsugu,Berstel,Staff
483208,Aran,Garnick,Staff
483212,Chirstian,Birnbaum,Staff
483214,Jungsoon,Macedo,Senior Engineer
483215,Golgen,Velardi,Technique Leader
483218,Quingbo,Nicolson,Senior Engineer
483220,Hyuckchul,Taubenfeld,Senior Engineer
483221,Chenyi,Coullard,Engineer
483222,Masadi,Karunanithi,Senior Staff
483225,Zhaofang,Farris,Senior Engineer
483228,Lidong,Vrecion,Senior Staff
483233,Alexius,Copas,Staff
483237,Heather,Unno,Engineer
483240,Urs,Ruemmler,Senior Staff
483242,Guenter,Weedman,Staff
483247,Shai,Herath,Senior Engineer
483250,Garnik,Jansch,Senior Staff
483251,Bedir,Maquelin,Senior Engineer
483253,Tse,Schwartzbauer,Staff
483255,Macha,Bernardinello,Engineer
483257,Susanne,Lorcy,Senior Staff
483262,Vivian,Billawala,Senior Staff
483272,Wonhee,Mattern,Engineer
483277,Bikash,Stroustrup,Engineer
483285,Zhenhua,Baezner,Senior Engineer
483288,Stafford,Waymire,Senior Staff
483300,Giordano,Matzen,Engineer
483305,Zhiwei,Rajala,Senior Staff
483306,Berna,Walstra,Engineer
483311,Xiping,Katzenelson,Senior Staff
483312,Renee,Sommer,Staff
483315,Mariangiola,Klassen,Senior Staff
483319,Hirochika,Koprowski,Senior Engineer
483323,Jayesh,Parfitt,Senior Engineer
483325,Neelam,Talmor,Senior Staff
483331,Vugranam,Rusmann,Engineer
483339,Youpyo,Collette,Technique Leader
483340,Tua,Oberman,Senior Engineer
483342,Jiakeng,Baik,Senior Engineer
483347,Maik,Guenter,Technique Leader
483348,Christoph,Covnot,Assistant Engineer
483350,Ramya,Wiegley,Staff
483351,Elrique,Zschoche,Engineer
483353,Mizuhito,Litvinov,Senior Staff
483354,Ekawit,Speel,Senior Staff
483358,Yakichi,Millington,Senior Engineer
483360,Claude,Waleschkowski,Assistant Engineer
483363,Zengping,Rathonyi,Engineer
483365,Tran,Garrabrants,Senior Engineer
483369,Nidapan,Delaune,Senior Staff
483370,Berni,Kumaresan,Staff
483372,Zhiguo,Domenig,Staff
483374,Sreekrishna,Swiler,Senior Staff
483376,Seongbin,Akiyama,Staff
483377,Hitomi,Usery,Senior Engineer
483381,Chenye,Bouloucos,Senior Engineer
483384,Arne,Varman,Senior Staff
483386,Marla,Horswill,Senior Engineer
483392,Shaowei,Mondadori,Engineer
483395,Zissis,Welham,Senior Engineer
483396,Fay,Gecsel,Senior Staff
483400,Uli,Zumaque,Senior Staff
483402,Seongbin,Grandbois,Technique Leader
483409,Christoper,Hasenauer,Senior Engineer
483410,Gor,Haraldson,Senior Engineer
483414,Stafford,Schueller,Senior Engineer
483416,Kwan,Aamodt,Technique Leader
483426,Shmuel,Willoner,Senior Staff
483427,Tsuneo,Neiman,Senior Staff
483428,Owen,Boreale,Senior Staff
483429,Marco,Vural,Senior Engineer
483431,Sastry,Perly,Senior Engineer
483434,Georgy,Aloia,Senior Staff
483435,Hidefumi,Mawatari,Senior Engineer
483437,Lijie,Piazza,Engineer
483438,Otmar,Hofstetter,Senior Staff
483441,Remzi,Sigstam,Staff
483448,Fun,Peternell,Senior Engineer
483450,Kshitij,Imataki,Senior Staff
483459,Giri,Winter,Senior Engineer
483461,Vivian,Heering,Senior Engineer
483466,Leszek,Fujisaki,Senior Engineer
483471,Jinya,Jayawardene,Senior Staff
483472,Gita,Pesch,Senior Staff
483474,JoAnna,Asmuth,Technique Leader
483477,Khue,Chiodo,Engineer
483479,Perla,Ashish,Engineer
483480,Branimir,Birrer,Senior Engineer
483487,Barton,Mitchem,Technique Leader
483490,Yechiam,Asmuth,Engineer
483494,Bojan,DuBourdieux,Senior Engineer
483496,Kiyomitsu,Hiraishi,Engineer
483498,Yuqun,Hasham,Senior Engineer
483499,Murthy,Vieri,Senior Engineer
483500,Sanjai,Wossner,Staff
483507,Kendra,Kitai,Senior Staff
483509,Poorav,Seiwald,Engineer
483513,Rafols,Bridgland,Senior Engineer
483518,Kazuhiro,Morrey,Staff
483519,Duangkaew,Papsdorf,Senior Engineer
483521,Ipke,Birch,Senior Engineer
483531,Sandeepan,Slutz,Staff
483533,Doowon,Leaver,Senior Staff
483538,Jackson,Merlo,Senior Staff
483539,Gurbir,Hiroyama,Senior Engineer
483540,Rajmohan,Diderrich,Senior Engineer
483541,Saeed,Fujisaki,Senior Engineer
483542,Mircea,Baak,Staff
483549,Chaitali,Chenney,Technique Leader
483555,Yakkov,Jiang,Engineer
483557,Brigham,Kossowski,Staff
483561,Amalendu,Ranft,Engineer
483564,Licheng,Cichocki,Senior Engineer
483567,Theirry,Oxman,Engineer
483572,Bedrich,Stroustrup,Senior Staff
483578,Shaunak,Bamford,Senior Staff
483580,Bernice,Demir,Staff
483581,Weijing,Haraldson,Senior Engineer
483582,Kazuhito,Callaway,Senior Engineer
483586,Nahla,Pardalos,Senior Engineer
483587,Ishfaq,Sinicrope,Engineer
483588,Gen,Sommer,Staff
483592,Lein,Claffy,Senior Staff
483593,Sanjit,Vingron,Senior Engineer
483601,Duangkaew,Varker,Senior Engineer
483602,Genevieve,Nourani,Assistant Engineer
483604,Subhash,Wendorf,Senior Staff
483605,Theron,Collette,Senior Engineer
483607,Shaowen,Gelosh,Senior Staff
483608,Mayumi,Haraldson,Engineer
483611,Goncalo,Einsfeld,Senior Staff
483614,Kiyotoshi,Mandelberg,Senior Engineer
483617,Shushma,McFarlin,Senior Engineer
483621,Marin,Dulin,Staff
483629,Yuichiro,Camurati,Senior Engineer
483635,Marsja,Backhouse,Technique Leader
483636,Barry,Milicic,Senior Staff
483642,Sedat,Walstra,Senior Staff
483650,Augustine,Peac,Engineer
483651,Sanjoy,Slobodova,Senior Engineer
483656,Mana,Serot,Senior Staff
483658,Brigham,Aseltine,Technique Leader
483660,Chinho,Kaiserswerth,Senior Engineer
483662,Otmar,Frolund,Senior Staff
483665,Saeed,Liesche,Senior Engineer
483667,Adhemar,Baik,Senior Engineer
483671,Masali,Peck,Senior Engineer
483677,Mario,Impagliazzo,Senior Engineer
483684,Eckart,Jonsson,Staff
483687,Radoslaw,Gunderson,Senior Engineer
483688,Chinho,Peroz,Senior Staff
483690,Shem,Erbe,Senior Engineer
483692,Mayumi,Merey,Senior Engineer
483693,Rasiah,dAstous,Staff
483695,Mamdouh,Sommer,Senior Engineer
483697,Prasadram,Swist,Senior Staff
483698,Nectarios,Brobst,Senior Engineer
483702,Jayesh,Bressoud,Senior Staff
483703,Shushma,Asmuth,Staff
483715,Shawna,Lieblein,Senior Staff
483717,Jianhao,Paciorek,Senior Staff
483725,Duri,Turnbull,Senior Staff
483726,Tzu,Falster,Senior Staff
483737,Tsuneo,Jervis,Senior Engineer
483741,Pohua,Rijckaert,Senior Engineer
483747,Tsuneo,Ratnakar,Senior Engineer
483750,Fumino,Rodham,Staff
483761,Stevo,Ghandeharizadeh,Senior Engineer
483768,Moss,Jansen,Technique Leader
483770,Zeydy,Szemeredi,Senior Staff
483773,Vincent,Engelmann,Senior Engineer
483775,Moty,DuBourdieux,Senior Staff
483779,Rutger,Boguraev,Engineer
483791,Divine,Felder,Senior Engineer
483792,Irena,Unno,Senior Staff
483794,Hausi,Alvarado,Engineer
483797,Vasilii,Dengi,Senior Staff
483798,Sudharsan,Attimonelli,Senior Engineer
483799,Khedija,Hammerschmidt,Assistant Engineer
483801,Sajjan,Rosin,Senior Engineer
483803,Magy,Rohrbach,Staff
483805,Arnould,Kabayashi,Staff
483806,Moni,Peron,Senior Staff
483807,Aemilian,Cooke,Senior Engineer
483808,Ipke,Peir,Senior Engineer
483815,Hairong,Zedlitz,Senior Staff
483818,Moon,Takkinen,Staff
483820,Valery,Birrer,Senior Staff
483821,Arunachalam,Fujisaki,Senior Staff
483828,Tommaso,Codenie,Senior Staff
483829,Noritoshi,Ramaiah,Senior Engineer
483834,Tse,Oppitz,Engineer
483835,Yishay,Cools,Senior Staff
483839,Jaewon,Maksimenko,Senior Engineer
483840,Manohar,Morrey,Senior Engineer
483841,Kwan,Swift,Senior Staff
483842,Marjo,DiGiano,Senior Engineer
483844,Zengping,Boyle,Staff
483846,Chikara,Merks,Senior Staff
483847,Feipei,Serot,Senior Staff
483849,Yakichi,Flowers,Senior Engineer
483854,Deniz,Borstler,Staff
483857,Maria,Rabejac,Technique Leader
483858,Randy,Papadias,Staff
483859,Taizo,Guting,Senior Staff
483862,Kamran,Kenevan,Senior Engineer
483864,Zhensheng,Heering,Senior Staff
483866,Uwe,Baezner,Senior Engineer
483869,Brendon,Mungall,Engineer
483871,Karlis,Langford,Senior Engineer
483873,Sashi,Zultner,Assistant Engineer
483876,Tomofumi,Crouzet,Senior Staff
483877,Marla,Rijsenbrij,Staff
483879,Jaideep,Sooriamurthi,Senior Engineer
483880,Padma,Sridhar,Senior Engineer
483882,Basil,Alvarado,Senior Engineer
483884,Elvia,Lunn,Senior Engineer
483887,Serap,Billawala,Senior Staff
483890,Lucien,Pashtan,Technique Leader
483895,Shuho,Hammerschmidt,Senior Staff
483901,Kristine,Sherertz,Senior Engineer
483902,Masaki,Schach,Senior Staff
483904,Xiaoqiang,Berztiss,Senior Staff
483905,Kasidit,Poulakidas,Senior Staff
483906,Tomoyuki,Kenevan,Senior Staff
483907,Ult,Khamsi,Senior Engineer
483909,Pantung,Vesna,Senior Staff
483912,Mana,Comellas,Staff
483914,King,Lamba,Assistant Engineer
483919,Faiza,Zlotek,Senior Staff
483922,Frederique,Rahimi,Senior Engineer
483926,Supot,Peck,Senior Staff
483929,LiMin,Candan,Senior Engineer
483931,Sadun,Benveniste,Senior Staff
483946,Elgin,Garigliano,Senior Engineer
483951,Teunis,Parhami,Senior Staff
483954,Ohad,Morrow,Senior Staff
483955,Arvin,Xiaoshan,Senior Engineer
483956,Goo,Garrabrants,Technique Leader
483959,Yaghout,Welham,Engineer
483961,Jaihie,Spelt,Engineer
483963,Giao,Vrecion,Engineer
483965,Xiaoqiu,Leuchs,Engineer
483968,Bezalel,Debuse,Senior Engineer
483969,Subir,Alpin,Senior Engineer
483971,Yuriy,Irland,Staff
483976,Claude,Gerlach,Senior Engineer
483979,Uno,Guerreiro,Staff
483981,Shuky,Halevi,Engineer
483983,Shigeu,Ravishankar,Senior Staff
483984,Mandell,Azadmanesh,Senior Engineer
483986,Siamak,Radhakrishnan,Senior Engineer
483999,Jouko,Barvinok,Senior Staff
484000,Bezalel,Reeker,Senior Engineer
484005,Remco,Czap,Senior Staff
484010,Udaiprakash,Narahara,Senior Staff
484011,Shem,Gyimothy,Senior Staff
484017,Aron,Candan,Senior Staff
484020,Ayakannu,Oppitz,Senior Engineer
484023,Sham,Bellmore,Engineer
484025,Gift,Ligten,Engineer
484027,Akhilish,Antonisse,Senior Engineer
484029,Shaz,Ramsak,Senior Engineer
484033,Sanjeeva,Aloia,Staff
484036,Toshimitsu,Kolinko,Senior Engineer
484039,Mohd,Eiter,Senior Staff
484046,Jenwei,Tokunaga,Senior Staff
484047,Danel,Leivant,Senior Staff
484050,Berthier,Angiulli,Senior Engineer
484053,Lein,Gulik,Senior Engineer
484055,Shietung,Pena,Senior Staff
484066,Arif,Zaccaria,Senior Engineer
484068,Dmitri,Wielonsky,Senior Engineer
484072,Stabislas,Lienhardt,Senior Engineer
484078,Weiyi,Soloway,Senior Staff
484084,Monique,Biran,Staff
484085,Basant,Swick,Staff
484086,Marsha,Cullers,Senior Staff
484087,Herb,Tagansky,Senior Staff
484096,Garnet,Kugler,Senior Engineer
484104,Flemming,Openshaw,Engineer
484105,Hercules,Portugali,Senior Staff
484110,Abdelghani,Limongiello,Staff
484111,Uta,Zyda,Senior Engineer
484112,Odysseas,Gammage,Senior Staff
484115,Berni,Pardalos,Senior Staff
484117,Arfst,Bamford,Staff
484118,Denis,Remmele,Senior Staff
484120,Persi,Legleitner,Assistant Engineer
484121,Yagil,Mundy,Senior Staff
484122,Lenore,Bazelow,Staff
484124,Saeed,Ecklund,Senior Engineer
484128,Yunming,Dichev,Engineer
484135,Owen,Pezzoli,Senior Staff
484141,Achilleas,Lorin,Engineer
484143,Wayne,Chinal,Senior Staff
484144,Shahid,Ouhyoung,Senior Staff
484146,Khedija,Lowrie,Senior Engineer
484153,Claudi,Pardalos,Senior Engineer
484155,Marit,McClurg,Senior Engineer
484157,Tonny,Kumaresan,Technique Leader
484161,Halsur,Zykh,Senior Engineer
484165,Samphel,Srimani,Engineer
484175,Suzette,Taubman,Engineer
484179,Chenyi,Murrill,Senior Staff
484182,Hercules,Dymetman,Senior Engineer
484183,Udi,Cronin,Staff
484188,Aimee,Aloisi,Senior Staff
484191,Mani,Gente,Engineer
484193,Zengping,Lemarechal,Senior Engineer
484194,Phillip,Fioravanti,Senior Staff
484195,Sandeepan,Zielinski,Senior Engineer
484201,Huai,Niizuma,Senior Engineer
484206,Mana,Berstel,Engineer
484208,Lidong,Ebeling,Senior Staff
484209,Sanjai,Soloway,Technique Leader
484211,Takanari,Henseler,Senior Staff
484216,Souichi,England,Staff
484217,JoAnne,Gomatam,Senior Staff
484218,Collette,Streng,Senior Staff
484219,Kwan,Vilarrasa,Engineer
484222,Suebskul,Brodal,Senior Engineer
484227,Ferdinand,Takkinen,Engineer
484233,Kellyn,Simmel,Staff
484234,Arlette,Antonisse,Senior Staff
484236,Kazuyasu,Srimani,Senior Engineer
484238,Moty,Marzano,Senior Engineer
484242,Shawna,Lunt,Senior Engineer
484246,Poorav,Matzat,Staff
484249,Visit,Lalonde,Senior Engineer
484251,Chuanyi,Ertl,Staff
484256,Nobuyoshi,Paludetto,Senior Engineer
484260,Subhada,Sullins,Technique Leader
484262,Sushant,Bonifati,Senior Engineer
484266,Feipei,Schaaf,Senior Staff
484269,Sadok,Gimarc,Senior Staff
484270,Toshimi,Wuwongse,Staff
484271,Hauke,Pettey,Assistant Engineer
484275,Shigeichiro,Engelmann,Staff
484279,Gal,Remmers,Senior Staff
484282,Tetsushi,Anick,Senior Staff
484283,Hidekazu,Aumann,Senior Staff
484284,Heng,McClurg,Senior Staff
484285,Fumitake,Schaaf,Staff
484286,Prasadram,DasSarma,Engineer
484291,Feiyu,Orlowski,Senior Engineer
484297,Maik,Rande,Engineer
484302,Angel,Tomescu,Senior Engineer
484303,Geraldo,Jiafu,Senior Staff
484305,Tuval,Mawatari,Senior Staff
484307,Shiv,Rosay,Senior Staff
484315,Honglan,Gulak,Senior Staff
484318,Weijing,Marchegay,Senior Engineer
484319,Younwoo,Siprelle,Senior Engineer
484325,Yuping,Callaway,Senior Staff
484328,Hailing,Jenevein,Engineer
484329,Mats,Pettis,Senior Engineer
484338,Honesty,Itschner,Senior Engineer
484340,Xianlong,Diderrich,Senior Staff
484342,Guangming,Delgrange,Staff
484349,Bluma,Swiss,Engineer
484352,Munehiro,Nannarelli,Senior Staff
484356,Narain,Bonifati,Senior Engineer
484357,Berto,Chenney,Senior Engineer
484361,Ugo,Hempstead,Senior Staff
484364,Jacqueline,Rousseau,Senior Staff
484368,Yechiam,Litvinov,Engineer
484377,Guozhong,Gulik,Senior Engineer
484381,Kazuhira,Perz,Staff
484385,Owen,DuCasse,Engineer
484387,Fumiyo,Rajaraman,Senior Engineer
484390,Richard,Ellozy,Staff
484393,Ottavia,Lanteri,Technique Leader
484394,Sachin,Sudkamp,Engineer
484396,Janalee,Lortz,Senior Staff
484398,Qiwen,Borstler,Senior Engineer
484400,Dung,Hoogerwoord,Staff
484403,Arnould,Minakawa,Engineer
484414,Nechama,Marciano,Senior Staff
484421,Serge,Hanratty,Senior Staff
484423,Filipe,Lundstrom,Senior Engineer
484424,Yifei,Pashtan,Engineer
484425,Radhika,Zeilberger,Staff
484427,Kerryn,Haldar,Senior Engineer
484433,Huican,Geffroy,Staff
484436,Mechthild,Munck,Staff
484440,Munehiko,Dayang,Senior Engineer
484447,Christophe,Rajaraman,Senior Engineer
484456,Emdad,Kalsbeek,Engineer
484457,Junsik,Herbst,Senior Engineer
484458,Xiaocheng,Bahk,Senior Engineer
484461,Karsten,Caine,Senior Staff
484471,Sastry,Panienski,Senior Staff
484475,Hiroyasu,Cheshire,Senior Staff
484476,Guoxiang,Ghemri,Engineer
484480,Doohun,Salvesen,Senior Staff
484482,Vishv,Improta,Senior Engineer
484489,Gritta,Wendorf,Engineer
484490,Kinh,Poulakidas,Senior Staff
484491,Atreye,Maierhofer,Senior Engineer
484499,Sergi,Ramras,Senior Engineer
484502,Jessie,Matzat,Engineer
484504,Gou,Orlowski,Senior Staff
484516,Shuzo,Schmezko,Staff
484522,Denis,Paciorek,Senior Staff
484524,Aria,Sullins,Senior Staff
484527,Divine,Kornatzky,Senior Engineer
484532,Arif,Vidya,Engineer
484535,Kaijung,Ritcey,Senior Staff
484536,Soenke,Zambonelli,Senior Engineer
484539,Haldun,Poupard,Staff
484540,Jianhua,Potthoff,Engineer
484546,Lijia,Litzkow,Senior Staff
484548,Jaideep,Mondadori,Senior Engineer
484550,Moto,Daescu,Senior Staff
484551,Toshiko,Camarinopoulos,Staff
484555,Soenke,Demos,Staff
484559,Naraig,Pardalos,Senior Engineer
484561,Feiyu,Bridgland,Senior Staff
484565,Harjit,Benner,Technique Leader
484567,Vugranam,Lindenbaum,Assistant Engineer
484568,Alexius,Bahr,Staff
484572,Mart,Pettis,Senior Engineer
484574,Gal,Thimonier,Staff
484582,Tsvetan,Kobara,Senior Staff
484583,Xiping,Jording,Staff
484585,Alain,Pfau,Technique Leader
484597,Alejandro,Barriga,Senior Engineer
484598,Naraig,Swift,Senior Staff
484602,Kenroku,Akiyama,Senior Engineer
484604,Menkae,Einsfeld,Senior Staff
484605,Keung,Lorho,Engineer
484608,Marlo,Brodie,Engineer
484610,Jayson,Ranta,Senior Engineer
484611,Breannda,Camarinopoulos,Senior Engineer
484612,Mohan,Junet,Engineer
484619,Fei,Fargier,Senior Staff
484621,Mircea,Zockler,Assistant Engineer
484622,Zengping,Merel,Senior Engineer
484625,Phule,Lortz,Senior Engineer
484627,Younwoo,Parhami,Senior Engineer
484630,Mads,Codenie,Staff
484631,Temple,Peyn,Senior Engineer
484637,Randi,Lund,Senior Engineer
484639,Denis,Valiente,Senior Engineer
484641,Laurentiu,Pouyioutas,Senior Engineer
484645,Danai,Talmor,Senior Staff
484648,Girolamo,Vingron,Senior Staff
484651,Mayumi,Nicolson,Technique Leader
484655,Heejo,Templeman,Senior Staff
484658,Mang,Kakkad,Senior Staff
484660,Yonghong,Maksimenko,Staff
484663,Miyeon,Tetzlaff,Senior Engineer
484672,Uriel,Iisaka,Engineer
484676,Erez,Barbanera,Engineer
484679,Ghassan,Chepyzhov,Senior Engineer
484683,Iara,Ranai,Senior Engineer
484688,Gila,Morris,Engineer
484690,Demos,Mukaidono,Senior Engineer
484694,Salvador,Alvarado,Engineer
484695,Marit,Katiyar,Staff
484696,Jacopo,Zaumen,Senior Staff
484698,Avishai,Bach,Senior Staff
484700,Mototsugu,Ramsay,Engineer
484702,Sanjay,Plotkin,Senior Engineer
484707,Mahendra,Smeets,Senior Staff
484708,Mohua,Tchuente,Senior Staff
484716,Yinlin,Schlumberger,Senior Staff
484718,Eckart,Akazan,Staff
484725,Martina,Merel,Senior Engineer
484727,Takanari,Tsukune,Engineer
484728,Mokhtar,Rosaz,Senior Staff
484730,Subhrajyoti,Solovay,Senior Engineer
484734,Rafols,Keohane,Technique Leader
484736,Radhakrishnan,Stamatiou,Senior Staff
484738,Yuriy,Montemayor,Senior Staff
484739,Cullen,Thummel,Senior Engineer
484742,Kousuke,Zumaque,Senior Staff
484743,Conrado,Taneja,Senior Staff
484748,Shridhar,Orlowska,Senior Staff
484751,Nobuyoshi,Coombs,Engineer
484754,Mario,Hebert,Senior Staff
484755,Mototsugu,Kobuchi,Senior Staff
484772,Bartek,Bain,Engineer
484773,Heon,Rindone,Senior Engineer
484774,Brigham,Cherinka,Senior Staff
484776,Wojceich,Tzvieli,Senior Staff
484777,Chriss,Hettesheimer,Senior Staff
484778,Jeanne,Bugaenko,Engineer
484788,Kwangyoen,Melton,Senior Engineer
484789,Douadi,Imataki,Senior Staff
484791,Alexius,Kushner,Staff
484793,Beshir,Vadhan,Senior Staff
484794,Uri,Comte,Senior Engineer
484799,Peternela,Roohalamini,Senior Engineer
484801,Xiaobin,Zultner,Engineer
484803,Kwangsub,Takanami,Senior Staff
484804,Radoslaw,Maksimenko,Senior Staff
484806,Jianhui,Gulla,Senior Staff
484808,Siddarth,Bale,Senior Engineer
484811,Fusako,Schrift,Senior Engineer
484813,Kousuke,Emiris,Staff
484827,Godehard,Kakkar,Senior Staff
484829,Maris,Hettesheimer,Engineer
484832,Yuichiro,Birrer,Assistant Engineer
484835,Shigeichiro,Merle,Senior Engineer
484842,Mack,Conia,Senior Engineer
484846,Khalil,Greibach,Senior Engineer
484851,Hercules,Schwaller,Staff
484855,Zhiwei,Curless,Technique Leader
484856,Martine,Junet,Senior Staff
484857,Kwok,Fioravanti,Senior Engineer
484868,Arch,Lindenbaum,Staff
484870,Honglan,Farrag,Staff
484879,Sanjeeva,Kitai,Senior Staff
484893,Kannan,Bressoud,Senior Staff
484895,Katsuo,Hanabata,Engineer
484899,Olivera,Pearson,Senior Staff
484900,Deborah,Halevi,Senior Engineer
484905,Fabrizio,Kroft,Senior Engineer
484914,Weijing,Crelier,Senior Engineer
484916,Maren,Hofstetter,Senior Staff
484921,Abdelghani,Waleschkowski,Senior Engineer
484928,Yuchang,Litzler,Senior Staff
484933,Masako,Beerel,Senior Staff
484934,Magy,Aamodt,Senior Engineer
484943,Danel,Iivonen,Senior Staff
484946,Narain,Fritzsche,Senior Engineer
484947,Giap,Plesums,Senior Engineer
484950,Navid,Brendel,Technique Leader
484951,Branimir,Lichtner,Senior Staff
484967,Chrisa,Herbst,Senior Engineer
484972,Naraig,Barbanera,Engineer
484973,Sachar,Kumaresan,Engineer
484980,Dulce,Montresor,Senior Engineer
484981,Toshiko,Anger,Staff
484984,Eberhardt,Brandsma,Senior Staff
484985,Fei,Gide,Senior Engineer
484986,Luisa,Ruther,Engineer
484989,Clyde,Jumpertz,Senior Staff
484990,Sham,Bernini,Senior Engineer
484996,Mari,Petersohn,Senior Engineer
484997,Ravishankar,Oppitz,Senior Engineer
484999,Khue,Milicic,Assistant Engineer
485000,Conor,Quaggetto,Senior Staff
485001,Perry,Jiang,Senior Engineer
485004,Mohammed,Keohane,Senior Staff
485009,Fei,Baer,Senior Engineer
485011,Subhrajyoti,Lipner,Engineer
485012,Xuejia,Delgrossi,Senior Engineer
485017,Mircea,Magalhaes,Staff
485018,Dinkar,Nooteboom,Staff
485020,Zito,Zirintsis,Engineer
485025,Shigehito,Morrey,Senior Staff
485032,Subhankar,Vesel,Senior Staff
485034,Oguz,Zeleznik,Staff
485037,Ennio,Bolsens,Senior Staff
485039,Shugo,Zhang,Senior Engineer
485041,Chaitali,Bugaenko,Senior Engineer
485044,Josyula,Angelov,Senior Staff
485047,Shugo,Chiola,Engineer
485052,Pragnesh,Ginesta,Staff
485053,Tokuyasu,Benantar,Staff
485054,Kien,Qiwen,Senior Staff
485055,Cullen,Zyda,Senior Engineer
485056,Chrisa,Willoner,Engineer
485058,Jamaludin,Curless,Senior Staff
485063,Sadok,Gecsel,Senior Staff
485065,Ute,Poujol,Staff
485066,Subir,Rabehasaina,Senior Engineer
485067,Leen,Waleschkowski,Staff
485068,Niranjan,Spieker,Senior Staff
485069,Alassane,Riexinger,Senior Engineer
485072,Katsuyuki,Casley,Senior Engineer
485080,Randy,Cochrane,Senior Engineer
485082,Xiaoqiu,Erde,Staff
485083,Holgard,Huxford,Senior Staff
485090,Hongzhu,Chinen,Senior Engineer
485092,Herb,Comyn,Senior Engineer
485093,Marie,Porotnikoff,Senior Staff
485109,Satosi,Swift,Technique Leader
485110,Masami,Henders,Senior Engineer
485117,Gunilla,Gini,Senior Engineer
485122,Frederique,Negoita,Senior Staff
485130,Eldridge,Brlek,Technique Leader
485134,Nagui,Sullins,Engineer
485138,Manohar,Papsdorf,Engineer
485151,Feipei,Camarinopoulos,Senior Staff
485154,Jayesh,Hertweck,Assistant Engineer
485157,Xumin,Kemmerer,Staff
485162,Ekawit,Manderick,Senior Staff
485163,Zhensheng,Rusmann,Senior Engineer
485164,Zhensheng,Rossi,Senior Staff
485170,Kagan,Condotta,Technique Leader
485172,Stella,Parascandalo,Senior Engineer
485175,Tooru,Fadgyas,Assistant Engineer
485176,Xudong,Ellozy,Engineer
485178,Miyeon,Bojadziev,Senior Engineer
485181,Berthier,Salvesen,Senior Engineer
485185,Ziva,Frijda,Staff
485188,Jianhao,Marrevee,Senior Staff
485189,Sigeru,Kemmerer,Engineer
485190,Yongdong,Petereit,Senior Staff
485191,Yonghoan,Cochrane,Technique Leader
485192,Ronghao,Alpin,Senior Engineer
485195,Pranjal,Nanard,Senior Staff
485198,Snehasis,Vadhan,Engineer
485205,Yefim,Taneja,Senior Staff
485212,Magdalena,Besancenot,Senior Engineer
485214,Yurij,Marquardt,Senior Engineer
485215,Zhigen,Lampe,Senior Staff
485219,DAIDA,Heyers,Senior Staff
485235,Sergi,Hinsberger,Senior Engineer
485238,Heather,Gargeya,Senior Engineer
485244,George,Bage,Senior Staff
485245,Tesuro,Capobianchi,Engineer
485247,Jiakeng,Marchegay,Senior Engineer
485248,Sadun,Seuren,Engineer
485250,Sungwon,Schrift,Staff
485251,Cedric,Kenevan,Senior Staff
485254,Barton,Andreotta,Staff
485255,Yurij,Benzmuller,Staff
485263,Kamakshi,Lichtman,Senior Engineer
485270,Toshimi,Conti,Technique Leader
485271,Luerbio,Kushner,Senior Staff
485272,Make,Sommen,Staff
485284,Lucien,Avouris,Engineer
485293,Maren,Usery,Technique Leader
485297,Manu,Rebaine,Engineer
485299,Lakshmi,Peternell,Senior Engineer
485301,Augustine,Zastre,Senior Engineer
485304,Elvia,Pagter,Senior Engineer
485309,Ute,Rahier,Staff
485321,Froduald,Rouquie,Senior Staff
485323,Palash,Sabnani,Senior Staff
485327,Saniya,Valtorta,Senior Engineer
485330,Guttorm,Stavenow,Senior Staff
485333,Niclas,Schmezko,Engineer
485336,Leon,Shinomoto,Senior Staff
485341,Mohammed,Validov,Senior Engineer
485343,Mingzeng,Greibach,Engineer
485346,Michaela,Thimonier,Senior Engineer
485347,Howell,Bednarek,Engineer
485352,Jacqueline,Fraisse,Senior Staff
485359,Francoise,Milicia,Senior Staff
485362,Aksel,Kitai,Technique Leader
485363,Mikhail,Serre,Senior Staff
485364,Guenter,Miara,Engineer
485365,Menkae,Dichev,Senior Engineer
485367,Carrsten,Comellas,Senior Engineer
485369,Hyuckchul,Schonegge,Senior Staff
485372,Mingdong,Staudhammer,Senior Engineer
485375,Kenton,Rusmann,Senior Staff
485377,JoAnne,Quittner,Engineer
485381,Aral,Vingron,Senior Staff
485386,Sadegh,Wynblatt,Senior Engineer
485387,Hatim,Wendorf,Technique Leader
485388,Lidong,Gecseg,Senior Staff
485390,Honglan,Wixon,Technique Leader
485401,Vojin,Cangellaris,Senior Staff
485404,Bangqing,Hebert,Senior Engineer
485405,Vidar,Vigier,Staff
485418,Marin,Przulj,Engineer
485422,Doohun,Kornatzky,Senior Engineer
485423,Siddarth,Eterovic,Senior Staff
485428,Kazunori,Moehrke,Staff
485430,Sastry,Rissanen,Senior Engineer
485436,Boguslaw,Ginesta,Senior Staff
485440,Monique,Makrucki,Staff
485442,Genta,Capobianchi,Engineer
485443,Guangming,Lyonns,Senior Staff
485444,Venkatesan,Chleq,Senior Staff
485445,Kazuhito,Brandsma,Technique Leader
485449,Arup,Serna,Senior Staff
485455,Sungwon,Ranft,Engineer
485457,Angel,Alencar,Engineer
485459,Tsz,Speek,Staff
485460,Przemyslawa,Karner,Senior Engineer
485467,Rayond,Peac,Senior Engineer
485469,Chaosheng,Mitchem,Senior Engineer
485471,Jaroslava,Marchegay,Senior Engineer
485476,Wilmer,Fortenbacher,Engineer
485481,Shichao,Akaboshi,Senior Engineer
485487,Goetz,Roohalamini,Senior Staff
485492,Kaijung,Waymire,Staff
485500,Kristian,Kroon,Senior Staff
485507,Werner,Puppo,Engineer
485508,Moti,Vernadat,Engineer
485511,Yongqiao,Bondorf,Senior Staff
485517,Nalini,Montemayor,Senior Engineer
485523,Poorav,Rosaz,Senior Engineer
485536,Goetz,Nourani,Engineer
485540,Dines,Massonet,Staff
485544,Krassimir,Spell,Senior Engineer
485546,Bluma,Ranai,Senior Staff
485547,Ayonca,Verspoor,Senior Staff
485551,Mitsuyuki,Velardi,Senior Staff
485557,Marko,Kinley,Engineer
485559,Premal,Gist,Senior Staff
485560,Moon,Tanemo,Senior Engineer
485568,Inderjeet,Oskamp,Senior Staff
485569,Bowen,Peak,Senior Engineer
485571,Baruch,Wursthorn,Senior Staff
485576,Berry,Rassart,Senior Staff
485584,Uzi,Aingworth,Senior Engineer
485587,JoAnne,Makinen,Staff
485591,Peternela,Pleszkun,Technique Leader
485598,Dayanand,Kugler,Senior Staff
485601,Mabo,Rullman,Senior Staff
485602,Baoqiu,Murillo,Senior Staff
485603,Tse,Denti,Senior Engineer
485604,Shem,Tagansky,Senior Staff
485614,Licheng,Demke,Senior Engineer
485616,Make,Back,Senior Engineer
485621,Bader,Bratsberg,Senior Staff
485625,Huei,Michaels,Senior Staff
485629,Sedat,Erol,Engineer
485631,Malu,Plessier,Senior Engineer
485638,Faiza,Syrotiuk,Senior Staff
485639,Arumugam,Lorin,Staff
485640,Fei,Rosiles,Senior Staff
485646,Masadi,Farris,Senior Staff
485651,Aruna,Anger,Senior Engineer
485657,Zhonghua,Hanabata,Senior Staff
485659,Rajmohan,Ramsey,Staff
485662,Fei,Schaar,Staff
485664,Ranan,Stentiford,Senior Staff
485669,Hironobu,Knightly,Senior Staff
485672,IEEE,Staelin,Senior Engineer
485680,Kish,Leuchs,Staff
485681,Fen,Flowers,Senior Engineer
485686,Sariel,Flanders,Senior Engineer
485688,Tzu,Jeong,Senior Staff
485690,Keiichiro,Coombs,Senior Engineer
485692,Erzsebet,Valiente,Senior Staff
485694,Yishai,Khamsi,Senior Staff
485696,Susanne,Nitta,Senior Staff
485697,Terresa,Hanratty,Senior Staff
485704,Adit,Murtha,Senior Engineer
485707,Reuven,McClure,Staff
485708,Steve,Tagansky,Senior Staff
485709,Maris,Peternell,Senior Staff
485712,Arch,Gien,Engineer
485728,Duri,Panienski,Engineer
485729,Demin,Dayang,Senior Staff
485732,Gererd,Kemmerer,Staff
485733,Cristinel,Heuter,Senior Staff
485742,Mana,Bernardinello,Senior Engineer
485746,Kristen,Katalagarianos,Staff
485747,Martien,Veccia,Staff
485748,Wojceich,Miculan,Staff
485749,Hugh,Munck,Assistant Engineer
485754,Perla,Randi,Senior Staff
485757,Fumiya,Ratnaker,Senior Engineer
485761,Fay,Plessier,Senior Engineer
485769,Kinh,Wroclawski,Staff
485772,Gio,Spieker,Senior Engineer
485773,Shalesh,Denny,Staff
485776,Shunichi,Schach,Technique Leader
485777,Piyush,Siepmann,Senior Staff
485782,Jeane,Koshino,Engineer
485784,Mayuri,Staudhammer,Senior Staff
485786,Masanao,Kobuchi,Senior Engineer
485787,Shahab,Herath,Senior Staff
485790,Oscal,Munoz,Senior Staff
485798,Barun,Georgakopoulos,Senior Staff
485800,Pranas,Irland,Senior Staff
485802,Arch,Blokdijk,Senior Engineer
485803,Manton,Hasham,Senior Engineer
485805,Wonhee,Zizka,Engineer
485806,Zdislav,Falco,Engineer
485807,Hyuncheol,Dulin,Senior Engineer
485810,Rasikan,Gunderson,Engineer
485815,Zijian,Barriga,Senior Engineer
485820,Mitsuyuki,Chinal,Engineer
485822,Alenka,Koyama,Senior Staff
485823,Xiaobin,Miara,Senior Engineer
485841,Nikolaos,Coney,Staff
485844,Tsvetan,Monkewich,Senior Staff
485846,Vishv,Gecsel,Senior Engineer
485853,Uno,Chepyzhov,Engineer
485857,Sorina,Sinicrope,Assistant Engineer
485865,Shawna,Schmittgen,Senior Staff
485866,Atilio,Kavraki,Senior Staff
485870,Muzhong,Rabehasaina,Staff
485873,Isamu,Pettey,Engineer
485875,Florina,Jansen,Senior Staff
485880,Shunichi,Sankaranarayanan,Senior Staff
485886,Kwangsub,Eickenmeyer,Engineer
485888,Toshimi,Esteva,Engineer
485891,Jinya,Bonifati,Staff
485892,Greger,Thummel,Senior Staff
485893,Aruna,Schahn,Senior Engineer
485894,Kersti,Vecchi,Staff
485895,Vincent,Tyugu,Senior Staff
485897,Phillip,Arlazarov,Senior Engineer
485899,Stabislas,Merle,Engineer
485904,Anyuan,Cannane,Senior Engineer
485907,Supot,Plavsic,Engineer
485911,Perry,Haumacher,Senior Engineer
485912,Keung,Champarnaud,Senior Engineer
485924,Djenana,Horswill,Senior Staff
485926,Hilari,Beausoleil,Senior Engineer
485927,Yannik,Zaumen,Senior Staff
485932,Chenye,Gilg,Engineer
485934,Sushant,Stassinopoulos,Senior Engineer
485936,Lokesh,Panangaden,Engineer
485938,Tesuya,Valtorta,Senior Staff
485940,Mayumi,Delgrange,Senior Staff
485942,Raimond,Merks,Staff
485946,Pranay,Munch,Senior Staff
485948,Idoia,Borstler,Senior Staff
485952,Luigi,Vidal,Senior Staff
485967,Golgen,Mandell,Senior Staff
485968,Zhongwei,Sankaranarayanan,Senior Engineer
485973,Tetsushi,Kalorkoti,Senior Engineer
485975,Vincent,Peral,Senior Staff
485976,Kensei,Snyers,Engineer
485980,Paddy,Perz,Staff
485982,Basem,Talmon,Engineer
485986,Arlette,Peris,Engineer
485988,Nevin,Speel,Senior Engineer
485991,Mario,Gist,Senior Engineer
485997,Filipe,Parfitt,Senior Engineer
486001,Candido,Zweizig,Senior Engineer
486010,Shigeu,McConalogue,Senior Staff
486012,Ramzi,Shanbhogue,Senior Engineer
486015,Wuxu,Liedekerke,Engineer
486021,Kankanahalli,Ghandeharizadeh,Senior Staff
486024,Xuejun,Cronin,Senior Engineer
486030,Marjo,Mateescu,Senior Engineer
486041,Divine,Nitsch,Senior Engineer
486044,Branimir,Lorch,Senior Staff
486046,Shigeichiro,Uehara,Senior Engineer
486049,Mariangiola,Aamodt,Senior Staff
486050,Alexius,Piancastelli,Senior Engineer
486054,Dante,Kalafatis,Senior Staff
486060,Paris,Zongker,Senior Engineer
486062,Subhash,Luders,Senior Engineer
486063,Francesca,Khasidashvili,Staff
486067,Dhritiman,Lichtner,Senior Staff
486070,Pasqua,Diderrich,Senior Engineer
486071,Tse,Thambidurai,Senior Staff
486083,Morrie,Rosenbaum,Senior Staff
486085,Giri,Kandlur,Engineer
486087,Huican,Peak,Technique Leader
486096,Koldo,Yoshimura,Senior Staff
486099,Tetsurou,Garnick,Technique Leader
486101,Gita,Stifter,Senior Engineer
486103,Snehasis,Dalphin,Senior Staff
486104,Leen,Plessier,Senior Staff
486107,Baruch,Uehara,Staff
486113,Shigenori,Ratnaker,Senior Engineer
486117,Zissis,Soicher,Assistant Engineer
486118,Shigeu,Brendel,Senior Staff
486119,Kerryn,Yurek,Engineer
486123,Gaurav,Bultermann,Senior Staff
486134,Khatoun,Barriga,Senior Staff
486136,Steve,Nitsche,Engineer
486140,Giap,Wiegley,Senior Engineer
486143,Fai,Decaestecker,Senior Engineer
486144,Ravishankar,Fetvedt,Technique Leader
486146,Billie,Coullard,Senior Engineer
486147,Nidapan,Lubachevsky,Senior Engineer
486152,Saeed,Guenter,Senior Staff
486153,Zorica,Gien,Senior Staff
486161,Giap,Falby,Engineer
486162,Weidon,Brender,Senior Staff
486166,Akeno,Berztiss,Engineer
486168,Suvo,Roison,Staff
486171,Sailaja,Assaf,Senior Staff
486172,Byong,Sluis,Senior Staff
486174,Mabo,Sinitsyn,Senior Staff
486176,Rayond,Babb,Senior Engineer
486177,Tomokazu,Rabehasaina,Staff
486179,Souichi,Bage,Senior Engineer
486181,Bingning,Pehl,Senior Engineer
486184,Hideo,Serna,Senior Engineer
486186,Zdislav,Karner,Engineer
486191,Giri,Collette,Senior Staff
486198,Jaroslava,Danner,Senior Staff
486201,Sadegh,Foote,Senior Staff
486202,Subbu,Michaeli,Technique Leader
486203,JoAnna,Gajiwala,Senior Engineer
486205,Bodh,Baez,Senior Engineer
486206,Kasidit,Pearson,Senior Staff
486207,Fumino,Valtorta,Staff
486208,Greger,Serra,Senior Staff
486210,Minghong,Marletta,Senior Staff
486212,Visit,Rothenberg,Engineer
486213,Hongzue,Hockney,Senior Engineer
486215,Kiyokazu,Zschoche,Senior Staff
486225,Rosita,Asser,Staff
486226,Ziva,Mahmud,Engineer
486234,Tadahiro,Ambroszkiewicz,Staff
486239,Bangqing,Seuren,Senior Engineer
486246,Shaw,Birch,Senior Staff
486249,Claudi,Flexer,Senior Engineer
486253,Rosalie,Nicolson,Senior Engineer
486257,Chikako,Caine,Senior Staff
486259,Branimir,Zhang,Senior Engineer
486261,Kwangjo,Lemarechal,Senior Engineer
486262,Akeno,Genther,Senior Engineer
486266,Matk,Peron,Technique Leader
486268,Yuichiro,Birsak,Staff
486272,Adit,Ratnaker,Engineer
486276,Huican,Keustermans,Staff
486278,Theron,Schaad,Senior Engineer
486282,Lansing,Danley,Senior Staff
486283,Demin,Berstel,Senior Staff
486284,Venkatesan,Peternell,Senior Staff
486285,Eran,Cooke,Senior Engineer
486287,Moss,Cummings,Senior Staff
486288,Behnaam,Ritzmann,Staff
486295,Sudharsan,Serov,Senior Staff
486297,Tayeb,Perez,Senior Engineer
486301,Susanne,Rabehasaina,Senior Engineer
486305,Hirochika,Lukaszewicz,Senior Staff
486306,DAIDA,Peyn,Staff
486307,Mart,Ruemmler,Senior Engineer
486308,Remko,Marshall,Senior Staff
486315,Sadok,Chorvat,Senior Staff
486316,Lijie,Lortz,Senior Engineer
486317,Paloma,Rijsenbrij,Senior Engineer
486318,Dmitry,Harllee,Senior Engineer
486320,Amstein,Fritzsche,Assistant Engineer
486321,Baocai,Soloway,Senior Engineer
486327,Aris,Pero,Senior Engineer
486329,Hidefumi,Schwaller,Senior Staff
486331,Youssef,Fontan,Staff
486335,Teunis,Kushnir,Senior Staff
486337,Genta,Morrin,Senior Engineer
486341,Chuanyi,Maraist,Senior Engineer
486345,Marsal,Brodie,Senior Staff
486351,Xuejia,Slutz,Senior Staff
486353,Nalini,Vingron,Senior Engineer
486354,Takahira,Gadepally,Senior Engineer
486356,Lakshmi,Georgakopoulos,Engineer
486357,Xiaocheng,Cheshire,Engineer
486360,Kish,Koshiba,Senior Engineer
486363,Nechama,Ambroszkiewicz,Engineer
486364,Rosalyn,Ramras,Senior Staff
486366,Foong,Billawala,Technique Leader
486367,Lijie,Sigstam,Senior Engineer
486370,Deniz,Gimarc,Senior Staff
486372,Hsiangchu,Renear,Senior Staff
486377,Unal,Rahimi,Senior Engineer
486378,Tuval,Leslie,Engineer
486384,Jinya,dAstous,Senior Staff
486385,Shuichi,Luby,Senior Engineer
486387,Nevin,Alpay,Engineer
486388,Achilleas,Nivat,Engineer
486389,Matk,Pettey,Staff
486392,Xinyu,Biron,Assistant Engineer
486393,Kristinn,Aloisi,Senior Staff
486397,Chinya,Azuma,Senior Engineer
486400,Otmar,Bouloucos,Engineer
486404,Gilbert,Grandbois,Senior Engineer
486407,Zongyan,Pfau,Senior Staff
486423,Kasidit,Taneja,Senior Staff
486425,Xiaoqiu,Thiran,Senior Staff
486426,Elvia,Zirintsis,Technique Leader
486427,Kitty,Linnainmaa,Technique Leader
486428,Ioana,Dahlbom,Senior Staff
486429,Debaprosad,Wossner,Senior Staff
486431,Udo,Bazzichi,Staff
486434,Wanqing,Alvarado,Senior Staff
486438,Qunsheng,Prampolini,Senior Engineer
486451,Ewing,Mandell,Staff
486452,Petter,Sundgren,Senior Engineer
486454,Munenori,Knightly,Senior Engineer
486456,Elrique,Bernick,Senior Staff
486463,Basim,Christ,Senior Engineer
486465,Dietrich,Menhoudj,Staff
486469,Yuping,Angelov,Senior Engineer
486472,Maja,Reinhart,Senior Engineer
486474,Yechiam,Olano,Senior Staff
486477,Eldridge,Rattan,Senior Engineer
486480,Weiye,Leslie,Senior Engineer
486481,JoAnna,Gelosh,Technique Leader
486493,Kwangsub,Rosenbaum,Senior Engineer
486494,Gererd,Vural,Senior Staff
486496,Jaques,Marshall,Senior Staff
486497,Yechezkel,Schrift,Engineer
486507,Minghong,Marwedel,Senior Engineer
486509,Mahendra,Mayerwieser,Senior Staff
486512,Sangeeta,Casley,Technique Leader
486516,Shih,Kitsuregawa,Senior Staff
486517,Zhilian,Ramras,Senior Staff
486518,Florian,Pashtan,Senior Engineer
486519,Vugranam,Setiz,Senior Staff
486520,Xiaopeng,Kusakari,Senior Staff
486522,Uinam,Rahimi,Senior Engineer
486528,Fumiyo,Waschkowski,Senior Staff
486531,Hatem,Siepmann,Engineer
486537,Mayuri,Orlowska,Senior Staff
486540,Maik,Matzke,Engineer
486541,Marit,Bressoud,Senior Engineer
486543,Anneli,Spataro,Senior Staff
486544,Mototsugu,Quaggetto,Engineer
486549,Morris,Quadeer,Senior Engineer
486550,Tianruo,Aamodt,Senior Engineer
486553,Toshiki,Schiper,Senior Staff
486561,Jordanka,Sommen,Staff
486562,Radoslaw,Angelopoulos,Senior Staff
486566,Denny,Flowers,Senior Engineer
486568,Kiam,Pappas,Senior Engineer
486570,Shridhar,Herber,Engineer
486572,Tianruo,Tyugu,Senior Engineer
486582,Naftali,Anandan,Senior Staff
486583,LiMin,Suri,Staff
486584,Aamer,Armand,Senior Engineer
486586,Zhenbing,Muchinsky,Senior Staff
486588,Lech,Cangellaris,Engineer
486589,Lorien,Gerlach,Engineer
486592,Maren,Krone,Technique Leader
486596,Kiyomitsu,Nicolson,Senior Staff
486602,Serap,Fabrizio,Senior Engineer
486605,Saeko,Gihr,Senior Engineer
486608,Navid,Gornas,Staff
486611,Yuqun,Pappas,Technique Leader
486612,Holgard,Glowinski,Senior Staff
486619,Mana,Gecsel,Senior Engineer
486620,Torsten,Pluym,Senior Engineer
486626,Krisda,Rossi,Senior Engineer
486628,Shahaf,Coombs,Senior Engineer
486630,Tommaso,Mateescu,Senior Staff
486631,Elgin,Szmurlo,Senior Engineer
486632,Christophe,McClurg,Senior Staff
486638,Arnd,Luon,Senior Engineer
486639,Chirstian,Kolvik,Senior Engineer
486641,Miyeon,Badr,Senior Staff
486644,Jinxi,Coullard,Senior Engineer
486650,Remzi,Thombley,Engineer
486651,Tse,Bennet,Senior Engineer
486658,Neelam,Pfau,Engineer
486661,Jovan,Riefers,Senior Engineer
486662,Neelam,Brookner,Staff
486674,Adamantios,Luke,Senior Engineer
486679,Aleksander,Kavvadias,Senior Engineer
486681,Kousuke,Velasco,Senior Engineer
486684,Owen,McClurg,Senior Staff
486687,Nirmal,Marciano,Engineer
486690,Goh,Bahk,Senior Engineer
486692,Persi,Menhardt,Staff
486693,Sastry,Delaune,Senior Staff
486699,Ult,Kushnir,Staff
486703,Masasuke,Lorcy,Senior Engineer
486710,Tze,Luby,Engineer
486714,Behnaam,Wursthorn,Senior Engineer
486719,Surveyors,Parascandalo,Senior Engineer
486720,Gou,Kumaresan,Senior Engineer
486721,Elvia,Litecky,Engineer
486726,Vugranam,Aamodt,Senior Engineer
486734,Jolita,Lukaszewicz,Senior Engineer
486735,Kristinn,Rotem,Senior Staff
486736,Lijie,Holburn,Staff
486737,Yunming,Arlazarov,Senior Engineer
486738,Sasan,Dulay,Senior Engineer
486740,Guiseppe,Cronin,Senior Engineer
486742,Uno,Butterworth,Senior Staff
486745,Shai,Vural,Senior Staff
486748,Otilia,Kieras,Senior Staff
486752,Toshimo,Scharstein,Staff
486753,Chinho,Hitomi,Senior Staff
486754,Nevio,Dymetman,Senior Staff
486765,Vojin,Apsitis,Engineer
486767,Shigeu,Chelton,Staff
486770,Danai,Zedlitz,Senior Staff
486771,Gift,Mandell,Senior Engineer
486775,Lene,Yetim,Technique Leader
486776,Narain,Kawashima,Senior Engineer
486777,Maren,Ghalwash,Senior Staff
486780,Xudong,Nooteboom,Engineer
486784,Berni,Verhaegen,Staff
486787,Yahiko,Apsitis,Technique Leader
486789,Tze,Yemenis,Engineer
486793,Tadahiro,Keustermans,Senior Engineer
486795,Candido,Kriebel,Engineer
486797,Zijian,Bolotov,Staff
486801,Sandeepan,Laurillard,Staff
486809,Oldrich,Schmittgen,Senior Staff
486813,Masoud,Merro,Assistant Engineer
486818,Uri,Miyakawa,Senior Engineer
486820,Basant,Velardi,Senior Engineer
486826,Utz,Erdi,Engineer
486828,Sachin,Molenkamp,Staff
486829,Mary,Facello,Staff
486830,Marsal,Unni,Senior Staff
486831,Ennio,Quadeer,Engineer
486834,Sibyl,Basart,Staff
486835,Mabhin,Marciano,Engineer
486836,Remko,Klerer,Senior Staff
486840,Volkmar,Picht,Senior Staff
486841,Supot,Zastre,Engineer
486849,Sudhanshu,Lieblein,Senior Staff
486863,Nathan,Polupanov,Senior Staff
486867,Honglan,Gladwell,Senior Staff
486868,Arno,Michaeli,Engineer
486869,Shimshon,Schiettecatte,Senior Engineer
486872,Kiyokazu,Trystram,Engineer
486876,Heon,Vecchi,Staff
486879,Duangkaew,Ligten,Assistant Engineer
486880,Arvind,Sadowski,Senior Staff
486883,Ayakannu,Deyuan,Technique Leader
486887,Fai,Herber,Senior Engineer
486888,Florina,Veeraraghavan,Staff
486894,Kristin,Constantine,Senior Staff
486895,Steen,Plotkin,Senior Engineer
486896,Heeju,Kruskal,Senior Staff
486899,Selwyn,Flexer,Engineer
486900,Filipe,Kuszyk,Technique Leader
486915,Mohammad,Bruckman,Staff
486923,Dung,Pews,Senior Engineer
486925,Saeed,Hatcliff,Senior Engineer
486931,Peternela,Bernini,Engineer
486935,Kenton,Mungall,Staff
486936,Chaoyi,Wolniewicz,Senior Staff
486940,Conor,Weedon,Senior Engineer
486943,Sadegh,McClurg,Senior Engineer
486946,Idoia,Chleq,Senior Staff
486952,Gen,Gimarc,Staff
486953,Berry,Engberts,Staff
486963,Stamatina,Senzako,Engineer
486965,Heather,Gornas,Senior Engineer
486966,Lobel,Monkewich,Engineer
486967,Xiaoqiu,Kalloufi,Senior Staff
486968,Adil,Klerer,Senior Engineer
486969,Vishwani,Picci,Senior Engineer
486972,Freyja,Sessa,Senior Staff
486974,Hironobu,Fontan,Senior Engineer
486977,Jaideep,Baik,Senior Engineer
486978,Giap,Gini,Senior Staff
486993,Yuping,Yoshimura,Senior Engineer
486999,Jinxi,Tetzlaff,Senior Staff
487005,Atilio,Carrere,Engineer
487007,Supot,Bernardinello,Senior Staff
487011,Theirry,Lupu,Senior Staff
487014,Amstein,Schiper,Senior Engineer
487023,Trygve,Wroclawski,Senior Engineer
487050,Serap,Ertl,Senior Staff
487054,Bernd,Gire,Staff
487058,Fay,Brender,Senior Engineer
487067,Navin,Vendrig,Senior Staff
487070,Kamakshi,Ishibashi,Staff
487071,Khoa,Klyachko,Senior Staff
487074,Alper,Chaudhury,Engineer
487075,Nevio,Alvarado,Senior Engineer
487078,Oscal,Seiwald,Senior Staff
487079,Tonny,Engelmann,Senior Engineer
487084,Paraskevi,Smailagic,Engineer
487090,Yagil,Oxenboll,Senior Engineer
487098,Mana,Poujol,Staff
487103,Kauko,Skafidas,Senior Staff
487106,Phillip,Braunmuhl,Senior Engineer
487108,Souichi,Brendel,Senior Engineer
487114,Aamod,Marchegay,Senior Staff
487121,Duangkaew,Litecky,Senior Staff
487128,Tayeb,Samarati,Senior Staff
487129,Navin,Ruther,Engineer
487130,Alselm,Roison,Technique Leader
487131,Qunsheng,Staylopatis,Staff
487132,Tsuneo,Rossi,Senior Engineer
487135,Fai,Baig,Engineer
487140,Ravishankar,Magliocco,Senior Engineer
487146,Aleksandar,Pashtan,Technique Leader
487149,Uno,Suppi,Senior Staff
487150,Mariangiola,Harbusch,Senior Staff
487151,Rosella,Engelmann,Senior Engineer
487152,Radhia,Stamatiou,Senior Staff
487154,Maris,Lagarias,Senior Engineer
487156,Xuejia,Akaboshi,Senior Engineer
487160,Nahla,Goldhammer,Senior Engineer
487161,Arch,Pusterhofer,Senior Engineer
487163,Przemyslawa,Walstra,Assistant Engineer
487164,Feipei,Benzaken,Engineer
487167,Bingning,Gulak,Senior Engineer
487169,Toshimi,Naumovich,Senior Engineer
487170,Barry,Pietracaprina,Senior Engineer
487172,Michaela,Alvarado,Staff
487176,Kristen,Lanzelotte,Engineer
487182,Pantung,Kalefeld,Senior Engineer
487183,Lokesh,Mayerwieser,Technique Leader
487191,Kellyn,Dayang,Senior Engineer
487192,Xiaoshan,Rajaraman,Senior Engineer
487194,Vasiliy,Waleschkowski,Engineer
487211,Masanao,Renear,Senior Staff
487219,Sastry,Billingsley,Assistant Engineer
487220,Douadi,Hiraishi,Senior Engineer
487222,Arve,Bahi,Staff
487223,Valdiodio,Snedden,Senior Engineer
487226,Supot,Rubsam,Technique Leader
487227,Susumu,Delgrande,Staff
487231,Eishiro,Wendorf,Senior Engineer
487232,Youpyo,Shumilov,Senior Staff
487233,Berthier,Conia,Senior Engineer
487239,Geoffrey,Litzler,Senior Engineer
487247,Heeju,Luef,Staff
487250,Gita,Gecsei,Engineer
487251,Zhilian,Bahr,Staff
487256,Kamakshi,Vilarrasa,Engineer
487258,Larisa,Kroll,Senior Staff
487259,Akeno,Klerer,Senior Engineer
487260,Katsuo,Nyrup,Senior Staff
487263,Zhonghua,Leaver,Senior Staff
487264,Mari,Hanratty,Staff
487265,Ramzi,Sidhu,Senior Staff
487268,Samphel,Asmuth,Senior Staff
487272,Augustine,Nourani,Senior Staff
487276,Chaoyi,Kowalchuk,Senior Engineer
487280,Adib,Hitomi,Senior Engineer
487282,Masoud,Beeson,Senior Engineer
487283,Bluma,Hofstetter,Technique Leader
487284,Palash,Wuwongse,Staff
487285,Augustine,Minakawa,Senior Engineer
487286,Insup,Copas,Senior Staff
487288,Miquel,Pargas,Staff
487294,Alenka,Zirintsis,Technique Leader
487295,Gianluca,Heydon,Senior Staff
487297,Shen,Buchter,Staff
487298,Ugo,Gischer,Staff
487299,Wonhee,Rullman,Staff
487300,Manton,Suessmith,Engineer
487304,Xianlong,Terkki,Senior Staff
487308,Jianhao,Hertweck,Senior Staff
487311,Vesna,Esteva,Senior Staff
487313,Sushant,Tramer,Senior Engineer
487316,Josyula,Schueller,Senior Engineer
487320,Shaw,Nilsson,Senior Staff
487328,Berhard,Fabrizio,Engineer
487330,Satoru,Werthner,Staff
487331,Shounak,Waymire,Senior Engineer
487336,Heather,VanScheik,Senior Engineer
487339,Debaprosad,Ariola,Engineer
487349,Takushi,Heemskerk,Engineer
487350,Krisda,Axelband,Senior Staff
487353,Arto,Chiola,Staff
487355,Mani,Stille,Staff
487356,Tommaso,Eickenmeyer,Senior Staff
487358,Godehard,Katalagarianos,Senior Staff
487359,Tesuya,Horswill,Senior Engineer
487361,Geoff,Bala,Engineer
487372,Arvind,Rosay,Staff
487373,Ingmar,Huxford,Senior Engineer
487374,Jayesh,Swiss,Senior Staff
487381,Gonzalo,Olano,Engineer
487382,Bedir,Spataro,Senior Engineer
487384,Heejo,Nourani,Senior Staff
487385,Stepehn,Felcyn,Senior Engineer
487386,Byong,Ramaiah,Senior Staff
487392,Stafford,Itschner,Senior Staff
487393,Keung,Hebert,Senior Staff
487397,Mara,Farrag,Engineer
487401,Sadegh,Lagarias,Senior Engineer
487404,Hidefumi,Fiutem,Senior Engineer
487405,Ioana,Krychniak,Senior Engineer
487406,Zita,Schlenzig,Engineer
487409,Fan,Morris,Senior Engineer
487412,Ibibia,Decaestecker,Senior Engineer
487414,Augustine,Hartvigsen,Staff
487419,Amstein,Heiserman,Senior Engineer
487422,Adhemar,Maksimenko,Technique Leader
487431,Susanne,Alvarado,Senior Staff
487436,Paraskevi,Holburn,Assistant Engineer
487437,Mohammad,Rajcani,Senior Engineer
487442,Boutros,Dredge,Engineer
487444,Aran,Uehara,Senior Engineer
487450,Khun,Mersereau,Senior Staff
487454,Mingzeng,Couchot,Senior Staff
487455,Tooru,Gornas,Engineer
487462,Dipayan,Bierbaum,Technique Leader
487470,Claudi,Fiebach,Senior Staff
487472,Aron,Sudkamp,Senior Engineer
487476,Sivanarayana,Lindqvist,Staff
487478,Nahid,Weisert,Technique Leader
487482,Tayeb,McAlpine,Engineer
487483,Etsuo,Simmen,Staff
487495,Dekang,Shobatake,Senior Engineer
487496,Masamitsu,Zaccaria,Senior Engineer
487498,Lakshmi,Hebden,Senior Staff
487502,Owen,Peris,Senior Engineer
487503,Bernardo,Maraist,Senior Engineer
487506,Edwin,Peltason,Staff
487508,Arfst,Roohalamini,Senior Engineer
487510,Utpal,Neimat,Senior Engineer
487511,Badri,Heyers,Engineer
487514,Kristine,Falco,Senior Staff
487517,Gopalakrishnan,McClurg,Senior Staff
487518,Luigi,Poupard,Senior Engineer
487522,Marlo,Kemmerer,Senior Engineer
487525,Irena,Buescher,Senior Staff
487529,Toshimori,Jiang,Senior Engineer
487532,Make,Fandrianto,Senior Staff
487536,Bikash,Acton,Senior Engineer
487538,Tomokazu,Douceur,Senior Staff
487541,Temple,McConalogue,Senior Engineer
487542,Marsja,Penz,Senior Engineer
487543,Xiping,Menhoudj,Senior Staff
487547,Jixiang,Maginnis,Engineer
487549,Shichao,Fasbender,Senior Engineer
487551,Dekang,Jenevein,Senior Engineer
487552,Theron,Hanabata,Engineer
487555,Yolla,Schlumberger,Senior Engineer
487556,Leandro,McAlpine,Staff
487562,Harngdar,Kolinko,Staff
487564,Fabrizio,Hegner,Engineer
487566,Leaf,Kroft,Senior Staff
487567,Dhritiman,Rahimi,Senior Staff
487577,Nidapan,Bottner,Senior Engineer
487579,Zhongwei,Maksimenko,Staff
487580,Guiseppe,Gerteisen,Senior Engineer
487582,Domenico,Katalagarianos,Senior Engineer
487585,Constantino,Lovengreen,Senior Engineer
487589,Sajjan,Waymire,Senior Engineer
487599,Shai,Plavsic,Senior Staff
487601,Aksel,Emiris,Engineer
487607,Aimee,Broder,Staff
487611,Vasilis,Sethi,Senior Engineer
487617,Berni,Hainaut,Engineer
487619,Gina,Pashtan,Senior Engineer
487630,Vesna,Ventosa,Senior Staff
487631,Srinidhi,Lichtner,Senior Engineer
487633,Foong,Zweizig,Senior Engineer
487636,Holgard,Miake,Assistant Engineer
487638,Poorav,Perez,Senior Staff
487640,Apostol,Vecchi,Senior Engineer
487646,Ranan,Kossowski,Senior Staff
487647,Kotesh,Kobara,Senior Staff
487649,Toney,Kornatzky,Engineer
487651,Itzchak,Cooke,Technique Leader
487652,Shan,Eiter,Senior Engineer
487653,Mong,Birrer,Staff
487655,Visit,Fiebach,Engineer
487659,Lakshmi,Fadgyas,Senior Engineer
487663,Jeane,Brizzi,Engineer
487664,Jacopo,Polajnar,Senior Engineer
487665,Abdelkader,Wroclawski,Senior Engineer
487667,Valery,Cannard,Senior Staff
487672,Katsuo,Valtorta,Senior Engineer
487673,Divier,Karnin,Staff
487674,Yechezkel,Dahlbom,Engineer
487677,Danny,Kilgour,Senior Engineer
487681,Faiza,Klassen,Staff
487684,Houman,Rahier,Senior Engineer
487686,Geraldo,Munoz,Senior Staff
487688,Candida,Rathonyi,Senior Engineer
487692,Padma,Ozeki,Senior Engineer
487694,Rosine,Perez,Senior Engineer
487697,Conrado,Marciano,Staff
487703,Khedija,Sewelson,Senior Engineer
487706,Jaques,Thebaut,Senior Engineer
487709,Sanjai,Vasanthakumar,Senior Engineer
487710,Gad,Schlenzig,Engineer
487718,Shirish,Legleitner,Engineer
487726,Lunjin,Etalle,Senior Engineer
487731,Radhakrishnan,Bala,Senior Staff
487732,Masami,Iisaku,Technique Leader
487736,Achilleas,Bergere,Engineer
487743,Chanjung,Kavvadias,Senior Staff
487745,George,Uhrig,Assistant Engineer
487748,Patricia,Hebden,Senior Engineer
487749,Unal,Comte,Senior Staff
487754,Genta,England,Engineer
487758,Sandeepan,Wendorf,Senior Engineer
487764,Sadok,Ballarin,Staff
487765,Isaac,Narwekar,Senior Engineer
487766,Kwangyoen,Panangaden,Staff
487770,Moheb,Krichel,Senior Engineer
487775,Toshimori,Bennis,Senior Staff
487778,Dmitry,Zockler,Senior Engineer
487779,Leah,Esposito,Senior Staff
487780,Sungwon,Hinsberger,Staff
487782,Charlene,Syrotiuk,Engineer
487785,Angel,Gien,Senior Staff
487789,Val,Bellone,Senior Engineer
487790,Kolar,Fontan,Senior Engineer
487791,Xiaoqiang,Borstler,Engineer
487792,Nevio,Suessmith,Senior Engineer
487794,Yongmao,Piveteau,Senior Staff
487795,Lene,Penn,Senior Staff
487796,Gunilla,Bashian,Staff
487801,Panayotis,Ferriere,Senior Engineer
487804,Annemarie,Honglei,Senior Engineer
487815,Khalil,Pollacia,Senior Engineer
487818,Gopalakrishnan,Madeira,Technique Leader
487823,Filipe,Laurillard,Engineer
487824,Yechezkel,Cyre,Engineer
487825,Hilari,Kropatsch,Senior Engineer
487826,Barton,Langford,Senior Staff
487830,Zeydy,Azuma,Senior Engineer
487831,Urs,Lemarechal,Senior Engineer
487833,Mahmut,Parfitt,Staff
487835,Kwangjo,Bage,Senior Engineer
487836,Maja,Coorg,Senior Engineer
487837,Jungsoon,Kitai,Senior Staff
487843,Yongdong,Brizzi,Engineer
487844,Tsutomu,Huhdanpaa,Senior Staff
487847,Pintsang,Merkl,Senior Engineer
487849,Sanjiv,Perna,Senior Engineer
487853,Sergi,Schrooten,Engineer
487859,Gadiel,Pietracaprina,Senior Engineer
487860,Volkmar,Parfitt,Engineer
487862,Somnath,Eppinger,Staff
487866,Elvia,Decaestecker,Senior Engineer
487867,Kwangjo,Manders,Senior Staff
487869,Uli,Guenter,Senior Staff
487871,Mantis,Panwar,Senior Staff
487873,Premal,Ruemmler,Senior Engineer
487878,Shugo,Schusler,Senior Engineer
487884,Yuichiro,Kawashima,Senior Engineer
487887,Taegyun,Vecchio,Senior Engineer
487890,Mori,Huttel,Senior Engineer
487891,Minghong,Pocchiola,Senior Engineer
487894,Subhankar,Highland,Senior Staff
487900,Fox,Pappas,Senior Staff
487903,Masasuke,Rattan,Senior Engineer
487904,Gererd,Ciolek,Senior Engineer
487906,Abdelaziz,Menhoudj,Engineer
487908,Rayond,Tchuente,Technique Leader
487915,Vatsa,Baranowski,Senior Engineer
487916,Krisda,Larfeldt,Senior Engineer
487917,Etsuo,Veevers,Engineer
487920,Yechezkel,Siksek,Senior Engineer
487924,Rimli,Denos,Engineer
487939,Utz,Furedi,Assistant Engineer
487941,Haldon,Mahmud,Senior Engineer
487943,Ewing,Mawatari,Engineer
487946,Herb,Magalhaes,Senior Engineer
487948,Gritta,Keohane,Senior Staff
487949,Shuho,Pavlopoulou,Senior Engineer
487950,Koldo,Cochrane,Staff
487952,Atilio,Anick,Senior Engineer
487953,Lokesh,Uludag,Senior Staff
487954,Eckart,Schonegge,Senior Staff
487960,Sumali,Hennings,Staff
487962,Jamaludin,Erev,Engineer
487972,Khun,Bahi,Technique Leader
487974,Masadi,Smailagic,Senior Engineer
487977,Yefim,Gopalakrishnan,Senior Staff
487978,Shuky,Ruther,Senior Engineer
487981,Xiaoqiu,Swick,Staff
487983,Zine,Gadepally,Senior Engineer
487984,Dines,Mamelak,Technique Leader
487986,Jackson,Geffroy,Senior Staff
487987,Poorav,Alameldin,Senior Staff
487990,Vatsa,Hedayat,Staff
487992,Vasiliy,Lovengreen,Engineer
488001,Valter,Sgarro,Staff
488008,Taisook,Christ,Technique Leader
488018,Adamantios,Zweizig,Senior Staff
488039,Taegyun,Molenaar,Senior Staff
488041,Vasilis,Maccarone,Staff
488043,Nagui,Prampolini,Senior Engineer
488048,Oddvar,Servieres,Senior Engineer
488049,Rosella,Servi,Senior Staff
488053,Gen,Maraist,Senior Engineer
488057,Gennady,Schonegge,Senior Engineer
488061,Shai,Haraldson,Senior Engineer
488062,Yonghong,Michaeli,Senior Engineer
488063,Seongbae,Yurov,Senior Engineer
488066,Patricia,Marrevee,Senior Engineer
488068,Abdelghani,Sabnani,Senior Staff
488074,Giordano,Genther,Senior Engineer
488077,Isaac,Huxford,Senior Engineer
488104,Wonhee,Furedi,Senior Engineer
488108,Keiichiro,Khalil,Senior Staff
488114,Krister,DuBourdieux,Engineer
488117,Serap,Stranks,Senior Staff
488121,Urs,Schneeberger,Senior Engineer
488128,Alejandro,Luce,Senior Engineer
488131,Dannz,Rosch,Senior Engineer
488132,Torsten,Vakili,Senior Engineer
488137,Youssef,Luce,Senior Engineer
488138,Douadi,Bratten,Senior Engineer
488140,Aria,Ferriere,Staff
488141,Kristen,Hambrick,Senior Engineer
488144,Remco,Birch,Engineer
488145,Phule,Kavanagh,Engineer
488149,Shawna,Krichel,Engineer
488153,Annemarie,Jumpertz,Senior Engineer
488154,Jaewon,Porenta,Senior Engineer
488163,Arunachalam,Schneeberger,Senior Staff
488164,Kaijung,Bahk,Senior Staff
488168,Adil,Kenevan,Senior Engineer
488172,Alejandra,Weisert,Senior Engineer
488175,Brendon,Alpay,Senior Engineer
488177,Szabolcs,Hertweck,Senior Engineer
488180,Kwangyoen,Arlazarov,Senior Engineer
488183,Shaowei,Hiroyama,Senior Engineer
488184,Shooichi,Avouris,Senior Staff
488185,Junsik,Hanratty,Senior Engineer
488189,Tianruo,Serra,Senior Engineer
488191,Sanjay,Stassinopoulos,Senior Engineer
488192,Theron,Tiemann,Senior Engineer
488194,Oksana,Lortz,Engineer
488208,Aiichiro,Falby,Staff
488209,Shuho,Gulla,Senior Engineer
488217,Shaowen,Gini,Technique Leader
488220,Tetsurou,Ouhyoung,Senior Staff
488222,Taisook,Kleiser,Senior Staff
488229,Arup,Brobst,Engineer
488234,Hidefumi,Rubsam,Senior Staff
488245,Shay,Slutz,Senior Staff
488246,Paris,Honglei,Senior Engineer
488249,Macha,Ciolek,Senior Staff
488255,Leif,Passafiume,Senior Engineer
488261,Gian,Awdeh,Engineer
488263,Cristinel,Lamparter,Technique Leader
488271,Aimee,Rahier,Technique Leader
488273,Mooi,Yavatkar,Senior Staff
488275,Ulises,Woycyznski,Senior Staff
488279,Danny,Rohrbach,Senior Staff
488286,Bodo,Gajiwala,Senior Staff
488288,Christophe,Shiratori,Staff
488290,Narain,Kaltofen,Senior Engineer
488299,Mitsuyuki,Axelband,Engineer
488301,Shuzo,Matzen,Senior Engineer
488302,Ortrud,Alblas,Senior Engineer
488304,Yuqun,Jayawardene,Senior Engineer
488311,Anestis,Riesenhuber,Engineer
488316,Jolita,Vandervoorde,Staff
488317,Poornachandra,Stanger,Senior Staff
488318,Serif,Pavlopoulou,Assistant Engineer
488320,Tsz,Kaltofen,Senior Engineer
488323,Venkatesan,Underwood,Engineer
488327,Takushi,Lemarechal,Senior Engineer
488329,Maren,Niizuma,Senior Engineer
488332,Sadegh,Clemencon,Senior Engineer
488334,Junsik,Picci,Senior Engineer
488335,Atreye,Giaccio,Senior Engineer
488336,Elgin,Fraisse,Staff
488338,Yaghout,Pietracaprina,Senior Engineer
488339,Muzhong,Yeung,Senior Engineer
488346,Satyanarayana,Furedi,Engineer
488348,Ramalingam,Danner,Technique Leader
488358,Christ,Speer,Senior Staff
488359,Adit,Oaver,Staff
488360,Roselyn,Fioravanti,Senior Staff
488361,Eben,Dengi,Senior Staff
488362,Vivian,Selvestrel,Staff
488364,Taizo,Murillo,Senior Engineer
488368,Kazuhide,Akaboshi,Senior Staff
488369,Kankanahalli,Ranze,Engineer
488371,Tetsushi,Szmurlo,Senior Engineer
488375,Bernt,Besselaar,Senior Staff
488380,Navin,Woycyznski,Engineer
488383,Vidya,Alblas,Senior Engineer
488391,DeForest,Litvinov,Senior Engineer
488400,Claudi,Gulla,Senior Staff
488403,Arra,Klerer,Senior Staff
488407,Leandro,Codenie,Senior Staff
488409,Perla,Morrow,Senior Engineer
488410,Guther,Picci,Senior Staff
488413,Arun,Calkin,Senior Staff
488417,Sumant,Iacovou,Senior Engineer
488420,Zhenhua,Weisert,Engineer
488423,Francesca,Badache,Technique Leader
488424,Sven,Remmers,Senior Engineer
488425,Lansing,Chelton,Senior Engineer
488426,Billie,Thimonier,Senior Staff
488436,Bernardo,Azuma,Senior Engineer
488437,Vasilii,Henseler,Senior Staff
488442,Houman,Wynblatt,Senior Staff
488456,Eran,Vesna,Senior Staff
488460,Shay,Borstler,Senior Engineer
488461,Elvis,Goodrum,Staff
488466,Marlo,Thimonier,Senior Engineer
488472,DAIDA,Speer,Engineer
488473,Odoardo,DuBourdieux,Senior Staff
488474,Chenye,Hainaut,Senior Staff
488475,Hyuckchul,Syang,Engineer
488476,Ghassan,Dymetman,Engineer
488477,Gregory,Matzel,Senior Staff
488478,Shugo,Candan,Senior Staff
488485,Leszek,Schwartzburd,Senior Staff
488491,Manton,Kermarrec,Senior Staff
488492,Kinh,Schurmann,Senior Staff
488497,Noritoshi,Peral,Senior Staff
488500,Berto,Rabehasaina,Senior Engineer
488502,Jasminko,Gurbaxani,Engineer
488509,Krisda,Swen,Senior Staff
488512,Vojin,Rikino,Senior Staff
488515,Seshu,Merkl,Senior Engineer
488523,Kamran,Genin,Engineer
488525,Leen,Zolotykh,Senior Staff
488526,Monique,Fraisse,Senior Staff
488530,Guther,Vuskovic,Senior Staff
488534,Kwok,Orlowski,Senior Staff
488535,Odinaldo,Pocchiola,Engineer
488539,Etsuo,Kampfer,Engineer
488541,Raimond,Luck,Senior Staff
488545,Shigeo,Condotta,Senior Engineer
488554,Hitomi,Crelier,Engineer
488558,Yuqun,Marrevee,Staff
488563,Georgi,Koblitz,Engineer
488566,Sangeeta,Murtha,Staff
488569,Satoru,Facello,Senior Engineer
488570,Przemyslawa,Sooriamurthi,Technique Leader
488572,Randi,Henseler,Assistant Engineer
488575,Temple,Litzler,Engineer
488577,Palash,Masaki,Engineer
488579,Chaoyi,Hagimont,Senior Staff
488580,Bingning,Kieras,Senior Engineer
488586,Maik,Samarati,Staff
488588,Leni,Demizu,Senior Staff
488592,Shigeu,Gilg,Senior Engineer
488593,Venkatesan,Katalagarianos,Senior Engineer
488594,Pranas,Schade,Senior Engineer
488596,Susanne,Nanard,Senior Engineer
488598,Piyawadee,Marciano,Senior Engineer
488605,Charlene,Kushner,Senior Engineer
488607,Xudong,Godskesen,Senior Staff
488616,Xiping,Vadhan,Senior Engineer
488617,Saniya,Kornatzky,Staff
488625,Sadok,Botman,Senior Engineer
488626,Eran,Brodie,Technique Leader
488627,Sven,Barvinok,Senior Engineer
488629,Xiaopeng,Birnbaum,Senior Staff
488630,Heejo,Muhling,Staff
488631,Marsha,Noriega,Senior Staff
488635,Aria,Morrin,Senior Staff
488636,Shaleah,Lanzelotte,Senior Engineer
488637,Hisao,Shiratori,Engineer
488639,Ung,Jansch,Assistant Engineer
488651,Hercules,Werthner,Senior Staff
488652,Aran,Lanteri,Senior Engineer
488654,Hsiangchu,Hardjono,Senior Engineer
488657,Juyoung,Vitiello,Technique Leader
488659,Masaru,Schaar,Staff
488661,Marlo,Verhaegen,Senior Engineer
488663,Yurii,Leslie,Senior Staff
488666,Teunis,Monarch,Engineer
488667,Mayumi,Basagni,Assistant Engineer
488672,Shaibal,Lorch,Engineer
488673,Yinlin,Ohori,Senior Staff
488674,Uri,Ressouche,Senior Staff
488677,Gila,Bruckman,Senior Staff
488681,Hatem,Peha,Senior Engineer
488682,Ugo,Badache,Senior Engineer
488683,Mohua,Plump,Staff
488685,Cathie,Schlenzig,Senior Engineer
488691,Debatosh,Bolsens,Senior Engineer
488692,Poorav,Boyle,Senior Staff
488697,Adib,Melski,Engineer
488700,Ramya,Nyrup,Staff
488705,Nevio,Chenoweth,Senior Engineer
488709,Mayuko,Krzyzanowski,Senior Engineer
488710,Perry,Gustavson,Staff
488711,Nevin,Vidal,Assistant Engineer
488712,Gererd,DeMori,Engineer
488715,Bedir,Pesch,Staff
488717,Genevieve,Sabnani,Engineer
488718,Oscar,Lieberherr,Senior Staff
488721,Yahiko,Selvestrel,Senior Staff
488726,Kousuke,Welham,Senior Staff
488733,Conor,Shimshoni,Senior Engineer
488734,Sadok,Delaune,Senior Engineer
488738,Arif,Melichar,Senior Engineer
488739,Serap,Duclos,Assistant Engineer
488740,Khalil,Schnelling,Senior Staff
488741,Atreyi,Lunt,Staff
488746,Takahiro,Chandrasekhar,Senior Engineer
488749,Pranav,Thombley,Senior Staff
488751,Paris,Uludag,Senior Staff
488756,Adit,Luke,Senior Staff
488758,Panayotis,Tyugu,Senior Engineer
488761,Rajmohan,Onuegbe,Engineer
488764,Subhrajyoti,Onuegbe,Senior Engineer
488767,Lubomir,Adachi,Senior Staff
488774,Kamakshi,Plumb,Senior Engineer
488776,Jiann,Schmiedel,Technique Leader
488778,Shaz,Mitina,Staff
488783,Prodip,Denny,Assistant Engineer
488790,Temple,Braunschweig,Engineer
488791,Temple,Khasidashvili,Engineer
488793,Taiji,Kaelbling,Technique Leader
488794,Bodo,Serdy,Senior Staff
488800,Foong,Schieder,Senior Staff
488802,Jiang,Cherinka,Staff
488806,Huican,Ranon,Senior Engineer
488807,JiYoung,Madeira,Engineer
488811,Annemarie,Simkin,Senior Staff
488813,Elliott,Gelosh,Senior Staff
488817,Kensei,Jansen,Senior Engineer
488818,Masasuke,Tchuente,Senior Staff
488819,Seongbin,Asrin,Assistant Engineer
488820,Mayuri,Wegerle,Engineer
488821,Stepehn,Stanger,Senior Staff
488832,Deniz,Junot,Assistant Engineer
488837,Nahla,Riexinger,Senior Staff
488843,Honglan,Validov,Senior Engineer
488845,Abdelwaheb,Walstra,Senior Staff
488848,Changho,Poehlman,Engineer
488849,JoAnna,Vidya,Staff
488853,Kshitij,Axelband,Engineer
488857,Arto,Garrabrants,Senior Staff
488859,Odysseas,McFarlin,Senior Engineer
488863,Make,Kornyak,Staff
488865,Aris,Petersohn,Senior Engineer
488868,Satyanarayana,Uchoa,Senior Staff
488870,Nobuyoshi,Vuskovic,Staff
488874,Divier,Delaune,Senior Engineer
488877,Magy,Baca,Senior Staff
488881,Aran,Puppo,Engineer
488882,Kwangsub,Khalil,Senior Engineer
488886,Kauko,Janetzko,Senior Staff
488887,Szabolcs,Iwayama,Senior Staff
488894,Boriana,Champarnaud,Senior Engineer
488905,Snehasis,Takkinen,Staff
488907,Reinhold,Kitai,Senior Engineer
488909,Gina,Whittlesey,Senior Staff
488910,Moto,Slutz,Senior Engineer
488913,Guttorm,Demizu,Staff
488918,Tamiya,Munos,Senior Staff
488928,Adel,Bazelow,Senior Staff
488936,Kokou,Antonakopoulos,Senior Engineer
488938,Zeydy,Pesch,Senior Staff
488940,Zhongwei,Beutelspacher,Senior Staff
488941,Wayne,Zeidenstein,Senior Staff
488943,Cordelia,Lorho,Senior Staff
488944,Saeko,Clemencon,Senior Engineer
488946,Odoardo,Sewelson,Engineer
488949,Beshir,Krzyzanowski,Engineer
488956,Matt,Kranzdorf,Senior Staff
488958,Naftali,Brattka,Senior Staff
488961,Marsal,Niizuma,Senior Staff
488963,Conrado,Weisert,Senior Staff
488965,Khosrow,Pokrovskii,Senior Staff
488968,Shakhar,Wuwongse,Senior Staff
488969,Remko,Benzmuller,Staff
488971,Jouko,Aumann,Senior Engineer
488973,Arnd,Lenart,Senior Engineer
488974,Lunjin,Thambidurai,Senior Engineer
488979,Matk,Kleiser,Senior Engineer
488980,Vishwani,Reeker,Senior Engineer
488983,Oddvar,Varman,Engineer
488988,Izaskun,Puppe,Senior Staff
488989,Ingemar,Selenyi,Engineer
488995,Moon,Morris,Senior Engineer
488998,Kendra,Hennings,Senior Engineer
489001,Ingemar,England,Staff
489003,Changho,Matzov,Staff
489005,Gilbert,Onuegbe,Senior Staff
489010,Youngkon,Skrikant,Technique Leader
489015,Boriana,Benzmuller,Senior Engineer
489019,Pradeep,Chimia,Senior Staff
489022,Nakhoon,Chinal,Senior Engineer
489035,Gina,Masaki,Technique Leader
489040,Xiping,Lueh,Senior Engineer
489043,Kristinn,Pocchiola,Senior Engineer
489050,Jeanna,Pramanik,Senior Engineer
489051,Yongmao,Cunliffe,Senior Engineer
489054,Edwin,Giveon,Senior Engineer
489059,Leah,Schlegelmilch,Senior Staff
489060,Kazuhito,Sevcikova,Senior Engineer
489063,Jianhui,Penn,Senior Staff
489068,Nectarios,Parhami,Staff
489077,Basant,Sanella,Engineer
489083,Kish,Birch,Senior Staff
489085,Dung,Krzyzanowski,Technique Leader
489088,Basem,Perz,Senior Staff
489091,Frederique,Levergood,Senior Staff
489094,Giordano,Ligten,Staff
489100,Jaber,Erdi,Staff
489103,Sverrir,Buescher,Technique Leader
489104,Stafford,Brandsma,Engineer
489107,Uzi,Rosch,Senior Engineer
489108,Zhanqiu,Hofting,Senior Staff
489112,Arvin,Plavsic,Engineer
489113,Woody,Kriebel,Staff
489114,Muzhong,Felcyn,Technique Leader
489116,Hatsukazu,Merks,Engineer
489117,Constantijn,Gustavson,Senior Engineer
489124,Chandrasekaran,Uhrig,Engineer
489126,Anestis,Macedo,Senior Staff
489128,Nishit,Gluchowski,Senior Staff
489130,Guadalupe,Ligten,Senior Engineer
489134,Yurii,Brookman,Engineer
489136,Nishit,Msuda,Engineer
489147,Serge,Sanella,Engineer
489149,Ottavia,Sethi,Engineer
489151,Percy,Hoogerwoord,Senior Engineer
489152,Sergi,Deyuan,Engineer
489153,Gao,Bharadwaj,Engineer
489154,Vasilis,Thisen,Senior Engineer
489157,Mohammad,Janocha,Senior Engineer
489162,Tomokazu,Camurati,Senior Engineer
489163,Stevo,Sullins,Senior Staff
489166,Owen,Erman,Engineer
489171,Kazunori,Kisuki,Senior Engineer
489173,Heather,Rebaine,Senior Staff
489175,Yucai,Bahi,Senior Staff
489176,Aron,Einsfeld,Senior Engineer
489205,Eran,Cunliffe,Staff
489211,Demos,Kilgore,Senior Engineer
489215,Conrado,Ritcey,Engineer
489218,Persi,Debuse,Engineer
489221,Dulce,Remmers,Senior Staff
489225,Bodo,Keustermans,Engineer
489232,Domenico,Pezzoli,Staff
489243,Teiji,Lores,Senior Staff
489245,Shrikanth,Steenbeek,Senior Engineer
489249,Barun,Marwedel,Senior Staff
489250,Unal,Eickenmeyer,Senior Engineer
489251,Sukumar,Luders,Engineer
489257,Premal,Rissanen,Senior Staff
489258,Shiv,Gelosh,Engineer
489259,Marit,Junot,Staff
489260,Constantine,Huxford,Senior Staff
489267,Alper,Vadhan,Engineer
489269,Gully,Fontan,Senior Engineer
489270,Yonghoan,Yoshizawa,Engineer
489280,Kristen,Fraisse,Staff
489281,Marko,Colorni,Senior Engineer
489283,Abdulah,Ritzmann,Staff
489285,Khaled,Garnier,Senior Staff
489286,Chuanti,Rotem,Senior Engineer
489287,Frazer,Piveteau,Engineer
489302,Gopalakrishnan,Streng,Senior Engineer
489304,Kayoko,Rosis,Senior Staff
489314,Hilari,Streng,Senior Engineer
489318,Uta,Stellhorn,Senior Engineer
489321,Greger,Curless,Senior Staff
489323,Kazuhiko,Peres,Senior Engineer
489325,Qiwen,Furudate,Senior Staff
489328,Collette,Matheson,Senior Staff
489329,Christoph,Lagarias,Engineer
489332,Tzu,Karnin,Engineer
489334,Sachin,Baja,Staff
489335,Suebskul,Nivat,Senior Engineer
489337,Filipe,Velasco,Senior Engineer
489340,Fuqing,Setlzner,Senior Staff
489341,Bernd,Schmezko,Senior Engineer
489342,Shai,Vesna,Engineer
489346,Moti,Peris,Staff
489349,Foong,Schapire,Senior Staff
489350,Oscal,Belinskaya,Senior Staff
489352,Mona,Coors,Senior Staff
489360,Tomofumi,Kugler,Engineer
489365,Adhemar,Validov,Senior Engineer
489367,Waiman,Weiland,Senior Staff
489368,Tianruo,Parascandalo,Technique Leader
489370,Petter,Beausoleil,Staff
489372,Caolyn,Heusch,Engineer
489373,Radhika,Hiyoshi,Staff
489377,Khedija,Sooriamurthi,Assistant Engineer
489381,Elzbieta,VanScheik,Senior Engineer
489382,Sachar,Rodite,Senior Engineer
489383,Kazunori,Rodiger,Senior Staff
489384,Kwangyoen,Erbe,Senior Engineer
489389,Claude,Bonifati,Senior Engineer
489391,Tonia,Lambe,Engineer
489395,Arto,Plavsic,Senior Staff
489396,Tomofumi,Millington,Senior Engineer
489397,Naftaly,Jonsson,Senior Staff
489399,Constantine,Bardell,Senior Staff
489405,Sarita,Heuter,Staff
489409,Monique,Sidou,Senior Staff
489410,Falguni,Ratnakar,Senior Staff
489414,Shiv,Radhakrishnan,Senior Engineer
489415,Aluzio,Ranft,Senior Engineer
489420,Zeydy,Leslie,Senior Engineer
489423,Udaiprakash,Plumb,Senior Engineer
489424,Mingdong,Schiettecatte,Engineer
489425,Keiichiro,Hambrick,Engineer
489428,Ebbe,Blokdijk,Senior Engineer
489430,Kamran,Ellozy,Senior Engineer
489431,Danae,Markovitch,Engineer
489432,Bilhanan,Gill,Engineer
489433,Valeska,Terlouw,Senior Staff
489434,Along,Murtagh,Senior Staff
489436,Isaac,Bashian,Staff
489437,Yuriy,Chelton,Senior Staff
489440,Conor,Jonsson,Senior Staff
489441,Shigehiro,Zongker,Senior Staff
489451,Fabrizio,Chinal,Engineer
489452,Hercules,Sethi,Senior Staff
489456,Geoffrey,Lorie,Senior Staff
489461,Moie,Ebeling,Senior Staff
489464,Marsha,Chepyzhov,Senior Engineer
489466,Kazunori,Gurbaxani,Senior Engineer
489467,Fumino,Hofman,Senior Engineer
489470,Duro,Hambrick,Staff
489471,Val,Jeong,Technique Leader
489472,Arumugam,Kalorkoti,Senior Staff
489484,Qingxiang,Furedi,Engineer
489485,Rimon,Lortz,Engineer
489490,Miomir,Tyugu,Senior Engineer
489499,Fun,Nicolson,Senior Engineer
489500,Hideo,Bridgland,Senior Staff
489504,Apostol,Kriebel,Staff
489508,Collette,Melichar,Engineer
489515,Taiji,Poupard,Engineer
489516,Jayesh,Erbe,Technique Leader
489518,Alexius,Dulay,Engineer
489523,Uriel,Sessa,Engineer
489526,Toshimori,Fritzsche,Engineer
489527,Sampalli,Anick,Engineer
489528,Stamatina,Henseler,Senior Staff
489533,Kazuhito,Angiulli,Staff
489534,Nathan,Dredge,Senior Engineer
489536,Rosalyn,Parveen,Engineer
489541,Froduald,Baranowski,Senior Staff
489542,Martijn,Luce,Engineer
489543,Fumiyo,Panwar,Engineer
489560,Soenke,Vesel,Senior Engineer
489565,Domenick,Brodal,Staff
489568,Takushi,Bahk,Engineer
489572,Bluma,Perko,Senior Staff
489581,Kazunori,Shiratori,Technique Leader
489582,Pranav,Ozeki,Senior Engineer
489583,Venkatesan,Orsini,Senior Engineer
489584,Supot,Merey,Senior Staff
489585,Janalee,Callaway,Senior Staff
489595,Arvind,Gomatam,Senior Engineer
489598,Duro,Stanfel,Senior Staff
489599,Gianluca,Alencar,Senior Staff
489601,Aemilian,Orsini,Senior Staff
489602,Nadjib,Hoogerwoord,Senior Staff
489615,Takanari,Mandelberg,Senior Engineer
489616,Howell,Serdy,Senior Staff
489618,Denis,Gadepally,Senior Engineer
489619,Hironobu,Luca,Engineer
489620,Mohd,Luft,Senior Engineer
489622,Hinrich,Malinowski,Senior Engineer
489624,Odoardo,Malabarba,Staff
489626,Perry,Hennings,Staff
489628,Hugo,Peng,Senior Engineer
489638,Filipp,Socorro,Senior Staff
489646,Denis,Heering,Staff
489656,Sibyl,Papastamatiou,Senior Engineer
489663,Troy,Koblick,Senior Staff
489666,Almudena,Bernick,Senior Engineer
489669,Danny,Businaro,Senior Engineer
489672,Atreye,Gyimothy,Senior Engineer
489674,Maja,Tramer,Senior Engineer
489677,Irene,Gill,Senior Engineer
489680,Divier,Ratzlaff,Senior Engineer
489681,Jamaludin,Luck,Senior Engineer
489684,Shichao,Herath,Staff
489688,Amalendu,Fadgyas,Senior Staff
489689,Jovan,Papsdorf,Engineer
489692,Amabile,Farrar,Senior Engineer
489693,Toshiko,Macedo,Engineer
489702,Xiaoqiu,Noriega,Senior Staff
489712,Renny,Ebeling,Staff
489718,Jovan,Nooteboom,Engineer
489723,Larisa,Coney,Technique Leader
489726,Chaosheng,Desikan,Senior Staff
489729,Leah,Gente,Staff
489730,Niranjan,McAffer,Senior Engineer
489731,Martial,Gopalakrishnan,Senior Staff
489732,Juyoung,Tramer,Senior Engineer
489733,Augustine,Veccia,Staff
489734,Miyeon,Staylopatis,Senior Staff
489745,Willard,Straney,Engineer
489750,Yurii,Weedman,Engineer
489751,Masali,Feldmann,Engineer
489753,Uri,Muhling,Senior Staff
489758,Marin,Hempstead,Senior Engineer
489759,Serap,Pell,Senior Engineer
489762,Huei,Benzmuller,Engineer
489764,Nikolaus,Lyonns,Staff
489765,Suzette,Kruskal,Senior Staff
489767,Kristina,Menyhert,Senior Staff
489772,Bojan,Dichev,Senior Engineer
489777,Arch,Quittner,Senior Engineer
489779,Atilio,McAlpine,Staff
489782,Jiong,Schnabel,Senior Engineer
489785,Kristian,Bisiani,Staff
489790,Kyoichi,Anandan,Technique Leader
489793,Ronnie,Denna,Senior Engineer
489799,Hugh,Birrer,Senior Staff
489801,Dante,Lichtner,Senior Engineer
489803,Shahid,Sluis,Technique Leader
489804,Moss,Pavlopoulou,Staff
489805,Pranas,Cools,Senior Engineer
489808,Tonny,Valiente,Engineer
489810,Kristina,Ozeri,Engineer
489814,Collette,Slaats,Engineer
489823,Xiaoheng,Bugrara,Senior Engineer
489828,Heon,Rajcani,Senior Engineer
489829,Noritoshi,Uchoa,Engineer
489835,Chinho,Fortenbacher,Senior Engineer
489841,Muzhong,Ambroszkiewicz,Assistant Engineer
489842,Lene,Hebert,Engineer
489844,Yakkov,Kuhnemann,Senior Staff
489847,Tomofumi,Schicker,Senior Staff
489858,Kristen,Iisaku,Senior Staff
489860,Paloma,Verhoeff,Senior Staff
489862,Franziska,Kornatzky,Engineer
489863,Duangkaew,Murthy,Staff
489880,Nevio,Pearson,Senior Staff
489884,Marl,Parascandalo,Staff
489885,Heng,Guting,Senior Engineer
489888,Yahiko,Jumpertz,Senior Staff
489889,Slavian,Pillow,Senior Engineer
489890,Bezalel,Hebert,Senior Staff
489891,Navin,Rothenberg,Assistant Engineer
489893,Yuriy,Niizuma,Senior Engineer
489894,Aron,Heyers,Senior Engineer
489899,Tomofumi,Hoppenstand,Senior Staff
489901,Guther,Schaad,Senior Staff
489904,Renny,Gecseg,Technique Leader
489907,Mark,Akiyama,Staff
489909,Amabile,Kampfer,Senior Engineer
489916,Steve,Munoz,Engineer
489921,Dmitri,Potthoff,Engineer
489924,Hugo,Billawala,Engineer
489926,Aksel,Bondorf,Staff
489931,Susanna,Lamba,Senior Engineer
489933,Valery,Pettit,Staff
489935,Jordanka,Callaway,Engineer
489938,Oscal,Beausoleil,Senior Staff
489946,Jiakeng,Lindqvist,Senior Staff
489953,Valeska,Collavizza,Engineer
489959,Fusako,Ouhyoung,Engineer
489969,Chikara,Shimshoni,Senior Engineer
489970,Xiping,Radwan,Senior Engineer
489972,Sivanarayana,Selenyi,Senior Engineer
489973,Snehasis,Conte,Staff
489983,Teruyuki,Zuberek,Senior Engineer
489985,Atreye,Mandelberg,Senior Engineer
489986,Remco,Impagliazzo,Staff
489988,Girolamo,Henders,Senior Staff
489993,Satyanarayana,Pena,Senior Engineer
489995,Arumugam,Beeson,Senior Staff
490003,Owen,Escriba,Senior Staff
490007,Basim,Pettey,Senior Engineer
490010,Kshitij,Ranft,Engineer
490015,Subhash,Diderrich,Senior Staff
490017,Randi,Percebois,Senior Engineer
490019,Geoffry,Roisin,Senior Staff
490028,Chikako,Koblitz,Engineer
490029,Yucai,Verhaegen,Staff
490030,Nidapan,Millington,Staff
490034,Fuqing,Lupu,Staff
490037,Jagoda,Varman,Senior Staff
490041,Manohar,Heuter,Senior Engineer
490042,Vivian,Syrotiuk,Engineer
490044,Huiqun,Ginneken,Senior Staff
490064,Uta,Jayawardene,Senior Engineer
490065,Phillip,Schlegelmilch,Staff
490066,Gonzalo,Hmelo,Staff
490069,Xiadong,Pargaonkar,Senior Engineer
490071,Claudi,Comte,Senior Engineer
490074,Elvia,Srimani,Senior Engineer
490080,Chinhyun,Preusig,Senior Staff
490096,Shietung,Kriebel,Staff
490100,Khalid,Bressoud,Staff
490101,Adas,Masaki,Senior Engineer
490102,Oguz,Gulik,Engineer
490104,Adhemar,Lowrie,Staff
490109,Kitty,Serre,Senior Engineer
490123,Cordelia,Jahnichen,Engineer
490127,Mario,Tokunaga,Senior Staff
490130,Tesuya,Roohalamini,Senior Staff
490133,Uzi,Gladwell,Senior Staff
490139,Shirish,Thebaut,Senior Engineer
490140,Dmitri,Pramanik,Senior Engineer
490141,Candido,Danlos,Senior Staff
490147,Toshimi,Merro,Senior Staff
490149,Uli,Zhang,Senior Engineer
490150,Guadalupe,Aumann,Senior Engineer
490152,Susanta,Randi,Senior Engineer
490155,Kenroku,Tchuente,Engineer
490157,Limsoon,Ruther,Engineer
490159,Geoffrey,Jayawardene,Senior Staff
490164,Martina,Mandell,Senior Engineer
490165,Arvind,Brobst,Senior Engineer
490168,Lena,Delgrange,Senior Engineer
490171,Francoise,Denos,Staff
490172,Hisao,Thimonier,Senior Engineer
490175,Hironobu,Bernardeschi,Staff
490181,Thodoros,Chelton,Senior Engineer
490182,Hironoby,Tetzlaff,Senior Staff
490183,Guozhong,Hegner,Technique Leader
490186,Kazuhira,Vasanthakumar,Engineer
490191,Adly,Baba,Senior Engineer
490193,Chinho,Openshaw,Senior Engineer
490195,Takanari,Schurmann,Senior Engineer
490201,Sukumar,Baranowski,Senior Engineer
490203,Gay,Crelier,Senior Staff
490204,Abdelaziz,Waymire,Senior Staff
490205,Lansing,Chorvat,Senior Staff
490208,Yuriy,Michaeli,Senior Engineer
490214,Guttorm,Thimonier,Senior Engineer
490215,Dannz,Bennis,Staff
490218,Barun,Famili,Senior Staff
490219,Otilia,Angelopoulos,Senior Staff
490220,Radhia,Nitta,Senior Staff
490224,Honesty,Raoux,Staff
490225,Angel,Velasco,Senior Staff
490226,Kristinn,Syang,Senior Staff
490228,Poornachandra,Gill,Senior Engineer
490231,Mori,Siochi,Senior Staff
490234,Dipankar,Perz,Staff
490238,Subhankar,Vadhan,Engineer
490241,Deniz,Ananiadou,Senior Staff
490242,Padma,Jeansoulin,Staff
490243,Takahito,Falco,Engineer
490245,Nahid,Schade,Staff
490249,Sahrah,Riefers,Senior Engineer
490250,Elvis,Baez,Senior Staff
490251,Youssef,Zweizig,Senior Staff
490258,Pranay,Anick,Senior Staff
490263,Xiaopeng,Uehara,Senior Staff
490264,Hilary,Meriste,Senior Staff
490268,Aluzio,Menhardt,Senior Staff
490269,Hideyuki,Schaar,Engineer
490270,Minghong,Luft,Senior Staff
490271,Gladys,Kobuchi,Senior Staff
490273,Hilary,Luby,Senior Staff
490275,Ger,Karunanithi,Assistant Engineer
490276,Gudjon,Hutton,Senior Engineer
490279,Uma,Bach,Assistant Engineer
490281,Manu,Crabtree,Senior Engineer
490287,Tran,Itzigehl,Senior Engineer
490296,Padma,Conry,Assistant Engineer
490297,Danil,DuCasse,Senior Engineer
490308,Woody,Shokrollahi,Senior Engineer
490309,Giordano,Malinowski,Engineer
490310,Monique,Camarinopoulos,Senior Engineer
490311,Shounak,Valiente,Senior Staff
490312,Gino,Rettelbach,Senior Staff
490320,Demos,Gajiwala,Staff
490323,Moheb,Leaver,Engineer
490324,Hercules,McClurg,Staff
490331,Zito,Peris,Senior Staff
490332,Tse,Luef,Engineer
490337,Faiza,Clemencon,Senior Engineer
490338,Changho,Bernardeschi,Senior Engineer
490344,Jayesh,Horswill,Senior Engineer
490345,Aleksandar,Coullard,Engineer
490346,Shunichi,Rusterholz,Senior Engineer
490349,Cathie,Vilarrasa,Staff
490353,Piyawadee,Muhlberg,Staff
490355,Keung,Bennis,Engineer
490357,Oldrich,Heuser,Senior Staff
490361,Ranan,Chinin,Senior Engineer
490365,Genevieve,Calkin,Senior Engineer
490368,Satosi,Debuse,Senior Engineer
490371,Morris,Taneja,Staff
490373,Aleksandar,Schwartzbauer,Senior Engineer
490374,Mani,Terwilliger,Engineer
490376,Khoa,Chleq,Staff
490381,Sangeeta,Tanemo,Senior Staff
490383,Sachin,Wroclawski,Staff
490384,Kagan,Schlenzig,Senior Engineer
490385,Carrsten,Baranowski,Staff
490387,Mads,Haddadi,Staff
490391,Tomokazu,Besancenot,Staff
490393,Diederik,Herbst,Senior Staff
490397,Sorina,Heuter,Senior Staff
490398,Valeska,Ozeri,Senior Engineer
490400,Zhiguo,Dayana,Assistant Engineer
490401,Munir,Eppinger,Senior Engineer
490402,Xudong,Kolinko,Senior Engineer
490403,Bodo,Ghalwash,Staff
490406,Zhongwei,Rubsam,Senior Staff
490408,Paloma,Khamsi,Senior Engineer
490410,Teunis,Uehara,Senior Engineer
490419,Zhenbing,Oaver,Senior Engineer
490420,Lansing,Heuser,Technique Leader
490424,Serenella,Dulin,Senior Engineer
490429,Lenore,Kieras,Senior Staff
490433,Shirish,Mateescu,Staff
490437,Tsutomu,Riesenhuber,Senior Staff
490438,Kamran,Azadmanesh,Senior Engineer
490442,Zijian,Cesareni,Staff
490443,Chinho,Selvestrel,Staff
490447,Demin,Alvarado,Senior Staff
490448,Koichi,Larfeldt,Assistant Engineer
490452,Nirmal,Muniz,Senior Staff
490453,Eckart,Baik,Senior Engineer
490454,Chrisa,Rissland,Engineer
490462,Manibrata,Fraisse,Technique Leader
490467,Mayuri,Schwartzburd,Senior Engineer
490468,Fayez,Vidal,Senior Staff
490474,Jinxi,Suppi,Senior Staff
490476,Vugranam,Matteis,Senior Engineer
490484,Doohun,Michaeli,Senior Staff
490487,Gino,Reistad,Staff
490494,Sahrah,Molberg,Senior Staff
490501,Achilleas,Eickenmeyer,Senior Staff
490510,Premsyl,Riefers,Senior Engineer
490515,Tiina,Georgatos,Engineer
490518,Rosalie,Serna,Senior Staff
490522,Masasuke,Rossi,Senior Staff
490525,Evgueni,Fasbender,Staff
490531,Achilleas,Pavlopoulou,Senior Staff
490537,Mohan,Engberts,Senior Staff
490547,Adel,Winter,Senior Engineer
490549,Amstein,Roohalamini,Senior Staff
490552,Emran,Backhouse,Engineer
490553,Rimli,Horswill,Senior Staff
490554,JiYoung,Zirintsis,Staff
490559,Haldun,Pokrovskii,Engineer
490564,Yuichiro,Lores,Engineer
490569,Wayne,Cronin,Engineer
490572,Changho,Rullman,Senior Engineer
490579,Martien,Guerreiro,Senior Staff
490581,Greger,Ghemri,Senior Staff
490582,Vishu,Lanteri,Senior Engineer
490583,Huai,Sluis,Senior Staff
490586,Fabrizio,Bugrara,Senior Engineer
490587,Janalee,VanScheik,Engineer
490588,Hairong,Acton,Staff
490590,Erzsebet,Rothe,Assistant Engineer
490592,Heejo,Pardalos,Staff
490594,Gadiel,Bugaenko,Senior Engineer
490599,Badri,Yoshizawa,Staff
490600,Hein,Ranst,Assistant Engineer
490601,Uriel,Lortz,Staff
490604,Yakichi,Oehlmann,Senior Engineer
490606,Shichao,Bazzichi,Senior Staff
490608,Berry,Demri,Staff
490611,Kokou,Chinin,Senior Staff
490614,Siddarth,Norsworthy,Senior Staff
490616,Taiji,Stifter,Senior Staff
490617,Changho,Lampe,Senior Engineer
490619,Flemming,Orsini,Engineer
490623,Zeljko,Ohori,Senior Engineer
490630,Sadok,Lenart,Senior Staff
490634,Sanjay,Jullig,Senior Engineer
490637,Shahid,Markovitch,Senior Engineer
490640,JoAnna,Puoti,Senior Staff
490641,King,Angel,Technique Leader
490643,Subhada,Zongker,Senior Staff
490649,Jingling,Uehara,Engineer
490650,Sanjeeva,Covnot,Staff
490652,Constantine,Gronowski,Senior Staff
490653,Patricio,Zwicker,Senior Engineer
490658,Insup,Redmiles,Staff
490660,Ramzi,Haddadi,Senior Staff
490662,Xuedong,Siegrist,Staff
490668,Margareta,Scharstein,Engineer
490670,Hideyuki,Koprowski,Senior Staff
490673,Snehasis,Cincotta,Senior Staff
490677,Make,Menhoudj,Senior Engineer
490678,Leen,Griswold,Senior Staff
490684,Ronnie,Hennings,Senior Staff
490686,Haldon,Colorni,Engineer
490689,Gian,Leppanen,Senior Engineer
490696,Tomokazu,Grabner,Senior Engineer
490698,Shan,Furudate,Senior Staff
490700,Margo,Hiyoshi,Engineer
490702,Akhilish,Msuda,Senior Staff
490703,Jianhui,Bolotov,Senior Staff
490710,Niclas,Herber,Senior Staff
490712,Horward,Ecklund,Senior Staff
490713,Reuven,Strandh,Senior Staff
490715,Moss,Farrel,Senior Engineer
490717,Renee,Schnelling,Senior Staff
490718,Khun,Ambroszkiewicz,Senior Engineer
490721,Gad,Meszaros,Staff
490722,Sumant,Prochazka,Staff
490724,Fabrizio,Tsukune,Staff
490725,Marko,Schiper,Senior Engineer
490730,Francesca,Chimia,Senior Staff
490731,Chandrasekaran,Eterovic,Senior Engineer
490732,Wilmer,Lunn,Engineer
490740,Remko,Haraldson,Engineer
490749,Pranas,Hebden,Senior Staff
490750,Huican,Foong,Senior Staff
490756,Shugo,Babb,Senior Engineer
490757,Siddarth,Chachaty,Technique Leader
490761,Kristian,Chachaty,Senior Staff
490763,Tomoyuki,Laurillard,Engineer
490764,Surveyors,Uchoa,Staff
490769,Pantung,Schueller,Senior Engineer
490770,Xuejia,Schiper,Senior Engineer
490774,Mohua,Carrere,Staff
490776,Kokou,Perna,Senior Staff
490777,Apostol,Ritzmann,Senior Engineer
490784,Soenke,Baumann,Staff
490786,Martijn,Zizka,Staff
490789,Arne,Pokrovskii,Senior Engineer
490794,Ziya,Waterhouse,Engineer
490799,Mariangiola,Polajnar,Engineer
490805,Along,Boyle,Staff
490806,Udo,Hanratty,Staff
490813,Mihalis,Sullins,Senior Engineer
490817,Seongbae,Menhoudj,Senior Engineer
490820,Kagan,Simmen,Senior Staff
490821,Nitsan,Rissanen,Technique Leader
490822,Piyawadee,Peir,Staff
490827,Hyuncheol,Vitiello,Staff
490828,Venkatesan,Lowrie,Staff
490829,Hidde,Kading,Senior Staff
490833,Arup,DuBourdieux,Senior Staff
490835,Muzhong,Ballarin,Senior Staff
490850,Akeno,Karunanithi,Senior Staff
490851,Sanjoy,Plotkin,Senior Staff
490854,Zhaofang,Levasseur,Senior Engineer
490855,Yinghua,Ranon,Staff
490856,Supot,Gonthier,Senior Engineer
490857,Domenick,Hammerschmidt,Senior Staff
490858,Sarita,Poujol,Senior Engineer
490861,Tsz,Yoshimura,Senior Staff
490864,Basem,Lorin,Senior Engineer
490873,Armond,Rande,Senior Engineer
490875,Kwun,Peyn,Staff
490886,Gian,Hainaut,Senior Engineer
490888,Berna,Gargeya,Technique Leader
490890,Fay,Conry,Senior Staff
490894,Naftali,Bugrara,Engineer
490912,Aram,Bisiani,Senior Engineer
490913,Qingxiang,Lortz,Senior Engineer
490915,Hatim,Vitiello,Senior Engineer
490918,Cedric,Zumaque,Staff
490923,Adas,Harbusch,Senior Engineer
490928,Mong,Ohori,Technique Leader
490929,Mingdong,Byoun,Senior Staff
490930,Tua,Godskesen,Staff
490934,Mark,Bisiani,Senior Engineer
490938,Aksel,Serov,Senior Engineer
490939,Parviz,Schiettecatte,Senior Staff
490940,Adam,Jeong,Senior Staff
490942,JoAnna,Restivo,Senior Engineer
490945,Moriyoshi,Schiettecatte,Senior Engineer
490946,Adam,Chinin,Engineer
490948,Richard,Pell,Senior Engineer
490954,Maria,Ramsey,Senior Engineer
490959,Spyrose,Gniady,Staff
490963,Maja,Kusakabe,Senior Engineer
490966,Godehard,Limongiello,Senior Engineer
490967,Siamak,Rahier,Senior Engineer
490972,Fox,Hatcliff,Engineer
490978,Kazuhito,Stentiford,Technique Leader
490979,Shir,Heping,Senior Engineer
490981,Duro,Rosiles,Engineer
490982,Mountaz,Feinberg,Staff
490997,Sasan,Luff,Technique Leader
491000,Margareta,Juneja,Staff
491002,Haldun,Giaccio,Senior Staff
491003,Tzvetan,Krichel,Senior Staff
491005,Jeanna,Irland,Senior Engineer
491008,Kristian,Koblick,Assistant Engineer
491009,Kenton,Streit,Senior Staff
491019,Lakshmi,Aloisi,Engineer
491020,Xianlong,Chartres,Senior Staff
491024,Lubomir,Pietracaprina,Senior Engineer
491025,Garnik,Kroon,Senior Staff
491027,Zhongwei,Pollock,Senior Engineer
491028,Deniz,Kaltofen,Senior Staff
491031,Cullen,Markovitch,Senior Staff
491034,Kaijung,Garnham,Senior Staff
491035,Macha,Delgrande,Senior Staff
491039,Sigeru,Wrigley,Engineer
491044,Mara,Ducloy,Senior Staff
491047,Bartek,Rissanen,Senior Engineer
491048,Rimon,Karnin,Senior Staff
491049,Kwangho,Bala,Staff
491052,Aron,Ushiama,Senior Engineer
491053,Martins,Armand,Senior Engineer
491054,Bodo,Benantar,Engineer
491058,Younwoo,Negoita,Senior Engineer
491065,Berry,Huhdanpaa,Senior Staff
491067,Maha,Marciano,Technique Leader
491070,Dmitry,Argence,Senior Engineer
491073,Mechthild,Denis,Senior Engineer
491074,Kien,Baar,Senior Staff
491077,Tua,Ranze,Senior Engineer
491080,Szabolcs,Jullig,Senior Staff
491081,Richard,Collavizza,Senior Engineer
491084,Abdelwaheb,Xiaoshan,Staff
491092,Moon,Sudbeck,Engineer
491099,Jovan,Iacovou,Senior Staff
491110,Marsal,Malinowski,Senior Staff
491113,Djenana,Krybus,Engineer
491115,Cullen,Denti,Senior Engineer
491116,Heng,Atchley,Staff
491117,Makato,Liedekerke,Senior Staff
491123,Khalid,Krybus,Technique Leader
491127,Khoa,Cheshire,Assistant Engineer
491128,Howell,Cappelletti,Senior Engineer
491130,Sven,Speek,Staff
491132,Huei,Schaft,Senior Staff
491135,Changho,Morton,Senior Engineer
491140,Yongqiao,VanScheik,Senior Engineer
491143,Fai,Turnbull,Staff
491146,Kwee,Lakshmanan,Staff
491148,Nakhoon,Dredge,Senior Engineer
491149,Sasan,Lyonns,Technique Leader
491150,Ranga,Erdmenger,Senior Engineer
491151,Marco,Mitina,Staff
491152,Zejun,Lorie,Senior Staff
491153,Zhigen,Emmerich,Senior Staff
491156,Brigham,Maquelin,Technique Leader
491160,Eldridge,Lorys,Engineer
491165,Subhrajyoti,Zizka,Senior Engineer
491168,Ioana,Schiper,Engineer
491171,Shuzo,Basagni,Senior Staff
491172,Lansing,Lindenbaum,Technique Leader
491176,Moto,Kalloufi,Senior Engineer
491177,Rildo,Cesareni,Engineer
491185,Masako,Zirintsis,Staff
491188,Zdislav,Wilharm,Senior Staff
491192,Djelloul,Gide,Engineer
491194,Xinan,Steenbeek,Senior Engineer
491195,Shiv,Peck,Staff
491201,Wojceich,Luke,Technique Leader
491207,Kauko,Karnin,Senior Engineer
491211,Lansing,Milicic,Senior Staff
491212,Irene,Kleiser,Senior Staff
491213,Shaowei,Angot,Staff
491217,Ottavia,Makinen,Senior Engineer
491219,Henk,Gide,Senior Engineer
491222,Narain,Kemmerer,Staff
491224,Pramod,Roisin,Senior Staff
491226,Chrisa,Hagimont,Senior Engineer
491237,Avishai,Bednarek,Senior Staff
491238,Luise,Soicher,Engineer
491247,Arch,Macedo,Senior Engineer
491248,Rimli,Perez,Senior Engineer
491251,Maria,Nishimukai,Senior Engineer
491253,Duro,Pfau,Senior Engineer
491255,Cheong,Chimia,Engineer
491261,Sariel,Emmart,Engineer
491266,Olivera,Montresor,Senior Engineer
491269,Jixiang,Egerstedt,Senior Staff
491275,Leni,Laurillard,Senior Staff
491276,Kerryn,Uhrik,Senior Engineer
491278,Chanjung,Vesna,Engineer
491279,Leandro,Kranzdorf,Senior Engineer
491280,Frederique,Tyugu,Engineer
491282,Khun,Thorensen,Senior Engineer
491287,Marin,Bodoff,Senior Staff
491289,Hidekazu,Bahr,Senior Engineer
491301,Fumiya,Rothenberg,Senior Staff
491303,Faiza,Linares,Senior Engineer
491304,Felicidad,Lamba,Senior Staff
491305,Kinh,Ebeling,Engineer
491308,Dietrich,Moffat,Senior Engineer
491309,Jovan,Giveon,Senior Engineer
491311,Gina,Swick,Senior Staff
491313,Rimon,Rossi,Senior Engineer
491319,Yonghoan,Mitzlaff,Senior Engineer
491321,Petter,Bhattacharjee,Staff
491323,Mario,Tetzlaff,Senior Staff
491325,Herbert,Ruemmler,Senior Engineer
491326,Munehiko,Welham,Staff
491329,Tianruo,Chepyzhov,Senior Engineer
491330,Anneli,Bernardinello,Senior Staff
491331,Lene,Takkinen,Staff
491333,Yoshinari,Aingworth,Senior Staff
491334,Zhanqiu,Rathonyi,Senior Engineer
491339,Jeong,Lanzelotte,Senior Engineer
491340,Patricia,Mitina,Engineer
491342,Divier,Leslie,Senior Engineer
491344,Takahito,Sundgren,Staff
491350,Dipankar,Panangaden,Senior Engineer
491362,Padma,Falco,Senior Staff
491373,Panayotis,Sudkamp,Engineer
491374,Kwee,Solares,Senior Staff
491377,KayLiang,Katzenelson,Senior Staff
491379,Adas,Ferretti,Senior Engineer
491380,Phillip,Linares,Senior Staff
491382,Taegyun,Heping,Senior Staff
491387,Kirk,Erdmenger,Technique Leader
491391,Yakichi,Zolotykh,Engineer
491392,Dekang,Verhaegen,Senior Staff
491397,Arto,Schaap,Senior Staff
491399,Candido,Brender,Senior Engineer
491406,Karlis,Mondadori,Senior Staff
491407,Lena,Jahnichen,Senior Staff
491408,Uta,Kilgore,Engineer
491410,Satyanarayana,Percebois,Technique Leader
491412,Chuanyi,Pettit,Senior Engineer
491414,Kazuhiro,Ratnaker,Staff
491415,Sanjoy,Nations,Senior Staff
491417,Udo,Ginneken,Senior Engineer
491419,Changho,Wursthorn,Senior Staff
491420,Hauke,Diderrich,Senior Staff
491425,Tayeb,Ladret,Senior Staff
491426,Ravishankar,Roccetti,Staff
491428,Aksel,Budinsky,Senior Engineer
491429,Kwangjo,Boudaillier,Staff
491432,Girolamo,Granlund,Technique Leader
491433,Remzi,Bodoff,Senior Staff
491435,Danny,Codenie,Staff
491436,Taisook,Vecchi,Senior Engineer
491442,Aluzio,Nitsch,Senior Engineer
491443,Chikako,Callaway,Technique Leader
491446,Steve,Wissmann,Technique Leader
491453,Lillian,Farris,Senior Staff
491458,Suzette,Copas,Senior Staff
491459,Jiann,Gewali,Staff
491461,Pasqua,Attimonelli,Senior Engineer
491462,Siddarth,Laventhal,Senior Engineer
491465,Ramzi,Karner,Senior Staff
491466,Reinhold,Rettelbach,Senior Staff
491474,Luise,Emmart,Senior Staff
491475,Chiradeep,Kitsuregawa,Staff
491484,Shugo,Oberman,Senior Staff
491486,Amabile,Antonisse,Engineer
491489,Harjit,Braccini,Senior Engineer
491493,Arco,Poehlman,Staff
491496,Jeanne,Meszaros,Senior Staff
491497,Garnet,Condotta,Senior Engineer
491498,Kwangyoen,Chiodo,Senior Staff
491499,Heather,Perz,Senior Engineer
491503,Ung,Lund,Staff
491504,Zeydy,Radwan,Engineer
491512,Jacqueline,Yamaashi,Staff
491513,Satosi,Decleir,Staff
491516,Neelam,Heiserman,Senior Staff
491533,Kiam,Schlegelmilch,Senior Engineer
491539,Kamakshi,Salinas,Senior Staff
491540,Margareta,Reutenauer,Engineer
491541,Laurentiu,Brodal,Staff
491545,Sangeeta,Tanemo,Senior Engineer
491546,Anwar,Denti,Senior Engineer
491547,Krassimir,Matzat,Senior Engineer
491549,Jaihie,Docker,Senior Staff
491555,Vasiliy,Tibblin,Senior Engineer
491558,Chriss,Luan,Engineer
491559,Sanjay,Taubman,Senior Staff
491561,Takahiro,Aseltine,Staff
491562,Ewing,Denis,Senior Staff
491563,Bowen,Badache,Senior Staff
491566,Udi,Grospietsch,Staff
491568,Erez,Veevers,Technique Leader
491569,Lidong,Hemaspaandra,Staff
491570,Arvin,Coney,Senior Engineer
491572,Tzu,Kadhim,Senior Staff
491575,Leif,Kawashimo,Senior Engineer
491576,Nevio,DuBourdieux,Senior Staff
491579,Mori,Rodite,Senior Staff
491586,Kazuhito,Birrer,Staff
491588,Syozo,Attimonelli,Engineer
491593,Jackson,Herath,Senior Staff
491594,Sumant,Trachtenberg,Senior Engineer
491598,Arra,Bade,Staff
491599,Giri,Tibblin,Senior Engineer
491601,Bader,Lampe,Staff
491602,Nigel,Knightly,Engineer
491606,Moie,Gaughan,Senior Staff
491608,Susuma,Conde,Staff
491609,Heeju,Lundstrom,Staff
491612,Kien,Horswill,Senior Staff
491620,Zhensheng,Heuser,Senior Staff
491621,Marco,Irland,Senior Engineer
491622,Remko,Stiles,Senior Staff
491624,Laurentiu,Clouatre,Senior Staff
491627,Charlene,Baja,Staff
491629,Aamer,Schapiro,Senior Engineer
491630,Jianwen,Merkl,Senior Staff
491631,Ung,Conry,Staff
491634,Susuma,Pollacia,Senior Engineer
491636,Janche,Esposito,Engineer
491640,Adly,Marrevee,Senior Engineer
491641,Marko,Lueh,Senior Engineer
491646,Roddy,Vural,Senior Staff
491649,Rosella,Coney,Senior Staff
491650,Atreyi,Gladwell,Senior Staff
491652,Vasilii,Schnelling,Senior Engineer
491656,Sergi,Ulupinar,Engineer
491657,Adit,Hiyoshi,Senior Staff
491659,Xiping,Sidou,Senior Staff
491662,Maia,Ponthieu,Senior Engineer
491665,Nathalie,Flanders,Staff
491667,Shan,Veeraraghavan,Staff
491681,Zengping,Asrin,Senior Staff
491687,Kotesh,Peyn,Senior Engineer
491695,Rosine,Madeira,Senior Staff
491697,Suzette,Vadhan,Engineer
491698,Paraskevi,Skogmar,Senior Staff
491703,Hinrich,Fadgyas,Staff
491704,Zhilian,Bazzichi,Senior Engineer
491710,Khun,Khalil,Senior Staff
491714,Huan,Lindqvist,Staff
491718,Mizuhito,Fadgyas,Staff
491719,Steen,Collette,Senior Staff
491727,Fox,Wilfing,Senior Engineer
491728,Tru,Bael,Staff
491730,Kirk,Esposito,Senior Staff
491733,Arie,Swick,Senior Engineer
491734,Gil,Gecsei,Senior Engineer
491739,Kwangsub,Nicolson,Staff
491746,Tsutomu,Karlin,Staff
491747,Kerhong,Delgrange,Senior Staff
491754,Kiyokazu,Rouquie,Senior Staff
491755,Przemyslawa,Terekhov,Senior Staff
491758,Nahla,Luby,Staff
491767,Naftaly,Leslie,Senior Engineer
491769,Arto,Cmelik,Engineer
491770,Elzbieta,Ranst,Senior Staff
491781,Mona,Terwilliger,Senior Staff
491785,Tianruo,Peris,Engineer
491786,Nahum,McAffer,Senior Engineer
491789,Fumitaka,Schnabel,Senior Engineer
491799,Zorica,Peck,Senior Staff
491800,Yifei,Ginneken,Senior Engineer
491801,Moti,Waterhouse,Staff
491805,Khalid,Trumbly,Senior Engineer
491807,Halsur,Tchuente,Engineer
491808,Junichi,Gustavson,Senior Engineer
491809,Yongqiao,Demir,Staff
491813,Kwee,Cronau,Senior Engineer
491816,Yongdong,Krider,Senior Engineer
491818,Yongqiao,Besselaar,Engineer
491824,Vincent,Jonsson,Senior Engineer
491828,Thodoros,Wixon,Engineer
491832,Lunjin,Kalefeld,Staff
491842,Shahab,Puppe,Senior Engineer
491843,Irena,Kusalik,Senior Engineer
491847,Danel,Mitzlaff,Senior Staff
491850,Marsal,Lunt,Senior Staff
491851,Jaihie,Braccini,Senior Staff
491853,Paris,Chinen,Senior Engineer
491856,Rayond,Farrag,Senior Staff
491857,Chaoyi,Ecklund,Senior Staff
491859,Tsuneo,Bach,Staff
491860,Vesna,Hinsberger,Senior Engineer
491862,Jiann,Gire,Senior Staff
491863,Fumino,Openshaw,Staff
491872,Renny,Munke,Senior Engineer
491877,Abdulla,Fendler,Senior Engineer
491887,Wanqing,Shokrollahi,Senior Engineer
491892,Arfst,Gruenwald,Staff
491903,Danae,Haddadi,Engineer
491904,Sachem,Staelin,Senior Engineer
491906,Annemarie,Bojadziev,Senior Engineer
491909,Emran,Iisaka,Senior Staff
491913,Yongdong,Spell,Senior Engineer
491915,Aksel,Ginneken,Engineer
491917,Quingbo,Coombs,Senior Engineer
491922,Jouni,Litvinov,Senior Staff
491923,Sudharsan,Deville,Assistant Engineer
491924,Premsyl,Clouatre,Staff
491926,Weiye,Langford,Senior Staff
491929,Adel,Pesch,Senior Staff
491942,Ottavia,Masamoto,Senior Staff
491943,Moon,Lovengreen,Senior Engineer
491945,Guenter,Jervis,Senior Staff
491946,Krister,Bellmore,Engineer
491949,Uinam,Compeau,Senior Engineer
491950,Rosine,Goldhammer,Senior Staff
491957,Niteen,Penttonen,Staff
491958,Basim,Lorin,Senior Staff
491960,Claude,Slobodova,Staff
491961,Nevio,Eldridge,Engineer
491965,Nikolaus,Porotnikoff,Senior Engineer
491971,Sanjit,Veccia,Senior Engineer
491977,Jinya,Scharstein,Senior Engineer
491978,Limsoon,Makinen,Senior Staff
491981,Vojin,Rabehasaina,Technique Leader
491987,Francoise,Foong,Senior Staff
491988,Perla,Magliocco,Senior Staff
492001,Morris,Birch,Senior Engineer
492003,Toshiki,Erni,Senior Engineer
492006,Francesca,Gornas,Engineer
492010,Gor,Oskamp,Senior Staff
492013,Muzhong,Bugrara,Staff
492018,Tsz,Gire,Engineer
492020,Vojin,Landherr,Staff
492021,Pascal,Bahi,Staff
492025,Yishai,Frolund,Senior Staff
492026,Takahiro,Callaway,Senior Staff
492030,Otmar,Marakhovsky,Senior Engineer
492039,Miomir,Vrecion,Senior Staff
492046,Bogdan,Cronin,Senior Staff
492050,Ute,Cardazo,Engineer
492055,Radhia,Baar,Senior Staff
492058,Jaques,Menyhert,Senior Staff
492059,Yunming,Pezzoli,Senior Engineer
492061,Eran,Cyne,Senior Staff
492067,Zito,Eppinger,Technique Leader
492070,Kinh,Liedekerke,Senior Staff
492071,Jessie,Kisuki,Staff
492077,George,Backhouse,Senior Engineer
492084,Reinhard,Yetim,Senior Engineer
492091,Werner,Coombs,Senior Engineer
492093,Jamaludin,Mitchem,Senior Staff
492097,Georgy,Broder,Senior Engineer
492101,Masaru,Rosen,Senior Engineer
492107,Mart,Kitsuregawa,Engineer
492118,Maha,Murthy,Senior Staff
492119,Dipankar,Bennet,Senior Staff
492123,Kristina,Reinhart,Senior Staff
492133,Hatem,Saoudi,Senior Engineer
492138,Valdiodio,Cronin,Engineer
492139,Berto,Anandan,Engineer
492144,Arunachalam,Stavenow,Assistant Engineer
492152,Lubomir,Siprelle,Senior Engineer
492153,Tristan,Casperson,Senior Staff
492162,Adhemar,Waterhouse,Technique Leader
492165,Berthier,Lubachevsky,Senior Staff
492168,Parviz,Masada,Senior Engineer
492170,Sakthirel,Ushiama,Senior Staff
492181,Lech,Turnbull,Engineer
492183,Pranav,Gimbel,Senior Engineer
492184,Malu,Fetvedt,Engineer
492185,Rosine,McAffer,Senior Engineer
492187,Chrisa,Ranum,Staff
492190,Uma,Baig,Senior Engineer
492192,Chuanyi,Doering,Senior Staff
492196,Luisa,Feldmann,Senior Engineer
492197,Cedric,Chleq,Engineer
492200,Alejandra,Stranks,Senior Engineer
492201,Shuho,Gunderson,Assistant Engineer
492204,Vitaly,Ulupinar,Senior Engineer
492205,Rimon,Genther,Engineer
492209,Jackson,Carrera,Senior Engineer
492214,Baocai,Shackel,Staff
492225,Ipke,Neiman,Senior Staff
492228,Weijing,Muhling,Senior Staff
492230,Luisa,Polajnar,Staff
492232,Mats,Baranowski,Senior Engineer
492236,Xiaocheng,Delgrande,Staff
492239,Theron,Diderrich,Staff
492243,Kyoichi,Chorvat,Engineer
492247,Becky,Zaiane,Senior Staff
492249,Moss,Kakkad,Senior Staff
492257,Isamu,Ferretti,Senior Engineer
492263,Munir,Erbe,Senior Staff
492267,Niranjan,Krogh,Staff
492268,Zdislav,Docker,Senior Engineer
492271,Chinya,Clemencon,Staff
492275,Reuven,Bahk,Engineer
492277,Siamak,Vingron,Staff
492278,Chinhyun,Delgrange,Senior Staff
492289,Mong,Vilarrasa,Senior Engineer
492290,Domenico,Schmittgen,Senior Staff
492291,Mihalis,Chenney,Senior Staff
492296,Malu,Murthy,Engineer
492297,Niteen,Ciolek,Senior Engineer
492299,Weicheng,Hoppenstand,Senior Engineer
492303,Fun,Reistad,Staff
492304,Moti,Gerteisen,Senior Staff
492309,Abdulla,Swen,Senior Staff
492313,Eirik,Orsini,Engineer
492314,Achilleas,Turnbull,Senior Staff
492317,Otilia,Krogh,Senior Staff
492319,Abdulla,Hellwagner,Engineer
492323,Houman,Stanfel,Senior Staff
492324,Berna,Remmers,Engineer
492327,Claude,Denna,Engineer
492328,Mooi,Tzvieli,Assistant Engineer
492331,Supot,Gustavson,Senior Engineer
492332,Sukumar,Ligten,Senior Engineer
492335,Khedija,Thorensen,Senior Engineer
492336,Hilari,Karcich,Senior Staff
492337,Greger,Junet,Senior Staff
492339,Deborah,Rosti,Engineer
492341,Odysseas,Menhardt,Senior Staff
492355,Khalil,Colorni,Senior Staff
492356,Mayuko,Desikan,Engineer
492361,Bangqing,Jansen,Senior Staff
492364,Kien,Manders,Engineer
492366,Abdulla,Jumpertz,Engineer
492367,Chuanti,Pellegrinelli,Senior Staff
492370,Serap,Ruther,Senior Engineer
492375,Barna,Nollmann,Engineer
492376,Fuqing,Pagter,Senior Engineer
492377,Jianhua,Pollacia,Senior Staff
492381,Jinpo,Danley,Technique Leader
492383,Mari,Gadepally,Senior Engineer
492387,Shahid,Kading,Senior Engineer
492391,Alenka,Baba,Senior Staff
492394,Shigeo,Tempesti,Senior Engineer
492396,Giri,McClurg,Senior Staff
492397,Mohd,Baumann,Staff
492399,Zejun,Worfolk,Senior Staff
492406,Emdad,Georg,Senior Staff
492408,Hyuncheol,Chaudhury,Senior Staff
492411,Nadjib,Monkewich,Senior Engineer
492415,Jinxi,Sabnani,Senior Engineer
492419,Berto,Shanbhogue,Senior Engineer
492421,Eldridge,Pfau,Staff
492425,Masamitsu,Kopetz,Senior Engineer
492428,Adin,Laventhal,Senior Engineer
492429,Paloma,Pelz,Senior Staff
492431,Hsiangchu,Verhaegen,Senior Staff
492438,Aluzio,Ritzmann,Staff
492440,Sachar,Hemaspaandra,Staff
492442,Divine,Speek,Engineer
492443,Val,Mansanne,Senior Engineer
492448,Kristen,Uchoa,Senior Engineer
492449,Leen,Verspoor,Staff
492450,Guoxiang,Muniz,Staff
492463,Kwangjo,Zirintsis,Senior Staff
492466,Yonghong,Kumaresan,Senior Engineer
492467,Shigeu,Suessmith,Senior Engineer
492468,JoAnna,Fargier,Senior Engineer
492472,Youngkon,Peyn,Senior Staff
492477,Erzsebet,Scharstein,Engineer
492479,Otilia,Salinas,Senior Staff
492481,Chikara,Czap,Senior Staff
492483,Otilia,Taubenfeld,Staff
492486,Mooi,Fujisawa,Senior Staff
492489,Alair,Braunmuhl,Senior Engineer
492493,Yucai,Maliniak,Engineer
492504,Rosella,Georg,Senior Staff
492505,Tianruo,Grandbois,Senior Engineer
492508,Uno,Eastman,Senior Staff
492509,Mikhail,Laventhal,Staff
492516,Jovan,Baek,Senior Staff
492519,Tsz,Serra,Engineer
492531,Denny,Muniz,Senior Engineer
492533,Xiaoheng,Busillo,Staff
492537,Maja,Cronin,Senior Staff
492538,Almudena,Sury,Senior Engineer
492542,Vidya,Cyre,Senior Staff
492550,Yolla,Crooks,Senior Engineer
492553,Armond,Conia,Staff
492555,Hercules,Kropf,Senior Staff
492558,Yoshimitsu,Melter,Senior Staff
492561,Mantis,Wielonsky,Senior Engineer
492562,Morris,Valiente,Senior Staff
492563,Gennady,Attimonelli,Engineer
492564,Hiroyasu,Bellmore,Senior Engineer
492566,Susuma,DasSarma,Senior Engineer
492567,Kensyu,Baalen,Senior Engineer
492570,Maris,Plotkin,Senior Staff
492572,Mooi,Hempstead,Engineer
492574,Alain,Georg,Senior Engineer
492576,Akeno,Birge,Senior Engineer
492578,Aleksandar,Chimia,Technique Leader
492580,Nathalie,Zastre,Senior Staff
492586,Aamod,Knightly,Senior Staff
492587,Kirk,Salverda,Engineer
492589,Poornachandra,Spell,Senior Engineer
492590,Vishwani,Wursthorn,Senior Engineer
492592,Lobel,Werthner,Engineer
492593,Lalit,Uludag,Senior Engineer
492597,Bedrich,Takanami,Senior Staff
492602,Lubomir,Suomi,Senior Staff
492612,Guangming,Matzke,Senior Staff
492613,Shaleah,Boudaillier,Engineer
492614,Xiaoshan,Frolund,Senior Staff
492615,Navid,Assaf,Senior Engineer
492618,JoAnna,Gyorkos,Staff
492620,Pranav,Werthner,Staff
492622,Pintsang,Kading,Staff
492628,Valdiodio,Hoogerwoord,Senior Staff
492629,Garnet,Haumacher,Senior Engineer
492630,Marjo,Billawala,Senior Staff
492633,Taiji,Malinowski,Senior Staff
492638,Shaowen,Chinin,Technique Leader
492640,Constantine,Panienski,Engineer
492641,Mori,Azulay,Senior Staff
492642,Marsal,Quittner,Assistant Engineer
492643,Renny,Homond,Staff
492646,Munehiko,Georgatos,Staff
492647,Leen,Madeira,Senior Staff
492652,Sukumar,Heydon,Senior Engineer
492654,Geraldo,Zizka,Senior Staff
492657,Srinidhi,Sommen,Senior Staff
492663,Parke,Harnett,Senior Engineer
492667,Rosli,Usdin,Senior Engineer
492671,Zengping,Docker,Senior Staff
492672,Domenick,Strehl,Senior Engineer
492674,Lena,dAstous,Engineer
492678,Kazuyasu,Pettis,Senior Staff
492682,Kellie,Szemeredi,Staff
492685,Sashi,Ginesta,Senior Staff
492693,Feiyu,Kakkar,Senior Engineer
492694,Boutros,Weedman,Senior Engineer
492700,Morrie,Yemenis,Staff
492708,Randi,Luiz,Senior Engineer
492710,Kristine,Conta,Senior Engineer
492711,Zita,Marshall,Senior Staff
492714,Aria,Picht,Senior Staff
492716,Seongbin,Danlos,Technique Leader
492725,Georgi,Hasham,Technique Leader
492726,Georg,Steenbeek,Technique Leader
492727,Wanqing,Brickell,Engineer
492731,Valery,Valiente,Engineer
492732,Navid,Ciolek,Senior Staff
492734,Iara,Heiserman,Senior Engineer
492736,Taiji,Melton,Senior Engineer
492738,Jaques,Gammage,Staff
492743,Aram,Preusig,Staff
492746,Mohit,Zirintsis,Engineer
492750,Akeno,Sewelson,Senior Engineer
492755,Jinpo,Hartvigsen,Senior Engineer
492756,Shigeu,Rajaraman,Senior Engineer
492758,Phuoc,Sichman,Senior Engineer
492759,Chenxi,Butterworth,Senior Staff
492760,Susanna,Llado,Senior Engineer
492763,Vugranam,Azadmanesh,Senior Engineer
492764,Anoosh,Heemskerk,Engineer
492767,Shushma,Tomescu,Senior Staff
492771,Odoardo,Aamodt,Senior Engineer
492773,King,Nicolson,Senior Engineer
492775,Pranas,Yavatkar,Senior Engineer
492777,Demin,Mapelli,Engineer
492779,Wilmer,Matteis,Technique Leader
492780,Mana,Erva,Engineer
492781,Khedija,Fritzsche,Senior Staff
492786,Arnd,Taneja,Senior Engineer
492798,Berhard,Kandlur,Staff
492799,LiMin,Ramsak,Senior Staff
492800,Brigham,Kropf,Senior Engineer
492801,Jenwei,Denos,Engineer
492806,LiMin,Chinen,Senior Engineer
492813,Hailing,Zizka,Staff
492819,Trygve,Honglei,Senior Engineer
492823,Goa,Sewelson,Staff
492829,Chaitali,Schwartzburd,Engineer
492831,Yonghong,Liesche,Staff
492835,Khaled,Khalil,Senior Staff
492836,Zorica,Kranzdorf,Senior Engineer
492838,Anneli,Rothenberg,Engineer
492840,Yuchang,Pfau,Senior Staff
492843,Sven,Lipner,Senior Engineer
492844,Falguni,Prenel,Senior Staff
492850,Yefim,Gill,Senior Engineer
492857,Tadahiro,Sanella,Senior Staff
492858,Pintsang,Anido,Engineer
492859,Takanari,Pena,Staff
492865,Mooi,Bernatsky,Technique Leader
492867,Ebbe,Baaz,Senior Engineer
492868,Abdelkader,Trumbly,Staff
492875,Sasan,Milicia,Senior Engineer
492877,Vasiliy,Chinin,Senior Staff
492879,Kazuhisa,Kriebel,Engineer
492880,Saddek,Berendt,Staff
492883,Kwangho,Fontet,Engineer
492887,Soenke,Luby,Senior Staff
492891,Zhongwei,Baumann,Staff
492895,Hitomi,Papsdorf,Senior Staff
492903,Basim,Vesel,Assistant Engineer
492908,Kensei,Cannard,Engineer
492909,Oscar,Ramras,Senior Engineer
492911,Jungsoon,Asser,Senior Staff
492912,Noritoshi,Braunmuhl,Senior Engineer
492914,Irena,Leivant,Senior Staff
492920,Hausi,Mukaidono,Staff
492923,Ziva,Oskamp,Senior Engineer
492928,Martien,Denis,Engineer
492929,Yannik,Nanard,Senior Engineer
492936,Shen,Emmerich,Staff
492938,Kazuhide,Spieker,Senior Engineer
492943,Satyanarayana,Skogmar,Staff
492945,Heping,Barreiro,Senior Staff
492949,Dinkar,Pollock,Senior Staff
492950,Theron,Wilfing,Staff
492953,Ung,Vidal,Senior Staff
492956,Remzi,Back,Senior Staff
492959,Aamod,Monarch,Senior Engineer
492963,Arvind,Serre,Staff
492964,Sanjai,Bamford,Senior Engineer
492966,Moni,Petereit,Senior Staff
492989,Marjo,Byoun,Senior Engineer
492996,Nitsan,Kaiser,Senior Engineer
492998,Bogdan,Schicker,Engineer
493004,Pantung,Skrikant,Technique Leader
493005,Nidapan,Suppi,Senior Staff
493008,Yagil,Lanphier,Senior Staff
493010,Uinam,Plavsic,Senior Engineer
493012,Satyanarayana,Georgatos,Senior Staff
493013,Aamer,Nishimukai,Engineer
493014,Kristian,Borstler,Technique Leader
493018,Arumugam,Masaki,Senior Staff
493026,Jiang,Swen,Senior Engineer
493033,Willard,Sgarro,Senior Engineer
493035,Make,Yetto,Senior Engineer
493037,Elrique,Schwaller,Senior Staff
493039,Remco,Lodder,Senior Staff
493040,Navin,Shimshoni,Senior Staff
493041,Arup,Emmart,Senior Staff
493042,Erzsebet,Manders,Senior Staff
493044,Kendra,Janetzko,Senior Engineer
493047,Hairong,Baar,Engineer
493054,Xuejun,Denti,Engineer
493057,Lijia,Monarch,Senior Engineer
493063,Danil,Alpin,Senior Engineer
493068,Navid,Malinowski,Senior Engineer
493073,Tadahiko,Itzigehl,Senior Engineer
493075,Georgi,Kaminger,Senior Staff
493084,Tua,Rodite,Senior Engineer
493090,Tesuya,Heping,Senior Staff
493097,Edwin,Yurov,Engineer
493100,Yongqiao,Kossowski,Engineer
493106,Renny,Tempesti,Staff
493107,Urs,Molenaar,Technique Leader
493115,Shai,Bashian,Senior Engineer
493116,Pintsang,Heping,Senior Engineer
493117,Moie,Ullian,Senior Engineer
493121,Shigeo,Andreotta,Senior Staff
493124,Mokhtar,Picht,Staff
493127,Chuanti,Kampfer,Staff
493129,Howell,Msuda,Engineer
493136,Poorav,Bojadziev,Senior Engineer
493137,Goetz,Senzako,Engineer
493141,Kersti,Peroz,Senior Engineer
493143,Geraldo,Schnabel,Staff
493145,Marlo,Zeleznik,Senior Engineer
493146,Giordano,Junot,Assistant Engineer
493147,Shaz,Chelton,Senior Engineer
493149,Xinyu,Parascandalo,Staff
493150,Toshiki,Zockler,Technique Leader
493155,Jaber,Henders,Senior Staff
493159,Yurii,Binkley,Senior Engineer
493163,Eirik,Shrader,Senior Engineer
493166,Adly,Landherr,Staff
493167,Greger,Angel,Senior Staff
493169,Mostafa,Solovay,Engineer
493173,Huican,Sury,Staff
493174,Yinlin,Czaja,Staff
493176,Kauko,Perly,Senior Staff
493181,Kwangjo,Belinskaya,Senior Staff
493182,Tze,Staelin,Engineer
493183,Masanao,Sinitsyn,Senior Engineer
493184,Xiaoqiu,Wroclawski,Engineer
493188,Erzsebet,Gustavson,Engineer
493190,Shaowen,Range,Engineer
493191,Margareta,Rusterholz,Staff
493194,Tamiya,Tetzlaff,Senior Staff
493199,Gila,Gist,Senior Engineer
493200,Feiyu,Jansch,Engineer
493202,Shan,Mikschl,Staff
493209,Mani,Zizka,Senior Staff
493211,Rosalyn,McDermid,Senior Engineer
493213,Mats,Maquelin,Technique Leader
493217,Mong,Merle,Senior Engineer
493219,Stevo,Gini,Senior Engineer
493222,Nechama,Bach,Senior Engineer
493226,Leon,Stenning,Staff
493228,Tiina,Ritcey,Senior Staff
493229,Freyja,Harnett,Senior Staff
493230,Branimir,Picel,Senior Engineer
493232,Cathie,Bamford,Senior Staff
493233,Chanjung,Swist,Senior Engineer
493237,Valery,Heuser,Staff
493241,Sasan,Buchter,Technique Leader
493244,Sajjad,Junet,Senior Engineer
493247,Quingbo,Kalefeld,Staff
493260,Alair,Journel,Senior Staff
493261,Demin,Savasere,Senior Engineer
493262,Pintsang,Fiebach,Staff
493264,Zeydy,Rehfuss,Senior Engineer
493265,Maya,Kuszyk,Senior Engineer
493268,Kensei,Minakawa,Senior Engineer
493269,Berhard,Biron,Staff
493276,Keiichiro,Zirintsis,Engineer
493285,Gennady,Syrzycki,Staff
493286,Maha,Riesenhuber,Senior Engineer
493288,Lech,Zaumen,Senior Staff
493294,Mong,Bamford,Senior Staff
493297,Roddy,Kusalik,Staff
493299,Erez,Aamodt,Senior Engineer
493300,Tommaso,Bodoff,Senior Staff
493301,Uri,Pardalos,Senior Engineer
493303,Berry,Schneeberger,Senior Staff
493308,Pintsang,Axelband,Engineer
493311,Uwe,Jansch,Senior Staff
493313,Mohammed,Fabrizio,Senior Staff
493317,Alejandra,Xiaoshan,Technique Leader
493318,Zhonghua,Angelov,Staff
493326,Lein,Grabner,Assistant Engineer
493328,Alejandro,Rusmann,Staff
493329,Nidapan,dAstous,Senior Staff
493330,Hidekazu,Lanphier,Senior Staff
493341,Mihalis,Guerreiro,Senior Staff
493342,Goetz,Birch,Technique Leader
493344,Martina,Birch,Senior Engineer
493346,Kiyomitsu,Engelmann,Senior Engineer
493352,Thodoros,Sigstam,Senior Staff
493353,Hiroyasu,Sadowsky,Technique Leader
493354,Marie,Rassart,Senior Engineer
493357,Demos,Schmittgen,Senior Staff
493360,Shaowen,Harllee,Technique Leader
493361,Naraig,Perri,Senior Staff
493362,Phule,Hiraishi,Staff
493368,Siddarth,Orsini,Technique Leader
493369,Tze,Zielinski,Senior Staff
493371,Kirk,Katalagarianos,Senior Engineer
493372,Dipayan,Reinhart,Senior Staff
493375,Juichirou,Slobodova,Senior Engineer
493378,Demos,Flexer,Senior Staff
493379,Faiza,Knightly,Technique Leader
493382,Xuejun,Pargaonkar,Senior Staff
493383,Marjo,Llado,Senior Engineer
493387,Zeydy,Gniady,Senior Engineer
493389,Sandeepan,Feinberg,Engineer
493395,Tzu,Yurek,Senior Staff
493397,Honglan,Varley,Senior Engineer
493400,Xiaoshan,Awdeh,Senior Staff
493407,Tua,Gargeya,Senior Engineer
493412,Ronnie,Yurov,Engineer
493421,Serge,Herbst,Senior Staff
493426,Gal,Karner,Staff
493430,Jaber,Pell,Engineer
493444,Mara,Aloia,Staff
493447,Jahangir,Saoudi,Staff
493448,Alper,Swist,Senior Engineer
493451,Adam,Kabayashi,Engineer
493453,Fai,Waleschkowski,Engineer
493463,Duke,Vidal,Senior Engineer
493464,Bader,Tsunoo,Senior Staff
493479,Lubomir,Babu,Engineer
493488,Mansur,Tsunoo,Staff
493492,Gadiel,Docker,Senior Engineer
493495,Toshimori,Maquelin,Senior Staff
493503,Hidefumi,Potthoff,Engineer
493504,Shaz,Pfau,Senior Engineer
493505,Sushant,Basawa,Senior Engineer
493506,Siddarth,Vigier,Senior Engineer
493507,Gay,Prenel,Senior Staff
493509,Zito,Rande,Senior Engineer
493511,Rafols,Yurek,Senior Staff
493515,Volkmar,Bade,Engineer
493518,Krassimir,Kroon,Staff
493519,Sadegh,Papsdorf,Engineer
493521,Theirry,Famili,Senior Engineer
493524,Changho,Cooke,Senior Staff
493526,Phillip,Ulupinar,Senior Staff
493531,Gay,Heystek,Engineer
493547,Krisda,Attimonelli,Senior Staff
493550,Leaf,Gunderson,Senior Engineer
493556,Roddy,Yurek,Senior Engineer
493557,Froduald,Renear,Senior Staff
493558,Geoffrey,Penz,Senior Engineer
493560,Danny,Henseler,Senior Engineer
493565,Jayson,Orsini,Senior Engineer
493566,Owen,Demke,Senior Engineer
493569,Mikhail,Salvesen,Senior Staff
493572,Kamakshi,Sudbeck,Staff
493576,Margareta,Prochazka,Senior Staff
493581,Shaibal,Nooteboom,Senior Engineer
493583,Jessie,Falco,Senior Engineer
493590,Akeno,Zedlitz,Senior Staff
493592,Younwoo,Encarnacion,Assistant Engineer
493594,Jayesh,Barvinok,Senior Staff
493595,Kazuhiro,Kobuchi,Senior Engineer
493596,Lein,Matteis,Engineer
493599,Leon,Saoudi,Staff
493603,Baoqiu,Bade,Senior Engineer
493606,Heon,Bratten,Senior Engineer
493607,Kazuhiro,Rotem,Engineer
493609,Oldrich,Pramanik,Senior Engineer
493610,Barry,Pena,Senior Engineer
493617,Nishit,Gulik,Senior Staff
493618,Subir,Skafidas,Senior Staff
493628,Cristinel,Hempstead,Senior Staff
493632,Sumali,Demri,Senior Engineer
493638,Xiaoheng,Pulkowski,Senior Staff
493642,Sanjai,Baig,Senior Staff
493647,Jayson,Perri,Senior Staff
493651,Constantino,Demeyer,Staff
493655,Vidya,Willoner,Senior Engineer
493656,Vivian,Lalonde,Senior Engineer
493662,Badri,Silva,Engineer
493665,Weiyi,Zultner,Staff
493671,Mikhail,Chiola,Senior Staff
493673,Aloys,Cools,Senior Staff
493675,Dante,Benaini,Engineer
493678,Chirstian,Beeson,Senior Engineer
493681,Baocai,Mersereau,Senior Engineer
493683,Magy,Ducloy,Senior Staff
493685,Kazunori,Isaak,Engineer
493690,Tua,Pearson,Senior Staff
493695,Sariel,Camarinopoulos,Senior Engineer
493698,Kwangyoen,Koblitz,Staff
493700,JoAnne,Kushnir,Senior Staff
493706,Houman,Sadowsky,Senior Engineer
493708,Avishai,Heemskerk,Staff
493711,Guadalupe,Ranai,Technique Leader
493714,Peer,Sherertz,Engineer
493715,Dipayan,Binding,Engineer
493716,Vitaly,Zaumen,Senior Engineer
493720,Juyoung,Sridhar,Senior Staff
493721,Serif,Zielinski,Senior Engineer
493723,Masadi,Munoz,Assistant Engineer
493725,Anneke,Jeansoulin,Senior Staff
493736,Yoshimitsu,Maksimenko,Senior Engineer
493738,Jolita,Schreiter,Senior Staff
493739,Xinglin,Kroha,Engineer
493743,Erzsebet,Osgood,Engineer
493747,Wayne,Ibel,Staff
493748,Mircea,Mayerwieser,Senior Engineer
493752,Dulce,Bazzichi,Staff
493753,Maia,Rettelbach,Senior Engineer
493754,Amstein,Stifter,Senior Staff
493758,Miomir,Biron,Senior Engineer
493761,Giap,Arlazarov,Senior Staff
493763,Dulce,Giveon,Senior Staff
493764,Zeydy,Quadeer,Technique Leader
493775,Valter,Garrabrants,Senior Staff
493777,Susanta,Gecsei,Staff
493780,Parke,Staylopatis,Senior Engineer
493788,Maha,Cronau,Senior Staff
493789,Elvia,Zirintsis,Senior Engineer
493792,Leni,McFarlin,Engineer
493794,Manibrata,McFarlin,Staff
493797,Pranay,Stiles,Engineer
493800,Constantine,Zallocco,Senior Staff
493801,Stein,Pews,Engineer
493804,Perry,Polupanov,Staff
493805,Shim,Yeung,Senior Engineer
493808,Constantijn,Mukaidono,Senior Engineer
493811,Maja,Asser,Senior Engineer
493812,Bernardo,Brizzi,Senior Staff
493816,Rafail,Harbusch,Senior Staff
493820,Yahiko,Fiebach,Senior Engineer
493822,Yechezkel,Chappelet,Engineer
493831,Minghong,Brizzi,Senior Engineer
493832,Conal,Jullig,Senior Staff
493835,Kaijung,Hatcliff,Engineer
493836,Marit,Luga,Senior Engineer
493845,Gully,Suermann,Senior Engineer
493847,Tristan,Eastman,Staff
493848,Nevin,Muchinsky,Senior Staff
493850,Volkmar,Fargier,Senior Staff
493853,Oguz,Nourani,Senior Engineer
493854,Qunsheng,Melski,Senior Engineer
493855,Fusako,Iacovou,Senior Engineer
493857,Alagu,Ecklund,Senior Staff
493862,Weiye,Radivojevic,Staff
493869,Remko,Perz,Senior Engineer
493870,Danco,Anick,Engineer
493871,Nimmagadda,Butterworth,Senior Engineer
493872,Ugo,Tsukuda,Senior Staff
493874,Lunjin,Kamble,Engineer
493884,Takushi,Ernst,Staff
493887,Bernice,Hiroyama,Engineer
493889,Badri,Lowrie,Senior Staff
493890,Cristinel,Lorys,Engineer
493891,Serif,Hockney,Senior Staff
493893,Almudena,Ashish,Engineer
493894,Hairong,Comyn,Senior Engineer
493897,Sariel,Hennings,Staff
493901,Doowon,Gischer,Senior Staff
493902,Heping,Pettey,Senior Engineer
493903,Takahiro,Kornyak,Senior Staff
493905,Eishiro,Luan,Engineer
493909,Hatim,Emden,Senior Staff
493910,Marl,Swick,Senior Engineer
493912,Weidon,Magalhaes,Senior Engineer
493916,Kristen,Jayawardene,Senior Engineer
493917,Gina,Prochazka,Engineer
493921,Shahid,Cheshire,Engineer
493924,Nikolaos,Bael,Staff
493926,Chikara,Maraist,Senior Staff
493929,Gal,Lambe,Senior Engineer
493930,Bodo,Norsworthy,Engineer
493931,Fusako,Olivero,Engineer
493940,Genevieve,Asser,Engineer
493941,Reuven,Redmiles,Senior Staff
493944,Ziyad,Gulla,Assistant Engineer
493945,Nahum,Eiron,Engineer
493949,Zhenhua,Terlouw,Staff
493950,Sorina,Savasere,Engineer
493952,Hirochika,Halloran,Staff
493963,Junichi,Poehlman,Senior Staff
493965,Fun,Veevers,Senior Engineer
493971,Ebru,Jakobus,Senior Staff
493973,Jagoda,Weisert,Staff
493975,Teiji,Seiwald,Senior Engineer
493980,Claudi,Demri,Senior Engineer
493981,Moheb,Plavsic,Senior Staff
493990,Boalin,Ertl,Senior Staff
493992,Youngkon,Alpay,Senior Engineer
493993,Jinxi,Kamber,Senior Engineer
493997,Adamantios,Emiris,Staff
493999,Arvind,Driscoll,Staff
494002,Jixiang,Melter,Senior Engineer
494007,Ioana,Zschoche,Senior Staff
494008,Guadalupe,Roohalamini,Senior Staff
494020,Krister,Wilharm,Engineer
494022,Froduald,Langford,Senior Engineer
494035,Shen,Kabayashi,Senior Engineer
494037,Shay,Binkley,Senior Staff
494040,Ayakannu,Chiodo,Senior Engineer
494044,Angel,Glinert,Senior Staff
494050,Marc,Erev,Engineer
494051,Katsuo,Birdsall,Technique Leader
494061,Conal,Akaboshi,Technique Leader
494063,Werner,Laurillard,Engineer
494068,Kerryn,Swiss,Senior Staff
494070,Ghassan,Preusig,Staff
494076,Kazuhiko,Raczkowsky,Engineer
494078,Valery,McDermid,Senior Engineer
494080,Marko,Showalter,Senior Engineer
494086,Zhensheng,Zobel,Staff
494099,Waiman,Irland,Senior Staff
494100,Morrie,Riesenhuber,Senior Engineer
494105,Mabhin,Himler,Senior Staff
494114,Vitaly,Danley,Senior Engineer
494125,Tetsushi,Setiz,Senior Staff
494128,Brewster,Chiodo,Senior Staff
494136,Florian,Edelhoff,Senior Staff
494147,Shin,Poehlman,Senior Staff
494149,Gully,Hoppenstand,Engineer
494153,Leandro,Dulin,Senior Engineer
494155,Byong,Schwabacher,Senior Staff
494156,Pohua,McFarlan,Senior Engineer
494162,Anestis,Cangellaris,Engineer
494163,Ghassan,Mahnke,Engineer
494166,Marit,Khalid,Assistant Engineer
494167,Berni,Kalafatis,Senior Staff
494170,Munir,Gulak,Engineer
494172,Vivian,Taubman,Staff
494179,Chuanti,Dusink,Senior Engineer
494183,Chiranjit,Murthy,Senior Engineer
494185,Kasidit,Assaf,Engineer
494189,Djenana,Waleschkowski,Senior Engineer
494193,Annemarie,Hooghiemstra,Staff
494199,Takanari,Gyimothy,Senior Staff
494204,Leandro,Verspoor,Senior Staff
494207,Marl,Rande,Engineer
494219,Ekawit,Papsdorf,Senior Engineer
494220,Miyeon,Zielinski,Senior Engineer
494222,Masali,Perfilyeva,Senior Engineer
494233,Sasan,Takanami,Staff
494234,Randi,Stafford,Engineer
494239,Irene,Bernardinello,Senior Staff
494240,Tommaso,Bruckman,Senior Engineer
494242,Jinpo,Vesel,Assistant Engineer
494246,Vitaly,Rosiles,Engineer
494250,Kristina,Ligten,Senior Staff
494257,Branimir,Perri,Senior Engineer
494266,Duri,Bahi,Technique Leader
494270,Kasturi,Jonsson,Senior Staff
494271,Zsolt,Baba,Senior Engineer
494272,Yinghua,Vasanthakumar,Senior Engineer
494273,Shahab,Rotem,Staff
494276,Eran,Sudbeck,Senior Engineer
494278,Yoshimitsu,Mikschl,Engineer
494282,Karlis,Kawashima,Senior Staff
494287,Xudong,Gulik,Senior Staff
494290,Howell,Hellwagner,Senior Staff
494291,Cedric,Tsukuda,Engineer
494293,Mariusz,Dehkordi,Senior Engineer
494297,Adib,Dehkordi,Senior Engineer
494300,Zeljko,Oberman,Staff
494301,Rosalie,Beutelspacher,Senior Engineer
494302,Qingxiang,Polajnar,Senior Staff
494305,Taiji,Sommen,Engineer
494308,Vincent,Aloisi,Senior Staff
494313,Sigeru,Nitta,Senior Staff
494314,Bokyung,Panwar,Senior Staff
494316,Dekang,Merlo,Senior Staff
494319,Pradeep,Peha,Senior Staff
494321,Paris,Swab,Senior Staff
494324,Lillian,Luca,Senior Engineer
494325,Shin,Ferretti,Senior Staff
494327,Lillian,Nitto,Senior Engineer
494332,Kristen,Penz,Senior Staff
494337,Shir,Khamsi,Engineer
494339,Uno,Danley,Senior Engineer
494346,JoAnne,Escriba,Staff
494348,Kolar,Nittel,Senior Engineer
494352,Zine,Salvesen,Staff
494355,Koichi,Reutenauer,Assistant Engineer
494356,Alejandro,Gente,Technique Leader
494357,Arra,Lorys,Senior Engineer
494363,Jongsuk,Tsukuda,Assistant Engineer
494366,Fumiya,Taubenfeld,Senior Engineer
494375,Kwun,Shackell,Senior Engineer
494380,Goh,Einsfeld,Senior Staff
494381,Isaac,Ushiama,Senior Staff
494392,Emdad,Ernst,Senior Staff
494398,Claudi,Kulisch,Senior Staff
494400,Yongqiao,Schicker,Staff
494404,Menkae,Mapelli,Senior Staff
494406,Vincent,Babb,Senior Staff
494409,Munehiko,Cesareni,Technique Leader
494417,Eberhardt,Gargeya,Senior Staff
494420,Jouni,Fujisaki,Senior Engineer
494421,Tesuro,Liedekerke,Senior Engineer
494422,Constantine,Schwaller,Senior Staff
494423,Izaskun,Guenter,Senior Staff
494425,Mong,Heping,Senior Staff
494428,Manton,Selvestrel,Senior Staff
494429,Chaitali,Fandrianto,Senior Engineer
494433,Ayonca,Cronin,Senior Engineer
494443,Dzung,Auyong,Senior Engineer
494452,Chinho,Peng,Staff
494456,Heon,Swen,Senior Engineer
494458,Navid,Eterovic,Staff
494460,Horward,Jervis,Staff
494473,Aamod,Suri,Senior Engineer
494474,Isamu,Ossenbruggen,Senior Staff
494479,Anoosh,Thibadeau,Senior Engineer
494482,Munehiko,Chappelet,Senior Staff
494483,Lech,Cannard,Senior Engineer
494484,Tsvetan,Zockler,Senior Staff
494489,Elvis,Kroll,Staff
494491,Masaki,Badache,Staff
494495,Chiranjit,Jullig,Staff
494499,Lenore,Rassart,Engineer
494506,Fabrizio,Ozeri,Senior Staff
494511,Naftaly,Georg,Engineer
494514,Fumiko,Janetzko,Senior Staff
494520,Jayesh,Back,Senior Staff
494522,Florina,Koshiba,Senior Staff
494524,Toshiko,Jonsson,Senior Engineer
494536,Bluma,Lemarechal,Engineer
494538,Theron,Standera,Engineer
494539,Tadahiro,Morton,Senior Engineer
494547,Fun,Mawatari,Senior Staff
494548,Goetz,Peral,Senior Engineer
494549,Kasidit,Rosti,Senior Staff
494554,Vojin,Siksek,Senior Staff
494555,Kokou,Taubenfeld,Staff
494558,Yonghong,Farrar,Staff
494563,Dulce,Chiodo,Senior Staff
494567,Jinya,Luca,Staff
494569,Rimli,Tanemo,Senior Staff
494571,Jaroslava,Dusink,Staff
494572,Arup,Ouhyoung,Engineer
494574,Gudjon,Renear,Senior Engineer
494575,Kamran,Bresenham,Engineer
494583,Lalit,Stenning,Engineer
494584,Jianhao,Reeker,Engineer
494585,Tomokazu,Erie,Senior Engineer
494586,Youngkon,Bala,Senior Engineer
494587,Amstein,Bridgland,Senior Engineer
494589,Dzung,Suomi,Engineer
494591,Kristina,Murtha,Senior Staff
494599,Gro,Chepyzhov,Engineer
494608,Minghong,Schreiter,Staff
494609,Basim,Rousseau,Technique Leader
494610,Arie,Mandelberg,Senior Engineer
494615,Qiwen,Huhdanpaa,Technique Leader
494616,Steve,Massonet,Engineer
494619,Chrisa,Beutelspacher,Engineer
494627,Ramalingam,Schmittgen,Senior Engineer
494634,Garnet,Coombs,Senior Engineer
494636,Yuriy,Bernatsky,Engineer
494642,Yishai,Siksek,Engineer
494644,Steen,Langford,Engineer
494646,Kristof,Huttel,Engineer
494648,Junichi,Bahk,Senior Staff
494662,Koldo,Wroclawski,Technique Leader
494665,Ziyad,Baaz,Senior Staff
494682,Subhash,Hiltgen,Senior Staff
494683,Leucio,Waschkowski,Senior Staff
494692,Adamantios,Pehl,Senior Staff
494693,Xumin,Karner,Staff
494695,Mansur,Tanemo,Senior Staff
494697,Uma,Gladwell,Engineer
494708,Yuguang,Bonifati,Senior Staff
494710,Aris,Rusterholz,Senior Staff
494714,Shaowen,Coney,Senior Staff
494722,Joydip,Bhattacharjee,Senior Staff
494726,Hitomi,Bratsberg,Senior Staff
494736,Mototsugu,Picht,Senior Engineer
494741,Shim,Hettesheimer,Engineer
494743,Souichi,Thummel,Technique Leader
494750,Shigeaki,Compeau,Staff
494759,Arlette,Thummel,Senior Staff
494761,Eldridge,Ramaiah,Technique Leader
494763,Woody,Bazelow,Senior Engineer
494767,Izaskun,Ghandeharizadeh,Senior Staff
494768,Juichirou,Lovengreen,Staff
494769,Takahiro,Peek,Senior Staff
494773,Masako,Zlotek,Engineer
494775,Surveyors,Ramamoorthy,Senior Engineer
494776,Bilhanan,Schmittgen,Senior Engineer
494778,Remzi,Nittel,Senior Engineer
494781,Khaled,Rosenbaum,Staff
494783,Yunming,Swab,Senior Engineer
494784,Danae,Thorelli,Staff
494785,Odysseas,Baaz,Engineer
494787,Godehard,Reinhart,Engineer
494788,Kamakshi,Baig,Engineer
494792,Alois,Kadhim,Senior Engineer
494793,Shao,Gecsei,Engineer
494794,Danel,Lindenbaum,Engineer
494798,Amabile,Openshaw,Senior Engineer
494802,Irena,Domenig,Senior Engineer
494804,Menkae,Mandell,Senior Staff
494807,Marc,Simkin,Senior Staff
494813,Sachio,Marwedel,Senior Engineer
494815,Nirmal,Georgakopoulos,Senior Staff
494816,Kamran,Miyakawa,Senior Staff
494820,Bader,Takkinen,Senior Staff
494822,Naftaly,Luga,Senior Staff
494828,Etsuo,Brattka,Engineer
494831,Christoph,Kuhnemann,Senior Engineer
494832,Aloys,Wissmann,Senior Engineer
494833,Francesca,Michaeli,Senior Engineer
494834,Debatosh,Karcich,Staff
494835,Yongqiao,Compeau,Senior Staff
494845,Nathan,Turnbull,Engineer
494849,Jouni,Pillow,Senior Staff
494853,Yechiam,Lunt,Senior Staff
494854,Wilmer,Ranze,Senior Staff
494857,Steve,Morrey,Senior Engineer
494858,Krisda,Otillio,Senior Staff
494860,Krassimir,Picco,Staff
494862,Subhada,Bodoff,Assistant Engineer
494867,Kellie,Chenney,Engineer
494872,Tomofumi,Picaronny,Staff
494877,Kwangjo,Rodiger,Engineer
494881,Zhongwei,Peres,Engineer
494884,Somnath,Ratnaker,Staff
494885,Demin,Eterovic,Senior Staff
494891,Goa,Cappelli,Senior Engineer
494893,Tesuya,Lampe,Technique Leader
494897,Pradeep,Sury,Senior Engineer
494898,Randy,Ferriere,Senior Staff
494899,Magy,Orlowski,Senior Engineer
494903,Elzbieta,Hartvigsen,Staff
494906,Qingxiang,Bisiani,Senior Staff
494909,Genta,Liedekerke,Senior Staff
494913,Parviz,Hitomi,Senior Engineer
494919,Marit,Heering,Senior Engineer
494922,Saddek,McDermid,Engineer
494923,Gudjon,Pardalos,Engineer
494927,Wojceich,Rosay,Senior Engineer
494931,Mohamadou,Mansanne,Senior Engineer
494947,Noritoshi,Plotkin,Senior Staff
494951,Emran,Waleschkowski,Staff
494953,Gift,McConalogue,Senior Staff
494954,Jongsuk,Ruemmler,Engineer
494958,Candido,Redmiles,Senior Staff
494961,Xumin,Denna,Senior Engineer
494963,Shugo,Iisaka,Senior Staff
494967,Fox,Eiron,Senior Staff
494969,Mabry,Ullian,Senior Engineer
494971,Heng,Schaar,Engineer
494972,Hideyuki,Lally,Engineer
494973,Behnaam,Murtha,Senior Staff
494974,Tooru,Bamford,Engineer
494976,Zhaofang,Asrin,Senior Engineer
494990,Moon,Hutton,Engineer
494998,Tremaine,Pleszkun,Engineer
495004,Guozhong,Cunliffe,Technique Leader
495005,Mostafa,Businaro,Senior Engineer
495006,Fay,Cardazo,Senior Engineer
495007,Moni,Borovoy,Technique Leader
495008,Hatem,Zeilberger,Technique Leader
495012,Vitaly,Broder,Engineer
495014,Shaz,Murtagh,Engineer
495015,Ghassan,Sudbeck,Senior Engineer
495020,Gregory,Miculan,Senior Engineer
495025,Zhanqiu,Acton,Technique Leader
495026,Sachar,Barreiro,Senior Staff
495033,Gal,Halloran,Senior Staff
495037,Kiyotoshi,Brender,Staff
495038,Amalendu,Rotem,Senior Staff
495042,Maja,Chenney,Technique Leader
495047,Tetsushi,Barbanera,Senior Staff
495052,Mihalis,Matheson,Senior Engineer
495053,Yongdong,Hatcliff,Staff
495054,Yurii,Einsfeld,Senior Engineer
495056,Hitomi,Zwicker,Engineer
495058,Mabhin,Keirsey,Staff
495059,Barna,Quaggetto,Senior Engineer
495060,Lokesh,Soloway,Senior Engineer
495061,Wojceich,Zirintsis,Senior Staff
495062,Ortrud,Peron,Senior Staff
495063,Yaghout,Bahr,Staff
495065,Arve,Lamparter,Senior Staff
495066,Barry,Merel,Engineer
495067,Shan,Penz,Senior Staff
495069,Alain,Takkinen,Staff
495071,Genta,Hofman,Technique Leader
495073,Toshimori,Fontan,Senior Staff
495079,Lidong,Serra,Engineer
495082,Aiichiro,Choobineh,Staff
495087,Shaibal,Ulupinar,Senior Staff
495088,Suzette,Iisaku,Technique Leader
495090,Tianruo,Kambil,Engineer
495094,Jamaludin,Rullman,Senior Engineer
495097,Dinah,Beetstra,Senior Staff
495100,Uinam,Delgrange,Senior Engineer
495107,George,Schiper,Staff
495109,Katsuo,Pfau,Senior Engineer
495111,Yannik,Stavenow,Senior Engineer
495112,Shigeaki,Lorch,Engineer
495117,Hironobu,Masamoto,Senior Engineer
495120,Marc,Anick,Engineer
495127,Niclas,Mukaidono,Senior Staff
495131,Eldridge,Chelton,Staff
495132,Nitsan,Fiebach,Staff
495135,Miquel,Heystek,Engineer
495136,Barna,Sherertz,Senior Staff
495140,Lubomir,Erman,Staff
495144,Katsuo,Vidya,Staff
495148,Mingdong,Chinen,Senior Staff
495152,Sahrah,Lamba,Engineer
495164,Nahid,Krupka,Senior Engineer
495173,Brendon,Ginesta,Senior Engineer
495174,Nahla,Czaja,Senior Staff
495175,Remmert,Gini,Senior Engineer
495181,Taiji,Koshino,Engineer
495183,Dhritiman,Heping,Senior Engineer
495187,Kenton,Gist,Staff
495191,Radhakrishnan,Emmart,Senior Staff
495192,Gadiel,Maliniak,Senior Staff
495204,Arto,Yemenis,Staff
495205,Munehiko,Vecchi,Senior Staff
495206,Uri,Puoti,Senior Engineer
495207,Sangeeta,Mersereau,Senior Staff
495216,Jiafu,Uhrik,Senior Engineer
495218,Uli,Basawa,Senior Staff
495219,Dinah,Hambrick,Senior Staff
495225,Perry,Shimshoni,Senior Engineer
495226,Genevieve,Salvesen,Senior Staff
495228,Ramya,Selvestrel,Senior Staff
495231,Tiina,Reinhard,Engineer
495233,Vasiliy,Versino,Engineer
495235,Gregory,Rosaz,Senior Staff
495236,Chirstian,Cheshire,Senior Engineer
495237,Gad,Eiron,Technique Leader
495238,Georg,Bael,Staff
495242,Domenick,Velasco,Engineer
495245,Shahab,Teitelbaum,Senior Engineer
495247,Kamakshi,Verhoeff,Staff
495248,Baocai,Weisert,Staff
495249,Maren,Joslin,Senior Engineer
495250,Jaewon,Krzyzanowski,Staff
495254,Shiv,Basagni,Staff
495256,Zorica,Krogh,Senior Engineer
495268,Mitchel,Reinhart,Engineer
495277,Shaunak,Dalphin,Assistant Engineer
495279,Mrinalini,Schapire,Senior Staff
495281,Alain,Kaiserswerth,Staff
495282,Khalil,Oxenboll,Senior Engineer
495283,Aksel,Kaelbling,Senior Engineer
495287,Babette,Fontet,Senior Staff
495289,Mori,Oxenboll,Senior Staff
495294,Zhigen,Desikan,Senior Engineer
495296,Felicidad,Rosti,Senior Staff
495301,Monique,Melichar,Senior Staff
495306,Junichi,Rabejac,Senior Staff
495309,Divier,Herber,Senior Engineer
495316,Along,Kobara,Senior Engineer
495317,Maia,Jiang,Senior Engineer
495318,Reinhard,Kornatzky,Senior Staff
495319,Toong,Kisuki,Senior Engineer
495320,Maha,Erdmenger,Staff
495323,Seongbin,Bisiani,Senior Engineer
495324,Divier,Vieri,Staff
495325,Aris,Bednarek,Staff
495326,Zhanqiu,Schaad,Senior Staff
495329,Kamakshi,Dechter,Senior Staff
495331,Haldon,Taubenfeld,Senior Engineer
495342,Shigenori,Cooke,Senior Engineer
495343,Hidefumi,Peltason,Senior Engineer
495346,Susanta,Stenning,Engineer
495347,Gurbir,Makinen,Assistant Engineer
495351,Byong,Vakili,Senior Engineer
495353,Odysseas,Tischendorf,Senior Engineer
495354,Chrisa,Steinauer,Senior Engineer
495359,Vatsa,Coombs,Engineer
495364,Sasan,Jeansoulin,Senior Engineer
495366,Susanta,Delaune,Senior Staff
495367,Arnould,Parveen,Senior Engineer
495370,Khalid,Bade,Senior Staff
495376,Charlene,Collette,Senior Engineer
495377,Cathie,Cronin,Engineer
495379,Sailaja,Schnelling,Senior Staff
495380,Katsuo,Raczkowsky,Senior Staff
495381,Munir,Cooley,Assistant Engineer
495382,Radhia,Rattan,Engineer
495389,Tadahiko,Lichtman,Staff
495390,Ottavia,Albarhamtoshy,Technique Leader
495393,Vugranam,Perko,Senior Engineer
495394,Goh,Impagliazzo,Technique Leader
495398,Bingning,Yetto,Engineer
495399,Guadalupe,Gustavson,Senior Engineer
495403,Hironoby,Remmele,Senior Engineer
495409,Zorica,Dratva,Senior Staff
495410,Marla,Eugenio,Engineer
495411,Maren,Camurati,Staff
495412,Cedric,Claffy,Engineer
495415,Tadanori,Lammel,Senior Staff
495416,Jaideep,Chimia,Senior Staff
495417,Oguz,Millington,Senior Staff
495426,Leon,Pellegrinelli,Senior Staff
495428,Larisa,Matzov,Senior Engineer
495429,Aiman,Schusler,Staff
495432,Halsur,Aloia,Senior Staff
495436,Palash,Trogemann,Senior Staff
495437,Shahar,Bazzichi,Senior Engineer
495447,Godehard,Chandrasekhar,Engineer
495450,Jackson,Akaboshi,Technique Leader
495453,Eben,Nergos,Senior Engineer
495456,Kristinn,Warwick,Staff
495458,Kristen,Przulj,Senior Staff
495459,Leen,Genin,Senior Staff
495460,Fan,Penn,Senior Staff
495461,Aleksander,Sevcikova,Staff
495463,Chaitali,Constantine,Engineer
495464,Dung,Lowrie,Senior Engineer
495466,Ingmar,Passino,Senior Staff
495467,Val,Schaaf,Senior Engineer
495468,Adas,Lorcy,Assistant Engineer
495470,Elgin,Erev,Senior Engineer
495487,Perla,Kuhnemann,Senior Engineer
495489,Angus,Dichev,Senior Engineer
495490,Ennio,Poulakidas,Senior Staff
495499,Filipp,Onuegbe,Senior Staff
495502,Hauke,Pearson,Senior Engineer
495509,Zijian,Chaudhuri,Technique Leader
495515,Souichi,Clemencon,Senior Engineer
495518,Khosrow,Magalhaes,Technique Leader
495520,Stafford,Deville,Staff
495522,Leif,Choobineh,Senior Staff
495523,Kristen,Standera,Senior Engineer
495525,Debatosh,Hiraishi,Senior Staff
495533,Uli,Simkin,Senior Engineer
495539,Bernice,Mansanne,Technique Leader
495540,Shawna,Nitto,Engineer
495541,Huai,Szmurlo,Senior Engineer
495543,Lorien,Cangellaris,Senior Staff
495546,Abdulah,Swan,Senior Staff
495547,Iara,Verhaegen,Senior Engineer
495552,Shrikanth,Mandell,Staff
495553,Erez,Mungall,Senior Staff
495557,Hsiangchu,Chinen,Engineer
495558,Marek,Salinas,Senior Engineer
495564,Along,Cappello,Engineer
495565,Nechama,Harbusch,Senior Engineer
495566,Itzchak,Swift,Senior Engineer
495575,Yannis,Kusalik,Technique Leader
495577,Sungwon,Honglei,Senior Engineer
495582,Subhankar,Varker,Engineer
495587,Zhongwei,Peron,Senior Staff
495588,Bernd,Chartres,Senior Staff
495590,Chinho,Byoun,Senior Staff
495595,Hideo,Herber,Senior Staff
495596,Serap,Ressouche,Staff
495597,Krister,Akaboshi,Staff
495599,Muzhong,Delgrande,Senior Engineer
495602,Kazuhiro,Chappelet,Engineer
495605,Nobuyoshi,Imataki,Senior Staff
495607,Lunjin,Ghelli,Engineer
495608,Gift,Legleitner,Senior Engineer
495610,Filipe,Jumpertz,Engineer
495611,Sushant,Gniady,Senior Staff
495615,Tetsushi,Rosis,Senior Staff
495621,Serenella,Socorro,Senior Staff
495622,Teruyuki,Huttel,Engineer
495625,Torsten,Rattan,Senior Engineer
495630,Shahid,Merle,Engineer
495631,Gro,Hinsberger,Senior Staff
495642,Perry,Muchinsky,Senior Engineer
495644,Cheong,Orsini,Senior Engineer
495648,Moni,Kowalchuk,Senior Staff
495649,Limsoon,Rusmann,Engineer
495650,Vishwani,Colorni,Senior Staff
495651,Marek,Tokunaga,Senior Staff
495652,Jiang,Candan,Senior Engineer
495658,Herbert,Dichev,Engineer
495659,Janalee,Ferretti,Senior Staff
495666,Angus,Kowalchuk,Engineer
495670,Uinam,Fordan,Engineer
495680,Fen,Reinhard,Engineer
495681,Leucio,Georgakopoulos,Senior Engineer
495686,Geraldo,Salinas,Senior Staff
495687,Mabhin,Jumpertz,Senior Engineer
495696,Khaled,Crabtree,Staff
495697,Mona,Ramamoorthy,Staff
495701,Ziva,Lindenbaum,Senior Engineer
495704,Khedija,Alvarado,Senior Staff
495710,Stafford,Ciolek,Staff
495711,Kiyomitsu,Muchinsky,Engineer
495716,Nathalie,dAstous,Senior Staff
495717,Manton,Vernadat,Staff
495718,Xianlong,Vitiello,Senior Engineer
495719,Teiji,Itzfeldt,Engineer
495721,Susumu,Rodite,Engineer
495722,Shmuel,Brodie,Senior Engineer
495739,Marek,Lortz,Senior Engineer
495742,Jaewon,Lubachevsky,Senior Engineer
495744,Branimir,Butner,Senior Staff
495750,Naftali,Attimonelli,Senior Engineer
495755,Jiang,Erni,Senior Staff
495761,Koldo,Covnot,Staff
495767,Odoardo,Braunmuhl,Senior Staff
495768,Kyoichi,Segond,Senior Engineer
495770,Abdelaziz,Menhoudj,Engineer
495776,Lijia,Swiss,Technique Leader
495779,Weiyi,Rebaine,Senior Staff
495780,Elzbieta,Murillo,Engineer
495790,Licheng,Quaggetto,Staff
495802,Anwar,Miara,Senior Engineer
495804,Xudong,Furedi,Senior Engineer
495805,Susanne,Yoshizawa,Senior Engineer
495807,Martina,Kumaresan,Senior Engineer
495811,Golgen,Fioravanti,Senior Staff
495814,Premsyl,Fetvedt,Staff
495821,Subhash,Rotem,Staff
495823,Yishay,Pettit,Senior Staff
495826,Marlo,Schahn,Senior Staff
495828,Randy,Melichar,Senior Staff
495830,Chikako,Auria,Staff
495836,Tetsushi,Sommer,Senior Engineer
495837,Tzvetan,Ranft,Senior Engineer
495841,Ashish,Jansch,Senior Engineer
495844,Fumiko,Impagliazzo,Senior Staff
495851,Make,Vrecion,Staff
495860,Ayakannu,Perng,Senior Engineer
495862,Moty,Suppi,Senior Staff
495866,Gen,Kaiserswerth,Staff
495869,Shai,Pluym,Senior Staff
495873,Jackson,Crabtree,Technique Leader
495874,Youngkon,Chenney,Senior Staff
495876,Masasuke,Deville,Senior Engineer
495879,Aimee,Imataki,Technique Leader
495882,Bedir,Whittlesey,Engineer
495884,Moto,Kragelund,Senior Staff
495887,Nevio,Kilgore,Senior Staff
495889,Masanao,Chvatal,Senior Engineer
495892,Neven,Wynblatt,Senior Staff
495894,Iara,Atrawala,Senior Staff
495895,Yuichiro,Heemskerk,Senior Staff
495896,Udaiprakash,Hemaspaandra,Senior Staff
495898,Jiang,Pellegrinelli,Senior Engineer
495901,Ibibia,Kalsbeek,Staff
495909,Heping,Swick,Staff
495918,Munehiko,Krychniak,Engineer
495923,Seongbin,Levergood,Senior Engineer
495925,Guttorm,Bage,Senior Engineer
495937,Mani,Bahk,Staff
495939,Saniya,Domenig,Senior Engineer
495941,Nathalie,Engberts,Senior Staff
495942,Roddy,Gunderson,Staff
495943,Kenroku,Deville,Assistant Engineer
495947,Sigeru,Puoti,Senior Engineer
495949,Shaleah,Glinert,Staff
495955,Make,Munos,Senior Staff
495958,Angel,Reutenauer,Staff
495961,Piyawadee,Imataki,Senior Staff
495965,Remko,Knightly,Senior Staff
495972,Kirk,Piveteau,Senior Staff
495978,Khedija,Cappello,Engineer
495982,Saniya,Dehkordi,Staff
495984,Rajmohan,Snyers,Senior Engineer
495993,Demin,Clemencon,Senior Staff
495995,Marjo,Muchinsky,Engineer
495997,Lene,Vadhan,Senior Engineer
496002,Mansur,Hinsberger,Senior Engineer
496006,Chrisa,Jumpertz,Engineer
496008,Chaoyi,Henseler,Senior Staff
496009,JiYoung,Matzov,Senior Engineer
496010,Flemming,Gewali,Engineer
496012,Takushi,Swan,Senior Engineer
496014,Yuchang,Barbanera,Senior Engineer
496017,Faiza,Rodham,Senior Staff
496018,Shuichi,Anily,Staff
496019,Teruyuki,Roisin,Assistant Engineer
496020,Lene,Coombs,Staff
496023,Eirik,Borstler,Senior Engineer
496032,Trygve,Tischendorf,Senior Staff
496039,Masamitsu,Bellone,Senior Staff
496042,Sanjeeva,Portugali,Senior Engineer
496045,Marco,Baik,Engineer
496049,Parke,Snyers,Technique Leader
496055,Fumiya,Delgrande,Senior Staff
496056,Sanjai,Lipner,Senior Engineer
496062,Xinan,Legleitner,Senior Engineer
496066,Doohun,Kroha,Senior Staff
496067,Erzsebet,Schaaf,Senior Engineer
496074,Flemming,Katiyar,Engineer
496077,Anyuan,Albarhamtoshy,Senior Staff
496078,Chuanyi,Kabayashi,Senior Engineer
496080,Zongyan,DiGiano,Engineer
496084,Yagil,Nishimukai,Senior Engineer
496088,Gina,Woycyznski,Engineer
496091,Joydip,Theuretzbacher,Senior Staff
496093,Yucel,Asser,Senior Engineer
496094,Ziva,Yoshimura,Assistant Engineer
496097,Zdislav,Deverell,Engineer
496105,Bernd,Hutton,Engineer
496107,Vitaly,Shobatake,Engineer
496108,Atreyi,Samarati,Senior Engineer
496113,Gonzalo,Zeilberger,Senior Engineer
496121,Malu,Jayawardene,Senior Staff
496127,Parto,Delaune,Senior Engineer
496131,Xuejia,Krone,Staff
496137,Kenroku,Farris,Senior Engineer
496141,Zengping,Rahier,Senior Engineer
496143,Somnath,Driscoll,Senior Engineer
496150,Dmitry,Marrakchi,Senior Staff
496151,Katsuo,Mateescu,Senior Staff
496164,Yurii,Comyn,Senior Engineer
496166,Aran,Bashian,Engineer
496174,Mary,Staudhammer,Staff
496180,Alassane,Siepmann,Senior Engineer
496185,Tadanori,Gomatam,Senior Engineer
496190,Zhensheng,Luga,Staff
496192,Qunsheng,Weedman,Senior Engineer
496193,Jamaludin,Sankaranarayanan,Staff
496195,IEEE,Thibadeau,Engineer
496196,Toshiko,Porotnikoff,Senior Engineer
496198,Volkmar,Panangaden,Senior Engineer
496203,Etsuo,Bellone,Senior Engineer
496205,Hatim,Narwekar,Senior Staff
496207,Prodip,Ermel,Senior Engineer
496208,Arco,Benzmuller,Senior Staff
496209,Babette,Schneeberger,Senior Staff
496211,Yolla,Syrzycki,Senior Engineer
496212,Sreenivas,Birnbaum,Staff
496214,Brendon,Cronan,Engineer
496215,Lunjin,Erde,Engineer
496218,Tomokazu,Ozery,Senior Engineer
496222,Yaghout,Esposito,Senior Engineer
496227,Satoru,Stentiford,Senior Staff
496234,Conal,Luga,Assistant Engineer
496236,Tianruo,Yurov,Engineer
496240,Joydip,Majewski,Assistant Engineer
496241,Zhensheng,Reinhard,Engineer
496242,Angel,Comyn,Senior Staff
496246,Arne,Chimia,Assistant Engineer
496250,Zhonghua,Rando,Senior Engineer
496252,Marc,Weedman,Senior Staff
496253,Zorica,Kushner,Staff
496256,Noritoshi,Skrikant,Staff
496257,Kokou,Hatcliff,Staff
496258,Khun,Cannata,Senior Engineer
496260,Mary,Showalter,Staff
496262,Kazuhira,Kleiser,Senior Staff
496264,Olivera,Eldridge,Senior Staff
496265,Aran,Emden,Senior Staff
496269,Yechezkel,Broder,Staff
496278,Karlis,Gunderson,Senior Engineer
496282,Kotesh,Anguita,Senior Engineer
496284,Goo,Sevcikova,Senior Engineer
496288,Chriss,Gecsel,Senior Engineer
496290,Godehard,Pettit,Senior Engineer
496292,Gao,Ranai,Senior Staff
496294,Owen,Papastamatiou,Senior Engineer
496295,Nathan,Plavsic,Senior Engineer
496300,Candida,Kropatsch,Senior Engineer
496301,Yinlin,Chinin,Engineer
496302,Adas,Plesums,Engineer
496303,Phuoc,Provine,Senior Staff
496304,Phuoc,Kruskal,Senior Engineer
496310,Yuuichi,Danecki,Senior Engineer
496312,Kwangsub,Huttel,Staff
496317,Ranga,Shokrollahi,Staff
496326,Xuejun,Angelopoulos,Senior Staff
496335,Mayuko,Godskesen,Assistant Engineer
496336,Toshiki,Quaggetto,Staff
496337,Toshimori,Socorro,Engineer
496338,Froduald,Kalafatis,Engineer
496341,Oddvar,Rosay,Senior Staff
496344,Bikash,Riesenhuber,Engineer
496354,Leon,Emden,Staff
496357,Sushant,Bernatsky,Senior Staff
496358,Tamiya,Moehrke,Engineer
496364,Shalesh,Msuda,Senior Engineer
496371,Danai,Bakhtari,Senior Engineer
496372,Terresa,Teitelbaum,Technique Leader
496373,Younwoo,Bernardeschi,Senior Staff
496384,Remco,Coors,Senior Staff
496388,Sarita,Axelband,Engineer
496389,Shan,Eiter,Senior Staff
496390,Tsz,Menhoudj,Senior Staff
496391,Mabhin,Farrow,Senior Engineer
496392,Gian,Bernatsky,Staff
496394,Sergi,Schrooten,Assistant Engineer
496398,Leif,Hiyoshi,Senior Engineer
496400,Naftaly,Eiter,Senior Staff
496404,Fumitake,Rodham,Senior Staff
496405,Eran,Cangellaris,Senior Staff
496408,Jiong,Haraldson,Senior Staff
496418,Nevio,Fortenbacher,Senior Staff
496425,Huai,Keirsey,Engineer
496427,Gennady,Tzvieli,Senior Staff
496428,Angus,Kaiserswerth,Senior Staff
496430,Boalin,Detkin,Staff
496435,Ioana,Beerel,Technique Leader
496436,Arunas,Stroustrup,Senior Staff
496440,Aron,Pappas,Senior Engineer
496442,Kauko,Chappelet,Technique Leader
496443,Koichi,Griswold,Senior Engineer
496444,Xiping,Reinhart,Senior Engineer
496449,Shiv,Jording,Engineer
496451,Aleksander,Glowinski,Staff
496465,Wonhee,Sankaranarayanan,Senior Engineer
496466,Theirry,Lundstrom,Senior Staff
496468,Rosalyn,Dulin,Senior Engineer
496470,Yechiam,Luks,Staff
496472,Gilbert,Carrere,Senior Staff
496475,Shaunak,Fiutem,Staff
496477,Marla,Merlo,Senior Engineer
496479,Arup,Botman,Senior Staff
496480,Wilmer,Farrow,Engineer
496484,Vugranam,Attimonelli,Engineer
496488,Kristin,Boyle,Senior Staff
496493,Thodoros,Garrabrants,Senior Engineer
496495,Morris,Jansen,Senior Engineer
496502,Chaitali,Minakawa,Senior Staff
496506,Halsur,Chiola,Staff
496507,Sham,Parfitt,Senior Engineer
496510,Vasilis,Ligten,Engineer
496511,Haldun,Gubsky,Senior Staff
496515,Kokou,Gurbaxani,Senior Engineer
496516,Yuchang,Beeson,Engineer
496520,Huan,Ritzmann,Senior Engineer
496521,Yinghua,Baca,Senior Engineer
496522,Jayesh,Bresenham,Senior Engineer
496523,Idoia,Ranze,Senior Engineer
496531,Saddek,Simmel,Senior Engineer
496533,Sariel,Peek,Senior Staff
496538,Dzung,Roccetti,Engineer
496541,Arne,Harnett,Senior Staff
496544,Tsutomu,Wendorf,Senior Engineer
496549,Youjian,Hanratty,Senior Staff
496556,Akeel,Luby,Assistant Engineer
496558,Yahiko,Niizuma,Senior Staff
496561,Arunas,Mikschl,Senior Engineer
496563,Heon,Poupard,Engineer
496566,Peer,Rosaz,Senior Staff
496570,Janalee,Kambil,Senior Engineer
496577,Nikolaos,Kermarrec,Staff
496579,Rayond,Bernardeschi,Staff
496580,Dmitri,Thisen,Senior Staff
496583,Toshiki,Shinomoto,Senior Staff
496584,Cordelia,Luce,Engineer
496590,Kamakshi,Gecsei,Senior Staff
496594,Tadahiro,Sundgren,Technique Leader
496596,Fumino,Hinsberger,Senior Staff
496602,Giordano,Qiwen,Senior Staff
496609,Mohit,Geffroy,Senior Engineer
496617,Heping,Anily,Technique Leader
496620,Hidde,Swab,Senior Engineer
496622,Chaitali,Wallrath,Senior Engineer
496623,Peer,Honglei,Senior Staff
496627,Huai,Streng,Senior Engineer
496632,Xinglin,Berstel,Engineer
496634,Teiji,Smailagic,Senior Engineer
496636,Falguni,Luon,Senior Engineer
496639,Kamran,Halloran,Staff
496641,Rayond,Meriste,Technique Leader
496647,Branimir,Tchuente,Senior Engineer
496656,Wuxu,Broder,Senior Staff
496662,Malu,Oskamp,Senior Staff
496665,Nevin,Kieras,Engineer
496668,Sakthirel,Hockney,Senior Staff
496669,Serge,Lindqvist,Senior Engineer
496670,Byong,Cyne,Engineer
496672,Zhenhua,Keustermans,Technique Leader
496676,Christ,Ventosa,Staff
496677,Sanjoy,Taneja,Staff
496681,Seshu,Nastansky,Senior Engineer
496683,Marsal,Lundstrom,Senior Engineer
496685,Valeska,Bonifati,Senior Staff
496688,Annemarie,Rosiles,Senior Engineer
496689,Nakhoon,Slutz,Senior Engineer
496695,Renee,Covnot,Staff
496704,Turgut,Miyakawa,Senior Staff
496707,Katsuyuki,Schapiro,Senior Engineer
496713,Nevio,Juneja,Senior Engineer
496714,Miyeon,Swiler,Senior Staff
496721,Spyrose,Ramsay,Senior Engineer
496723,Honesty,Falster,Engineer
496729,Zhonghua,Sigstam,Senior Engineer
496730,Kersti,Dulin,Engineer
496735,Malu,Cochrane,Senior Engineer
496739,Raimond,Fontet,Senior Engineer
496741,Naftaly,Verhaegen,Technique Leader
496748,Dmitri,Steenbeek,Staff
496754,Mani,Cichocki,Senior Staff
496756,Evgueni,Gargeya,Senior Staff
496765,Shakhar,Azevdeo,Engineer
496772,Abdelaziz,Rahier,Senior Staff
496773,Shaunak,Baak,Staff
496776,Uta,Businaro,Senior Staff
496778,Zijian,Ghazalie,Staff
496781,Ronnie,Peris,Senior Staff
496783,Weiru,Greenaway,Senior Staff
496786,Ottavia,Aseltine,Senior Engineer
496788,Gino,Gruenwald,Senior Staff
496792,Stafford,Bashian,Senior Engineer
496796,Hsiangchu,Eugenio,Senior Staff
496799,Perry,Cronan,Staff
496806,Duke,Hertweck,Senior Engineer
496809,Werner,Szemeredi,Engineer
496812,Fai,Pietracaprina,Senior Staff
496814,Yuping,Steinauer,Senior Engineer
496819,Rosita,McFarlin,Engineer
496825,Alejandra,Capobianchi,Senior Staff
496826,Remko,Chinin,Senior Engineer
496829,Shaleah,DeMori,Senior Staff
496832,Fen,Wixon,Senior Engineer
496834,Gully,Heping,Senior Engineer
496835,Claudi,Worfolk,Senior Engineer
496836,Khoa,Fairtlough,Senior Engineer
496837,Rafael,Marchesini,Staff
496839,Dinkar,Feinberg,Staff
496840,Maja,Georgakopoulos,Senior Staff
496844,Gonzalo,Ginesta,Staff
496845,Susanta,Verhoeff,Staff
496847,Vivian,Merle,Senior Engineer
496849,Roddy,DuCasse,Senior Engineer
496852,Peternela,Knightly,Engineer
496864,Pintsang,Picco,Senior Engineer
496867,Rosine,Orsini,Engineer
496868,Fun,Klyachko,Staff
496869,Gro,Stille,Senior Engineer
496870,Shuho,Kakkar,Staff
496875,Anwar,Colorni,Senior Engineer
496878,Dante,Frezza,Senior Engineer
496881,Christoph,Plavsic,Senior Staff
496882,Abdelghani,Vural,Staff
496884,Adel,Schueller,Engineer
496892,Moss,Holburn,Senior Engineer
496897,Jackson,Kakkad,Staff
496898,Ortrud,Poehlman,Technique Leader
496915,Breannda,Mamelak,Staff
496923,Mariusz,Baezner,Senior Engineer
496928,Chikara,Ohori,Senior Engineer
496929,Remko,Zastre,Senior Engineer
496935,Shooichi,Kuzuoka,Senior Engineer
496944,Denis,Fortenbacher,Senior Engineer
496961,Yifei,Porotnikoff,Staff
496963,Youssef,Karner,Engineer
496979,Isaac,Kirkerud,Engineer
496985,Jungsoon,Salinas,Senior Staff
496987,Arra,Bade,Senior Engineer
496988,Wojceich,Gimarc,Senior Staff
496990,Tooru,Busillo,Senior Staff
497001,Radhika,Kaiser,Senior Staff
497003,Nagui,Compeau,Senior Staff
497006,Dante,Vadhan,Senior Staff
497009,Adam,Panienski,Engineer
497012,Danae,Ranum,Engineer
497015,Teunis,Kitsuregawa,Senior Staff
497020,Bojan,Verspoor,Senior Staff
497021,Manton,Raczkowsky,Senior Engineer
497023,Jamaludin,Nooteboom,Senior Staff
497025,Uzi,Basagni,Engineer
497028,Yoshimitsu,Ladret,Senior Engineer
497033,Ziyad,Oaver,Engineer
497036,Moheb,Nourani,Assistant Engineer
497044,Nikolaus,Cannane,Senior Engineer
497050,Troy,Mukaidono,Senior Staff
497053,Arvin,Jahnichen,Engineer
497056,Xiadong,Basagni,Technique Leader
497057,Parke,Garnier,Senior Staff
497062,Dayanand,Naudin,Staff
497070,Jordanka,Ponthieu,Assistant Engineer
497078,Abdulah,Nastansky,Engineer
497081,Zhanqiu,Ginneken,Senior Engineer
497085,Fusako,Fritzsche,Engineer
497088,Alassane,Picco,Senior Staff
497090,Kousuke,Mansanne,Senior Staff
497091,Leandro,Nyrup,Senior Staff
497092,Bodo,Linares,Senior Engineer
497094,Bezalel,Kumaresan,Staff
497095,Feipei,Juneja,Engineer
497099,Shem,Birnbaum,Senior Engineer
497100,Martial,Miara,Senior Staff
497104,Tianruo,Parhami,Engineer
497106,Slavian,Waschkowski,Senior Staff
497109,Bernice,Khalid,Senior Staff
497110,Marjo,Ramsay,Technique Leader
497111,Subhrajyoti,Merks,Technique Leader
497113,Edwin,Orlowski,Senior Staff
497115,Mari,Claffy,Senior Staff
497116,Moni,Tramer,Senior Engineer
497117,Siamak,Babb,Engineer
497119,Mizuhito,Yamaashi,Senior Staff
497121,Lene,Casperson,Engineer
497123,Mari,Budinsky,Senior Staff
497124,Sushant,Christ,Senior Staff
497125,Rayond,Veevers,Senior Engineer
497126,Naftali,Dechter,Senior Engineer
497134,Lucian,Baak,Senior Staff
497139,Wojceich,Krupka,Engineer
497141,Hausi,Marquardt,Senior Staff
497149,Berry,Garnier,Senior Engineer
497150,Sverrir,Gerlach,Staff
497151,Lijia,Litzkow,Senior Staff
497156,Jianhua,Whitcomb,Senior Staff
497160,Heon,Thiran,Staff
497162,Tesuya,Junet,Engineer
497164,Yonghong,Ravishankar,Staff
497178,Shushma,Brookman,Engineer
497182,Goa,Versino,Senior Engineer
497183,Qingxiang,Stassinopoulos,Senior Engineer
497184,Masali,Salverda,Senior Engineer
497188,Douadi,Pokrovskii,Staff
497196,Siamak,Kroon,Senior Staff
497201,Jeanne,Orlowski,Senior Engineer
497202,Makato,Navazio,Senior Engineer
497203,Qiwen,Pell,Senior Staff
497207,Shuzo,Beausoleil,Senior Engineer
497212,Yakichi,Lambe,Senior Staff
497222,Shigehito,Uhrig,Senior Staff
497223,Ramachenga,Whitcomb,Senior Engineer
497226,Mayumi,Saoudi,Senior Engineer
497227,Hsiangchu,Wiegley,Senior Engineer
497229,Keiichiro,Sadowski,Engineer
497230,Peternela,Range,Senior Engineer
497231,Boaz,Beausoleil,Engineer
497235,Dzung,Molenkamp,Senior Staff
497236,Halsur,Hoppenstand,Staff
497238,Perry,Falco,Senior Staff
497239,Sivanarayana,Dymetman,Senior Engineer
497245,Lech,Engelmann,Senior Engineer
497247,Khalil,Swiss,Staff
497257,Feiyu,Demos,Senior Engineer
497258,Rasikan,Mungall,Engineer
497261,Mohammad,Pillow,Senior Engineer
497262,Xianlong,Nitsch,Senior Staff
497266,Mandell,Kieras,Senior Engineer
497269,Alagu,Oaver,Senior Engineer
497274,Jixiang,Serre,Senior Engineer
497278,LiMin,Gilg,Engineer
497283,Hatem,Lanteri,Senior Engineer
497285,Sungwon,Pillow,Assistant Engineer
497286,Elgin,Covnot,Senior Engineer
497291,Neelam,Heiserman,Senior Engineer
497295,Cedric,McAlpine,Senior Engineer
497307,Takahiro,Collette,Senior Staff
497309,Sachem,Uhrik,Staff
497316,Gonzalo,Guting,Senior Staff
497318,Nalini,Gils,Senior Engineer
497320,Boguslaw,Ghalwash,Senior Staff
497321,Mitchel,Ranum,Engineer
497322,Junichi,Erbe,Senior Engineer
497326,Karoline,Manders,Engineer
497331,Toshimori,Snyers,Senior Engineer
497343,Fan,Bael,Senior Engineer
497349,Masako,Ohori,Senior Engineer
497356,Shmuel,Eickenmeyer,Staff
497359,Hilari,Alameldin,Senior Staff
497360,Radhika,Homond,Engineer
497361,Moss,Garrabrants,Senior Engineer
497364,Nahum,Schiettecatte,Senior Staff
497365,Muneo,Schneeberger,Senior Engineer
497368,Tua,Iisaku,Technique Leader
497373,Ugo,Kuszyk,Senior Staff
497374,Qunsheng,Miculan,Staff
497376,Anyuan,Ratzlaff,Senior Staff
497386,Jiann,Ohori,Engineer
497388,Evgueni,Salinas,Staff
497396,Susanna,Taubman,Senior Engineer
497398,Danil,Przulj,Senior Staff
497404,Shigeaki,Coorg,Senior Engineer
497408,Kerryn,Mitsuhashi,Senior Staff
497411,Kirk,Woycyznski,Senior Engineer
497412,Kankanahalli,Kamble,Senior Staff
497414,Susanna,Heuter,Staff
497417,Kish,Veevers,Senior Engineer
497421,Eirik,Lanteri,Senior Staff
497425,Premsyl,Quadeer,Senior Staff
497426,Toshiko,Solovay,Senior Staff
497427,Goo,Collette,Staff
497428,Jiong,Lorho,Senior Staff
497429,Vitali,Broder,Engineer
497431,Mabo,Ruemmler,Senior Engineer
497434,Shounak,Kalloufi,Senior Staff
497437,Erzsebet,Mattern,Senior Engineer
497443,Sadok,Takanami,Senior Engineer
497445,Kayoko,Pagter,Staff
497448,Karsten,Suwa,Senior Staff
497449,Hidekazu,Genin,Engineer
497453,Shay,Nitta,Staff
497459,Roded,Gimbel,Staff
497460,Mani,Jakobus,Senior Engineer
497464,Karoline,Billingsley,Engineer
497465,Halsur,Anido,Senior Staff
497468,Gen,Sommer,Assistant Engineer
497469,Pranav,Taneja,Senior Engineer
497470,Bernd,Irland,Staff
497471,Luigi,Kragelund,Staff
497475,Munehiko,Bonifati,Engineer
497480,Rajmohan,Verhaegen,Senior Engineer
497481,Martins,Bierbaum,Senior Staff
497482,Arlette,Ranta,Staff
497487,Kazuhira,Schaar,Senior Engineer
497488,Masako,Syang,Engineer
497492,Junichi,Validov,Senior Engineer
497493,Phuoc,Chandrasekhar,Senior Staff
497504,Mountaz,Porotnikoff,Senior Staff
497513,Aleksandar,Lanteri,Staff
497515,Geoffry,Juneja,Engineer
497516,Morrie,Szilard,Senior Staff
497524,Khun,Hambrick,Technique Leader
497526,Arup,Vigier,Senior Engineer
497527,Shahab,Sudkamp,Engineer
497529,Vivian,Masada,Senior Staff
497532,Ziyad,Cronan,Engineer
497534,Subhankar,Brookman,Senior Engineer
497535,Arun,Pollacia,Technique Leader
497536,Miomir,Heyers,Senior Staff
497538,Zhiwei,Kuhnemann,Senior Staff
497546,Bogdan,McAffer,Senior Engineer
497547,Suvo,Dehkordi,Senior Staff
497551,Reinhard,Streit,Senior Engineer
497552,Alexius,Marakhovsky,Assistant Engineer
497555,Zdislav,Eiter,Senior Engineer
497556,Rance,Baby,Senior Staff
497559,Tremaine,Straney,Senior Engineer
497565,Dinah,Basart,Senior Engineer
497566,Vojin,Cesareni,Senior Engineer
497567,Danco,Linares,Senior Engineer
497569,Kotesh,Tchuente,Senior Staff
497574,Chuanti,Mellouli,Senior Staff
497575,Krister,Wynblatt,Senior Engineer
497578,Vasilis,Eterovic,Senior Staff
497582,Xiaoqiang,Rosen,Senior Engineer
497589,Duri,Mattern,Senior Engineer
497593,Morrie,Antonakopoulos,Staff
497595,Shahaf,Schrooten,Senior Engineer
497597,Yuriy,Schwabacher,Staff
497600,Morris,Broder,Senior Staff
497604,Arne,Farris,Engineer
497606,Leaf,Rothenberg,Senior Engineer
497611,Ennio,Boyle,Senior Engineer
497615,Aamer,McDermid,Engineer
497621,Brewster,Swick,Senior Staff
497622,Yucel,Neiman,Engineer
497623,Jaewon,Demos,Senior Staff
497624,Paddy,Fendler,Senior Engineer
497628,Mari,Gecseg,Senior Engineer
497633,Baocai,Comyn,Engineer
497638,Kinh,Chachaty,Staff
497639,Alselm,Llado,Staff
497642,Sachem,Baumann,Senior Staff
497643,Ipke,Dahlbom,Senior Staff
497647,Mototsugu,Riesenhuber,Senior Engineer
497648,Saeko,Verspoor,Engineer
497653,Changho,Leaver,Senior Staff
497659,Susanna,Isard,Engineer
497663,Herb,Siksek,Senior Staff
497664,Kwangho,Picaronny,Senior Engineer
497667,Sudharsan,Paciorek,Senior Engineer
497675,Zito,Jayawardene,Senior Engineer
497678,Mostafa,Riesenhuber,Senior Staff
497686,Xinyu,Feinberg,Technique Leader
497687,Pranjal,Sgarro,Engineer
497691,Kristine,Ghemri,Senior Staff
497693,Tsutomu,Ciolek,Senior Staff
497700,Weiyi,Rattan,Senior Engineer
497702,Martine,Ghelli,Senior Engineer
497707,Domenick,Tchuente,Senior Staff
497708,Nathalie,Brodie,Senior Engineer
497709,Sachio,Vecchi,Engineer
497713,Beshir,Emden,Engineer
497715,Krassimir,Hasenauer,Senior Staff
497717,Mary,Tiemann,Senior Engineer
497721,Abdelkader,Lorho,Senior Engineer
497726,Moty,Usery,Senior Engineer
497728,Bedrich,Butterworth,Staff
497733,Paris,Gewali,Senior Staff
497734,Duke,Kobara,Senior Engineer
497735,Serenella,Percebois,Senior Staff
497738,Steve,Sidou,Engineer
497739,Kenroku,Siepmann,Assistant Engineer
497742,Rosli,Emden,Senior Engineer
497744,Rimon,Farris,Senior Engineer
497745,Takahira,Klyachko,Senior Staff
497747,Jackson,Schnabel,Staff
497748,Mantis,Nergos,Senior Staff
497751,Kiyotoshi,Verhoeff,Senior Engineer
497760,Indrajit,Iwayama,Senior Staff
497768,Hongzhu,Kawashima,Staff
497771,Vugranam,Unno,Senior Engineer
497775,Mansur,Molberg,Staff
497779,Bernt,Hiraishi,Senior Staff
497781,Xiaoshan,Luit,Senior Engineer
497791,Kristian,Burnard,Senior Staff
497792,Itzchak,Radivojevic,Senior Engineer
497796,Chaoyi,Kushnir,Senior Engineer
497800,Nishit,Zambonelli,Senior Staff
497802,Fatemeh,Baak,Technique Leader
497805,Mariusz,Biros,Engineer
497806,Dannz,Montemayor,Senior Staff
497807,Gift,Marshall,Senior Engineer
497811,Sajjad,Vickson,Staff
497812,Ohad,Heiserman,Engineer
497818,Bowen,Lueh,Senior Staff
497819,Sanjai,Szilard,Senior Engineer
497821,Zhonghua,Trelles,Technique Leader
497824,Atreyi,Gente,Technique Leader
497827,Steve,Morrey,Senior Staff
497828,Lillian,Servi,Senior Engineer
497829,Shaleah,Carrera,Senior Engineer
497830,Stein,Thimonier,Senior Engineer
497834,Sanjit,Debuse,Engineer
497840,Maha,Passino,Senior Engineer
497843,Anestis,Rosenbaum,Engineer
497844,Amabile,Teitelbaum,Senior Engineer
497845,Nirmal,Ramaiah,Senior Staff
497846,Juichirou,Provine,Technique Leader
497853,Shuho,Gaughan,Senior Engineer
497860,Rosella,Peral,Engineer
497861,Satyanarayana,Auyong,Senior Staff
497866,Sachar,Winter,Staff
497869,Genta,Pellegrinelli,Senior Engineer
497871,Gil,Turnbull,Senior Engineer
497876,Moni,Kavanagh,Staff
497893,Sailaja,Ciolek,Senior Staff
497895,Peternela,Merkl,Senior Engineer
497898,Shimshon,Boissier,Senior Engineer
497905,Isaac,Leaver,Engineer
497909,Taizo,Domenig,Senior Engineer
497912,Dinah,Streng,Senior Engineer
497915,Danae,Schlegelmilch,Staff
497916,Yuping,Kavanagh,Senior Staff
497918,Yuichiro,Templeman,Staff
497923,Manibrata,Khalil,Engineer
497925,Basim,Gonthier,Senior Staff
497927,JoAnna,Schahn,Senior Engineer
497928,Carrsten,Deville,Engineer
497935,Pradeep,Radivojevic,Senior Engineer
497952,Valeri,Plotkin,Senior Staff
497953,Navid,Buchter,Senior Staff
497956,Janalee,Rothe,Engineer
497960,Lidong,Salvesen,Senior Staff
497968,Tesuro,Androutsos,Engineer
497971,Maja,Gecsel,Senior Engineer
497972,Zijian,Winter,Senior Engineer
497973,Munehiro,Socorro,Senior Engineer
497976,Ymte,Zeilberger,Assistant Engineer
497982,Toshimori,Georg,Senior Engineer
497984,Chinhyun,Schrooten,Technique Leader
497988,Weicheng,Lodder,Senior Staff
497990,Shirish,Leijenhorst,Staff
498001,Zhongwei,Perelgut,Senior Staff
498006,Patricio,Munos,Engineer
498007,Carrsten,Suri,Senior Staff
498017,Adib,Emmart,Senior Engineer
498024,DAIDA,Escriba,Senior Engineer
498026,Jayesh,Docker,Engineer
498029,Aamer,Luders,Senior Engineer
498031,Mircea,Shackel,Senior Engineer
498040,Filipe,Claffy,Senior Staff
498041,Sanjit,Gronowski,Engineer
498043,Arie,Auria,Staff
498050,Martina,Strooper,Senior Staff
498053,Danel,Edelhoff,Senior Engineer
498054,Mohua,Mondadori,Senior Engineer
498055,Krisda,Takanami,Assistant Engineer
498056,Berhard,Tsunoo,Senior Engineer
498058,Yucel,Sidou,Staff
498061,Satosi,DasSarma,Senior Staff
498067,Theirry,Kadhim,Senior Staff
498068,Tonia,Mitzlaff,Senior Engineer
498069,Adly,Jahnichen,Senior Staff
498075,Shimshon,Goodrum,Senior Engineer
498078,Zongyan,Mersereau,Engineer
498080,Quingbo,Coors,Engineer
498082,Breannda,Czaja,Engineer
498086,Ult,Lipner,Staff
498088,Nitsan,England,Senior Engineer
498089,Marko,Zultner,Engineer
498090,Marc,Fujisawa,Senior Engineer
498092,Falguni,Asser,Assistant Engineer
498093,Manibrata,Busillo,Engineer
498094,Guangming,Desikan,Senior Staff
498100,Shigehito,Gelosh,Senior Engineer
498103,Guttorm,Kropp,Senior Staff
498104,Aamer,Rosca,Staff
498106,Shai,Calkin,Senior Staff
498107,Perry,Homond,Senior Staff
498108,Utz,Gischer,Senior Engineer
498114,Tua,Erman,Senior Engineer
498118,Utpal,Zschoche,Senior Engineer
498121,Shushma,Itzigehl,Engineer
498123,Zsolt,Zockler,Senior Engineer
498125,Troy,Kugler,Senior Engineer
498127,Ramachenga,Ramsak,Staff
498136,Steve,Mapelli,Staff
498137,Christfried,Etalle,Senior Engineer
498139,Chandrasekaran,Poupard,Senior Staff
498140,Jianwen,Perl,Senior Staff
498141,Badri,Henders,Engineer
498145,Taisook,Kusalik,Senior Engineer
498146,Bernardo,Boissier,Senior Engineer
498150,Yakkov,Pellegrinelli,Senior Staff
498151,Siamak,Matzat,Engineer
498157,Baocai,Lorcy,Staff
498163,Rosita,Waschkowski,Senior Staff
498165,Christoph,Stavenow,Senior Staff
498166,Sashi,Steenbeek,Engineer
498167,Gad,Frezza,Senior Engineer
498168,Doohun,Stroustrup,Staff
498170,Rafail,Leppanen,Senior Staff
498172,Jongsuk,Levergood,Senior Engineer
498175,Stafford,Munos,Staff
498183,Sreekrishna,Daescu,Senior Engineer
498187,Shaowen,Zielinski,Senior Staff
498193,Krisda,Wendorf,Staff
498196,Eckart,Suppi,Senior Staff
498199,Remko,Azuma,Senior Engineer
498201,Mark,Schahn,Senior Staff
498203,Visit,Guardalben,Technique Leader
498211,Jasminko,Serra,Senior Engineer
498212,Premal,Lampe,Senior Staff
498213,Kyoichi,Parveen,Engineer
498214,Toshimori,Cronin,Senior Engineer
498219,Christophe,Schade,Staff
498220,Marla,Koprowski,Senior Staff
498223,Mack,Sethi,Engineer
498224,Arnd,Ghandeharizadeh,Technique Leader
498230,Conal,Rossi,Senior Staff
498231,Randy,Keirsey,Assistant Engineer
498232,Murthy,Conde,Staff
498240,Cheong,Falster,Senior Engineer
498248,Munir,Suwa,Staff
498252,Waiman,Hopewell,Senior Engineer
498254,Remko,Jeansoulin,Engineer
498255,Leif,Billingsley,Senior Staff
498265,Kirk,Ranai,Senior Engineer
498267,Vitali,Hoppenstand,Senior Engineer
498268,Arve,Rijckaert,Senior Engineer
498270,Herb,Soicher,Assistant Engineer
498276,Hongzhu,Babu,Senior Staff
498281,Tomokazu,Basawa,Senior Engineer
498282,Nechama,Trachtenberg,Senior Engineer
498283,Luisa,Swan,Senior Engineer
498285,Susumu,Kemmerer,Engineer
498287,Oscar,Pettis,Senior Staff
498288,Bingning,Schlumberger,Senior Staff
498289,Spyrose,Schmezko,Engineer
498297,DAIDA,Dolinsky,Engineer
498298,Debaprosad,Furedi,Senior Staff
498302,Kish,Pettit,Senior Engineer
498309,Stafford,Tsukuda,Engineer
498310,Arve,Luiz,Technique Leader
498311,Rajmohan,Zeidenstein,Senior Staff
498314,Zita,Liesche,Engineer
498315,Erez,Dehkordi,Senior Engineer
498322,Kazunori,Billingsley,Engineer
498324,Wonhee,Vecchi,Staff
498326,Magy,Prenel,Senior Engineer
498329,Doohun,Tyugu,Technique Leader
498330,Adin,Egerstedt,Senior Staff
498338,LiMin,Jayawardene,Engineer
498341,Masali,Heping,Staff
498346,Leucio,Mateescu,Senior Engineer
498352,Jordanka,Ebeling,Engineer
498354,Chriss,Desikan,Senior Engineer
498356,Patricia,Baba,Senior Staff
498360,Tomokazu,Fioravanti,Senior Engineer
498362,Pintsang,Benzmuller,Senior Staff
498364,Jaideep,Rosch,Engineer
498367,Gay,Pouyioutas,Senior Staff
498370,Kwangsub,Bridgland,Senior Staff
498375,Vasiliy,Magalhaes,Engineer
498377,Pintsang,Egerstedt,Senior Staff
498378,Gad,Haddadi,Engineer
498379,Zhenbing,Pettit,Staff
498383,Heping,Pettey,Staff
498389,Minghong,Bennis,Technique Leader
498391,Kristina,Lagarias,Senior Staff
498392,Xuejia,Lowrie,Staff
498395,Youjian,Foong,Staff
498396,Sachem,Lindenbaum,Senior Staff
498397,Khue,Jiang,Senior Engineer
498400,Lansing,Remmele,Staff
498402,Oddvar,Coorg,Senior Staff
498403,Zejun,Rosca,Senior Engineer
498405,Chenye,Luca,Engineer
498406,Shaz,Milicia,Technique Leader
498409,Abdelwaheb,Danecki,Engineer
498415,Lene,Vieth,Senior Engineer
498434,Tua,Zaiane,Assistant Engineer
498436,Shaowei,Keohane,Senior Staff
498437,Hitofumi,Schaft,Engineer
498439,Sibyl,Birrer,Senior Engineer
498444,Divine,Kornatzky,Senior Engineer
498447,Naftaly,Werthner,Senior Engineer
498450,Abdulah,Gammage,Senior Engineer
498451,Sukumar,Hasenauer,Engineer
498454,Sushant,Kawashima,Staff
498458,Feiyu,Bridgland,Senior Engineer
498459,Filipe,Vernadat,Senior Engineer
498462,Renny,Iisaku,Senior Staff
498463,Vasiliy,Vilarrasa,Senior Engineer
498464,Shunichi,Eppinger,Senior Staff
498466,Gal,Prampolini,Senior Staff
498474,Sajjan,Negoita,Senior Staff
498475,Lansing,Zykh,Technique Leader
498477,Conrado,Merro,Engineer
498478,Kwee,Feldmann,Senior Staff
498480,Aran,Kenevan,Senior Engineer
498481,Kristof,Jansch,Senior Staff
498482,Percy,Syrotiuk,Senior Engineer
498483,Sivanarayana,Gornas,Senior Staff
498485,Xiaoqiang,Anger,Senior Engineer
498489,Khun,Bernatsky,Engineer
498490,Nevin,Tsukune,Senior Engineer
498491,Magy,Trachtenberg,Engineer
498492,Shushma,Mitsuhashi,Senior Staff
498494,Mack,Orlowska,Senior Engineer
498496,Uwe,Michaeli,Staff
498499,Gal,Coorg,Technique Leader
498502,Parviz,Klassen,Staff
498506,Barun,Dalton,Senior Staff
498509,Chandrasekaran,DeMori,Senior Staff
498511,Xinyu,Serov,Senior Engineer
498514,Piyawadee,Farris,Senior Engineer
498515,Yuchang,Narlikar,Staff
498516,Fai,Stifter,Senior Engineer
498517,Joydip,Hanabata,Senior Engineer
498519,Tetsushi,Beausoleil,Senior Staff
498521,Deborah,Perna,Senior Staff
498526,Vasilii,Decleir,Senior Staff
498527,Faiza,Keohane,Staff
498531,Mori,Haddadi,Technique Leader
498535,Khoa,Birrer,Assistant Engineer
498542,Adas,Rajcani,Senior Staff
498545,Junsik,Casley,Staff
498546,Marsal,Bharadwaj,Engineer
498550,Lijia,Pelz,Senior Engineer
498556,Subhankar,Brlek,Senior Engineer
498559,Lech,Hertweck,Senior Staff
498561,Dines,Shanbhogue,Senior Engineer
498562,Michaela,Wossner,Engineer
498570,Dannz,Heemskerk,Engineer
498572,Constantino,Litvinov,Engineer
498574,Brewster,Makrucki,Senior Engineer
498575,Masadi,Lienhardt,Engineer
498584,Youssef,Remmers,Senior Engineer
498588,Haldun,Simmen,Senior Engineer
498589,Shunichi,Escriba,Engineer
498593,Sibyl,Cyre,Senior Engineer
498594,Tadanori,Christ,Senior Staff
498601,Aran,Antonisse,Staff
498607,Zhiguo,Zuberek,Staff
498610,Hidekazu,Blokdijk,Senior Staff
498612,Gritta,Eterovic,Staff
498613,Adas,Hofmeyr,Senior Staff
498617,Udi,Billawala,Senior Engineer
498619,Prodip,Setlzner,Senior Engineer
498621,Elvis,Zykh,Technique Leader
498622,Paddy,Birrer,Staff
498623,Tianruo,Standera,Engineer
498627,Candido,Danecki,Senior Engineer
498628,Wanqing,Dulay,Staff
498629,Toney,Bala,Engineer
498639,Bojan,Zastre,Technique Leader
498642,Nidapan,Herber,Engineer
498643,Krisda,Vitiello,Senior Staff
498649,Sahrah,Camurati,Engineer
498653,LiMin,Raoux,Senior Engineer
498657,Ebbe,Hainaut,Senior Engineer
498659,Paraskevi,Lorch,Senior Staff
498660,Vojin,Neiman,Senior Staff
498663,Mostafa,Merle,Staff
498664,Serge,Vural,Staff
498666,Dmitry,Bellmore,Senior Staff
498670,Aram,Menyhert,Senior Staff
498671,Anyuan,Peron,Senior Staff
498672,Hisao,Orlowski,Senior Staff
498675,Toshimori,Thummel,Engineer
498680,Jaewon,Vadhan,Engineer
498684,Olivera,Argence,Assistant Engineer
498685,Zeljko,Kusakari,Assistant Engineer
498688,Weijing,Wixon,Senior Staff
498689,Marko,Hatcliff,Staff
498691,Feixiong,Dalton,Senior Engineer
498696,Macha,Zockler,Staff
498698,Adel,Terekhov,Senior Staff
498699,Hilari,Zeleznik,Engineer
498702,Mizuhito,Heijenga,Senior Staff
498705,Valery,Lovengreen,Staff
498710,Zhongwei,Luef,Senior Engineer
498719,Cordelia,Zockler,Senior Engineer
498723,Wojceich,Vernadat,Senior Engineer
498724,Fei,Shobatake,Staff
498725,Leif,Brookner,Senior Engineer
498729,Eberhardt,Servieres,Senior Staff
498731,Hilary,Gronowski,Senior Engineer
498733,Yongmin,Spelt,Staff
498734,Debatosh,Couchot,Senior Engineer
498736,Yuping,Hofman,Senior Staff
498737,Sachin,Schaap,Senior Staff
498745,Fen,Gustavson,Senior Staff
498748,Doowon,Ananiadou,Senior Staff
498751,Chrisa,Kroft,Senior Engineer
498752,Alassane,Bashian,Senior Staff
498753,Slavian,Miyakawa,Staff
498760,Stella,Kalorkoti,Engineer
498763,Radhakrishnan,Akazan,Senior Engineer
498764,Kwok,Merlo,Senior Staff
498766,Kousuke,Zschoche,Senior Engineer
498769,Nadjib,Parascandalo,Engineer
498770,Kersti,Katzenelson,Engineer
498772,Kellyn,Erman,Senior Staff
498779,Dmitry,Angot,Senior Engineer
498784,Oscal,Borovoy,Senior Engineer
498785,Kensyu,Babu,Senior Staff
498787,Erzsebet,Perng,Senior Staff
498792,Luigi,Rabejac,Senior Staff
498799,Pintsang,Demri,Senior Engineer
498800,Greger,Escriba,Senior Staff
498803,George,Matzke,Technique Leader
498806,Shawna,Condotta,Senior Engineer
498807,Aleksander,Halloran,Senior Staff
498808,Martins,Farrow,Technique Leader
498812,Annemarie,Lalonde,Senior Staff
498814,Alagu,Gecsei,Senior Staff
498817,Sven,Falster,Staff
498821,Gully,Matzat,Senior Staff
498822,Boutros,Radwan,Engineer
498827,Yuqun,Denis,Assistant Engineer
498829,Sajjad,Tanemo,Staff
498830,Vasiliy,Cooke,Senior Engineer
498832,Rance,Samarati,Engineer
498837,Sverrir,Solovay,Technique Leader
498844,Lakshmi,Felcyn,Senior Engineer
498847,Elvia,Kavanagh,Senior Engineer
498849,Candida,Jervis,Senior Staff
498854,Vishv,Ventosa,Senior Engineer
498855,Neven,Basart,Engineer
498856,Cathie,Wiegley,Assistant Engineer
498860,Berto,Pietrzykowski,Technique Leader
498862,Zissis,Ranum,Senior Staff
498863,Djenana,Peak,Technique Leader
498865,Rafols,Anido,Senior Staff
498867,Shounak,Siepmann,Staff
498875,Honglan,Saoudi,Staff
498885,Wilmer,Iisaku,Senior Engineer
498887,Kerryn,Demri,Senior Engineer
498888,Bodh,Jervis,Senior Engineer
498892,Zhonghui,Schonegge,Senior Engineer
498894,Chaoyi,Bahr,Senior Engineer
498897,Weidon,Hiraishi,Senior Staff
498898,Martine,Landherr,Engineer
498900,Piyush,Tagansky,Senior Engineer
498906,Abdulla,Bugrara,Senior Engineer
498909,Soenke,Wilfing,Staff
498917,Nathan,Papadias,Senior Staff
498918,Christoph,Waymire,Senior Engineer
498921,Luerbio,Orlowska,Senior Engineer
498923,Shuky,Itzigehl,Senior Staff
498924,Shuichi,Erez,Engineer
498925,Claudi,Back,Senior Engineer
498930,Hisao,Matzov,Staff
498931,Guangming,Kaiser,Staff
498933,Marke,Grospietsch,Engineer
498934,Perla,Biran,Senior Staff
498939,Sushant,Chappelet,Technique Leader
498940,Adly,Seiwald,Staff
498941,Alselm,Langford,Senior Staff
498942,Otilia,Garnier,Senior Engineer
498951,Khaled,Babu,Staff
498954,Susuma,Rissanen,Technique Leader
498957,Jeanne,Luby,Senior Staff
498959,Chenye,Badache,Senior Engineer
498960,Kiyotoshi,Speek,Senior Engineer
498962,Herb,Osgood,Senior Staff
498963,Michaela,Usdin,Senior Staff
498967,Shugo,Plessier,Senior Staff
498975,Yuriy,Daescu,Senior Engineer
498984,Lenore,Trelles,Senior Staff
499003,Yinghua,Markovitch,Technique Leader
499005,Juichirou,Fujisawa,Staff
499006,Lorien,Spieker,Senior Staff
499009,Taizo,Mattern,Staff
499011,Yuping,Detkin,Senior Staff
499012,Chaitali,Wissmann,Senior Engineer
499025,Volkmar,Rosch,Senior Staff
499027,Shahid,Sudbeck,Senior Staff
499035,Lene,Neiman,Senior Staff
499036,Djenana,Pagter,Senior Engineer
499048,Boriana,Bahl,Senior Engineer
499054,Tadahiro,Himler,Senior Engineer
499059,Pantung,Beidas,Senior Engineer
499062,Hatim,Gien,Engineer
499066,Sumali,Jarecki,Staff
499070,Dung,Cannard,Engineer
499072,Rimon,Speckmann,Engineer
499073,Babette,Liedekerke,Senior Engineer
499077,Huei,Taneja,Senior Staff
499078,Subbu,Bojadziev,Engineer
499080,Dharmaraja,Marciano,Engineer
499086,Otilia,Potthoff,Senior Engineer
499088,Sanjeeva,Pashtan,Senior Engineer
499090,Mikhail,Baezner,Senior Engineer
499091,Elvis,Kohling,Technique Leader
499092,Kankanahalli,Vingron,Senior Engineer
499097,Guadalupe,Farrow,Senior Staff
499109,Adel,Laurillard,Staff
499110,Lijia,Zultner,Senior Engineer
499117,Yongqiao,Bridgland,Senior Engineer
499126,Stevo,Badache,Senior Staff
499128,Conal,Swiler,Senior Staff
499130,Hitomi,Bultermann,Senior Engineer
499132,Leucio,Cyre,Senior Staff
499133,Shahab,Pfau,Engineer
499134,Xinan,Rosch,Senior Engineer
499137,Seongbae,Burnard,Engineer
499139,Jouni,Garigliano,Senior Engineer
499140,Joydip,Fraisse,Staff
499144,Heping,Tempesti,Senior Staff
499146,Manibrata,Rullman,Senior Engineer
499149,Genki,Dredge,Engineer
499150,Koichi,Vernadat,Senior Engineer
499155,Susumu,Pintelas,Assistant Engineer
499156,Gou,Zaiane,Senior Staff
499159,Hauke,Bashian,Senior Staff
499165,Odoardo,Welham,Senior Engineer
499166,Kiyomitsu,Gini,Senior Staff
499168,Muneo,Peltason,Senior Engineer
499169,Zhensheng,Baumann,Senior Engineer
499171,Michaela,Bamford,Technique Leader
499177,Masadi,Peres,Senior Engineer
499182,Rosita,Underwood,Technique Leader
499193,Vasilii,Viele,Staff
499196,Perry,Orsini,Engineer
499197,Akemi,Rajaraman,Senior Engineer
499203,Tua,Brlek,Senior Engineer
499206,Dmitry,Kohling,Senior Staff
499211,Baoqiu,Raoux,Senior Engineer
499213,Badri,Eugenio,Staff
499224,Souichi,Akiyama,Engineer
499225,Constantijn,Dahlbom,Senior Staff
499229,Babette,Stille,Senior Engineer
499230,Pranav,Beutelspacher,Senior Engineer
499231,Padma,Hofmeyr,Senior Staff
499233,Make,Azadmanesh,Staff
499236,Filipe,Khalid,Technique Leader
499237,Sashi,Delgrange,Staff
499238,Jordanka,Wallrath,Senior Engineer
499239,Kish,Rouquie,Senior Engineer
499240,Parke,Azumi,Senior Engineer
499247,Ranga,Bahr,Senior Staff
499249,Huai,Conte,Senior Staff
499254,Djenana,Krzyzanowski,Engineer
499257,Morrie,Serna,Senior Staff
499262,Bogdan,Lenart,Assistant Engineer
499270,Xiahua,Luders,Senior Staff
499272,Ramzi,Luan,Staff
499275,Shridhar,Zlotek,Senior Staff
499276,Shrikanth,Luiz,Engineer
499278,Huiqun,Isard,Staff
499282,Rance,Lukaszewicz,Senior Engineer
499287,Aemilian,Papadias,Senior Staff
499291,Jaewon,Marrakchi,Staff
499292,Sarita,Schiettecatte,Staff
499294,Stella,Alblas,Senior Engineer
499298,Abdelwaheb,Ebeling,Engineer
499304,Serap,Luga,Senior Staff
499307,Paddy,Ramras,Senior Engineer
499308,Xianlong,Kirkerud,Senior Engineer
499312,Patricio,Sankaranarayanan,Senior Engineer
499313,Munehiko,Sury,Senior Staff
499318,Hideyuki,Ozeki,Senior Staff
499319,Shahab,Munch,Senior Engineer
499321,Subhrajyoti,Mahnke,Senior Staff
499322,Gregory,Pettis,Engineer
499327,Subhankar,Bardell,Staff
499337,Werner,Antonisse,Senior Staff
499338,Goa,Haraldson,Senior Staff
499342,Bezalel,Limongiello,Senior Staff
499343,Deborah,Swift,Engineer
499347,Ugo,Schwartzbauer,Senior Staff
499348,Geoff,Gimbel,Engineer
499349,Zeljko,Cromarty,Senior Staff
499351,Leucio,Schwartzburd,Senior Staff
499352,Yuriy,Besselaar,Staff
499357,Frederique,Hitomi,Senior Engineer
499363,Tomokazu,Spelt,Engineer
499364,Khedija,Brodie,Senior Engineer
499368,Danco,Yetto,Engineer
499372,Xuedong,Harbusch,Engineer
499373,Maria,Haraldson,Engineer
499374,Oguz,Plumb,Staff
499378,Leucio,Claffy,Staff
499379,Denny,Rikino,Senior Staff
499380,Wonhee,Selenyi,Senior Staff
499386,Guoxiang,Simmel,Senior Engineer
499388,Kamakshi,Beerel,Senior Staff
499397,Stamatina,Bernini,Senior Engineer
499401,Ibibia,Gihr,Engineer
499406,Jaewoo,Murillo,Senior Staff
499407,Gao,Kropatsch,Senior Staff
499410,Sailaja,Benzaken,Engineer
499415,Annemarie,Wossner,Engineer
499416,Spyrose,Riefers,Staff
499418,Carrsten,Waeselynck,Senior Staff
499419,Mariusz,Demke,Senior Engineer
499420,Sangeeta,Impagliazzo,Senior Staff
499423,Anyuan,Serot,Engineer
499424,Ortrun,Delaune,Engineer
499426,Piyush,Sundgren,Senior Engineer
499429,Gad,Ambroszkiewicz,Technique Leader
499434,Luerbio,Ressouche,Senior Engineer
499435,Radhakrishnan,Paludetto,Senior Staff
499436,Takahiro,Ressouche,Staff
499438,Tse,Kalsbeek,Senior Engineer
499444,Radoslaw,Hofting,Senior Staff
499449,Ger,Nollmann,Senior Staff
499451,Marko,Goldhammer,Senior Engineer
499453,Alper,Peck,Senior Staff
499456,Stamatina,Melski,Engineer
499458,Zhilian,Taubman,Technique Leader
499464,Alassane,Tiemann,Senior Engineer
499474,Mohamadou,Danley,Senior Engineer
499477,Zita,Ishibashi,Technique Leader
499486,Sumali,Dayana,Senior Engineer
499491,Karoline,Seuren,Senior Engineer
499494,Golgen,Kawashimo,Senior Staff
499496,Demin,Oskamp,Senior Engineer
499501,Reinhard,Narlikar,Staff
499503,Arra,Karner,Engineer
499513,JoAnna,Rabejac,Senior Engineer
499516,Goncalo,Kampfer,Engineer
499518,Ulf,Edelhoff,Senior Engineer
499519,Tamiya,Monarch,Senior Engineer
499523,Anyuan,Menyhert,Engineer
499526,Josyula,Zumaque,Senior Staff
499538,Sadok,Talmon,Engineer
499539,Palash,Puoti,Senior Engineer
499540,Kayoko,Stamatiou,Senior Engineer
499543,Juichirou,Kenevan,Senior Staff
499548,Aloys,Bale,Senior Engineer
499553,Hideyuki,Delgrande,Engineer
499556,Honglan,Picaronny,Engineer
499557,Aloys,Katalagarianos,Senior Staff
499559,Alexius,Eiter,Senior Engineer
499563,Martine,Markovitch,Senior Engineer
499566,Djelloul,Deverell,Engineer
499573,Niclas,Asmuth,Senior Engineer
499574,Claudi,Qiwen,Staff
499575,Jacqueline,Kisuki,Senior Staff
499576,Izaskun,McDermid,Staff
499580,Karsten,Perri,Senior Engineer
499581,Lijia,Luce,Engineer
499585,Pramod,Antonakopoulos,Senior Staff
499588,Maya,Sidje,Senior Engineer
499596,Gunilla,Falby,Senior Staff
499603,Atreye,Birdsall,Staff
499608,Reuven,Genin,Senior Engineer
499611,Subir,Shiratori,Staff
499612,Takushi,Tokunaga,Senior Engineer
499613,Vasilis,Kaelbling,Senior Engineer
499614,Khoa,Rindone,Engineer
499615,Breannda,Gajiwala,Staff
499618,Jessie,Erni,Technique Leader
499623,Demin,Candan,Senior Staff
499626,Masaki,Angelopoulos,Technique Leader
499627,Susanne,Swick,Senior Engineer
499635,Sadegh,Boyle,Engineer
499637,Annemarie,Dichev,Staff
499638,Maria,McDermid,Senior Staff
499641,Mart,Nannarelli,Staff
499643,JiYoung,Skafidas,Technique Leader
499647,Mohamadou,Hemaspaandra,Senior Engineer
499651,Gadiel,Setlzner,Senior Engineer
499655,Kristine,Smailagic,Senior Engineer
499656,Syozo,Pettit,Engineer
499660,Valery,Schade,Staff
499665,Keiichiro,Champarnaud,Senior Staff
499666,Martine,Pollock,Senior Engineer
499671,Jayesh,Ambroszkiewicz,Senior Staff
499672,Bernd,Gluchowski,Senior Staff
499675,Moie,Preusig,Senior Engineer
499677,Shim,Suomi,Engineer
499679,Juichirou,Shigei,Engineer
499680,Masaki,Kobuchi,Senior Engineer
499681,Kazuhito,Heemskerk,Senior Staff
499688,Bingning,Perin,Senior Staff
499689,Kinh,Sommer,Senior Staff
499692,Yongqiao,Maginnis,Senior Staff
499695,Srinidhi,Kawashimo,Staff
499698,Franziska,Luff,Senior Staff
499700,Divine,Ulupinar,Senior Staff
499704,Luisa,Nastansky,Engineer
499705,Huan,Khalid,Staff
499706,Naftaly,Marchegay,Senior Engineer
499707,Paris,Jayawardene,Senior Staff
499712,Kousuke,Pettit,Engineer
499714,Seongbae,Bauknecht,Senior Staff
499720,Mats,Strandh,Senior Engineer
499721,Mikhail,Erman,Engineer
499723,Mart,Percebois,Senior Engineer
499724,Geoffry,Velasco,Staff
499725,Fumitake,Sudbeck,Staff
499728,Jinxi,Bernini,Senior Staff
499731,Yechezkel,Pews,Senior Engineer
499738,Jiafu,Hutter,Engineer
499739,Siamak,Nollmann,Senior Engineer
499749,Arif,Linnainmaa,Senior Engineer
499762,Subhankar,Munawer,Senior Staff
499764,Zengping,Peir,Senior Staff
499765,Gou,Rahimi,Senior Engineer
499766,Akhilish,Zobel,Senior Staff
499782,Udo,Trystram,Senior Engineer
499790,Mechthild,Poupard,Senior Staff
499797,Wayne,Hutter,Senior Staff
499798,Gopalakrishnan,Maierhofer,Senior Staff
499800,Danny,Barvinok,Technique Leader
499808,Paris,Deyuan,Senior Staff
499816,Debatosh,Murtagh,Assistant Engineer
499817,Lihong,Pusterhofer,Senior Staff
499819,Behnaam,Sooriamurthi,Senior Engineer
499825,Kwun,Remmele,Engineer
499828,Rosalie,Slobodova,Senior Staff
499829,Xiahua,Avouris,Staff
499830,Chenye,Gurbaxani,Senior Engineer
499833,Shirish,Rettelbach,Engineer
499835,Fumiyo,Delgrande,Senior Staff
499837,Susanne,Matteis,Staff
499842,Marco,Cairo,Senior Staff
499843,Vitaly,Zucker,Engineer
499844,Cristinel,Zaiane,Senior Engineer
499845,Wojceich,Emden,Engineer
499849,Moriyoshi,Pusterhofer,Senior Staff
499854,Golgen,Sankaranarayanan,Senior Engineer
499862,Armond,Fraisse,Senior Engineer
499870,Kayoko,Peroz,Senior Engineer
499872,Kannan,Krychniak,Technique Leader
499874,Dharmaraja,Range,Engineer
499878,Berni,Llado,Senior Engineer
499880,Fen,Lenart,Senior Engineer
499881,Christoph,Schneeberger,Technique Leader
499883,Greger,Jahnichen,Senior Staff
499890,Lorien,Hegner,Senior Staff
499898,Alagu,Azuma,Senior Staff
499902,Aloke,Wuwongse,Staff
499905,Annemarie,Hasham,Senior Engineer
499907,Arnd,Garnham,Senior Engineer
499908,Toong,Coorg,Senior Engineer
499909,Yoshinari,Thummel,Senior Engineer
499914,Khoa,Keirsey,Senior Engineer
499915,Mang,Rodite,Senior Engineer
499920,Christ,Murtagh,Senior Staff
499922,Mitsuyuki,Doering,Senior Staff
499925,Tuval,Hardjono,Senior Engineer
499927,Manohar,Heemskerk,Engineer
499936,Chiranjit,Himler,Engineer
499937,Pantung,Litzler,Senior Engineer
499939,Haldun,Zaumen,Staff
499940,Yolla,Auria,Senior Staff
499948,Cordelia,Paludetto,Engineer
499952,Aron,Lindqvist,Senior Engineer
499960,Gaetan,Veldwijk,Senior Staff
499966,Mihalis,Crabtree,Senior Staff
499967,Bangqing,Bodoff,Senior Staff
499975,Masali,Chorvat,Staff
499981,Yunming,Mitina,Senior Staff
499982,Mohammed,Pleszkun,Staff
499983,Uri,Juneja,Senior Staff
499986,Nathan,Ranta,Senior Staff
499989,Keiichiro,Lindqvist,Senior Staff
499994,Navin,Argence,Engineer
499996,Zito,Baaz,Senior Engineer
